 Number of tacts (im units) = 1
 Number of massive (im units) = 100
 Trajectory File: sinus.txt
 Coef Load Impact: 10
 Command Line: ping 192.168.222.3 > /dev/null 2>&1
cycle , cPeriod , count , procDur , procTime , spb
0,0,0,1.9408449E7,5000000.0,5.890208263817999
0,0,1,1672926.0,5000000.0,-4.754932734766965
0,0,2,1658682.0,5000000.0,-4.7920687261129755
0,0,3,1666150.0,5000000.0,-4.77255906881216
0,0,4,1725080.0,5000000.0,-4.6216076420039
0,0,5,1650759.0,5000000.0,-4.812863305947072
0,0,6,1707646.0,5000000.0,-4.665721591662256
0,0,7,1860143.0,5000000.0,-4.294236720946084
0,0,8,1843560.0,5000000.0,-4.333127277343355
0,0,9,4284128.0,5000000.0,-0.6710756625107741
0,0,10,1363144.0,5000000.0,-5.644282680156099
0,0,11,1760418.0,5000000.0,-4.533542038289395
0,0,12,1486016.0,5000000.0,-5.269465188183925
0,0,13,1275491.0,5000000.0,-5.93292605807401
0,0,14,1251236.0,5000000.0,-6.016307731147869
0,0,15,1451085.0,5000000.0,-5.372771515469684
0,0,16,1360826.0,5000000.0,-5.6516740600321445
0,0,17,1299113.0,5000000.0,-5.853230756324676
0,0,18,1415554.0,5000000.0,-5.480435630229577
0,0,19,1373974.0,5000000.0,-5.609914897808759
0,1,0,1320496.0,4347826.0,-5.175350653011389
0,1,1,1286962.0,4347826.0,-5.287064315731361
0,1,2,1497545.0,4347826.0,-4.628922738458173
0,1,3,1545943.0,4347826.0,-4.490786781604118
0,1,4,1354246.0,4347826.0,-5.065745937993174
0,1,5,1694589.0,4347826.0,-4.092077723303422
0,1,6,1474629.0,4347826.0,-4.69589384826052
0,1,7,1376999.0,4347826.0,-4.993385304314889
0,1,8,1420611.0,4347826.0,-4.857969821413867
0,1,9,1432316.0,4347826.0,-4.822333119640444
0,1,10,1509479.0,4347826.0,-4.5944507983707625
0,1,11,1509502.0,4347826.0,-4.594384625227679
0,1,12,1538396.0,4347826.0,-4.5120401327838335
0,1,13,2940553.0,4347826.0,-1.6984314384204982
0,1,14,1464401.0,4347826.0,-4.7261213851891855
0,1,15,1403421.0,4347826.0,-4.910841845175122
0,1,16,3549107.0,4347826.0,-0.88153062455246
0,1,17,1991629.0,4347826.0,-3.3906371390906225
0,1,18,1405263.0,4347826.0,-4.905145436819067
0,1,19,1491641.0,4347826.0,-4.6460784320510085
0,1,20,1450371.0,4347826.0,-4.767930477900687
0,1,21,1484922.0,4347826.0,-4.665685136697275
0,1,22,1573423.0,4347826.0,-4.414266609823601
0,2,0,1443106.0,4000000.0,-4.427617589702025
0,2,1,1376768.0,4000000.0,-4.6319922812883005
0,2,2,1288946.0,4000000.0,-4.918252682284547
0,2,3,1241874.0,4000000.0,-5.079824565829049
0,2,4,1281264.0,4000000.0,-4.944213674924033
0,2,5,1411509.0,4000000.0,-4.523763397073155
0,2,6,1315128.0,4000000.0,-4.830919670281529
0,2,7,1522896.0,4000000.0,-4.193897453578545
0,2,8,1354483.0,4000000.0,-4.702864327173755
0,2,9,1320653.0,4000000.0,-4.812712690818179
0,2,10,1442292.0,4000000.0,-4.430067967207295
0,2,11,1288178.0,4000000.0,-4.920841134931569
0,2,12,1472811.0,4000000.0,-4.339129721998334
0,2,13,1297066.0,4000000.0,-4.890979160098522
0,2,14,2042516.0,4000000.0,-2.918945240747974
0,2,15,1482348.0,4000000.0,-4.31109819575378
0,2,16,1304404.0,4000000.0,-4.8664786941294516
0,2,17,1369221.0,4000000.0,-4.6558643995489195
0,2,18,1298972.0,4000000.0,-4.884602015917724
0,2,19,1295022.0,4000000.0,-4.8978284499760685
0,2,20,1326319.0,4000000.0,-4.794120002321309
0,2,21,1306650.0,4000000.0,-4.859007185329285
0,2,22,1285537.0,4000000.0,-4.929754104155297
0,2,23,1254516.0,4000000.0,-5.035837866837909
0,2,24,1267566.0,4000000.0,-4.990894097608022
0,3,0,2944294.0,4000000.0,-1.3307881738714475
0,3,1,1536795.0,4000000.0,-4.154440524597117
0,3,2,1459091.0,4000000.0,-4.3797761268645115
0,3,3,1398561.0,4000000.0,-4.563785779063316
0,3,4,1356243.0,4000000.0,-4.697224816610488
0,3,5,1383730.0,4000000.0,-4.610086345522288
0,3,6,1273964.0,4000000.0,-4.96902835559596
0,3,7,1501790.0,4000000.0,-4.254507831720779
0,3,8,1463759.0,4000000.0,-4.365904129566319
0,3,9,1338355.0,4000000.0,-4.75488665570454
0,3,10,1279404.0,4000000.0,-4.950522871418133
0,3,11,1253567.0,4000000.0,-5.039124404667757
0,3,12,1407977.0,4000000.0,-4.534644308788783
0,3,13,1424431.0,4000000.0,-4.4841857463911445
0,3,14,1377644.0,4000000.0,-4.629229862456448
0,3,15,1328687.0,4000000.0,-4.786373054812776
0,3,16,1468493.0,4000000.0,-4.351881106554688
0,3,17,1452611.0,4000000.0,-4.399106627643146
0,3,18,1472158.0,4000000.0,-4.3410556798018325
0,3,19,1320431.0,4000000.0,-4.813442795390466
0,3,20,1251278.0,4000000.0,-5.047061824714072
0,3,21,1263673.0,4000000.0,-5.004252849990646
0,3,22,1238861.0,4000000.0,-5.090374099877648
0,3,23,1243933.0,4000000.0,-5.072630020615033
0,3,24,1397434.0,4000000.0,-4.567286857624701
0,4,0,1238498.0,4347826.0,-5.4537684569857365
0,4,1,1237851.0,4347826.0,-5.456037834494198
0,4,2,1294709.0,4347826.0,-5.260999883431686
0,4,3,1258054.0,4347826.0,-5.38572872375902
0,4,4,1504399.0,4347826.0,-4.609091192291034
0,4,5,1379841.0,4347826.0,-4.984431100554049
0,4,6,1372739.0,4347826.0,-5.0068418297952935
0,4,7,1314705.0,4347826.0,-5.1944384067974045
0,4,8,1507179.0,4347826.0,-4.6010732096744515
0,4,9,1310715.0,4347826.0,-5.207638857139695
0,4,10,1422787.0,4347826.0,-4.851322669118565
0,4,11,1272876.0,4347826.0,-5.334860573292337
0,4,12,1241863.0,4347826.0,-5.441984673672064
0,4,13,1397243.0,4347826.0,-4.930002127602215
0,4,14,1390277.0,4347826.0,-4.951708172104831
0,4,15,1323980.0,4347826.0,-5.163907305819919
0,4,16,1364026.0,4347826.0,-5.034495067143912
0,4,17,1391433.0,4347826.0,-4.948098561829273
0,4,18,1439142.0,4347826.0,-4.801685074517448
0,4,19,1309117.0,4347826.0,-5.212936927154494
0,4,20,1381639.0,4347826.0,-4.9787757158414605
0,4,21,1382044.0,4347826.0,-4.977502854471833
0,4,22,1423159.0,4347826.0,-4.850187316949634
0,5,0,1288759.0,5000000.0,-5.887982931546773
0,5,1,1393219.0,5000000.0,-5.54950615825954
0,5,2,1340711.0,5000000.0,-5.716348317280541
0,5,3,1605705.0,5000000.0,-4.9330424461393685
0,5,4,1719425.0,5000000.0,-4.635867673571184
0,5,5,2584254.0,5000000.0,-2.8663480717352314
0,5,6,2227999.0,5000000.0,-3.510550127600813
0,5,7,1462481.0,5000000.0,-5.338797717347968
0,5,8,1692872.0,5000000.0,-4.703458824912484
0,5,9,1460303.0,5000000.0,-5.345270269248266
0,5,10,2594491.0,5000000.0,-2.8491783582159487
0,5,11,1585532.0,5000000.0,-4.987949927359654
0,5,12,1786593.0,5000000.0,-4.469443762769464
0,5,13,2174100.0,5000000.0,-3.6169048829807817
0,5,14,1490835.0,5000000.0,-5.255404243000726
0,5,15,1590751.0,5000000.0,-4.973677994154386
0,5,16,1453414.0,5000000.0,-5.365806651201266
0,5,17,1343942.0,5000000.0,-5.705894778975877
0,5,18,1238467.0,5000000.0,-6.060855654035384
0,5,19,1245602.0,5000000.0,-6.035907074507571
0,6,0,1253334.0,5882352.0,-6.714841879189631
0,6,1,1248475.0,5882352.0,-6.73171158859534
0,6,2,1240804.0,5882352.0,-6.758478242846259
0,6,3,1250530.0,5882352.0,-6.724568942930512
0,6,4,1239926.0,5882352.0,-6.761552423196662
0,6,5,1254247.0,5882352.0,-6.711679382109784
0,6,6,1260280.0,5882352.0,-6.690839648539053
0,6,7,1257835.0,5882352.0,-6.69927334074094
0,6,8,1416257.0,5882352.0,-6.1840893971143895
0,6,9,6466816.0,5882352.0,0.41139495028610534
0,6,10,1973532.0,5882352.0,-4.743068364417063
0,6,11,2119418.0,5882352.0,-4.433343907009565
0,6,12,1805076.0,5882352.0,-5.130555171944375
0,6,13,1478942.0,5882352.0,-5.99599866627817
0,6,14,1256686.0,5882352.0,-6.703242322463005
0,6,15,1357423.0,5882352.0,-6.36835805587201
0,6,16,1243897.0,5882352.0,-6.7476658873446524
0,7,0,1252011.0,6666666.0,-7.263005529708771
0,7,1,1317868.0,6666666.0,-7.040367847853265
0,7,2,1560186.0,6666666.0,-6.307323209819714
0,7,3,1608840.0,6666666.0,-6.17395842087222
0,7,4,1307259.0,6666666.0,-7.075470570442462
0,7,5,1257167.0,6666666.0,-7.245157250309243
0,7,6,1369744.0,6666666.0,-6.872692907790636
0,7,7,1458774.0,6666666.0,-6.5992068331537554
0,7,8,1361344.0,6666666.0,-6.899408159379307
0,7,9,1269434.0,6666666.0,-7.202985714157401
0,7,10,1231481.0,6666666.0,-7.334809818341118
0,7,11,1484690.0,6666666.0,-6.522729141268023
0,7,12,1572957.0,6666666.0,-6.271918470581261
0,7,13,1344573.0,6666666.0,-6.953243114564517
0,7,14,1375905.0,6666666.0,-6.853202486445083
0,8,0,1402868.0,6666666.0,-6.768918886166254
0,8,1,1302393.0,6666666.0,-7.091666441754726
0,8,2,2065146.0,6666666.0,-5.089579370415977
0,8,3,1385252.0,6666666.0,-6.823799116565152
0,8,4,1277582.0,6666666.0,-7.175199131663325
0,8,5,1393014.0,6666666.0,-6.799532163441759
0,8,6,1328028.0,6666666.0,-7.007014657680356
0,8,7,1341729.0,6666666.0,-6.962438908395603
0,8,8,1389268.0,6666666.0,-6.811226651004375
0,8,9,1293594.0,6666666.0,-7.121107049740797
0,8,10,1400446.0,6666666.0,-6.776423300562165
0,8,11,1302470.0,6666666.0,-7.091409686024262
0,8,12,1374023.0,6666666.0,-6.8591469500277675
0,8,13,1349266.0,6666666.0,-6.938111207531513
0,8,14,1390060.0,6666666.0,-6.808751511409642
0,9,0,1591428.0,5882352.0,-5.677640142517461
0,9,1,1407734.0,5882352.0,-6.210304091906027
0,9,2,1388048.0,5882352.0,-6.2714652444610755
0,9,3,2841360.0,5882352.0,-3.160247468623696
0,9,4,1411282.0,5882352.0,-6.199372067146975
0,9,5,1487235.0,5882352.0,-5.971714117360072
0,9,6,1609145.0,5882352.0,-5.629558290116106
0,9,7,1547732.0,5882352.0,-5.798552472305566
0,9,8,6313913.0,5882352.0,0.30747584278383855
0,9,9,1564132.0,5882352.0,-5.75277607947486
0,9,10,1482327.0,5882352.0,-5.986069899512687
0,9,11,1452249.0,5882352.0,-6.075099230358337
0,9,12,1417414.0,5882352.0,-6.1805429109945464
0,9,13,1303249.0,5882352.0,-6.5452360877525395
0,9,14,1284978.0,5882352.0,-6.606553169228482
0,9,15,1423785.0,5882352.0,-6.161065959315307
0,9,16,1335326.0,5882352.0,-6.439637039453449
0,10,0,1316185.0,5000000.0,-5.796530673131216
0,10,1,1343700.0,5000000.0,-5.706676871716686
0,10,2,1260634.0,5000000.0,-5.983809882247828
0,10,3,2316484.0,5000000.0,-3.3414069946691076
0,10,4,1639486.0,5000000.0,-4.842622918690346
0,10,5,1372512.0,5000000.0,-5.614538541202643
0,10,6,1337560.0,5000000.0,-5.7265673171044575
0,10,7,1304310.0,5000000.0,-5.835891803565488
0,10,8,1348505.0,5000000.0,-5.691174432628049
0,10,9,1405315.0,5000000.0,-5.5119632249452835
0,10,10,1334492.0,5000000.0,-5.736540297091347
0,10,11,1401453.0,5000000.0,-5.523914667655204
0,10,12,1490585.0,5000000.0,-5.25613257796011
0,10,13,1439377.0,5000000.0,-5.407954455794378
0,10,14,1425789.0,5000000.0,-5.4491474453958455
0,10,15,1374485.0,5000000.0,-5.608299996638251
0,10,16,1368668.0,5000000.0,-5.6267189093852625
0,10,17,1382987.0,5000000.0,-5.5815190655122
0,10,18,1396311.0,5000000.0,-5.539878449735232
0,10,19,1423144.0,5000000.0,-5.457211581931743
0,11,0,2853663.0,4347826.0,-1.8286947098950976
0,11,1,1388172.0,4347826.0,-4.9582887504009685
0,11,2,1382754.0,4347826.0,-4.975272318360845
0,11,3,1318909.0,4347826.0,-5.180573234811746
0,11,4,1354576.0,4347826.0,-5.064687786665866
0,11,5,1451222.0,4347826.0,-4.765383017835153
0,11,6,1552179.0,4347826.0,-4.473303518861995
0,11,7,1619495.0,4347826.0,-4.288925437812951
0,11,8,1500918.0,4347826.0,-4.619151893159397
0,11,9,1429992.0,4347826.0,-4.829385474577309
0,11,10,1375376.0,4347826.0,-4.998507135648377
0,11,11,1390489.0,4347826.0,-4.951045977368978
0,11,12,1398482.0,4347826.0,-4.926152744001852
0,11,13,1268052.0,4347826.0,-5.351350919321861
0,11,14,1445818.0,4347826.0,-4.78158528016005
0,11,15,1321978.0,4347826.0,-5.170479274979573
0,11,16,1305508.0,4347826.0,-5.224926178237204
0,11,17,1392994.0,4347826.0,-4.9432290949172355
0,11,18,1378027.0,4347826.0,-4.9901442840986245
0,11,19,2715510.0,4347826.0,-2.0442074885399792
0,11,20,1332393.0,4347826.0,-5.136398129265519
0,11,21,5606222.0,4347826.0,1.103981360346403
0,11,22,1350786.0,4347826.0,-5.076856044837614
0,12,0,1371990.0,4000000.0,-4.6470904538044095
0,12,1,1389215.0,4000000.0,-4.592905273845595
0,12,2,1535240.0,4000000.0,-4.158837141022623
0,12,3,1455160.0,4000000.0,-4.391492431628837
0,12,4,1378129.0,4000000.0,-4.627701196445875
0,12,5,1269072.0,4000000.0,-4.9857372911059334
0,12,6,1336258.0,4000000.0,-4.76169673039693
0,12,7,3297100.0,4000000.0,-0.8392787197080183
0,12,8,1615255.0,4000000.0,-3.938188972609819
0,12,9,1826005.0,4000000.0,-3.4055802893502913
0,12,10,1760278.0,4000000.0,-3.5647873014350484
0,12,11,1622962.0,4000000.0,-3.9175163994505366
0,12,12,1703351.0,4000000.0,-3.7075584151209515
0,12,13,1433736.0,4000000.0,-4.455908011526797
0,12,14,1560989.0,4000000.0,-4.0866014864743665
0,12,15,1395509.0,4000000.0,-4.573273496163665
0,12,16,1334077.0,4000000.0,-4.768790944985366
0,12,17,1357952.0,4000000.0,-4.691755722697496
0,12,18,1284987.0,4000000.0,-4.931612573235467
0,12,19,1261922.0,4000000.0,-5.010274795390869
0,12,20,1283561.0,4000000.0,-4.936434784031776
0,12,21,1333420.0,4000000.0,-4.77093026495746
0,12,22,1327913.0,4000000.0,-4.788903687489914
0,12,23,1583275.0,4000000.0,-4.025036370405258
0,12,24,1575743.0,4000000.0,-4.045746048135881
0,13,0,1957639.0,4000000.0,-3.103273829020478
0,13,1,1350715.0,4000000.0,-4.714962684972965
0,13,2,1392605.0,4000000.0,-4.582320411974981
0,13,3,1382763.0,4000000.0,-4.6131224116255005
0,13,4,1385553.0,4000000.0,-4.604368483137884
0,13,5,1303915.0,4000000.0,-4.868107099275746
0,13,6,1414518.0,4000000.0,-4.514515130231565
0,13,7,1355237.0,4000000.0,-4.700447412896217
0,13,8,1303706.0,4000000.0,-4.8688032705898445
0,13,9,1411999.0,4000000.0,-4.5222560218628205
0,13,10,1357001.0,4000000.0,-4.694798236281946
0,13,11,1348502.0,4000000.0,-4.722083964246143
0,13,12,1322306.0,4000000.0,-4.807280227641933
0,13,13,1381739.0,4000000.0,-4.616339754711582
0,13,14,1269277.0,4000000.0,-4.9850358086148825
0,13,15,1289692.0,4000000.0,-4.915739854252552
0,13,16,1342262.0,4000000.0,-4.7422269602516085
0,13,17,1324820.0,4000000.0,-4.799031155585984
0,13,18,1394618.0,4000000.0,-4.576047250881852
0,13,19,1304615.0,4000000.0,-4.865776237490528
0,13,20,1433591.0,4000000.0,-4.456347254765741
0,13,21,1292989.0,4000000.0,-4.904651611572527
0,13,22,1314886.0,4000000.0,-4.831718899980817
0,13,23,1392323.0,4000000.0,-4.5831999395197895
0,13,24,1389763.0,4000000.0,-4.591192461587507
0,14,0,1309488.0,4347826.0,-5.211706323425682
0,14,1,1325844.0,4347826.0,-5.157797277019562
0,14,2,1387322.0,4347826.0,-4.960948819715899
0,14,3,1318037.0,4347826.0,-5.183445533311781
0,14,4,1356340.0,4347826.0,-5.059035855184385
0,14,5,1324003.0,4347826.0,-5.163831861430102
0,14,6,1260954.0,4347826.0,-5.375729116342658
0,14,7,7624931.0,4347826.0,2.4396376269544215
0,14,8,1453244.0,4347826.0,-4.759336167334766
0,14,9,1257595.0,4347826.0,-5.38731353284332
0,14,10,1226307.0,4347826.0,-5.496729479889238
0,14,11,1261847.0,4347826.0,-5.372654557639556
0,14,12,1220937.0,4347826.0,-5.515789002445474
0,14,13,1242046.0,4347826.0,-5.441344747730074
0,14,14,1262474.0,4347826.0,-5.3704971248427515
0,14,15,1225903.0,4347826.0,-5.4981604745616055
0,14,16,1233955.0,4347826.0,-5.469728332071017
0,14,17,1235617.0,4347826.0,-5.463882804684937
0,14,18,1227772.0,4347826.0,-5.491544304582599
0,14,19,1237004.0,4347826.0,-5.459010513221107
0,14,20,1254902.0,4347826.0,-5.396623438388643
0,14,21,1496970.0,4347826.0,-4.630590583369042
0,14,22,1288405.0,4347826.0,-5.28219753749767
0,15,0,1418353.0,5000000.0,-5.47185672732187
0,15,1,1237903.0,5000000.0,-6.062833889048962
0,15,2,1247004.0,5000000.0,-6.031021577739626
0,15,3,1320049.0,5000000.0,-5.783799518918013
0,15,4,1495529.0,5000000.0,-5.241751654254768
0,15,5,1251814.0,5000000.0,-6.014302000419343
0,15,6,1246720.0,5000000.0,-6.03201077809535
0,15,7,1233144.0,5000000.0,-6.07956210178405
0,15,8,1404644.0,5000000.0,-5.514037359143655
0,15,9,1253488.0,5000000.0,-6.008498236474703
0,15,10,1242350.0,5000000.0,-6.0472604001302
0,15,11,1216427.0,5000000.0,-6.13883953090104
0,15,12,1255443.0,5000000.0,-6.001730048079236
0,15,13,1234015.0,5000000.0,-6.0764956556453695
0,15,14,1220982.0,5000000.0,-6.122607428139833
0,15,15,1247756.0,5000000.0,-6.028403374302961
0,15,16,1243306.0,5000000.0,-6.043919748445724
0,15,17,1233071.0,5000000.0,-6.0798192042442025
0,15,18,1363629.0,5000000.0,-5.642737756350968
0,15,19,1230503.0,5000000.0,-6.088873274740707
0,16,0,1225197.0,5882352.0,-6.813450844060762
0,16,1,1238668.0,5882352.0,-6.765960910469263
0,16,2,1230341.0,5882352.0,-6.795255124158663
0,16,3,1229226.0,5882352.0,-6.799192714641005
0,16,4,1312301.0,5882352.0,-6.515175493646996
0,16,5,1222859.0,5882352.0,-6.821746249128311
0,16,6,1227250.0,5882352.0,-6.806179683626964
0,16,7,1242431.0,5882352.0,-6.752787301608995
0,16,8,1228762.0,5882352.0,-6.800832369854916
0,16,9,1235129.0,5882352.0,-6.77838690354773
0,16,10,1329539.0,5882352.0,-6.458499279135207
0,16,11,1222006.0,5882352.0,-6.8247767085450475
0,16,12,1224914.0,5882352.0,-6.814454107495971
0,16,13,1237785.0,5882352.0,-6.769057937093809
0,16,14,1223760.0,5882352.0,-6.818547554555238
0,16,15,1228615.0,5882352.0,-6.801351958741082
0,16,16,1318312.0,5882352.0,-6.495328038516028
0,17,0,1226139.0,6666666.0,-7.353689911896195
0,17,1,1216673.0,6666666.0,-7.387348270729385
0,17,2,3542000.0,6666666.0,-2.7466014066081246
0,17,3,1394757.0,6666666.0,-6.794101477918489
0,17,4,1333951.0,6666666.0,-6.987688205733602
0,17,5,1249142.0,6666666.0,-7.272968865938587
0,17,6,1272620.0,6666666.0,-7.192099533581914
0,17,7,1386244.0,6666666.0,-6.820690180853566
0,17,8,1250987.0,6666666.0,-7.2665590089706775
0,17,9,1320929.0,6666666.0,-7.0302922262319445
0,17,10,1241507.0,6666666.0,-7.299595249309282
0,17,11,1229081.0,6666666.0,-7.34328192420239
0,17,12,1266254.0,6666666.0,-7.213878672411544
0,17,13,1252068.0,6666666.0,-7.262807814017909
0,17,14,1231427.0,6666666.0,-7.335000259088613
0,18,0,1219684.0,6666666.0,-7.37661370801329
0,18,1,1240264.0,6666666.0,-7.3039455949789245
0,18,2,1212688.0,6666666.0,-7.40159617429452
0,18,3,1244460.0,6666666.0,-7.289277556369168
0,18,4,1264260.0,6666666.0,-7.220723000292358
0,18,5,1239031.0,6666666.0,-7.308265251496872
0,18,6,1234393.0,6666666.0,-7.324552472514107
0,18,7,1248706.0,6666666.0,-7.274484990186602
0,18,8,1222819.0,6666666.0,-7.3654651939813345
0,18,9,1235654.0,6666666.0,-7.320118181269794
0,18,10,5183398.0,6666666.0,-1.0929414069778853
0,18,11,1493522.0,6666666.0,-6.496970732474823
0,18,12,1284388.0,6666666.0,-7.1521245820225365
0,18,13,1381815.0,6666666.0,-6.834587947496608
0,18,14,1463411.0,6666666.0,-6.5854238235026274
0,19,0,1486977.0,5555555.0,-5.724232003967585
0,19,1,1498759.0,5555555.0,-5.689956474279939
0,19,2,1351228.0,5555555.0,-6.139988154079171
0,19,3,1295546.0,5555555.0,-6.322746136965391
0,19,4,1232802.0,5555555.0,-6.53834121191453
0,19,5,1225900.0,5555555.0,-6.562724064230785
0,19,6,1226885.0,5555555.0,-6.5592359469463855
0,19,7,1202035.0,5555555.0,-6.648103381386521
0,19,8,1220236.0,5555555.0,-6.582836178533954
0,19,9,1220443.0,5555555.0,-6.582099506829322
0,19,10,1213088.0,5555555.0,-6.6083514480663155
0,19,11,1206605.0,5555555.0,-6.631623308283876
0,19,12,1388805.0,5555555.0,-6.020861800774387
0,19,13,1208608.0,5555555.0,-6.624419868697517
0,19,14,2551417.0,5555555.0,-3.37946006578066
0,19,15,4331754.0,5555555.0,-1.0806366636624796
0,19,16,1714043.0,5555555.0,-5.107057386475815
0,19,17,1940283.0,5555555.0,-4.568623728902325
0,20,0,3417789.0,4761904.0,-1.4403538809179393
0,20,1,2278088.0,4761904.0,-3.2021013940012573
0,20,2,2033958.0,4761904.0,-3.694386550174854
0,20,3,1782922.0,4761904.0,-4.2664829188042095
0,20,4,1797188.0,4761904.0,-4.231871256750088
0,20,5,1867273.0,4761904.0,-4.065728182444071
0,20,6,1493901.0,4761904.0,-5.034588178031321
0,20,7,1299070.0,4761904.0,-5.641480822466118
0,20,8,2126111.0,4761904.0,-3.501947013541063
0,20,9,1426737.0,4761904.0,-5.234367117011102
0,20,10,1280834.0,4761904.0,-5.7028778827902045
0,20,11,2153490.0,4761904.0,-3.446377763763701
0,20,12,3958865.0,4761904.0,-0.8020994351265969
0,20,13,1591211.0,4761904.0,-4.760528633858138
0,20,14,1413961.0,4761904.0,-5.273432049025031
0,20,15,1303314.0,4761904.0,-5.627315753704715
0,20,16,1236640.0,4761904.0,-5.855373458251249
0,20,17,1317244.0,4761904.0,-5.581144067256874
0,20,18,1331976.0,4761904.0,-5.532842361409733
0,20,19,1277697.0,4761904.0,-5.713527606967272
0,20,20,1226810.0,4761904.0,-5.890033284235812
0,21,0,1388036.0,4166666.0,-4.773879587065002
0,21,1,1242966.0,4166666.0,-5.253294396562774
0,21,2,1218859.0,4166666.0,-5.338352203147469
0,21,3,1230970.0,4166666.0,-5.295412199424318
0,21,4,1199532.0,4166666.0,-5.407768506382739
0,21,5,1239371.0,4166666.0,-5.2658735891057695
0,21,6,1248468.0,4166666.0,-5.234112735528512
0,21,7,1226521.0,4166666.0,-5.311137003795
0,21,8,1222307.0,4166666.0,-5.326083898825688
0,21,9,1245130.0,4166666.0,-5.2457399171872785
0,21,10,1222434.0,4166666.0,-5.32563268211806
0,21,11,1423706.0,4166666.0,-4.66368373489345
0,21,12,1306745.0,4166666.0,-5.03597841769814
0,21,13,1253401.0,4166666.0,-5.2169865194433305
0,21,14,1231323.0,4166666.0,-5.294166970256528
0,21,15,1223284.0,4166666.0,-5.3226139340491425
0,21,16,1222407.0,4166666.0,-5.325728606155753
0,21,17,1203831.0,4166666.0,-5.392231660979362
0,21,18,1209526.0,4166666.0,-5.3717348039839905
0,21,19,1420978.0,4166666.0,-4.672013346968587
0,21,20,1222003.0,4166666.0,-5.327164167066455
0,21,21,1205271.0,4166666.0,-5.387039816645491
0,21,22,1224082.0,4166666.0,-5.319781770745077
0,21,23,1435727.0,4166666.0,-4.627168210851156
0,22,0,1414959.0,4000000.0,-4.513161354476751
0,22,1,1403638.0,4000000.0,-4.5480487418490805
0,22,2,1411442.0,4000000.0,-4.523969548226986
0,22,3,1284112.0,4000000.0,-4.934570868625088
0,22,4,1230989.0,4000000.0,-5.118058191932711
0,22,5,1334886.0,4000000.0,-4.766158130318246
0,22,6,1245752.0,4000000.0,-5.066283982436345
0,22,7,1218659.0,4000000.0,-5.161777911533649
0,22,8,1230278.0,4000000.0,-5.1205673336489275
0,22,9,1198337.0,4000000.0,-5.234810224742054
0,22,10,1228848.0,4000000.0,-5.1256182434365805
0,22,11,1237733.0,4000000.0,-5.094330212259912
0,22,12,1209854.0,4000000.0,-5.193270266479142
0,22,13,1427845.0,4000000.0,-4.4737892625355915
0,22,14,1242607.0,4000000.0,-5.077261955251857
0,22,15,1206227.0,4000000.0,-5.206309459032137
0,22,16,1283788.0,4000000.0,-4.93566679457924
0,22,17,1393144.0,4000000.0,-4.5806398246093085
0,22,18,1410588.0,4000000.0,-4.526598063861951
0,22,19,1368375.0,4000000.0,-4.658548602355953
0,22,20,1428388.0,4000000.0,-4.472137983340131
0,22,21,1269910.0,4000000.0,-4.982870482368807
0,22,22,1229897.0,4000000.0,-5.121912491606617
0,22,23,1555429.0,4000000.0,-4.102097994846278
0,22,24,1246039.0,4000000.0,-5.065283557305525
0,23,0,1239765.0,4000000.0,-5.087206197749223
0,23,1,1215497.0,4000000.0,-5.173061000408773
0,23,2,1230880.0,4000000.0,-5.118442762342902
0,23,3,1218541.0,4000000.0,-5.1621984494370174
0,23,4,1222079.0,4000000.0,-5.149607100080854
0,23,5,1421760.0,4000000.0,-4.492336997671855
0,23,6,1216886.0,4000000.0,-5.168100966557741
0,23,7,1209982.0,4000000.0,-5.192810816386364
0,23,8,1237394.0,4000000.0,-5.0955198548947
0,23,9,1414895.0,4000000.0,-4.513357794624169
0,23,10,1253640.0,4000000.0,-5.038871505747262
0,23,11,1247093.0,4000000.0,-5.061611498134999
0,23,12,1439964.0,4000000.0,-4.437083567304796
0,23,13,1276234.0,4000000.0,-4.961296808992193
0,23,14,1275833.0,4000000.0,-4.962661601442207
0,23,15,1245587.0,4000000.0,-5.066859244089766
0,23,16,1222215.0,4000000.0,-5.1491238190221935
0,23,17,1234875.0,4000000.0,-5.104369928883358
0,23,18,1212220.0,4000000.0,-5.184785463198802
0,23,19,1220693.0,4000000.0,-5.154535371868078
0,23,20,1294871.0,4000000.0,-4.898334868324946
0,23,21,1267636.0,4000000.0,-4.9906542696673615
0,23,22,1235019.0,4000000.0,-5.103863523301053
0,23,23,1349133.0,4000000.0,-4.7200522600083294
0,23,24,1246004.0,4000000.0,-5.065405548032552
0,24,0,1215577.0,4545454.0,-5.727947928868462
0,24,1,1207887.0,4545454.0,-5.7555095990641565
0,24,2,1292786.0,4545454.0,-5.460506267226507
0,24,3,1214076.0,4545454.0,-5.733313930517815
0,24,4,1175508.0,4545454.0,-5.873516779706715
0,24,5,1228400.0,4545454.0,-5.682374592914215
0,24,6,1220773.0,4545454.0,-5.709423516946708
0,24,7,1213073.0,4545454.0,-5.736903305460553
0,24,8,1291145.0,4545454.0,-5.4660224930128525
0,24,9,1219805.0,4545454.0,-5.712868578571674
0,24,10,1202821.0,4545454.0,-5.7737626523914
0,24,11,1262328.0,4545454.0,-5.5640505155075015
0,24,12,1217270.0,4545454.0,-5.7219034823697745
0,24,13,1211966.0,4545454.0,-5.7408683058161
0,24,14,1371069.0,4545454.0,-5.205179555514224
0,24,15,4408729.0,4545454.0,-0.13263863047148555
0,24,16,1565079.0,4545454.0,-4.630410028808502
0,24,17,1486508.0,4545454.0,-4.854100162550945
0,24,18,1261841.0,4545454.0,-5.56572632576673
0,24,19,1232854.0,4545454.0,-5.666656184867352
0,24,20,1229903.0,4545454.0,-5.677064062132338
0,24,21,1236395.0,4545454.0,-5.6542002696105955
0,25,0,1218867.0,5263157.0,-6.352900062413478
0,25,1,1232167.0,5263157.0,-6.305767519152207
0,25,2,1268447.0,5263157.0,-6.1797399957059564
0,25,3,1204957.0,5263157.0,-6.402747762281486
0,25,4,1204525.0,5263157.0,-6.40430506977075
0,25,5,1298305.0,5263157.0,-6.078695955748477
0,25,6,1201847.0,5263157.0,-6.413971414813652
0,25,7,1200799.0,5263157.0,-6.417760076529937
0,25,8,1226785.0,5263157.0,-6.324778680281536
0,25,9,1216903.0,5263157.0,-6.359903634567714
0,25,10,1197421.0,5263157.0,-6.429994548180381
0,25,11,1262121.0,5263157.0,-6.201453323428593
0,25,12,1223139.0,5263157.0,-6.337705112693341
0,25,13,1208045.0,5263157.0,-6.391632130448329
0,25,14,1237671.0,5263157.0,-6.286411101562349
0,25,15,1217495.0,5263157.0,-6.357791388843269
0,25,16,1210546.0,5263157.0,-6.382650282038323
0,25,17,1284257.0,5263157.0,-6.125943836390358
0,25,18,1209921.0,5263157.0,-6.384893105900183
0,26,0,1218107.0,6250000.0,-7.1019457841623765
0,26,1,1245256.0,6250000.0,-7.006213743794344
0,26,2,1202362.0,6250000.0,-7.158447751902873
0,26,3,1214728.0,6250000.0,-7.114009750670451
0,26,4,1212389.0,6250000.0,-7.122380299825163
0,26,5,1304692.0,6250000.0,-6.803720179210658
0,26,6,1219972.0,6250000.0,-7.095301541980477
0,26,7,1217471.0,6250000.0,-7.1042139217196105
0,26,8,1232597.0,6250000.0,-7.050589109711867
0,26,9,1203423.0,6250000.0,-7.154617098081576
0,26,10,1215125.0,6250000.0,-7.112590612057129
0,26,11,1297111.0,6250000.0,-6.8290287501111795
0,26,12,1210230.0,6250000.0,-7.130121030287999
0,26,13,1210015.0,6250000.0,-7.130892632451042
0,26,14,1226629.0,6250000.0,-7.0716678926792
0,26,15,1219880.0,6250000.0,-7.095629062603482
0,27,0,1211222.0,6666666.0,-7.406849469904511
0,27,1,1333429.0,6666666.0,-6.989388013953261
0,27,2,1305464.0,6666666.0,-7.08143797469976
0,27,3,1265439.0,6666666.0,-7.216674825143948
0,27,4,1353533.0,6666666.0,-6.924398489021052
0,27,5,1354499.0,6666666.0,-6.921300087766465
0,27,6,1351315.0,6666666.0,-6.931520999245405
0,27,7,1367734.0,6666666.0,-6.879070544911366
0,27,8,1303830.0,6666666.0,-7.086877279555347
0,27,9,1231118.0,6666666.0,-7.336090164009029
0,27,10,1274389.0,6666666.0,-7.1860668335638085
0,27,11,1289344.0,6666666.0,-7.13539893916138
0,27,12,1299694.0,6666666.0,-7.100675834807485
0,27,13,1406866.0,6666666.0,-6.756559634290661
0,27,14,1345231.0,6666666.0,-6.951118307145146
0,28,0,1229990.0,6250000.0,-7.059784367684767
0,28,1,1271996.0,6250000.0,-6.913942717397454
0,28,2,1273359.0,6250000.0,-6.909291551368253
0,28,3,1351027.0,6250000.0,-6.6521598894836576
0,28,4,1403516.0,6250000.0,-6.4866264941380045
0,28,5,1292410.0,6250000.0,-6.844797076394334
0,28,6,1213560.0,6250000.0,-7.11818764055816
0,28,7,1263317.0,6250000.0,-6.943676770210424
0,28,8,1326016.0,6250000.0,-6.733312529511972
0,28,9,1243375.0,6250000.0,-7.0127788639429225
0,28,10,1353165.0,6250000.0,-6.645292612339296
0,28,11,1330816.0,6250000.0,-6.7176200372413195
0,28,12,1295435.0,6250000.0,-6.834643907204388
0,28,13,1307136.0,6250000.0,-6.795592415639941
0,28,14,1300194.0,6250000.0,-6.818718597729808
0,28,15,1290456.0,6250000.0,-6.851368161224394
0,29,0,1320459.0,5555555.0,-6.2400253047575305
0,29,1,1211760.0,5555555.0,-6.613108390601513
0,29,2,1240503.0,5555555.0,-6.511296325713331
0,29,3,1256107.0,5555555.0,-6.457008156247587
0,29,4,1300644.0,5555555.0,-6.305690096271508
0,29,5,1288626.0,5555555.0,-6.346005618132598
0,29,6,1345970.0,5555555.0,-6.15692071356146
0,29,7,1262975.0,5555555.0,-6.433326974831757
0,29,8,1291049.0,5555555.0,-6.337847258346162
0,29,9,1321307.0,5555555.0,-6.237237156728499
0,29,10,1257700.0,5555555.0,-6.451503905505351
0,29,11,1257180.0,5555555.0,-6.453299880930087
0,29,12,1271194.0,5555555.0,-6.405156171208476
0,29,13,1305905.0,5555555.0,-6.288158667766041
0,29,14,1282335.0,5555555.0,-6.367259554218117
0,29,15,1318100.0,5555555.0,-6.247790914363219
0,29,16,1243814.0,5555555.0,-6.499720106728645
0,29,17,1268162.0,5555555.0,-6.415527158930441
0,30,0,1332548.0,4761904.0,-5.530977739830309
0,30,1,1383062.0,4761904.0,-5.369389866498768
0,30,2,1290795.0,4761904.0,-5.6692336131902685
0,30,3,1521670.0,4761904.0,-4.954601572723197
0,30,4,1314016.0,4761904.0,-5.591799823745225
0,30,5,1415018.0,4761904.0,-5.270186713596714
0,30,6,1286005.0,4761904.0,-5.685379786462851
0,30,7,1313315.0,4761904.0,-5.594117312017836
0,30,8,1322799.0,4761904.0,-5.5628677785196325
0,30,9,1376844.0,4761904.0,-5.388958994270119
0,30,10,1501834.0,4761904.0,-5.011587036887827
0,30,11,1483053.0,4761904.0,-5.06623964051827
0,30,12,1400768.0,4761904.0,-5.314144238787256
0,30,13,1309748.0,4761904.0,-5.605928918310505
0,30,14,1413718.0,4761904.0,-5.274178481412598
0,30,15,1353389.0,4761904.0,-5.463579934517494
0,30,16,1314865.0,4761904.0,-5.588994706070027
0,30,17,1440624.0,4761904.0,-5.192299901718675
0,30,18,1388609.0,4761904.0,-5.352006600538214
0,30,19,1396363.0,4761904.0,-5.327823031623974
0,30,20,1249261.0,4761904.0,-5.811274535952773
0,31,0,1240813.0,4166666.0,-5.260823538678303
0,31,1,2184260.0,4166666.0,-2.804843561217749
0,31,2,1937830.0,4166666.0,-3.3247301376468448
0,31,3,1970591.0,4166666.0,-3.2519219383445135
0,31,4,1884824.0,4166666.0,-3.445178856639127
0,31,5,1723601.0,4166666.0,-3.833519514156003
0,31,6,1988982.0,4166666.0,-3.2115783596142444
0,31,7,1659951.0,4166666.0,-3.9969342048633556
0,31,8,1410772.0,4166666.0,-4.703318572885004
0,31,9,1358459.0,4166666.0,-4.867421534028716
0,31,10,1457747.0,4166666.0,-4.561065324724057
0,31,11,1353738.0,4166666.0,-4.882540688867357
0,31,12,1354163.0,4166666.0,-4.88117745471423
0,31,13,1274517.0,4166666.0,-5.144430561698153
0,31,14,1285411.0,4166666.0,-5.107466767037377
0,31,15,2079390.0,4166666.0,-3.0185273772694545
0,31,16,3144631.0,4166666.0,-1.222189973874955
0,31,17,1576465.0,4166666.0,-4.221043556301932
0,31,18,1547006.0,4166666.0,-4.302966907051111
0,31,19,1527739.0,4166666.0,-4.357395233977884
0,31,20,1441295.0,4166666.0,-4.610358087784164
0,31,21,1288191.0,4166666.0,-5.098084281872407
0,31,22,1286520.0,4166666.0,-5.103721467414017
0,31,23,1261938.0,4166666.0,-5.187506705962629
0,32,0,1206320.0,4000000.0,-5.205974631260185
0,32,1,1314579.0,4000000.0,-4.832733010505582
0,32,2,1237912.0,4000000.0,-5.0937021843124795
0,32,3,1356387.0,4000000.0,-4.696763726041905
0,32,4,1245400.0,4000000.0,-5.067511299425812
0,32,5,1262734.0,4000000.0,-5.007481170188344
0,32,6,1221400.0,4000000.0,-5.152020756681156
0,32,7,1324783.0,4000000.0,-4.799152448442548
0,32,8,1246260.0,4000000.0,-5.064513352119453
0,32,9,1286613.0,4000000.0,-4.9261205610898715
0,32,10,1393413.0,4000000.0,-4.579801333123257
0,32,11,1339123.0,4000000.0,-4.752395220322072
0,32,12,1269072.0,4000000.0,-4.9857372911059334
0,32,13,1329195.0,4000000.0,-4.784712923930417
0,32,14,1368471.0,4000000.0,-4.658243928506713
0,32,15,1247225.0,4000000.0,-5.061151838447142
0,32,16,1318025.0,4000000.0,-4.821363433923712
0,32,17,1293095.0,4000000.0,-4.904295588990835
0,32,18,1307804.0,4000000.0,-4.855173299824596
0,32,19,1311069.0,4000000.0,-4.844344426350622
0,32,20,1308518.0,4000000.0,-4.8528029014731935
0,32,21,1265338.0,4000000.0,-4.998534405770023
0,32,22,1354733.0,4000000.0,-4.702062813962671
0,32,23,1573223.0,4000000.0,-4.052697043021353
0,32,24,1382693.0,4000000.0,-4.613342271306796
0,33,0,2151966.0,4166666.0,-2.869532833910424
0,33,1,1307308.0,4166666.0,-5.034107699720409
0,33,2,1348538.0,4166666.0,-4.899255000013927
0,33,3,1355797.0,4166666.0,-4.875940201991467
0,33,4,1397402.0,4166666.0,-4.744673283083497
0,33,5,1361767.0,4166666.0,-4.856858831853777
0,33,6,1314998.0,4166666.0,-5.008635964999238
0,33,7,1352320.0,4166666.0,-4.8870921776507075
0,33,8,1279887.0,4166666.0,-5.126170609055873
0,33,9,1297654.0,4166666.0,-5.066297790195346
0,33,10,1403174.0,4166666.0,-4.726771599294932
0,33,11,1361023.0,4166666.0,-4.859232243703959
0,33,12,1285664.0,4166666.0,-5.106612054481142
0,33,13,1366625.0,4166666.0,-4.841393276884659
0,33,14,1312382.0,4166666.0,-5.0172842362054615
0,33,15,1333942.0,4166666.0,-4.946517420000178
0,33,16,1477612.0,4166666.0,-4.502282793572964
0,33,17,1371536.0,4166666.0,-4.82581477373914
0,33,18,1308129.0,4166666.0,-5.031381151297687
0,33,19,1383067.0,4166666.0,-4.7894546962798055
0,33,20,1310815.0,4166666.0,-5.022472863167835
0,33,21,1232895.0,4166666.0,-5.288625974953654
0,33,22,1287764.0,4166666.0,-5.099524087656835
0,33,23,1361450.0,4166666.0,-4.85786992536109
0,34,0,1270204.0,4545454.0,-5.537037910202912
0,34,1,1314613.0,4545454.0,-5.38779344427438
0,34,2,1325810.0,4545454.0,-5.35095976676883
0,34,3,1291728.0,4545454.0,-5.464061934462357
0,34,4,1303138.0,4545454.0,-5.425868579001286
0,34,5,1318904.0,4545454.0,-5.373640816658739
0,34,6,1293313.0,4545454.0,-5.4587362406719855
0,34,7,1333198.0,4545454.0,-5.326826135813226
0,34,8,1367527.0,4545454.0,-5.216413574059761
0,34,9,1246864.0,4545454.0,-5.617581810823763
0,34,10,1366894.0,4545454.0,-5.218424298903926
0,34,11,1354584.0,4545454.0,-5.257713255372369
0,34,12,1396995.0,4545454.0,-5.123824153335934
0,34,13,1407572.0,4545454.0,-5.091066479774749
0,34,14,1335604.0,4545454.0,-5.318995560097646
0,34,15,1393274.0,4545454.0,-5.135407342807118
0,34,16,1294643.0,4545454.0,-5.454272395755124
0,34,17,1363202.0,4545454.0,-5.23017052471161
0,34,18,1477005.0,4545454.0,-4.881953015617869
0,34,19,1368324.0,4545454.0,-5.213883226377314
0,34,20,1298990.0,4545454.0,-5.439714593008457
0,34,21,1338916.0,4545454.0,-5.308239356671786
0,35,0,1310407.0,5263157.0,-6.038401208578005
0,35,1,1235889.0,5263157.0,-6.292668583900676
0,35,2,1311344.0,5263157.0,-6.035296917233256
0,35,3,1374378.0,5263157.0,-5.831401305307739
0,35,4,1288817.0,5263157.0,-6.110550692541878
0,35,5,1301632.0,5263157.0,-6.067581082349901
0,35,6,1303785.0,5263157.0,-6.060403450267424
0,35,7,5547132.0,5263157.0,0.2282217529117707
0,35,8,1354508.0,5263157.0,-5.894647508087168
0,35,9,1319853.0,5263157.0,-6.007207613172399
0,35,10,1375394.0,5263157.0,-5.828191997672828
0,35,11,1417000.0,5263157.0,-5.698764749696425
0,35,12,1268870.0,5263157.0,-6.178291957738709
0,35,13,1316005.0,5263157.0,-6.019887858872783
0,35,14,1371306.0,5263157.0,-5.841119489957631
0,35,15,1350273.0,5263157.0,-5.908247416056522
0,35,16,1352187.0,5263157.0,-5.902095689279077
0,35,17,1336514.0,5263157.0,-5.952728128608716
0,35,18,1354070.0,5263157.0,-5.896052090009725
0,36,0,1385805.0,6250000.0,-6.5417789340449115
0,36,1,1328094.0,6250000.0,-6.726512026761179
0,36,2,1226531.0,6250000.0,-7.072014880721147
0,36,3,1395336.0,6250000.0,-6.512012180676311
0,36,4,1325230.0,6250000.0,-6.735887586468412
0,36,5,1300396.0,6250000.0,-6.818043924017144
0,36,6,1418297.0,6250000.0,-6.441128330731818
0,36,7,1324957.0,6250000.0,-6.736782333850231
0,36,8,1243479.0,6250000.0,-7.012415620856322
0,36,9,1283561.0,6250000.0,-6.874635044192904
0,36,10,1375829.0,6250000.0,-6.573155579876965
0,36,11,1299592.0,6250000.0,-6.8207298808337145
0,36,12,1299365.0,6250000.0,-6.821488530150672
0,36,13,1325610.0,6250000.0,-6.7346424573451635
0,36,14,1303279.0,6250000.0,-6.8084261990473465
0,36,15,1377884.0,6250000.0,-6.5666736020819805
0,37,0,1346223.0,6666666.0,-6.947916913804918
0,37,1,1282496.0,6666666.0,-7.158526782578267
0,37,2,1317858.0,6666666.0,-7.040400802301634
0,37,3,1364610.0,6666666.0,-6.8890014800546275
0,37,4,1266408.0,6666666.0,-7.213350521791401
0,37,5,1352980.0,6666666.0,-6.926173206909602
0,37,6,1302536.0,6666666.0,-7.091189621764818
0,37,7,1331199.0,6666666.0,-6.996657148111922
0,37,8,1249780.0,6666666.0,-7.270751270627692
0,37,9,1280456.0,6666666.0,-7.16544038010317
0,37,10,1408714.0,6666666.0,-6.750858668111009
0,37,11,1310382.0,6666666.0,-7.065107787230406
0,37,12,1309713.0,6666666.0,-7.067325592422257
0,37,13,1388118.0,6666666.0,-6.814823116765568
0,37,14,1300574.0,6666666.0,-7.097736298123838
0,38,0,3035426.0,6250000.0,-3.136603675781639
0,38,1,1384324.0,6250000.0,-6.546422690266951
0,38,2,1354972.0,6250000.0,-6.639496965772934
0,38,3,1285373.0,6250000.0,-6.868508442795474
0,38,4,1298818.0,6250000.0,-6.82331718567733
0,38,5,1321951.0,6250000.0,-6.746646596407496
0,38,6,1321944.0,6250000.0,-6.746669593246429
0,38,7,1312702.0,6250000.0,-6.777138704202155
0,38,8,1295287.0,6250000.0,-6.835140105433233
0,38,9,1368903.0,6250000.0,-6.595073420787823
0,38,10,1328704.0,6250000.0,-6.724517749148683
0,38,11,1267645.0,6250000.0,-6.928823695768381
0,38,12,1373528.0,6250000.0,-6.580425002044975
0,38,13,1368975.0,6250000.0,-6.594845001532442
0,38,14,1425392.0,6250000.0,-6.4194570035024086
0,38,15,1361114.0,6250000.0,-6.61985516315947
0,39,0,1228105.0,5555555.0,-6.554919519494236
0,39,1,1309475.0,5555555.0,-6.276302400123609
0,39,2,1279646.0,5555555.0,-6.376376079989906
0,39,3,1356263.0,5555555.0,-6.123835374719059
0,39,4,1364218.0,5555555.0,-6.0984367599128895
0,39,5,1290942.0,5555555.0,-6.3382072093265505
0,39,6,1345924.0,5555555.0,-6.157069140997083
0,39,7,1348630.0,5555555.0,-6.148346352267675
0,39,8,1371874.0,5555555.0,-6.074132261151531
0,39,9,1356250.0,5555555.0,-6.123877002746388
0,39,10,1407104.0,5555555.0,-5.964012538498902
0,39,11,1310990.0,5555555.0,-6.271280724860705
0,39,12,1234903.0,5555555.0,-6.5309460578993495
0,39,13,1340648.0,5555555.0,-6.17412686833269
0,39,14,1313315.0,5555555.0,-6.263585468900691
0,39,15,1229082.0,5555555.0,-6.551465930238071
0,39,16,2855912.0,5555555.0,-2.889826301919622
0,39,17,1366343.0,5555555.0,-6.0916771529284315
0,40,0,1324361.0,4761904.0,-5.557742526857748
0,40,1,1362173.0,4761904.0,-5.435483680156175
0,40,2,1270964.0,4761904.0,-5.736473864230388
0,40,3,1370786.0,4761904.0,-5.408109754995319
0,40,4,1352060.0,4761904.0,-5.467846711772399
0,40,5,1292109.0,4761904.0,-5.6648148427020795
0,40,6,1268181.0,4761904.0,-5.745993935176454
0,40,7,1237865.0,4761904.0,-5.851073521223099
0,40,8,1256884.0,4761904.0,-5.784854380329948
0,40,9,1348807.0,4761904.0,-5.478308246033587
0,40,10,1303828.0,4761904.0,-5.6256033240281536
0,40,11,1278359.0,4761904.0,-5.711278024380285
0,40,12,1348811.0,4761904.0,-5.478295366686492
0,40,13,1352192.0,4761904.0,-5.467422735962032
0,40,14,1248314.0,4761904.0,-5.814567945712817
0,40,15,1310370.0,4761904.0,-5.6038669411566655
0,40,16,1354483.0,4761904.0,-5.460070771683712
0,40,17,1771164.0,4761904.0,-4.295218594576341
0,40,18,4892028.0,4761904.0,0.11708298319282605
0,40,19,2082138.0,4761904.0,-3.5927112546882585
0,40,20,1602186.0,4761904.0,-4.7306770325384
0,41,0,1954467.0,4166666.0,-3.2876034677227035
0,41,1,1458901.0,4166666.0,-4.557628668272755
0,41,2,1532511.0,4166666.0,-4.343850883369812
0,41,3,1505612.0,4166666.0,-4.420756212987124
0,41,4,1366464.0,4166666.0,-4.841904942707963
0,41,5,1340606.0,4166666.0,-4.924875300160835
0,41,6,1407494.0,4166666.0,-4.713421366259837
0,41,7,1319906.0,4166666.0,-4.992456857279505
0,41,8,1396887.0,4166666.0,-4.746274131533408
0,41,9,1380442.0,4166666.0,-4.7977052455479
0,41,10,1281565.0,4166666.0,-5.120480506372852
0,41,11,1307523.0,4166666.0,-5.033393517321473
0,41,12,1251341.0,4166666.0,-5.224130144091586
0,41,13,1264998.0,4166666.0,-5.176988499215693
0,41,14,1372905.0,4166666.0,-4.821482021130947
0,41,15,1537293.0,4166666.0,-4.330320391570898
0,41,16,1350183.0,4166666.0,-4.893960532662831
0,41,17,1429078.0,4166666.0,-4.647327552901382
0,41,18,1407820.0,4166666.0,-4.712415581457622
0,41,19,1453020.0,4166666.0,-4.575170966437455
0,41,20,1310520.0,4166666.0,-5.023450356488622
0,41,21,1357006.0,4166666.0,-4.872069209048867
0,41,22,1559467.0,4166666.0,-4.268124997494932
0,41,23,1360609.0,4166666.0,-4.860553494460085
0,42,0,1493775.0,4000000.0,-4.277748045696795
0,42,1,1343608.0,4000000.0,-4.737874103102323
0,42,2,1353008.0,4000000.0,-4.707596268474246
0,42,3,1367299.0,4000000.0,-4.661964951574649
0,42,4,1281657.0,4000000.0,-4.9428817748559
0,42,5,1350523.0,4000000.0,-4.71558006515691
0,42,6,1350235.0,4000000.0,-4.716506300023286
0,42,7,1366049.0,4000000.0,-4.665937136164563
0,42,8,1287124.0,4000000.0,-4.924396029926286
0,42,9,1398274.0,4000000.0,-4.564677090254314
0,42,10,1316521.0,4000000.0,-4.826322003420995
0,42,11,1233777.0,4000000.0,-5.108233214373373
0,42,12,1271692.0,4000000.0,-4.97678052104861
0,42,13,1374957.0,4000000.0,-4.637708749469404
0,42,14,1270500.0,4000000.0,-4.980853219415742
0,42,15,1350189.0,4000000.0,-4.716654258611785
0,42,16,1356809.0,4000000.0,-4.695412756389576
0,42,17,1301913.0,4000000.0,-4.87478027742746
0,42,18,1257639.0,4000000.0,-5.025039947396816
0,42,19,1292798.0,4000000.0,-4.905293197644346
0,42,20,1254510.0,4000000.0,-5.035858637980906
0,42,21,1363760.0,4000000.0,-4.673220431824192
0,42,22,1370454.0,4000000.0,-4.65195528527558
0,42,23,1278398.0,4000000.0,-4.953939087929987
0,42,24,1329428.0,4000000.0,-4.783951698179022
0,43,0,1360913.0,4166666.0,-4.859583261457759
0,43,1,1415527.0,4166666.0,-4.688705312151765
0,43,2,1364654.0,4166666.0,-4.84766136280647
0,43,3,1267895.0,4166666.0,-5.167053996157742
0,43,4,1352426.0,4166666.0,-4.886751774410586
0,43,5,1307871.0,4166666.0,-5.032237787205137
0,43,6,1238467.0,4166666.0,-5.269042498687909
0,43,7,1433337.0,4166666.0,-4.634403769568843
0,43,8,1328656.0,4166666.0,-4.963761357292713
0,43,9,1355804.0,4166666.0,-4.8759177793609
0,43,10,1469041.0,4166666.0,-4.5275477195909
0,43,11,1319034.0,4166666.0,-4.995326985452203
0,43,12,1231926.0,4166666.0,-5.2920406762617365
0,43,13,1387892.0,4166666.0,-4.77433016363219
0,43,14,1325660.0,4166666.0,-4.973565365710304
0,43,15,1267546.0,4166666.0,-5.168249597042491
0,43,16,1363370.0,4166666.0,-4.851749553789697
0,43,17,1281521.0,4166666.0,-5.120629615354804
0,43,18,1311463.0,4166666.0,-5.02032646351073
0,43,19,1328563.0,4166666.0,-4.964065354718845
0,43,20,1343458.0,4166666.0,-4.915645949977392
0,43,21,1283549.0,4166666.0,-5.113762361105886
0,43,22,1249255.0,4166666.0,-5.231375924692653
0,43,23,2053604.0,4166666.0,-3.0727198722035625
0,44,0,1993684.0,4545454.0,-3.579209435440781
0,44,1,1377491.0,4545454.0,-5.184884970436072
0,44,2,1302697.0,4545454.0,-5.427338540594002
0,44,3,1257356.0,4545454.0,-5.581190085125357
0,44,4,1348732.0,4545454.0,-5.276516053698831
0,44,5,1253615.0,4545454.0,-5.594130870653408
0,44,6,1378921.0,4545454.0,-5.180378814136955
0,44,7,1326249.0,4545454.0,-5.349521976136745
0,44,8,1344212.0,4545454.0,-5.291094989626376
0,44,9,1369844.0,4545454.0,-5.209061552321522
0,44,10,1271325.0,4545454.0,-5.533206797941084
0,44,11,1361592.0,4545454.0,-5.235302760008929
0,44,12,1308257.0,4545454.0,-5.40884199895168
0,44,13,1340999.0,4545454.0,-5.3014881306964865
0,44,14,1340114.0,4545454.0,-5.304355228282032
0,44,15,1242289.0,4545454.0,-5.6335462733703245
0,44,16,1216274.0,4545454.0,-5.725458440308716
0,44,17,1322459.0,4545454.0,-5.361950505138493
0,44,18,1267847.0,4545454.0,-5.545104197193307
0,44,19,1333233.0,4545454.0,-5.326712123435876
0,44,20,1329363.0,4545454.0,-5.339336801220367
0,44,21,1284834.0,4545454.0,-5.487302464309217
0,45,0,1322485.0,5263157.0,-5.99855570373148
0,45,1,1252750.0,5263157.0,-6.233819138025885
0,45,2,1274793.0,5263157.0,-6.158066551578928
0,45,3,1343847.0,5263157.0,-5.928964990872138
0,45,4,2155070.0,5263157.0,-3.877849439361304
0,45,5,1313741.0,5263157.0,-6.027365713767894
0,45,6,1263624.0,5263157.0,-6.196284593542175
0,45,7,1241655.0,5263157.0,-6.272453834909175
0,45,8,1339193.0,5263157.0,-5.944031546316266
0,45,9,2218774.0,5263157.0,-3.7513325712274774
0,45,10,1365873.0,5263157.0,-5.85836005054107
0,45,11,1361854.0,5263157.0,-5.871157744634398
0,45,12,1377948.0,5263157.0,-5.820134964257352
0,45,13,1430171.0,5263157.0,-5.65858357740518
0,45,14,1300911.0,5263157.0,-6.069987392865908
0,45,15,1357742.0,5263157.0,-5.8842907266688504
0,45,16,1246496.0,5263157.0,-6.255554360240935
0,45,17,1288215.0,5263157.0,-6.112579734345483
0,45,18,1360278.0,5263157.0,-5.876186510175183
0,46,0,1230025.0,6250000.0,-7.059660788707667
0,46,1,1266052.0,6250000.0,-6.934284737091248
0,46,2,1280518.0,6250000.0,-6.88494329701102
0,46,3,1303847.0,6250000.0,-6.806533852688759
0,46,4,1326534.0,6250000.0,-6.731616316098573
0,46,5,1319470.0,6250000.0,-6.754804969695682
0,46,6,1291440.0,6250000.0,-6.848057835859754
0,46,7,1325358.0,6250000.0,-6.735468134680909
0,46,8,1297739.0,6250000.0,-6.8269266097950885
0,46,9,1238663.0,6250000.0,-7.029268523305005
0,46,10,1253943.0,6250000.0,-6.9760222195631085
0,46,11,1297235.0,6250000.0,-6.828613597191737
0,46,12,1343528.0,6250000.0,-6.676332955002481
0,46,13,1275413.0,6250000.0,-6.902291780035718
0,46,14,1330285.0,6250000.0,-6.719353232433471
0,46,15,1349567.0,6250000.0,-6.656855671266127
0,47,0,1259595.0,6666666.0,-7.236777694918668
0,47,1,1331714.0,6666666.0,-6.994977321088143
0,47,2,1268236.0,6666666.0,-7.207086206561623
0,47,3,1225197.0,6666666.0,-7.357027727863413
0,47,4,1256907.0,6666666.0,-7.246055525902541
0,47,5,1239184.0,6666666.0,-7.307729002173745
0,47,6,1325446.0,6666666.0,-7.015466586783049
0,47,7,1251742.0,6666666.0,-7.26393873051637
0,47,8,1219233.0,6666666.0,-7.378219886604614
0,47,9,1306399.0,6666666.0,-7.078328582224539
0,47,10,1358155.0,6666666.0,-6.909593607048951
0,47,11,1349174.0,6666666.0,-6.93840734227863
0,47,12,1251408.0,6666666.0,-7.265097705070963
0,47,13,1367340.0,6666666.0,-6.880321787305931
0,47,14,1374413.0,6666666.0,-6.857914431976927
0,48,0,1287691.0,6250000.0,-6.860683570336912
0,48,1,1306467.0,6250000.0,-6.797815729699029
0,48,2,1332729.0,6250000.0,-6.711381693329477
0,48,3,1231742.0,6250000.0,-7.053602670727022
0,48,4,1246561.0,6250000.0,-7.001664819449582
0,48,5,1341542.0,6250000.0,-6.6827574355437385
0,48,6,1235564.0,6250000.0,-7.040147713478081
0,48,7,1355363.0,6250000.0,-6.638243916658325
0,48,8,1321776.0,6250000.0,-6.747221553915923
0,48,9,1257369.0,6250000.0,-6.964172685789141
0,48,10,1404673.0,6250000.0,-6.483047826576852
0,48,11,4102431.0,6250000.0,-1.8283873208482035
0,48,12,1438725.0,6250000.0,-6.3790222715722855
0,48,13,1540688.0,6250000.0,-6.081653173649552
0,48,14,1459006.0,6250000.0,-6.3182293945916825
0,48,15,1380210.0,6250000.0,-6.559348476800611
0,49,0,1448473.0,5555555.0,-5.838170472400611
0,49,1,1277966.0,5555555.0,-6.382081517988577
0,49,2,1245068.0,5555555.0,-6.495343801814308
0,49,3,1226036.0,5555555.0,-6.562242289424269
0,49,4,1200774.0,5555555.0,-6.652661757786452
0,49,5,1191573.0,5555555.0,-6.686067975451341
0,49,6,1240599.0,5555555.0,-6.510960247065346
0,49,7,1195471.0,5555555.0,-6.671884060992932
0,49,8,1198382.0,5555555.0,-6.661321742755563
0,49,9,1216144.0,5555555.0,-6.597424499657622
0,49,10,1202349.0,5555555.0,-6.6469690495319345
0,49,11,1210172.0,5555555.0,-6.6188035111589265
0,49,12,1338834.0,5555555.0,-6.180007186323482
0,49,13,1222327.0,5555555.0,-6.575400464626091
0,49,14,1190213.0,5555555.0,-6.69102761968117
0,49,15,1183863.0,5555555.0,-6.714260039676288
0,49,16,1249255.0,5555555.0,-6.480763551352375
0,49,17,1198830.0,5555555.0,-6.659698490993452
0,50,0,1191435.0,4545454.0,-5.815069131297429
0,50,1,1284718.0,4545454.0,-5.4876945805998005
0,50,2,1257280.0,4545454.0,-5.581452599307407
0,50,3,1218204.0,4545454.0,-5.718572458790931
0,50,4,1311496.0,4545454.0,-5.398102967114344
0,50,5,1320715.0,4545454.0,-5.3676815670084475
0,50,6,1282967.0,4545454.0,-5.49361781304998
0,50,7,1431974.0,4545454.0,-5.016421343972074
0,50,8,1295327.0,4545454.0,-5.451978489396919
0,50,9,1230531.0,4545454.0,-5.674847079758027
0,50,10,1391599.0,4545454.0,-5.140631590698549
0,50,11,1287975.0,4545454.0,-5.476698337493888
0,50,12,1285376.0,4545454.0,-5.4854708037625635
0,50,13,1310002.0,4545454.0,-5.403053083621842
0,50,14,1341936.0,4545454.0,-5.298454632336757
0,50,15,1506670.0,4545454.0,-4.795591261432962
0,50,16,1352002.0,4545454.0,-5.265999330098524
0,50,17,1349555.0,4545454.0,-5.273866784961367
0,50,18,1425101.0,4545454.0,-5.037316222349229
0,50,19,1387815.0,4545454.0,-5.152456898730094
0,50,20,1377704.0,4545454.0,-5.184213477312502
0,50,21,1335761.0,4545454.0,-5.318485077750701
0,51,0,1274086.0,4166666.0,-5.1458994520940635
0,51,1,1273976.0,4166666.0,-5.146274422507179
0,51,2,1407158.0,4166666.0,-4.71445824717167
0,51,3,1340014.0,4166666.0,-4.926793530551316
0,51,4,1337259.0,4166666.0,-4.9357315934232355
0,51,5,1325093.0,4166666.0,-4.975423290420715
0,51,6,1300821.0,4166666.0,-5.055711493962177
0,51,7,1230218.0,4166666.0,-5.298066116642786
0,51,8,1389859.0,4166666.0,-4.768179451140747
0,51,9,1276119.0,4166666.0,-5.138975139195726
0,51,10,1350917.0,4166666.0,-4.891600219030878
0,51,11,1348801.0,4166666.0,-4.898408095348977
0,51,12,1316782.0,4166666.0,-5.0027480756286415
0,51,13,1276656.0,4166666.0,-5.137147981375534
0,51,14,1379994.0,4166666.0,-4.799114906410176
0,51,15,1289436.0,4166666.0,-5.093888976096855
0,51,16,1207529.0,4166666.0,-5.378911192421199
0,51,17,1327064.0,4166666.0,-4.968968208150549
0,51,18,1297704.0,4166666.0,-5.066130455098624
0,51,19,1220640.0,4166666.0,-5.332010912499752
0,51,20,1391611.0,4166666.0,-4.762708358280338
0,51,21,1341864.0,4166666.0,-4.920801871579808
0,51,22,1328099.0,4166666.0,-4.965582391072376
0,51,23,1315213.0,4166666.0,-5.007925958738772
0,52,0,1261683.0,4000000.0,-5.011097399415549
0,52,1,1215245.0,4000000.0,-5.173961484374836
0,52,2,1324257.0,4000000.0,-4.800877140410079
0,52,3,1346181.0,4000000.0,-4.729565346967371
0,52,4,1265564.0,4000000.0,-4.997758788593452
0,52,5,1232524.0,4000000.0,-5.112646066110803
0,52,6,1347440.0,4000000.0,-4.725505556874162
0,52,7,1259183.0,4000000.0,-5.019711396039757
0,52,8,1366944.0,4000000.0,-4.663092682664694
0,52,9,1312349.0,4000000.0,-4.840106466704479
0,52,10,1249464.0,4000000.0,-5.053362437319051
0,52,11,1447252.0,4000000.0,-4.415158329244202
0,52,12,1383980.0,4000000.0,-4.609301771843896
0,52,13,1500695.0,4000000.0,-4.257675557646254
0,52,14,1392740.0,4000000.0,-4.58189942459207
0,52,15,1314586.0,4000000.0,-4.8327098848259595
0,52,16,1423605.0,4000000.0,-4.486704866599668
0,52,17,1303173.0,4000000.0,-4.870579179345717
0,52,18,1216428.0,4000000.0,-5.169735830574966
0,52,19,1526790.0,4000000.0,-4.182806845354713
0,52,20,1307634.0,4000000.0,-4.855737871127968
0,52,21,2922726.0,4000000.0,-1.3627188834333601
0,52,22,1336171.0,4000000.0,-4.761979496524217
0,52,23,1329527.0,4000000.0,-4.783628299296918
0,52,24,1283888.0,4000000.0,-4.935328516321295
0,53,0,1352914.0,4166666.0,-4.885184979039449
0,53,1,2262321.0,4166666.0,-2.6523446193512945
0,53,2,2228088.0,4166666.0,-2.7185634917584798
0,53,3,1424890.0,4166666.0,-4.6600735023705875
0,53,4,1369178.0,4166666.0,-4.833287765382965
0,53,5,1299213.0,4166666.0,-5.061083313068664
0,53,6,1439559.0,4166666.0,-4.615592197612997
0,53,7,1302892.0,4166666.0,-5.0488027136035125
0,53,8,1328778.0,4166666.0,-4.963362597234481
0,53,9,1337275.0,4166666.0,-4.935679631386405
0,53,10,1344408.0,4166666.0,-4.912576006944607
0,53,11,1366877.0,4166666.0,-4.840592529639919
0,53,12,1299843.0,4166666.0,-5.058977890723338
0,53,13,1217932.0,4166666.0,-5.3416564750702165
0,53,14,1316682.0,4166666.0,-5.00307790317298
0,53,15,1276314.0,4166666.0,-5.138311557239719
0,53,16,1354687.0,4166666.0,-4.8794972560221215
0,53,17,1310263.0,4166666.0,-5.024302114777706
0,53,18,1345365.0,4166666.0,-4.909485635848467
0,53,19,1.8700377E7,4166666.0,6.520616732095206
0,53,20,1871322.0,4166666.0,-3.47640165442873
0,53,21,1843106.0,4166666.0,-3.542383758875276
0,53,22,1948631.0,4166666.0,-3.3005908151334395
0,53,23,1736617.0,4166666.0,-3.8008464072105137
0,54,0,1589820.0,4761904.0,-4.764326796547102
0,54,1,1629017.0,4761904.0,-4.6585501926193515
0,54,2,1376614.0,4761904.0,-5.389684538157623
0,54,3,1544074.0,4761904.0,-4.891125256461163
0,54,4,1299306.0,4761904.0,-5.640691918181203
0,54,5,1326488.0,4761904.0,-5.55077310263743
0,54,6,1298315.0,4761904.0,-5.644005610613211
0,54,7,1336759.0,4761904.0,-5.517275190214075
0,54,8,1442979.0,4761904.0,-5.185206250253694
0,54,9,1275638.0,4761904.0,-5.72053187810339
0,54,10,1328096.0,4761904.0,-5.545511670998316
0,54,11,1333492.0,4761904.0,-5.527902212020898
0,54,12,1249641.0,4761904.0,-5.809953700606727
0,54,13,1481867.0,4761904.0,-5.069714090304499
0,54,14,1241117.0,4761904.0,-5.839679114443986
0,54,15,1321985.0,4761904.0,-5.565541083556502
0,54,16,1245263.0,4761904.0,-5.825195515068041
0,54,17,1209825.0,4761904.0,-5.950580811904764
0,54,18,1207614.0,4761904.0,-5.9585249657570944
0,54,19,1173054.0,4761904.0,-6.084626310272602
0,54,20,1235862.0,4761904.0,-5.858106569230104
0,55,0,1163015.0,5555555.0,-6.791421353843511
0,55,1,1254423.0,5555555.0,-6.462834432111353
0,55,2,1226107.0,5555555.0,-6.561990795867622
0,55,3,1240297.0,5555555.0,-6.512017582271518
0,55,4,1177025.0,5555555.0,-6.739417641151074
0,55,5,1308781.0,5555555.0,-6.278604698886597
0,55,6,1226250.0,5555555.0,-6.561484310792386
0,55,7,1209330.0,5555555.0,-6.621826248635684
0,55,8,1258081.0,5555555.0,-6.450188479410074
0,55,9,1246532.0,5555555.0,-6.490240196141842
0,55,10,1289455.0,5555555.0,-6.343212609395428
0,55,11,1316210.0,5555555.0,-6.254022654072164
0,55,12,1225763.0,5555555.0,-6.563209435540648
0,55,13,1225681.0,5555555.0,-6.5634999757082335
0,55,14,1244106.0,5555555.0,-6.498700668890628
0,55,15,1247157.0,5555555.0,-6.488063228148856
0,55,16,1228176.0,5555555.0,-6.554668449618894
0,55,17,1290898.0,5555555.0,-6.33835523520891
0,56,0,1168113.0,6250000.0,-7.283951600962256
0,56,1,1157680.0,6250000.0,-7.322914868297856
0,56,2,1154188.0,6250000.0,-7.336034626728303
0,56,3,1175540.0,6250000.0,-7.256426059301449
0,56,4,1199772.0,6250000.0,-7.167812950880204
0,56,5,1200041.0,6250000.0,-7.166839331551356
0,56,6,1245488.0,6250000.0,-7.005404697821792
0,56,7,1194261.0,6250000.0,-7.1878076720672865
0,56,8,1240011.0,6250000.0,-7.0245447958658875
0,56,9,1368889.0,6250000.0,-6.5951178370381935
0,56,10,1205892.0,6250000.0,-7.145716033246369
0,56,11,1186771.0,6250000.0,-7.215130920129332
0,56,12,1210720.0,6250000.0,-7.128363007205833
0,56,13,1206807.0,6250000.0,-7.142421967389065
0,56,14,1193375.0,6250000.0,-7.191030817711161
0,56,15,1254178.0,6250000.0,-6.975208389580057
0,57,0,1217166.0,6666666.0,-7.385588851289507
0,57,1,1208762.0,6666666.0,-7.415678989384626
0,57,2,1185227.0,6666666.0,-7.501071611720514
0,57,3,1171972.0,6666666.0,-7.549914615928259
0,57,4,1248724.0,6666666.0,-7.2744223874255685
0,57,5,1212602.0,6666666.0,-7.401904173135561
0,57,6,1219414.0,6666666.0,-7.377575206982112
0,57,7,1189720.0,6666666.0,-7.484639350831348
0,57,8,1176092.0,6666666.0,-7.534674016849976
0,57,9,1204274.0,6666666.0,-7.431833873789641
0,57,10,1191192.0,6666666.0,-7.479269294661163
0,57,11,1194529.0,6666666.0,-7.467119997813426
0,57,12,1325808.0,6666666.0,-7.014280622681337
0,57,13,1190472.0,6666666.0,-7.48189512296017
0,57,14,1188196.0,6666666.0,-7.490206115015119
0,58,0,1264055.0,6250000.0,-6.941140465014718
0,58,1,1295127.0,6250000.0,-6.835676599732544
0,58,2,1294024.0,6250000.0,-6.839376861652515
0,58,3,1278636.0,6250000.0,-6.891330895117932
0,58,4,1267819.0,6250000.0,-6.928227613631385
0,58,5,1256442.0,6250000.0,-6.967375718976387
0,58,6,1298420.0,6250000.0,-6.82464820890393
0,58,7,1360170.0,6250000.0,-6.6228682555626275
0,58,8,1299517.0,6250000.0,-6.820980521235112
0,58,9,1359453.0,6250000.0,-6.6251581990639075
0,58,10,1355640.0,6250000.0,-6.637356425409472
0,58,11,1229365.0,6250000.0,-7.061991727395203
0,58,12,1260337.0,6250000.0,-6.953933312173746
0,58,13,1367119.0,6250000.0,-6.6007369824515605
0,58,14,1337604.0,6250000.0,-6.6955245852355825
0,58,15,1424684.0,6250000.0,-6.421614703855047
0,59,0,1280776.0,5263157.0,-6.13773144317432
0,59,1,1342105.0,5263157.0,-5.934598308917658
0,59,2,1342473.0,5263157.0,-5.93340765347504
0,59,3,1395359.0,5263157.0,-5.765603673130882
0,59,4,1437355.0,5263157.0,-5.636822811605505
0,59,5,1532248.0,5263157.0,-5.359172620648955
0,59,6,1357401.0,5263157.0,-5.885381604159337
0,59,7,1346257.0,5263157.0,-5.921183507469276
0,59,8,1303145.0,5263157.0,-6.062535831835031
0,59,9,1197754.0,5263157.0,-6.428786953216292
0,59,10,1273093.0,5263157.0,-6.1638619500292124
0,59,11,1340624.0,5263157.0,-5.939393353016693
0,59,12,1352263.0,5263157.0,-5.901851599866196
0,59,13,1259536.0,5263157.0,-6.210357402206743
0,59,14,1322696.0,5263157.0,-5.997862850305752
0,59,15,1363663.0,5263157.0,-5.865392681836185
0,59,16,1287298.0,5263157.0,-6.115672307023111
0,59,17,1275857.0,5263157.0,-6.154443244927304
0,59,18,1350633.0,5263157.0,-5.907089685914037
0,60,0,1273575.0,4545454.0,-5.525527416913234
0,60,1,1304747.0,4545454.0,-5.420509601055189
0,60,2,1286841.0,4545454.0,-5.480523775694683
0,60,3,1255612.0,4545454.0,-5.587218094220879
0,60,4,1399404.0,4545454.0,-5.116341561147111
0,60,5,1279861.0,4545454.0,-5.504144616418952
0,60,6,1285858.0,4545454.0,-5.48384255878191
0,60,7,1350526.0,4545454.0,-5.270743175261458
0,60,8,1321578.0,4545454.0,-5.3648446662468015
0,60,9,1261054.0,4545454.0,-5.568435830271231
0,60,10,1359999.0,4545454.0,-5.240386780265306
0,60,11,1365311.0,4545454.0,-5.22345677810501
0,60,12,1326767.0,4545454.0,-5.347826060661794
0,60,13,1378964.0,4545454.0,-5.180243386715411
0,60,14,1272228.0,4545454.0,-5.530123174885977
0,60,15,1289887.0,4545454.0,-5.470256012794842
0,60,16,1224814.0,4545454.0,-5.695071252246342
0,60,17,1261828.0,4545454.0,-5.565771068783858
0,60,18,1307926.0,4545454.0,-5.409940939463692
0,60,19,1297380.0,4545454.0,-5.445100683631017
0,60,20,1346770.0,4545454.0,-5.282838333734051
0,60,21,1360634.0,4545454.0,-5.2383594799935205
0,61,0,1271433.0,4166666.0,-5.154952094621331
0,61,1,1280726.0,4166666.0,-5.123324625821731
0,61,2,1345702.0,4166666.0,-4.908397909372936
0,61,3,1367555.0,4166666.0,-4.8384388709293376
0,61,4,1286458.0,4166666.0,-5.103930767749141
0,61,5,1361070.0,4166666.0,-4.859082272041334
0,61,6,1221654.0,4166666.0,-5.328404674839966
0,61,7,1227460.0,4166666.0,-5.307813403991984
0,61,8,1322652.0,4166666.0,-4.983430958309175
0,61,9,1278733.0,4166666.0,-5.1300881573131365
0,61,10,1332507.0,4166666.0,-4.951191896367041
0,61,11,1325253.0,4166666.0,-4.974898927811539
0,61,12,1273764.0,4166666.0,-5.146997184094907
0,61,13,1249650.0,4166666.0,-5.230002952756701
0,61,14,1263410.0,4166666.0,-5.1824437875073315
0,61,15,1273389.0,4166666.0,-5.148275948518483
0,61,16,1262422.0,4166666.0,-5.185841344985457
0,61,17,1296391.0,4166666.0,-5.0705268145491
0,61,18,1398234.0,4166666.0,-4.7420883040689805
0,61,19,1348350.0,4166666.0,-4.899860493180347
0,61,20,1437967.0,4166666.0,-4.620397692928994
0,61,21,1293944.0,4166666.0,-5.078732076905808
0,61,22,1211652.0,4166666.0,-5.364107852922753
0,61,23,1369594.0,4166666.0,-4.831968440474859
0,62,0,1312376.0,4000000.0,-4.840017116764871
0,62,1,1227010.0,4000000.0,-5.132118891330513
0,62,2,1397278.0,4000000.0,-4.567771701424329
0,62,3,1303453.0,4000000.0,-4.869646153622805
0,62,4,1221587.0,4000000.0,-5.151355889710726
0,62,5,1348238.0,4000000.0,-4.722934277910706
0,62,6,1296985.0,4000000.0,-4.891250379539046
0,62,7,1280258.0,4000000.0,-4.94762493019537
0,62,8,1508348.0,4000000.0,-4.235584395529664
0,62,9,1338800.0,4000000.0,-4.753442876422229
0,62,10,1344347.0,4000000.0,-4.7354860896853355
0,62,11,1389246.0,4000000.0,-4.592808363153385
0,62,12,1263332.0,4000000.0,-5.0054249443808665
0,62,13,1242654.0,4000000.0,-5.077097692096785
0,62,14,1346803.0,4000000.0,-4.72755916221063
0,62,15,1304470.0,4000000.0,-4.866258956144315
0,62,16,1229238.0,4000000.0,-5.124240139909173
0,62,17,1352705.0,4000000.0,-4.708568960171901
0,62,18,1313739.0,4000000.0,-4.835508986450802
0,62,19,1246393.0,4000000.0,-5.06404990079953
0,62,20,1343723.0,4000000.0,-4.737502404450765
0,62,21,1278794.0,4000000.0,-4.952594013987878
0,62,22,1386137.0,4000000.0,-4.602538350755224
0,62,23,1440145.0,4000000.0,-4.4365377039272085
0,62,24,1379726.0,4000000.0,-4.622671429724105
0,63,0,1294194.0,4166666.0,-5.077893067387666
0,63,1,1306137.0,4166666.0,-5.03799956560886
0,63,2,1360201.0,4166666.0,-4.861855990040038
0,63,3,1298709.0,4166666.0,-5.062768386151114
0,63,4,1314302.0,4166666.0,-5.010935200282125
0,63,5,1375626.0,4166666.0,-4.812883131969338
0,63,6,1274907.0,4166666.0,-5.1431018313711165
0,63,7,1356186.0,4166666.0,-4.874694319885133
0,63,8,1342468.0,4166666.0,-4.918847464513197
0,63,9,1379659.0,4166666.0,-4.800169304569308
0,63,10,1345303.0,4166666.0,-4.909685781372797
0,63,11,1322584.0,4166666.0,-4.9836542429217845
0,63,12,1412001.0,4166666.0,-4.699536845115996
0,63,13,1356850.0,4166666.0,-4.872568498172915
0,63,14,1310973.0,4166666.0,-5.021949414832395
0,63,15,1399476.0,4166666.0,-4.738232337711082
0,63,16,1307920.0,4166666.0,-5.032075079789936
0,63,17,1227549.0,4166666.0,-5.307498519534075
0,63,18,1334740.0,4166666.0,-4.943920130350168
0,63,19,1304675.0,4166666.0,-5.042863482267048
0,63,20,1238073.0,4166666.0,-5.270424362314692
0,63,21,1341728.0,4166666.0,-4.9212420580879614
0,63,22,1315947.0,4166666.0,-5.005502904587859
0,63,23,1286717.0,4166666.0,-5.103056499413775
0,64,0,1341849.0,4761904.0,-5.500769889150189
0,64,1,1311855.0,4761904.0,-5.598948008764736
0,64,2,1237438.0,4761904.0,-5.852571873106584
0,64,3,1400948.0,4761904.0,-5.313586202163628
0,64,4,1317059.0,4761904.0,-5.581754053877884
0,64,5,1236505.0,4761904.0,-5.855847589409066
0,64,6,1348731.0,4761904.0,-5.478552960885673
0,64,7,1296410.0,4761904.0,-5.650382634279888
0,64,8,1230674.0,4761904.0,-5.876376102655111
0,64,9,1390159.0,4761904.0,-5.3471616007630205
0,64,10,1308338.0,4761904.0,-5.610606803442528
0,64,11,1225774.0,4761904.0,-5.893702305235805
0,64,12,1342049.0,4761904.0,-5.500122629853887
0,64,13,1292887.0,4761904.0,-5.662200671406476
0,64,14,1235932.0,4761904.0,-5.857860589073656
0,64,15,1409439.0,4761904.0,-5.287343512695768
0,64,16,1286921.0,4761904.0,-5.682287480176306
0,64,17,1348280.0,4761904.0,-5.480005434110025
0,64,18,1379336.0,4761904.0,-5.381105645477117
0,64,19,1352083.0,4761904.0,-5.4677728342216625
0,64,20,1303304.0,4761904.0,-5.627349076154104
0,65,0,1842674.0,5555555.0,-4.792789434452955
0,65,1,1927177.0,5555555.0,-4.598058475574305
0,65,2,1998900.0,5555555.0,-4.439363834794447
0,65,3,1816504.0,5555555.0,-4.854910929370953
0,65,4,1794343.0,5555555.0,-4.908219866896188
0,65,5,1866907.0,5555555.0,-4.736047673654064
0,65,6,1492371.0,5555555.0,-5.708506502986289
0,65,7,1390344.0,5555555.0,-6.01605184437428
0,65,8,1355452.0,5555555.0,-6.126433087497317
0,65,9,1291292.0,5555555.0,-6.337029910370708
0,65,10,1314933.0,5555555.0,-6.258238267567412
0,65,11,1266121.0,5555555.0,-6.4225223937104765
0,65,12,1392138.0,5555555.0,-6.010451632703583
0,65,13,1338497.0,5555555.0,-6.181100493360782
0,65,14,1299210.0,5555555.0,-6.310480967991266
0,65,15,1345620.0,5555555.0,-6.158050180304336
0,65,16,1314631.0,5555555.0,-6.259235824075726
0,65,17,1227386.0,5555555.0,-6.557462862079589
0,66,0,1382375.0,6250000.0,-6.552541462748125
0,66,1,1301168.0,6250000.0,-6.8154664333240795
0,66,2,1279121.0,6250000.0,-6.889683883097263
0,66,3,1337132.0,6250000.0,-6.697057349572595
0,66,4,1309927.0,6250000.0,-6.786329235055274
0,66,5,1210434.0,6250000.0,-7.129389032170804
0,66,6,1338728.0,6250000.0,-6.691876704282404
0,66,7,1330667.0,6250000.0,-6.71810630657215
0,66,8,1349538.0,6250000.0,-6.656948995089955
0,66,9,1390681.0,6250000.0,-6.526524961427812
0,66,10,1327189.0,6250000.0,-6.72947243829804
0,66,11,1264346.0,6250000.0,-6.94014078422997
0,66,12,1306438.0,6250000.0,-6.797912132285236
0,66,13,1336492.0,6250000.0,-6.699136538521579
0,66,14,1297059.0,6250000.0,-6.829202858308112
0,66,15,1351492.0,6250000.0,-6.65066538057491
0,67,0,1303454.0,6666666.0,-7.088129883616336
0,67,1,1378469.0,6666666.0,-6.845116936891964
0,67,2,1286424.0,6666666.0,-7.145245636770837
0,67,3,1290505.0,6666666.0,-7.131490059784888
0,67,4,1367130.0,6666666.0,-6.880988840456114
0,67,5,1295171.0,6666666.0,-7.115815858901313
0,67,6,1230889.0,6666666.0,-7.336898069402009
0,67,7,1358359.0,6666666.0,-6.908941329354267
0,67,8,1240196.0,6666666.0,-7.304183712302138
0,67,9,1337376.0,6666666.0,-6.9765517225132285
0,67,10,1344011.0,6666666.0,-6.955058743180803
0,67,11,1351190.0,6666666.0,-6.931922751029596
0,67,12,1235339.0,6666666.0,-7.321225450796987
0,67,13,1366139.0,6666666.0,-6.884138079337651
0,67,14,1299045.0,6666666.0,-7.102845018589425
0,68,0,1296102.0,6250000.0,-6.832408365702756
0,68,1,1359383.0,6250000.0,-6.625381828688791
0,68,2,1494909.0,6250000.0,-6.212652608045023
0,68,3,1357571.0,6250000.0,-6.631174651959869
0,68,4,1381534.0,6250000.0,-6.555184398319106
0,68,5,1351263.0,6250000.0,-6.651401321765242
0,68,6,1300957.0,6250000.0,-6.8161707510327405
0,68,7,1366877.0,6250000.0,-6.6015058150679575
0,68,8,1295136.0,6250000.0,-6.835646420169025
0,68,9,1225301.0,6250000.0,-7.076372293933417
0,68,10,1361744.0,6250000.0,-6.61784546945909
0,68,11,1321444.0,6250000.0,-6.748312539673826
0,68,12,1305089.0,6250000.0,-6.802398881288376
0,68,13,1475198.0,6250000.0,-6.270297024289575
0,68,14,1306708.0,6250000.0,-6.797014673738863
0,68,15,1602068.0,6250000.0,-5.911990715146985
0,69,0,1285338.0,5263157.0,-6.122289779135165
0,69,1,1299681.0,5263157.0,-6.074095551720301
0,69,2,1409858.0,5263157.0,-5.720709522227146
0,69,3,1371347.0,5263157.0,-5.840989644339105
0,69,4,1299045.0,5263157.0,-6.07622129561177
0,69,5,1378094.0,5263157.0,-5.8196748334290325
0,69,6,1278294.0,5263157.0,-6.146155747644883
0,69,7,1351762.0,5263157.0,-5.903460915888964
0,69,8,1379562.0,5263157.0,-5.81505101987392
0,69,9,1309198.0,5263157.0,-6.042409920318138
0,69,10,1304737.0,5263157.0,-6.057233468452985
0,69,11,1374745.0,5263157.0,-5.830241764059091
0,69,12,1303091.0,5263157.0,-6.062715799436016
0,69,13,1211828.0,5263157.0,-6.378053423107532
0,69,14,1397259.0,5263157.0,-5.759694095502023
0,69,15,1301287.0,5263157.0,-6.068732340588317
0,69,16,1286086.0,5263157.0,-6.119763145786279
0,69,17,1349563.0,5263157.0,-5.910531622128739
0,69,18,1306372.0,5263157.0,-6.051794617982049
0,70,0,1233691.0,4545454.0,-5.663708705739214
0,70,1,1414679.0,4545454.0,-5.069193603073398
0,70,2,1303663.0,4545454.0,-5.42411927319634
0,70,3,1221756.0,4545454.0,-5.705927865523454
0,70,4,1342266.0,4545454.0,-5.297386775448563
0,70,5,1311656.0,4545454.0,-5.39757316848132
0,70,6,1292463.0,4545454.0,-5.461591478889946
0,70,7,1395366.0,4545454.0,-5.128891304691202
0,70,8,1309701.0,4545454.0,-5.4040510794986885
0,70,9,1225440.0,4545454.0,-5.692852148826152
0,70,10,1397467.0,4545454.0,-5.122357058793888
0,70,11,1299276.0,4545454.0,-5.438758507508928
0,70,12,1230221.0,4545454.0,-5.67594130859622
0,70,13,1353349.0,4545454.0,-5.261674606870633
0,70,14,1331609.0,4545454.0,-5.332005452840949
0,70,15,1331654.0,4545454.0,-5.331858691130314
0,70,16,1336640.0,4545454.0,-5.315628134774258
0,70,17,1242183.0,4545454.0,-5.6339168568593685
0,70,18,1240877.0,4545454.0,-5.638485321944124
0,70,19,1334453.0,4545454.0,-5.322739847052073
0,70,20,1351964.0,4545454.0,-5.266121396650496
0,70,21,1343949.0,4545454.0,-5.291944785818679
0,71,0,1442718.0,4166666.0,-4.606072385203073
0,71,1,1305752.0,4166666.0,-5.039279890896372
0,71,2,1211627.0,4166666.0,-5.364197461771325
0,71,3,1357396.0,4166666.0,-4.870821237310652
0,71,4,1332022.0,4166666.0,-4.952772909942418
0,71,5,1278935.0,4166666.0,-5.129402161433085
0,71,6,1342787.0,4166666.0,-4.91781560764762
0,71,7,1323575.0,4166666.0,-4.980401332936502
0,71,8,1284980.0,4166666.0,-5.108923206337503
0,71,9,1287161.0,4166666.0,-5.1015581630366995
0,71,10,1256264.0,4166666.0,-5.2070777416497185
0,71,11,1265922.0,4166666.0,-5.173817414241792
0,71,12,1388741.0,4166666.0,-4.7716743137116095
0,71,13,1344265.0,4166666.0,-4.913037975439629
0,71,14,1277444.0,4166666.0,-5.1344681797812495
0,71,15,1357643.0,4166666.0,-4.870031040651775
0,71,16,1237601.0,4166666.0,-5.27208037193423
0,71,17,1261319.0,4166666.0,-5.1896375098378655
0,71,18,1319463.0,4166666.0,-4.993914724347655
0,71,19,1284481.0,4166666.0,-5.110610042208483
0,71,20,1292877.0,4166666.0,-5.082314792822146
0,71,21,1278141.0,4166666.0,-5.132099225030052
0,71,22,1353325.0,4166666.0,-4.883865841790785
0,71,23,1330219.0,4166666.0,-4.958655420733804
0,72,0,1350029.0,4000000.0,-4.717168936442878
0,72,1,1293614.0,4000000.0,-4.902552842983207
0,72,2,1233295.0,4000000.0,-5.109930205324108
0,72,3,1372609.0,4000000.0,-4.6451314915745465
0,72,4,1356264.0,4000000.0,-4.6971575711868265
0,72,5,1381935.0,4000000.0,-4.6157237506633795
0,72,6,1302242.0,4000000.0,-4.8736829319522
0,72,7,1208025.0,4000000.0,-5.199840692533622
0,72,8,1348904.0,4000000.0,-4.720789488123397
0,72,9,1302766.0,4000000.0,-4.871935756422707
0,72,10,1244126.0,4000000.0,-5.071956251743995
0,72,11,1389052.0,4000000.0,-4.593414872099698
0,72,12,1304692.0,4000000.0,-4.865519919049531
0,72,13,1239602.0,4000000.0,-5.0877772306027875
0,72,14,1342830.0,4000000.0,-4.740389561239579
0,72,15,1309478.0,4000000.0,-4.849617849079576
0,72,16,1241715.0,4000000.0,-5.080380638695509
0,72,17,1368235.0,4000000.0,-4.658992956703262
0,72,18,1271576.0,4000000.0,-4.977176689757027
0,72,19,1348283.0,4000000.0,-4.722789326310571
0,72,20,1493023.0,4000000.0,-4.279934932505292
0,72,21,1341966.0,4000000.0,-4.743184786242281
0,72,22,1358520.0,4000000.0,-4.689939548856455
0,72,23,1439851.0,4000000.0,-4.437424389729016
0,72,24,1301690.0,4000000.0,-4.8755242285575005
0,73,0,1227101.0,4166666.0,-5.30908378773975
0,73,1,1416488.0,4166666.0,-4.685757891229713
0,73,2,1354838.0,4166666.0,-4.879013197252888
0,73,3,1324137.0,4166666.0,-4.978557676961116
0,73,4,1382237.0,4166666.0,-4.792061747300628
0,73,5,1305915.0,4166666.0,-5.038737785025738
0,73,6,1287849.0,4166666.0,-5.099237437209153
0,73,7,1272502.0,4166666.0,-5.15130215208364
0,73,8,1304432.0,4166666.0,-5.0436724453291815
0,73,9,1247731.0,4166666.0,-5.236677234933112
0,73,10,1361122.0,4166666.0,-4.85891635198087
0,73,11,1353273.0,4166666.0,-4.884032717795731
0,73,12,1239284.0,4166666.0,-5.2661784610620614
0,73,13,1324608.0,4166666.0,-4.977013151511271
0,73,14,1357259.0,4166666.0,-4.87125958652314
0,73,15,1401483.0,4166666.0,-4.732008546685555
0,73,16,1326033.0,4166666.0,-4.972343566332938
0,73,17,1304872.0,4166666.0,-5.042207766826036
0,73,18,1272010.0,4166666.0,-5.152981632375022
0,73,19,1232329.0,4166666.0,-5.2906202008826275
0,73,20,1277541.0,4166666.0,-5.134138419999764
0,73,21,1281404.0,4166666.0,-5.121026134600727
0,73,22,1365208.0,4166666.0,-4.8458986425936725
0,73,23,1345611.0,4166666.0,-4.908691600949265
0,74,0,1392006.0,4761904.0,-5.341395285494754
0,74,1,1263642.0,4761904.0,-5.761565835465538
0,74,2,1377318.0,4761904.0,-5.387464125148734
0,74,3,1435813.0,4761904.0,-5.206827546167387
0,74,4,1369716.0,4761904.0,-5.41150106884402
0,74,5,1309148.0,4761904.0,-5.607918891900149
0,74,6,1366071.0,4761904.0,-5.423073638808114
0,74,7,1304997.0,4761904.0,-5.6217112248392525
0,74,8,1226600.0,4761904.0,-5.890776754274839
0,74,9,1371064.0,4761904.0,-5.407229080513617
0,74,10,1336684.0,4761904.0,-5.517518861660605
0,74,11,1342147.0,4761904.0,-5.499805508009986
0,74,12,1420686.0,4761904.0,-5.252825350058062
0,74,13,1308011.0,4761904.0,-5.611692394824425
0,74,14,1216215.0,4761904.0,-5.9277028036530846
0,74,15,1412166.0,4761904.0,-5.278948847808972
0,74,16,1299440.0,4761904.0,-5.6402440447789814
0,74,17,1286436.0,4761904.0,-5.683924507811548
0,74,18,1393285.0,4761904.0,-5.337406742240952
0,74,19,1286591.0,4761904.0,-5.683401266937849
0,74,20,1240893.0,4761904.0,-5.840463011077848
0,75,0,1393482.0,5555555.0,-6.00626088285996
0,75,1,1326588.0,5555555.0,-6.219913870118617
0,75,2,1344493.0,5555555.0,-6.161689060230494
0,75,3,1316042.0,5555555.0,-6.254577019482913
0,75,4,1297200.0,5555555.0,-6.317205114663084
0,75,5,1368951.0,5555555.0,-6.083395481181059
0,75,6,3100072.0,5555555.0,-2.5335567091052686
0,75,7,4609621.0,5555555.0,-0.8106223201577529
0,75,8,1680538.0,5555555.0,-5.192791143679494
0,75,9,1881471.0,5555555.0,-4.702299227454755
0,75,10,1785092.0,5555555.0,-4.930668477906196
0,75,11,1638734.0,5555555.0,-5.302189870410374
0,75,12,1414154.0,5555555.0,-5.9423074518286665
0,75,13,1350178.0,5555555.0,-6.143364242153031
0,75,14,1324473.0,5555555.0,-6.226843420393769
0,75,15,1338773.0,5555555.0,-6.1802050642301385
0,75,16,1541514.0,5555555.0,-5.567799781328146
0,75,17,1368728.0,5555555.0,-6.084102997801368
0,76,0,1537912.0,6250000.0,-6.089485316886822
0,76,1,1388939.0,6250000.0,-6.531968447131048
0,76,2,1275581.0,6250000.0,-6.901719756165296
0,76,3,1382017.0,6250000.0,-6.553666320766745
0,76,4,1201155.0,6250000.0,-7.162809638951909
0,76,5,1188483.0,6250000.0,-7.208870433614876
0,76,6,1319776.0,6250000.0,-6.753797908496705
0,76,7,1335059.0,6250000.0,-6.70379558528695
0,76,8,1320290.0,6250000.0,-6.7521068343605375
0,76,9,1375165.0,6250000.0,-6.575252069666355
0,76,10,1366629.0,6250000.0,-6.602293850885751
0,76,11,1580373.0,6250000.0,-5.971204160076464
0,76,12,1351531.0,6250000.0,-6.650540058039397
0,76,13,1250834.0,6250000.0,-6.9868033967908065
0,76,14,1443923.0,6250000.0,-6.363359830901883
0,76,15,1251493.0,6250000.0,-6.984515925407643
0,77,0,1198010.0,6666666.0,-7.4544825431408555
0,77,1,1229672.0,6666666.0,-7.341194133816387
0,77,2,1310315.0,6666666.0,-7.0653298482339775
0,77,3,1317907.0,6666666.0,-7.040239327893895
0,77,4,1346258.0,6666666.0,-6.947804004507749
0,77,5,1300424.0,6666666.0,-7.098237214867009
0,77,6,1200085.0,6666666.0,-7.446966900308968
0,77,7,1315947.0,6666666.0,-7.046702991723829
0,77,8,1297825.0,6666666.0,-7.106925617979476
0,77,9,1327652.0,6666666.0,-7.008244434809278
0,77,10,1490860.0,6666666.0,-6.504718348010843
0,77,11,1272290.0,6666666.0,-7.193225838086446
0,77,12,1325378.0,6666666.0,-7.015689400706386
0,77,13,1465529.0,6666666.0,-6.579142808029433
0,77,14,1252149.0,6666666.0,-7.262526865098176
0,78,0,1343789.0,5882352.0,-6.412199274179863
0,78,1,1437329.0,5882352.0,-6.119948210069323
0,78,2,1346122.0,5882352.0,-6.404665870432769
0,78,3,1272558.0,5882352.0,-6.648734236221418
0,78,4,1446540.0,5882352.0,-6.092205617907053
0,78,5,1280478.0,5882352.0,-6.6217888791600386
0,78,6,1209527.0,5882352.0,-6.869354416701629
0,78,7,1350379.0,5882352.0,-6.390953335963844
0,78,8,1324209.0,5882352.0,-6.4759447389239
0,78,9,1331170.0,5882352.0,-6.453174875837394
0,78,10,1380594.0,5882352.0,-6.294850275026798
0,78,11,1276453.0,5882352.0,-6.635461807631826
0,78,12,1192797.0,5882352.0,-6.929844709809832
0,78,13,1360591.0,5882352.0,-6.358234152597715
0,78,14,1312481.0,5882352.0,-6.514579840317576
0,78,15,1326694.0,5882352.0,-6.467802440969946
0,78,16,1396317.0,5882352.0,-6.245669835966692
0,79,0,1359524.0,5263157.0,-5.878594465222968
0,79,1,1250188.0,5263157.0,-6.242709992303811
0,79,2,1392559.0,5263157.0,-5.774327207741237
0,79,3,1309088.0,5263157.0,-6.042774833799992
0,79,4,1275487.0,5263157.0,-6.155702886586216
0,79,5,1292005.0,5263157.0,-6.099821308550903
0,79,6,1293498.0,5263157.0,-6.094805636679309
0,79,7,1228047.0,5263157.0,-6.320313367099653
0,79,8,1294253.0,5263157.0,-6.092271448937591
0,79,9,1328902.0,5263157.0,-5.977533701799505
0,79,10,1256459.0,5263157.0,-6.22098003688646
0,79,11,1281636.0,5263157.0,-6.13481627365076
0,79,12,1337327.0,5263157.0,-5.950087123218582
0,79,13,1225638.0,5263157.0,-6.328841077405233
0,79,14,1376151.0,5263157.0,-5.825802351629639
0,79,15,1292928.0,5263157.0,-6.096719844614834
0,79,16,1269136.0,5263157.0,-6.17738161842029
0,79,17,1299307.0,5263157.0,-6.075345470052768
0,79,18,1215269.0,5263157.0,-6.365739054843873
0,80,0,1260780.0,4545454.0,-5.569379561607311
0,80,1,1310498.0,4545454.0,-5.401409045723758
0,80,2,1199140.0,4545454.0,-5.787073769760759
0,80,3,1295798.0,4545454.0,-5.450399617646391
0,80,4,1259241.0,4545454.0,-5.574684114948283
0,80,5,1273890.0,4545454.0,-5.5244533863573935
0,80,6,1306097.0,4545454.0,-5.416018351460642
0,80,7,1357848.0,4545454.0,-5.247261101193736
0,80,8,1297941.0,4545454.0,-5.443223157050356
0,80,9,1218536.0,4545454.0,-5.717389027083945
0,80,10,1406910.0,4545454.0,-5.093109505470576
0,80,11,1286009.0,4545454.0,-5.483332590989308
0,80,12,1210211.0,4545454.0,-5.74716171004806
0,80,13,1351420.0,4545454.0,-5.267869251941082
0,80,14,1316129.0,4545454.0,-5.382788084513183
0,80,15,1269980.0,4545454.0,-5.537803854435287
0,80,16,1368314.0,4545454.0,-5.213914965648778
0,80,17,1317408.0,4545454.0,-5.378569706825491
0,80,18,1265602.0,4545454.0,-5.552801146033225
0,80,19,1358713.0,4545454.0,-5.244495363634062
0,80,20,1346479.0,4545454.0,-5.283776826199662
0,80,21,1269358.0,4545454.0,-5.5399314260554995
0,81,0,1384162.0,4000000.0,-4.608730691344267
0,81,1,1243674.0,4000000.0,-5.073534361784836
0,81,2,1220949.0,4000000.0,-5.153624678262917
0,81,3,1342854.0,4000000.0,-4.740311941776038
0,81,4,1333888.0,4000000.0,-4.769406257834051
0,81,5,1277503.0,4000000.0,-4.956980626527847
0,81,6,1383038.0,4000000.0,-4.612258784900968
0,81,7,1298752.0,4000000.0,-4.88533761974821
0,81,8,1606907.0,4000000.0,-3.9606924870000397
0,81,9,2047212.0,4000000.0,-2.9089717276765477
0,81,10,1278670.0,4000000.0,-4.953015153959336
0,81,11,1334649.0,4000000.0,-4.766929259316229
0,81,12,1304488.0,4000000.0,-4.866199029532431
0,81,13,1248692.0,4000000.0,-5.0560466199777965
0,81,14,1262249.0,4000000.0,-5.009149560243355
0,81,15,1346899.0,4000000.0,-4.727249608516269
0,81,16,1221180.0,4000000.0,-5.15280308345266
0,81,17,1233465.0,4000000.0,-5.109331605849166
0,81,18,1244997.0,4000000.0,-5.068916863901956
0,81,19,1344540.0,4000000.0,-4.734862643366087
0,81,20,1292076.0,4000000.0,-4.907719316860126
0,81,21,1354090.0,4000000.0,-4.704124605058721
0,81,22,1277999.0,4000000.0,-4.955294773292522
0,81,23,1238711.0,4000000.0,-5.090899970951144
0,81,24,1210109.0,4000000.0,-5.192355003780537
0,82,0,1246553.0,4000000.0,-5.063492430904875
0,82,1,1392651.0,4000000.0,-4.582176959838666
0,82,2,1343198.0,4000000.0,-4.739199548549165
0,82,3,1264380.0,4000000.0,-5.00182373788967
0,82,4,1319614.0,4000000.0,-4.816130769292741
0,82,5,1278771.0,4000000.0,-4.952672125575142
0,82,6,1226083.0,4000000.0,-5.135401204751878
0,82,7,1405616.0,4000000.0,-4.5419329927771726
0,82,8,1313593.0,4000000.0,-4.835991658563981
0,82,9,1265061.0,4000000.0,-4.999485240574872
0,82,10,1424229.0,4000000.0,-4.484801667459236
0,82,11,1257500.0,4000000.0,-5.025519975999973
0,82,12,1326633.0,4000000.0,-4.793091951546517
0,82,13,1357997.0,4000000.0,-4.691611807979751
0,82,14,1220720.0,4000000.0,-5.154439313142972
0,82,15,1245371.0,4000000.0,-5.067612429075834
0,82,16,1261845.0,4000000.0,-5.010539801432369
0,82,17,1220476.0,4000000.0,-5.1553074765672715
0,82,18,1240237.0,4000000.0,-5.0855530781313085
0,82,19,1385143.0,4000000.0,-4.60565379728913
0,82,20,1354558.0,4000000.0,-4.702623857678084
0,82,21,1270931.0,4000000.0,-4.979380183763822
0,82,22,1357422.0,4000000.0,-4.693451077210957
0,82,23,1188819.0,4000000.0,-5.269442538539115
0,82,24,1265682.0,4000000.0,-4.997353875369674
0,83,0,1338210.0,4166666.0,-4.932644179069458
0,83,1,1330471.0,4166666.0,-4.957832760373019
0,83,2,1274106.0,4166666.0,-5.145831279133485
0,83,3,1416373.0,4166666.0,-4.686110494943389
0,83,4,1219894.0,4166666.0,-5.334665935487265
0,83,5,1221779.0,4166666.0,-5.3279603261691815
0,83,6,1356192.0,4166666.0,-4.874675105993179
0,83,7,1359606.0,4166666.0,-4.863756163257142
0,83,8,1266999.0,4166666.0,-5.170124166918262
0,83,9,1391702.0,4166666.0,-4.7624243744246435
0,83,10,1285344.0,4166666.0,-5.10769314201511
0,83,11,1218406.0,4166666.0,-5.339966597992245
0,83,12,1352034.0,4166666.0,-4.888010757261863
0,83,13,1304486.0,4166666.0,-5.043492662737118
0,83,14,1325040.0,4166666.0,-4.97559699949527
0,83,15,1367597.0,4166666.0,-4.838305493564999
0,83,16,1345781.0,4166666.0,-4.908142962460173
0,83,17,1251385.0,4166666.0,-5.223977438943633
0,83,18,1337225.0,4166666.0,-4.935842014815814
0,83,19,1323497.0,4166666.0,-4.980657275877217
0,83,20,1267743.0,4166666.0,-5.167574675855146
0,83,21,1334261.0,4166666.0,-4.9454789687250145
0,83,22,1330919.0,4166666.0,-4.95637063772485
0,83,23,1253948.0,4166666.0,-5.215091617015549
0,84,0,1237522.0,5000000.0,-6.064170760082515
0,84,1,1294871.0,5000000.0,-5.867434998405512
0,84,2,1302575.0,5000000.0,-5.841672657246082
0,84,3,1306606.0,5000000.0,-5.828253561756979
0,84,4,1343537.0,5000000.0,-5.707203732582601
0,84,5,1249689.0,5000000.0,-6.021680572390168
0,84,6,1342323.0,5000000.0,-5.711129726766478
0,84,7,1342423.0,5000000.0,-5.710806199339969
0,84,8,1306784.0,5000000.0,-5.827661959141997
0,84,9,1288745.0,5000000.0,-5.888030109923581
0,84,10,1314643.0,5000000.0,-5.801621710384762
0,84,11,1368390.0,5000000.0,-5.62760112573862
0,84,12,1350574.0,5000000.0,-5.684516195065843
0,84,13,1309332.0,5000000.0,-5.819202221960675
0,84,14,1376143.0,5000000.0,-5.603064389800809
0,84,15,1203969.0,5000000.0,-6.183546995589497
0,84,16,1212906.0,5000000.0,-6.151428599106429
0,84,17,3396069.0,5000000.0,-1.6799349884925474
0,84,18,1357267.0,5000000.0,-5.663047143619905
0,84,19,1441316.0,5000000.0,-5.402107965886667
0,85,0,1345106.0,5882352.0,-6.407944992191135
0,85,1,1257827.0,5882352.0,-6.6993009625427185
0,85,2,1252952.0,5882352.0,-6.716165754384814
0,85,3,1299471.0,5882352.0,-6.557844172410187
0,85,4,1248001.0,5882352.0,-6.733360757959643
0,85,5,1278842.0,5882352.0,-6.627341181093121
0,85,6,1265755.0,5882352.0,-6.67201357517265
0,85,7,1280316.0,5882352.0,-6.62233836268868
0,85,8,1305640.0,5882352.0,-6.537275623378921
0,85,9,1345967.0,5882352.0,-6.405165970130582
0,85,10,1304868.0,5882352.0,-6.539844283193816
0,85,11,1257953.0,5882352.0,-6.6988659395695995
0,85,12,1271455.0,5882352.0,-6.652500151282032
0,85,13,1342681.0,5882352.0,-6.415781657852365
0,85,14,1313583.0,5882352.0,-6.5109348983272035
0,85,15,1303909.0,5882352.0,-6.543037261565718
0,85,16,1294206.0,5882352.0,-6.575476002340652
0,86,0,1314083.0,6666666.0,-7.052859005532124
0,86,1,1432445.0,6666666.0,-6.678307416782783
0,86,2,1333559.0,6666666.0,-6.988964627851094
0,86,3,1358337.0,6666666.0,-6.909011668314548
0,86,4,1277657.0,6666666.0,-7.174944188104995
0,86,5,1266050.0,6666666.0,-7.214578399415094
0,86,6,1197152.0,6666666.0,-7.457594021040153
0,86,7,1233983.0,6666666.0,-7.325995208460476
0,86,8,1307039.0,6666666.0,-7.076201510727344
0,86,9,1351916.0,6666666.0,-6.929589895407632
0,86,10,1312287.0,6666666.0,-7.058798709466303
0,86,11,1254228.0,6666666.0,-7.255322055646487
0,86,12,1291221.0,6666666.0,-7.129081168546893
0,86,13,1287494.0,6666666.0,-7.141634837029703
0,86,14,1312998.0,6666666.0,-7.056446329559492
0,87,0,1355573.0,6666666.0,-6.917857874437945
0,87,1,1242635.0,6666666.0,-7.295651157471887
0,87,2,1295410.0,6666666.0,-7.115014522201404
0,87,3,1296211.0,6666666.0,-7.112329948406999
0,87,4,1312173.0,6666666.0,-7.059176002859749
0,87,5,1308365.0,6666666.0,-7.071797796942815
0,87,6,1247383.0,6666666.0,-7.279088765559701
0,87,7,1271666.0,6666666.0,-7.19535637621008
0,87,8,1325817.0,6666666.0,-7.0142511415115845
0,87,9,1348725.0,6666666.0,-6.939852898425654
0,87,10,1293803.0,6666666.0,-7.120405436908168
0,87,11,1299259.0,6666666.0,-7.10212963640676
0,87,12,1230360.0,6666666.0,-7.338764940933208
0,87,13,1333027.0,6666666.0,-6.9906975152767235
0,87,14,2792044.0,6666666.0,-3.7798643943529457
0,88,0,1321901.0,5882352.0,-6.483520780119622
0,88,1,1367023.0,5882352.0,-6.337751875521115
0,88,2,1356632.0,5882352.0,-6.370889522219684
0,88,3,1314266.0,5882352.0,-6.508677362693921
0,88,4,1273016.0,5882352.0,-6.647171469828784
0,88,5,1342809.0,5882352.0,-6.41536765747459
0,88,6,1416479.0,5882352.0,-6.183408688603748
0,88,7,1305923.0,5882352.0,-6.536334383677947
0,88,8,1267281.0,5882352.0,-6.66678085475683
0,88,9,1405656.0,5882352.0,-6.216719584230282
0,88,10,1270385.0,5882352.0,-6.656156519291702
0,88,11,1344172.0,5882352.0,-6.410961646195718
0,88,12,1357279.0,5882352.0,-6.368818794512587
0,88,13,1354209.0,5882352.0,-6.378653133658955
0,88,14,1307797.0,5882352.0,-6.530106723495923
0,88,15,1417018.0,5882352.0,-6.181756421256585
0,88,16,1284837.0,5882352.0,-6.607029744561801
0,89,0,1344798.0,5000000.0,-5.703129497921783
0,89,1,1378017.0,5000000.0,-5.597154290280898
0,89,2,1360217.0,5000000.0,-5.653618059769711
0,89,3,1352837.0,5000000.0,-5.6772453165933845
0,89,4,3559360.0,5000000.0,-1.4759808879447647
0,89,5,1534779.0,5000000.0,-5.129241561126553
0,89,6,1474006.0,5000000.0,-5.304707529964407
0,89,7,1293583.0,5000000.0,-5.87175704808349
0,89,8,5876285.0,5000000.0,0.701328465884925
0,89,9,1518164.0,5000000.0,-5.176513154854614
0,89,10,1509560.0,5000000.0,-5.201196248695458
0,89,11,1302033.0,5000000.0,-5.843480127795118
0,89,12,1226345.0,5000000.0,-6.1035733960330845
0,89,13,1219451.0,5000000.0,-6.1280565016363955
0,89,14,1194716.0,5000000.0,-6.217053244003482
0,89,15,1184135.0,5000000.0,-6.2556878639774895
0,89,16,1209288.0,5000000.0,-6.164402610305261
0,89,17,1194491.0,5000000.0,-6.217871224686756
0,89,18,1375654.0,5000000.0,-5.604607890312555
0,89,19,2908823.0,5000000.0,-2.3525270882357567
0,90,0,4135523.0,4347826.0,-0.21741714769252501
0,90,1,1757326.0,4347826.0,-3.9341982074026767
0,90,2,2000969.0,4347826.0,-3.3703179491279336
0,90,3,1937473.0,4347826.0,-3.510364962640872
0,90,4,2901411.0,4347826.0,-1.7566290205776605
0,90,5,1476630.0,4347826.0,-4.690004677628913
0,90,6,1812133.0,4347826.0,-3.800820861023154
0,90,7,1720708.0,4347826.0,-4.025649774431706
0,90,8,2056140.0,4347826.0,-3.252194733986296
0,90,9,1430585.0,4347826.0,-4.827584882378898
0,90,10,1290922.0,4347826.0,-5.2737215314858155
0,90,11,1228325.0,4347826.0,-5.489588641980098
0,90,12,1241925.0,4347826.0,-5.441767857600132
0,90,13,1363390.0,4347826.0,-5.036520510240946
0,90,14,1232274.0,4347826.0,-5.475648699864411
0,90,15,1198945.0,4347826.0,-5.594728944198288
0,90,16,1217802.0,4347826.0,-5.526954723342539
0,90,17,1200776.0,4347826.0,-5.588101562509506
0,90,18,1188004.0,4347826.0,-5.634542523828215
0,90,19,1252560.0,4347826.0,-5.4047361672945105
0,90,20,1204177.0,4347826.0,-5.575818274498666
0,90,21,1212840.0,4347826.0,-5.544686435481099
0,90,22,1254809.0,4347826.0,-5.396945303231531
0,91,0,1227477.0,4000000.0,-5.130466281025417
0,91,1,1192148.0,4000000.0,-5.25729816801774
0,91,2,1427968.0,4000000.0,-4.473415160860818
0,91,3,1260681.0,4000000.0,-5.014547837922897
0,91,4,1237141.0,4000000.0,-5.0964079126857955
0,91,5,1231196.0,4000000.0,-5.117327954700612
0,91,6,1213311.0,4000000.0,-5.180878563540869
0,91,7,1187274.0,4000000.0,-5.275090339943384
0,91,8,1352947.0,4000000.0,-4.707792073381576
0,91,9,2508817.0,4000000.0,-2.0259100748992127
0,91,10,1339775.0,4000000.0,-4.750281216669884
0,91,11,1219071.0,4000000.0,-5.160309911974651
0,91,12,1197265.0,4000000.0,-5.238697044970754
0,91,13,1177766.0,4000000.0,-5.310009784690509
0,91,14,1267555.0,4000000.0,-4.990931786059981
0,91,15,1172870.0,4000000.0,-5.328101134080239
0,91,16,1209417.0,4000000.0,-5.194839224158177
0,91,17,1208504.0,4000000.0,-5.198118991204516
0,91,18,1183179.0,4000000.0,-5.290095384738928
0,91,19,1196404.0,4000000.0,-5.241821349668232
0,91,20,1211239.0,4000000.0,-5.188301453442642
0,91,21,1187167.0,4000000.0,-5.275481754256017
0,91,22,1195772.0,4000000.0,-5.244116114927552
0,91,23,1242878.0,4000000.0,-5.076314906244825
0,91,24,1192427.0,4000000.0,-5.256281901714487
0,92,0,1196943.0,4000000.0,-5.2398652210357906
0,92,1,1187168.0,4000000.0,-5.2754780960150205
0,92,2,1288550.0,4000000.0,-4.91958716052379
0,92,3,1184755.0,4000000.0,-5.28431441107545
0,92,4,1186906.0,4000000.0,-5.276436660530875
0,92,5,1316658.0,4000000.0,-4.825870090777954
0,92,6,1192116.0,4000000.0,-5.257414744230959
0,92,7,1192051.0,4000000.0,-5.257651549298144
0,92,8,1197799.0,4000000.0,-5.236760451567162
0,92,9,1198517.0,4000000.0,-5.234157927965617
0,92,10,1184446.0,4000000.0,-5.285447257091208
0,92,11,1286710.0,4000000.0,-4.925793151240702
0,92,12,1187585.0,4000000.0,-5.273952878017064
0,92,13,1190034.0,4000000.0,-5.265006216989226
0,92,14,1164053.0,4000000.0,-5.3608723688734825
0,92,15,1198455.0,4000000.0,-5.234382596905296
0,92,16,1183339.0,4000000.0,-5.289508132774562
0,92,17,1173000.0,4000000.0,-5.327619792124332
0,92,18,1287794.0,4000000.0,-4.9221359400170765
0,92,19,1185557.0,4000000.0,-5.281375522120934
0,92,20,1179647.0,4000000.0,-5.3030792375710725
0,92,21,1198802.0,4000000.0,-5.233125325062745
0,92,22,1276053.0,4000000.0,-4.961912784400572
0,92,23,1227737.0,4000000.0,-5.129546470648668
0,92,24,1284987.0,4000000.0,-4.931612573235467
0,93,0,1191951.0,4347826.0,-5.620137529686561
0,93,1,1260015.0,4347826.0,-5.378964400373254
0,93,2,1275025.0,4347826.0,-5.32753455031952
0,93,3,1208866.0,4347826.0,-5.558939923066073
0,93,4,1195079.0,4347826.0,-5.608755402801028
0,93,5,1262171.0,4347826.0,-5.371539578167068
0,93,6,1208051.0,4347826.0,-5.561868861181589
0,93,7,1198396.0,4347826.0,-5.596718045245931
0,93,8,1173701.0,4347826.0,-5.687146806922694
0,93,9,1211368.0,4347826.0,-5.549960583210417
0,93,10,1189979.0,4347826.0,-5.627328579918801
0,93,11,1173728.0,4347826.0,-5.687046902295019
0,93,12,1269133.0,4347826.0,-5.3476501851353895
0,93,13,1191649.0,4347826.0,-5.621238024184266
0,93,14,1273855.0,4347826.0,-5.331521592310628
0,93,15,1251364.0,4347826.0,-5.4088849852287435
0,93,16,1269039.0,4347826.0,-5.347971862951689
0,93,17,1290817.0,4347826.0,-5.274074788888093
0,93,18,1352627.0,4347826.0,-5.070941031003039
0,93,19,1362777.0,4347826.0,-5.038473600582759
0,93,20,1347443.0,4347826.0,-5.087617527246085
0,93,21,1343318.0,4347826.0,-5.100933211108481
0,93,22,1348981.0,4347826.0,-5.0826632249137855
0,94,0,1312210.0,5000000.0,-5.809666612605156
0,94,1,1375197.0,5000000.0,-5.606050880718475
0,94,2,1271969.0,5000000.0,-5.9449347737346425
0,94,3,1343826.0,5000000.0,-5.70626964883021
0,94,4,1313239.0,5000000.0,-5.806262325987813
0,94,5,1294144.0,5000000.0,-5.869874011672271
0,94,6,1272295.0,5000000.0,-5.943821838898672
0,94,7,1643152.0,5000000.0,-4.832922645723537
0,94,8,1356805.0,5000000.0,-5.664525689897065
0,94,9,1439025.0,5000000.0,-5.409016653905637
0,94,10,1309767.0,5000000.0,-5.817759602942724
0,94,11,1212064.0,5000000.0,-6.154444520692742
0,94,12,1374445.0,5000000.0,-5.608426386028139
0,94,13,1269191.0,5000000.0,-5.954430205359103
0,94,14,1331727.0,5000000.0,-5.745547994305617
0,94,15,1366107.0,5000000.0,-5.634852876481481
0,94,16,1348786.0,5000000.0,-5.690269548803083
0,94,17,1298046.0,5000000.0,-5.856799211226836
0,94,18,1313470.0,5000000.0,-5.805498465007565
0,94,19,1363690.0,5000000.0,-5.642543485248832
0,95,0,1328127.0,5882352.0,-6.46311403408294
0,95,1,1370193.0,5882352.0,-6.327692646559088
0,95,2,1326357.0,5882352.0,-6.468905753655518
0,95,3,1297676.0,5882352.0,-6.56384736529178
0,95,4,1430262.0,5882352.0,-6.141354089199914
0,95,5,1304567.0,5882352.0,-6.540846206136006
0,95,6,1227018.0,5882352.0,-6.807000753861361
0,95,7,1337279.0,5882352.0,-6.4332898443076605
0,95,8,1300403.0,5882352.0,-6.554730464019149
0,95,9,1218132.0,5882352.0,-6.838566569909049
0,95,10,1391118.0,5882352.0,-6.2618703904526765
0,95,11,1308628.0,5882352.0,-6.527348007105452
0,95,12,1235064.0,5882352.0,-6.77861546173189
0,95,13,1311574.0,5882352.0,-6.517582102928483
0,95,14,1269418.0,5882352.0,-6.659463569360494
0,95,15,1347166.0,5882352.0,-6.401298956372214
0,95,16,1436157.0,5882352.0,-6.12349089766909
0,96,0,1354680.0,6666666.0,-6.920719784277168
0,96,1,1308586.0,6666666.0,-7.071064278579431
0,96,2,1280969.0,6666666.0,-7.163700777560091
0,96,3,1355600.0,6666666.0,-6.9177713734952775
0,96,4,1287047.0,6666666.0,-7.143142908840263
0,96,5,1309832.0,6666666.0,-7.066931012116273
0,96,6,1319797.0,6666666.0,-7.03401560672373
0,96,7,1238099.0,6666666.0,-7.311533246928948
0,96,8,1283765.0,6666666.0,-7.154231664174833
0,96,9,1226795.0,6666666.0,-7.351367002377059
0,96,10,1276363.0,6666666.0,-7.179344914079487
0,96,11,1397228.0,6666666.0,-6.78641417340235
0,96,12,1353654.0,6666666.0,-6.924010265877653
0,96,13,1542396.0,6666666.0,-6.3571280723994334
0,96,14,1395004.0,6666666.0,-6.793332446182005
0,97,0,1488711.0,6666666.0,-6.5109830015696435
0,97,1,1371024.0,6666666.0,-6.868636402626742
0,97,2,1416674.0,6666666.0,-6.726387740774258
0,97,3,1776226.0,6666666.0,-5.744104746373198
0,97,4,1375460.0,6666666.0,-6.854607324015758
0,97,5,1289657.0,6666666.0,-7.134344777697285
0,97,6,1316656.0,6666666.0,-7.044363749573654
0,97,7,1324654.0,6666666.0,-7.018062422713072
0,97,8,1378618.0,6666666.0,-6.844647529304416
0,97,9,1354578.0,6666666.0,-6.921046796596962
0,97,10,1249911.0,6666666.0,-7.270296073747906
0,97,11,1349722.0,6666666.0,-6.936643707226716
0,97,12,1321821.0,6666666.0,-7.0273605021372045
0,97,13,1342541.0,6666666.0,-6.959811399761508
0,97,14,1338220.0,6666666.0,-6.973811812938808
0,98,0,1336717.0,5882352.0,-6.435115378096218
0,98,1,1302723.0,5882352.0,-6.546989283109845
0,98,2,1363258.0,5882352.0,-6.349729542001635
0,98,3,1311206.0,5882352.0,-6.518800812621169
0,98,4,1228369.0,5882352.0,-6.802221613919181
0,98,5,1371759.0,5882352.0,-6.32273190886122
0,98,6,1358305.0,5882352.0,-6.365537097760546
0,98,7,1298163.0,5882352.0,-6.562217823435229
0,98,8,1438698.0,5882352.0,-6.11581369262126
0,98,9,1368037.0,5882352.0,-6.334531656404706
0,98,10,1353217.0,5882352.0,-6.381835640921033
0,98,11,1371074.0,5882352.0,-6.324901138459148
0,98,12,1301268.0,5882352.0,-6.5518425912582305
0,98,13,1319396.0,5882352.0,-6.4917584603452365
0,98,14,1320788.0,5882352.0,-6.487178946380865
0,98,15,1342666.0,5882352.0,-6.415830176105155
0,98,16,1344444.0,5882352.0,-6.410082918259256
0,99,0,1315578.0,5000000.0,-5.798534020356554
0,99,1,1232215.0,5000000.0,-6.0828351309273465
0,99,2,1282064.0,5000000.0,-5.9106029884660725
0,99,3,1375567.0,5000000.0,-5.604882558323146
0,99,4,1363021.0,5000000.0,-5.644674572952832
0,99,5,1311378.0,5000000.0,-5.812421107754976
0,99,6,1317968.0,5000000.0,-5.790651385333638
0,99,7,1274770.0,5000000.0,-5.935381699514589
0,99,8,1237857.0,5000000.0,-6.06299527420883
0,99,9,1345089.0,5000000.0,-5.702189832465749
0,99,10,1327994.0,5000000.0,-5.757738914823167
0,99,11,1260947.0,5000000.0,-5.9827317160216875
0,99,12,1424122.0,5000000.0,-5.454228088152058
0,99,13,1351448.0,5000000.0,-5.681706644363284
0,99,14,1295819.0,5000000.0,-5.8642566081911625
0,99,15,1354626.0,5000000.0,-5.671505973590724
0,99,16,1351007.0,5000000.0,-5.683124050893417
0,99,17,1358029.0,5000000.0,-5.660609601606822
0,99,18,1362726.0,5000000.0,-5.645614622580783
0,99,19,1286764.0,5000000.0,-5.894711022615517
