 Number of tacts (im units) = 1
 Number of massive (im units) = 100
 Trajectory File: sinus.txt
 Coef Load Impact: 10
 Command Line: ping 192.168.222.7 > /dev/null 2>&1
cycle , cPeriod , count , procDur , procTime , spb
0,0,0,1.3343588E7,5000000.0,4.263026197783245
0,0,1,1688134.0,5000000.0,-4.715630874309759
0,0,2,1581317.0,5000000.0,-4.999510644793054
0,0,3,1563211.0,5000000.0,-5.049524019080376
0,0,4,1554878.0,5000000.0,-5.072736855746866
0,0,5,1639067.0,5000000.0,-4.84373297784698
0,0,6,1851941.0,5000000.0,-4.313428577258423
0,0,7,5366348.0,5000000.0,0.3070882828972039
0,0,8,1396670.0,5000000.0,-5.538761995882792
0,0,9,1517645.0,5000000.0,-5.17799808910643
0,0,10,1414881.0,5000000.0,-5.482500897171435
0,0,11,3118134.0,5000000.0,-2.0507522952870616
0,0,12,1529712.0,5000000.0,-5.143603307629957
0,0,13,1435562.0,5000000.0,-5.419480505014633
0,0,14,1419471.0,5000000.0,-5.468434800832505
0,0,15,1232421.0,5000000.0,-6.082109144100243
0,0,16,1296753.0,5000000.0,-5.861127429416985
0,0,17,1285297.0,5000000.0,-5.899665104762387
0,0,18,1396101.0,5000000.0,-5.540531661663641
0,0,19,1400390.0,5000000.0,-5.5272100347147655
0,1,0,1433306.0,4347826.0,-4.819332364103324
0,1,1,1315992.0,4347826.0,-5.190189061146412
0,1,2,1438246.0,4347826.0,-4.804389804420838
0,1,3,1396677.0,4347826.0,-4.931761739045061
0,1,4,1459287.0,4347826.0,-4.7413144170416635
0,1,5,1409404.0,4347826.0,-4.892366555714377
0,1,6,1386917.0,4347826.0,-4.962216837838493
0,1,7,1388717.0,4347826.0,-4.956584033390846
0,1,8,1275262.0,4347826.0,-5.326727364363527
0,1,9,1375269.0,4347826.0,-4.99884501646969
0,1,10,1665179.0,4347826.0,-4.168112300464835
0,1,11,1535464.0,4347826.0,-4.520325167281943
0,1,12,1607736.0,4347826.0,-4.320574188169999
0,1,13,3046254.0,4347826.0,-1.5450604283642864
0,1,14,1385741.0,4347826.0,-4.96590088643983
0,1,15,1262397.0,4347826.0,-5.370762015010343
0,1,16,1465732.0,4347826.0,-4.722175857834822
0,1,17,1875532.0,4347826.0,-3.651476768898278
0,1,18,2329694.0,4347826.0,-2.7097327411545535
0,1,19,1490760.0,4347826.0,-4.648644240268521
0,1,20,1312598.0,4347826.0,-5.201404171077671
0,1,21,1432152.0,4347826.0,-4.822830414741034
0,1,22,1526951.0,4347826.0,-4.544470545669168
0,2,0,1388517.0,4000000.0,-4.59508790020947
0,2,1,1323959.0,4000000.0,-4.801854551287087
0,2,2,1318761.0,4000000.0,-4.81893896150174
0,2,3,1295568.0,4000000.0,-4.895997787535231
0,2,4,1287295.0,4000000.0,-4.923819089214501
0,2,5,1398123.0,4000000.0,-4.5651461114042515
0,2,6,1295206.0,4000000.0,-4.897211437228119
0,2,7,1457492.0,4000000.0,-4.38453811681055
0,2,8,1456925.0,4000000.0,-4.386227957175508
0,2,9,1284879.0,4000000.0,-4.931977602416547
0,2,10,1498412.0,4000000.0,-4.264287489089164
0,2,11,1303074.0,4000000.0,-4.870909118555079
0,2,12,1295840.0,4000000.0,-4.895086097060312
0,2,13,1306157.0,4000000.0,-4.860646090783223
0,2,14,2298413.0,4000000.0,-2.4063192193426532
0,2,15,1935053.0,4000000.0,-3.1536712673152403
0,2,16,1396190.0,4000000.0,-4.571154682150818
0,2,17,1382503.0,4000000.0,-4.613939089410767
0,2,18,1321471.0,4000000.0,-4.810023544528698
0,2,19,1285011.0,4000000.0,-4.931531459806073
0,2,20,1395449.0,4000000.0,-4.573460225372189
0,2,21,1286240.0,4000000.0,-4.92737980009719
0,2,22,1283635.0,4000000.0,-4.93618441131641
0,2,23,1293188.0,4000000.0,-4.903983253590306
0,2,24,1286830.0,4000000.0,-4.925388142281323
0,3,0,1267105.0,4000000.0,-4.992473866803827
0,3,1,2815475.0,4000000.0,-1.5250831595008287
0,3,2,1344255.0,4000000.0,-4.735783308034133
0,3,3,1342490.0,4000000.0,-4.741489319366254
0,3,4,1310092.0,4000000.0,-4.8475819667265805
0,3,5,1367219.0,4000000.0,-4.662219062599423
0,3,6,1267501.0,4000000.0,-4.991116806840795
0,3,7,1284766.0,4000000.0,-4.932359563944203
0,3,8,1475370.0,4000000.0,-4.331590430087191
0,3,9,1348365.0,4000000.0,-4.722525204723126
0,3,10,1482714.0,4000000.0,-4.310026030779261
0,3,11,1349272.0,4000000.0,-4.7196048332281535
0,3,12,1435885.0,4000000.0,-4.449403326649726
0,3,13,1361329.0,4000000.0,-4.680968950610701
0,3,14,1428109.0,4000000.0,-4.472986352239775
0,3,15,1324063.0,4000000.0,-4.801513416461613
0,3,16,1515443.0,4000000.0,-4.215203853330053
0,3,17,1514711.0,4000000.0,-4.217302120064597
0,3,18,1452274.0,4000000.0,-4.4001142905355355
0,3,19,1322226.0,4000000.0,-4.807542985351523
0,3,20,1295133.0,4000000.0,-4.8974562198391
0,3,21,1257096.0,4000000.0,-5.026915468335113
0,3,22,1333627.0,4000000.0,-4.77025611892303
0,3,23,1250743.0,4000000.0,-5.048919103700614
0,3,24,1236225.0,4000000.0,-5.0996246930863585
0,4,0,1343683.0,4347826.0,-5.099753327015622
0,4,1,1238982.0,4347826.0,-5.452071583292183
0,4,2,1317144.0,4347826.0,-5.186388974291245
0,4,3,1272360.0,4347826.0,-5.336621478416515
0,4,4,1443421.0,4347826.0,-4.788791358383129
0,4,5,1347421.0,4347826.0,-5.0876884360459504
0,4,6,1287138.0,4347826.0,-5.286470431819049
0,4,7,1272363.0,4347826.0,-5.336611238532287
0,4,8,1527534.0,4347826.0,-4.542812697056232
0,4,9,1293432.0,4347826.0,-5.265285539417163
0,4,10,1273221.0,4347826.0,-5.3336836220829085
0,4,11,1303328.0,4347826.0,-5.232184297880695
0,4,12,1249121.0,4347826.0,-5.416676455956916
0,4,13,1273465.0,4347826.0,-5.332851420123902
0,4,14,1309031.0,4347826.0,-5.213222238187003
0,4,15,1271529.0,4347826.0,-5.339458856362635
0,4,16,1264959.0,4347826.0,-5.361957059604286
0,4,17,1285254.0,4347826.0,-5.292831911330737
0,4,18,1291811.0,4347826.0,-5.270731769790279
0,4,19,1407853.0,4347826.0,-4.897148446819694
0,4,20,1312140.0,4347826.0,-5.20291980330253
0,4,21,1279798.0,4347826.0,-5.311307281551488
0,4,22,1480529.0,4347826.0,-4.678552367041775
0,5,0,1299846.0,5000000.0,-5.850781022691511
0,5,1,1338385.0,5000000.0,-5.723889437260723
0,5,2,1347141.0,5000000.0,-5.695569503226139
0,5,3,1432418.0,5000000.0,-5.4290023454602965
0,5,4,1440768.0,5000000.0,-5.403759502614611
0,5,5,3033548.0,5000000.0,-2.170191331356598
0,5,6,1723592.0,5000000.0,-4.625355346796784
0,5,7,1510654.0,5000000.0,-5.198049993602397
0,5,8,1356588.0,5000000.0,-5.665220332381762
0,5,9,1476714.0,5000000.0,-5.296736121039291
0,5,10,1464327.0,5000000.0,-5.333319341452437
0,5,11,3133174.0,5000000.0,-2.0298549035392774
0,5,12,1579531.0,5000000.0,-5.004418505134494
0,5,13,1514766.0,5000000.0,-5.186244558262983
0,5,14,1303440.0,5000000.0,-5.838789598317852
0,5,15,1280961.0,5000000.0,-5.914340968728547
0,5,16,1270633.0,5000000.0,-5.949498739948944
0,5,17,1455242.0,5000000.0,-5.36034783848886
0,5,18,1304542.0,5000000.0,-5.835119384738609
0,5,19,1260243.0,5000000.0,-5.98515710501027
0,6,0,1234761.0,5882352.0,-6.77968105325094
0,6,1,1360663.0,5882352.0,-6.358004337940911
0,6,2,1248103.0,5882352.0,-6.733005820527719
0,6,3,1229409.0,5882352.0,-6.798546210460148
0,6,4,1345723.0,5882352.0,-6.405953340547493
0,6,5,1247640.0,5882352.0,-6.734617191149037
0,6,6,1229883.0,5882352.0,-6.796872105986411
0,6,7,1260139.0,5882352.0,-6.691325563952421
0,6,8,1249523.0,5882352.0,-6.7280675452955645
0,6,9,1234133.0,5882352.0,-6.781890438834262
0,6,10,1241339.0,5882352.0,-6.756606090021733
0,6,11,1237050.0,5882352.0,-6.771637555157913
0,6,12,1235995.0,5882352.0,-6.775342952400601
0,6,13,1267324.0,5882352.0,-6.666633497178639
0,6,14,1246349.0,5882352.0,-6.739113395632824
0,6,15,1228553.0,5882352.0,-6.801571123713797
0,6,16,1252136.0,5882352.0,-6.718995070638511
0,7,0,1239104.0,6666666.0,-7.308009385717259
0,7,1,1243199.0,6666666.0,-7.293680453941431
0,7,2,1265972.0,6666666.0,-7.214845971889576
0,7,3,1267204.0,6666666.0,-7.2106216239256735
0,7,4,1261919.0,6666666.0,-7.228772181867903
0,7,5,1443530.0,6666666.0,-6.644828835280764
0,7,6,1243393.0,6666666.0,-7.29300279448093
0,7,7,1440885.0,6666666.0,-6.652793772549577
0,7,8,1302973.0,6666666.0,-7.089732810904666
0,7,9,1240119.0,6666666.0,-7.304453360916263
0,7,10,1245370.0,6666666.0,-7.286102978216208
0,7,11,1445062.0,6666666.0,-6.640222167335558
0,7,12,1446335.0,6666666.0,-6.636398016510303
0,7,13,1258657.0,6666666.0,-7.240013020397333
0,7,14,1258849.0,6666666.0,-7.2393505827253914
0,8,0,1431956.0,6666666.0,-6.679790239919025
0,8,1,1297872.0,6666666.0,-7.106768343531406
0,8,2,1307290.0,6666666.0,-7.075367584199408
0,8,3,1477629.0,6666666.0,-6.543432915198897
0,8,4,1298551.0,6666666.0,-7.1044968649631235
0,8,5,1267247.0,6666666.0,-7.210474257393642
0,8,6,1236995.0,6666666.0,-7.315407533237414
0,8,7,1453377.0,6666666.0,-6.615304144057491
0,8,8,1243491.0,6666666.0,-7.292660511855376
0,8,9,1225490.0,6666666.0,-7.355989257558521
0,8,10,1261543.0,6666666.0,-7.230066393759377
0,8,11,1230779.0,6666666.0,-7.337286199670113
0,8,12,1242934.0,6666666.0,-7.294606293694494
0,8,13,1253543.0,6666666.0,-7.257694614604242
0,8,14,1246005.0,6666666.0,-7.283889124404714
0,9,0,1422730.0,5882352.0,-6.164285198977753
0,9,1,1398502.0,5882352.0,-6.238879173413636
0,9,2,1264064.0,5882352.0,-6.677819461508966
0,9,3,1522765.0,5882352.0,-5.869181229213196
0,9,4,1388192.0,5882352.0,-6.2710147185306795
0,9,5,1249996.0,5882352.0,-6.726423858711127
0,9,6,1485120.0,5882352.0,-5.977894623956676
0,9,7,1344335.0,5882352.0,-6.410435034208939
0,9,8,1539664.0,5882352.0,-5.8212505379625865
0,9,9,4800819.0,5882352.0,-0.8823567658410629
0,9,10,1543353.0,5882352.0,-5.810857386654327
0,9,11,1280736.0,5882352.0,-6.62091391926438
0,9,12,1307090.0,5882352.0,-6.532455170722802
0,9,13,1236933.0,5882352.0,-6.772048329641169
0,9,14,1226592.0,5882352.0,-6.808508813016237
0,9,15,1252939.0,5882352.0,-6.7162108148304975
0,9,16,1243261.0,5882352.0,-6.7498869870617675
0,10,0,1243929.0,5000000.0,-6.04174411592299
0,10,1,1418205.0,5000000.0,-5.47230992153387
0,10,2,1258488.0,5000000.0,-5.991209255391458
0,10,3,1472355.0,5000000.0,-5.309574688229597
0,10,4,1467998.0,5000000.0,-5.322445404382256
0,10,5,1273279.0,5000000.0,-5.940464279531096
0,10,6,1235160.0,5000000.0,-6.0724678551255815
0,10,7,1244954.0,5000000.0,-6.038166994225285
0,10,8,1251239.0,5000000.0,-6.016297318388934
0,10,9,1237924.0,5000000.0,-6.062760215208906
0,10,10,1255291.0,5000000.0,-6.002255892404679
0,10,11,1242183.0,5000000.0,-6.047844229595029
0,10,12,1294815.0,5000000.0,-5.8676228241959
0,10,13,1285863.0,5000000.0,-5.89775304420818
0,10,14,1230482.0,5000000.0,-6.088947392901689
0,10,15,1240149.0,5000000.0,-6.054961369235388
0,10,16,1256261.0,5000000.0,-5.998901268105507
0,10,17,1223403.0,5000000.0,-6.114004632062375
0,10,18,1228262.0,5000000.0,-6.096789884936824
0,10,19,1419831.0,5000000.0,-5.467333501891266
0,11,0,1429430.0,4347826.0,-4.831092627295393
0,11,1,1430412.0,4347826.0,-4.828110104498745
0,11,2,1261244.0,4347826.0,-5.374730420758038
0,11,3,1723012.0,4347826.0,-4.01983853173135
0,11,4,1366225.0,4347826.0,-5.027499272455352
0,11,5,1309928.0,4347826.0,-5.210247299171156
0,11,6,2129189.0,4347826.0,-3.100579414796444
0,11,7,1487653.0,4347826.0,-4.657705129035347
0,11,8,1440629.0,4347826.0,-4.797200023782609
0,11,9,1321828.0,4347826.0,-5.170972080974834
0,11,10,1253863.0,4347826.0,-5.400220682391135
0,11,11,1256353.0,4347826.0,-5.391604741654393
0,11,12,1377367.0,4347826.0,-4.9922248167813414
0,11,13,1239749.0,4347826.0,-5.449383886416232
0,11,14,1230038.0,4347826.0,-5.4835362683647695
0,11,15,1242640.0,4347826.0,-5.439268260583087
0,11,16,1228431.0,4347826.0,-5.489213877737248
0,11,17,1238560.0,4347826.0,-5.453551051839119
0,11,18,1302679.0,4347826.0,-5.234347431936607
0,11,19,1231331.0,4347826.0,-5.478973418854965
0,11,20,1285565.0,4347826.0,-5.291781152140526
0,11,21,5693001.0,4347826.0,1.1706910480072201
0,11,22,1388891.0,4347826.0,-4.956039916006751
0,12,0,1310808.0,4000000.0,-4.845209080643339
0,12,1,1363561.0,4000000.0,-4.673854201021526
0,12,2,1511826.0,4000000.0,-4.225581813719677
0,12,3,1505478.0,4000000.0,-4.243855779078875
0,12,4,1399980.0,4000000.0,-4.559381599009249
0,12,5,1574425.0,4000000.0,-4.0493801410512305
0,12,6,1429672.0,4000000.0,-4.468235796876028
0,12,7,1869629.0,4000000.0,-3.3030455550696205
0,12,8,1650718.0,4000000.0,-3.8438710431862506
0,12,9,1355463.0,4000000.0,-4.699723241625788
0,12,10,1401448.0,4000000.0,-4.5548300320384785
0,12,11,1486936.0,4000000.0,-4.297677151025781
0,12,12,1569420.0,4000000.0,-4.063208085611273
0,12,13,1505284.0,4000000.0,-4.244415458851676
0,12,14,1532826.0,4000000.0,-4.165671329698217
0,12,15,1300179.0,4000000.0,-4.880568441282483
0,12,16,1880873.0,4000000.0,-3.277005191487992
0,12,17,2532033.0,4000000.0,-1.9859062978339144
0,12,18,1820609.0,4000000.0,-3.4184330603579087
0,12,19,1566244.0,4000000.0,-4.072005710268781
0,12,20,1931974.0,4000000.0,-3.1605871383053197
0,12,21,1665525.0,4000000.0,-3.8050883536917803
0,12,22,1414035.0,4000000.0,-4.51599832136709
0,12,23,1254765.0,4000000.0,-5.034975951999764
0,12,24,1359702.0,4000000.0,-4.686162549700647
0,13,0,1273998.0,4000000.0,-4.968912451101422
0,13,1,1242767.0,4000000.0,-5.076702786956055
0,13,2,1787852.0,4000000.0,-3.4972842666875907
0,13,3,1319591.0,4000000.0,-4.816206464610718
0,13,4,1258785.0,4000000.0,-5.021084322186847
0,13,5,1230648.0,4000000.0,-5.11926141092297
0,13,6,1231888.0,4000000.0,-5.114887666108064
0,13,7,1406012.0,4000000.0,-4.540709640214381
0,13,8,1248090.0,4000000.0,-5.058140877972064
0,13,9,1234420.0,4000000.0,-5.10597041802299
0,13,10,1243518.0,4000000.0,-5.074079152370087
0,13,11,1229730.0,4000000.0,-5.1225022328851875
0,13,12,1222881.0,4000000.0,-5.146757939464902
0,13,13,1242243.0,4000000.0,-5.078534331391613
0,13,14,1226493.0,4000000.0,-5.133949174403059
0,13,15,1237704.0,4000000.0,-5.094431968353691
0,13,16,1203354.0,4000000.0,-5.216665854088206
0,13,17,1228092.0,4000000.0,-5.1282908902141235
0,13,18,1232032.0,4000000.0,-5.114380032698983
0,13,19,1228718.0,4000000.0,-5.1260777084739395
0,13,20,1250581.0,4000000.0,-5.049481651424673
0,13,21,1229508.0,4000000.0,-5.123286324341521
0,13,22,1246249.0,4000000.0,-5.064551684894187
0,13,23,1251913.0,4000000.0,-5.044858421123023
0,13,24,1226686.0,4000000.0,-5.133265825693649
0,14,0,1219079.0,4347826.0,-5.522403051724961
0,14,1,1233024.0,4347826.0,-5.473006253624842
0,14,2,1278436.0,4347826.0,-5.31593163679217
0,14,3,1251283.0,4347826.0,-5.409166110397786
0,14,4,1311647.0,4347826.0,-5.204551850279651
0,14,5,1284230.0,4347826.0,-5.296293443475031
0,14,6,1385205.0,4347826.0,-4.967581047981799
0,14,7,1382926.0,4347826.0,-4.974732135469232
0,14,8,1376745.0,4347826.0,-4.994186473913198
0,14,9,1304397.0,4347826.0,-5.2286236400110155
0,14,10,1322109.0,4347826.0,-5.170048936816146
0,14,11,1227807.0,4347826.0,-5.49142050236025
0,14,12,1299312.0,4347826.0,-5.245587058336079
0,14,13,1286398.0,4347826.0,-5.288967991017488
0,14,14,1347533.0,4347826.0,-5.087327457847427
0,14,15,1407589.0,4347826.0,-4.8979629103643765
0,14,16,7487053.0,4347826.0,2.360387521638404
0,14,17,1413399.0,4347826.0,-4.8800737558726
0,14,18,1233178.0,4347826.0,-5.472463870232888
0,14,19,1215380.0,4347826.0,-5.535600698716144
0,14,20,1232110.0,4347826.0,-5.476226729060651
0,14,21,1447947.0,4347826.0,-4.775194898641178
0,14,22,1362119.0,4347826.0,-5.040571044115627
0,15,0,1248736.0,5000000.0,-6.024993720964382
0,15,1,1222619.0,5000000.0,-6.116788637156949
0,15,2,1408573.0,5000000.0,-5.501906449023062
0,15,3,1258670.0,5000000.0,-5.990581232868881
0,15,4,1309060.0,5000000.0,-5.8201045169531955
0,15,5,1286836.0,5000000.0,-5.894468022905341
0,15,6,1200753.0,5000000.0,-6.1951632396833105
0,15,7,1183909.0,5000000.0,-6.256516822841499
0,15,8,1224654.0,5000000.0,-6.109565989954341
0,15,9,1409881.0,5000000.0,-5.4978754644967145
0,15,10,1234588.0,5000000.0,-6.0744795295805485
0,15,11,1927571.0,5000000.0,-4.139596205493029
0,15,12,4119908.0,5000000.0,-0.8408248624910808
0,15,13,2584384.0,5000000.0,-2.8661296068991984
0,15,14,1760833.0,5000000.0,-4.532518355451539
0,15,15,1664737.0,5000000.0,-4.776243721817438
0,15,16,2094305.0,5000000.0,-3.7793007476241716
0,15,17,1966444.0,5000000.0,-4.052884211657836
0,15,18,1397526.0,5000000.0,-5.53610107955381
0,15,19,1249152.0,5000000.0,-6.0235471668663445
0,16,0,1281166.0,5882352.0,-6.619456044381015
0,16,1,1324885.0,5882352.0,-6.473728259809613
0,16,2,1425552.0,5882352.0,-6.155679453978113
0,16,3,1396057.0,5882352.0,-6.246478585551247
0,16,4,1277114.0,5882352.0,-6.633213433816298
0,16,5,1225751.0,5882352.0,-6.811487529073483
0,16,6,1214378.0,5882352.0,-6.851971183081218
0,16,7,1228452.0,5882352.0,-6.801928174209802
0,16,8,1217630.0,5882352.0,-6.8403566941740825
0,16,9,1209196.0,5882352.0,-6.870543072652785
0,16,10,1417445.0,5882352.0,-6.180447928288602
0,16,11,1283360.0,5882352.0,-6.612025101386002
0,16,12,1390377.0,5882352.0,-6.264184341897518
0,16,13,1273214.0,5882352.0,-6.646496037463364
0,16,14,1233954.0,5882352.0,-6.782520389985878
0,16,15,1224871.0,5882352.0,-6.814606567101396
0,16,16,1274979.0,5882352.0,-6.6404797750912214
0,17,0,1228195.0,6666666.0,-7.3464137248437575
0,17,1,1234258.0,6666666.0,-7.325027466793292
0,17,2,3423043.0,6666666.0,-2.894963427692126
0,17,3,1342877.0,6666666.0,-6.958724619627608
0,17,4,1282226.0,6666666.0,-7.159441185858989
0,17,5,1226438.0,6666666.0,-7.352630992639167
0,17,6,1392682.0,6666666.0,-6.800567350114495
0,17,7,1259921.0,6666666.0,-7.2356538282562575
0,17,8,1225318.0,6666666.0,-7.356598841426454
0,17,9,1230459.0,6666666.0,-7.3384155031750335
0,17,10,1223045.0,6666666.0,-7.364662610083052
0,17,11,1231450.0,6666666.0,-7.3349191444159425
0,17,12,1231419.0,6666666.0,-7.3350284732429305
0,17,13,1220567.0,6666666.0,-7.373470735882492
0,17,14,1195355.0,6666666.0,-7.464117950380697
0,18,0,1228727.0,6666666.0,-7.344532959658836
0,18,1,1239498.0,6666666.0,-7.3066286716912785
0,18,2,1217580.0,6666666.0,-7.3841119176197045
0,18,3,1210965.0,6666666.0,-7.407771064168438
0,18,4,1284510.0,6666666.0,-7.151712078864902
0,18,5,1221281.0,6666666.0,-7.370930968715034
0,18,6,1208759.0,6666666.0,-7.415689768057868
0,18,7,1216997.0,6666666.0,-7.386191898559222
0,18,8,1221041.0,6666666.0,-7.371784506258342
0,18,9,1403808.0,6666666.0,-6.766009844807346
0,18,10,4392546.0,6666666.0,-1.8119237926749896
0,18,11,1478997.0,6666666.0,-6.539414044407393
0,18,12,1250670.0,6666666.0,-7.267659650277621
0,18,13,1447700.0,6666666.0,-6.632301231144836
0,18,14,1503569.0,6666666.0,-6.467853344952582
0,19,0,1521916.0,5555555.0,-5.623367686405823
0,19,1,1569207.0,5555555.0,-5.490472146820671
0,19,2,1492145.0,5555555.0,-5.709164234779973
0,19,3,1332500.0,5555555.0,-6.2006023376863375
0,19,4,1236648.0,5555555.0,-6.524813520097413
0,19,5,1207832.0,5555555.0,-6.627209199527515
0,19,6,1258060.0,5555555.0,-6.450260972836478
0,19,7,1222667.0,5555555.0,-6.574192607880439
0,19,8,1204903.0,5555555.0,-6.637753657682951
0,19,9,1253274.0,5555555.0,-6.466814214314919
0,19,10,1228433.0,5555555.0,-6.553759768731896
0,19,11,1210264.0,5555555.0,-6.618473363265287
0,19,12,1207105.0,5555555.0,-6.629824026314976
0,19,13,1225445.0,5555555.0,-6.564336272969539
0,19,14,1216075.0,5555555.0,-6.5976709110149825
0,19,15,1210887.0,5555555.0,-6.616238348033299
0,19,16,1231303.0,5555555.0,-6.543625138603362
0,19,17,1199031.0,5555555.0,-6.6589703988224125
0,20,0,1207838.0,4761904.0,-5.957719468779924
0,20,1,1441109.0,4761904.0,-5.190838053409261
0,20,2,1220212.0,4761904.0,-5.913453440947606
0,20,3,1213699.0,4761904.0,-5.9366964166530645
0,20,4,1245628.0,4761904.0,-5.823922737680115
0,20,5,1215589.0,4761904.0,-5.929938743323194
0,20,6,1207844.0,4761904.0,-5.957697895022356
0,20,7,1234934.0,4761904.0,-5.861368880632237
0,20,8,1230478.0,4761904.0,-5.877067825219448
0,20,9,1198330.0,4761904.0,-5.992042038328092
0,20,10,1210577.0,4761904.0,-5.947882173737221
0,20,11,6348071.0,4761904.0,1.2486113969764236
0,20,12,1452422.0,4761904.0,-5.156878171807362
0,20,13,1384431.0,4761904.0,-5.365093203820878
0,20,14,1379579.0,4761904.0,-5.380340608791496
0,20,15,1475354.0,4761904.0,-5.0888439729479975
0,20,16,1360977.0,4761904.0,-5.439298499271933
0,20,17,1360800.0,4761904.0,-5.439863351744454
0,20,18,1402854.0,4761904.0,-5.307681609685162
0,20,19,1317319.0,4761904.0,-5.580896799788595
0,20,20,1240943.0,4761904.0,-5.840288021883573
0,21,0,1397498.0,4166666.0,-4.744374937738195
0,21,1,1341456.0,4166666.0,-4.9221225649744245
0,21,2,1329587.0,4166666.0,-4.96071928642723
0,21,3,1363451.0,4166666.0,-4.8514915401317085
0,21,4,1317951.0,4166666.0,-4.998894248446461
0,21,5,1322490.0,4166666.0,-4.983962919966858
0,21,6,1369821.0,4166666.0,-4.831248689377507
0,21,7,2058749.0,4166666.0,-3.061852875740798
0,21,8,1434136.0,4166666.0,-4.631983511034438
0,21,9,1304830.0,4166666.0,-5.042347555723323
0,21,10,1240248.0,4166666.0,-5.262801534273873
0,21,11,1460102.0,4166666.0,-4.554054929553074
0,21,12,1332324.0,4166666.0,-4.951788376146158
0,21,13,1376740.0,4166666.0,-4.809367581499243
0,21,14,1392600.0,4166666.0,-4.7596229796171
0,21,15,1304341.0,4166666.0,-5.043975429129376
0,21,16,1294591.0,4166666.0,-5.07656105325233
0,21,17,1378327.0,4166666.0,-4.804364251859629
0,21,18,1381495.0,4166666.0,-4.794393713738146
0,21,19,1377819.0,4166666.0,-4.8059651946203195
0,21,20,1324718.0,4166666.0,-4.976652513424174
0,21,21,1389520.0,4166666.0,-4.7692388664280845
0,21,22,1315820.0,4166666.0,-5.005922055669581
0,21,23,5784054.0,4166666.0,1.4244365008280837
0,22,0,1397116.0,4000000.0,-4.568275250359427
0,22,1,1426811.0,4000000.0,-4.476935424552499
0,22,2,1324213.0,4000000.0,-4.8010214422689295
0,22,3,1848436.0,4000000.0,-3.3525557311238225
0,22,4,1291795.0,4000000.0,-4.908663920904956
0,22,5,1475543.0,4000000.0,-4.331081211784548
0,22,6,1341980.0,4000000.0,-4.743139478901919
0,22,7,1315516.0,4000000.0,-4.82963856755383
0,22,8,1335758.0,4000000.0,-4.76332207428324
0,22,9,1294698.0,4000000.0,-4.898915142073058
0,22,10,1361206.0,4000000.0,-4.681361365924447
0,22,11,1271167.0,4000000.0,-4.978573814394713
0,22,12,1243507.0,4000000.0,-5.074117569670284
0,22,13,1329351.0,4000000.0,-4.784203247293227
0,22,14,1259226.0,4000000.0,-5.019563090798442
0,22,15,1309341.0,4000000.0,-4.8500722397348675
0,22,16,1325593.0,4000000.0,-4.796497892701824
0,22,17,1248819.0,4000000.0,-5.055604937044274
0,22,18,1605327.0,4000000.0,-3.9649648117232372
0,22,19,1505984.0,4000000.0,-4.242396335061908
0,22,20,1377715.0,4000000.0,-4.629006044738161
0,22,21,1366060.0,4000000.0,-4.665902165090561
0,22,22,1253731.0,4000000.0,-5.038556268808888
0,22,23,1615073.0,4000000.0,-3.9386783445608415
0,22,24,1256878.0,4000000.0,-5.027668667829557
0,23,0,1238386.0,4000000.0,-5.092039576767375
0,23,1,1341380.0,4000000.0,-4.745081646136168
0,23,2,1265477.0,4000000.0,-4.998057350489055
0,23,3,1226243.0,4000000.0,-5.134834501000394
0,23,4,1399042.0,4000000.0,-4.5622923888442335
0,23,5,1418835.0,4000000.0,-4.5012809816508605
0,23,6,1310998.0,4000000.0,-4.844579621776388
0,23,7,1398403.0,4000000.0,-4.564276443428061
0,23,8,1310217.0,4000000.0,-4.847167612463178
0,23,9,1277058.0,4000000.0,-4.958493693128346
0,23,10,1327364.0,4000000.0,-4.790699565463944
0,23,11,1238008.0,4000000.0,-5.093365402265534
0,23,12,1451655.0,4000000.0,-4.401965770295336
0,23,13,1396587.0,4000000.0,-4.569919961938808
0,23,14,1348356.0,4000000.0,-4.722554192893108
0,23,15,1395943.0,4000000.0,-4.571923060571976
0,23,16,1321142.0,4000000.0,-4.8111049203130785
0,23,17,1367436.0,4000000.0,-4.661529820974641
0,23,18,1349726.0,4000000.0,-4.71814377474168
0,23,19,1362934.0,4000000.0,-4.675851656692294
0,23,20,1322798.0,4000000.0,-4.805664617158863
0,23,21,1332250.0,4000000.0,-4.7747426241501305
0,23,22,1317447.0,4000000.0,-4.823268384646503
0,23,23,1260118.0,4000000.0,-5.016487760918558
0,23,24,1387126.0,4000000.0,-4.599440791953114
0,24,0,1313858.0,4545454.0,-5.390288372640375
0,24,1,1316744.0,4545454.0,-5.380759189756556
0,24,2,1369868.0,4545454.0,-5.208985463538717
0,24,3,1314845.0,4545454.0,-5.387027078581808
0,24,4,1300746.0,4545454.0,-5.433847680166533
0,24,5,1323630.0,4545454.0,-5.358106652029186
0,24,6,1204620.0,4545454.0,-5.767271976870204
0,24,7,1311288.0,4545454.0,-5.398791801973983
0,24,8,1256284.0,4545454.0,-5.5848943841723635
0,24,9,1250875.0,4545454.0,-5.603633542695839
0,24,10,1304062.0,4545454.0,-5.422790271866585
0,24,11,1284856.0,4545454.0,-5.487228101420292
0,24,12,1242833.0,4545454.0,-5.631644908351391
0,24,13,1278812.0,4545454.0,-5.507705641505324
0,24,14,1300586.0,4545454.0,-5.434381922756036
0,24,15,4064869.0,4545454.0,-0.4853071307181684
0,24,16,3810805.0,4545454.0,-0.765605406966551
0,24,17,1355409.0,4545454.0,-5.255069020065203
0,24,18,1383468.0,4545454.0,-5.166081488215827
0,24,19,1344256.0,4545454.0,-5.290952834635463
0,24,20,1404517.0,4545454.0,-5.100502668772867
0,24,21,1267920.0,4545454.0,-5.544854146639074
0,25,0,1220396.0,5263157.0,-6.347455496986955
0,25,1,1189975.0,5263157.0,-6.457084877540654
0,25,2,1218209.0,5263157.0,-6.35524521517881
0,25,3,1212664.0,5263157.0,-6.375058402284526
0,25,4,1201361.0,5263157.0,-6.415727959574507
0,25,5,1209481.0,5263157.0,-6.3864727489206
0,25,6,1198128.0,5263157.0,-6.42743107561004
0,25,7,1243736.0,5263157.0,-6.265181200317365
0,25,8,1211159.0,5263157.0,-6.380451644936839
0,25,9,1198932.0,5263157.0,-6.424517733628243
0,25,10,1200285.0,5263157.0,-6.419619464765486
0,25,11,1196317.0,5263157.0,-6.43400050991902
0,25,12,1218144.0,5263157.0,-6.355476947947669
0,25,13,1195048.0,5263157.0,-6.43860975818741
0,25,14,1192964.0,5263157.0,-6.446189870264327
0,25,15,1432046.0,5263157.0,-5.652893566689351
0,25,16,1203771.0,5263157.0,-6.407024486736558
0,25,17,1276622.0,5263157.0,-6.151840008711815
0,25,18,1239585.0,5263157.0,-6.279700129391792
0,26,0,1370929.0,6250000.0,-6.588650539525689
0,26,1,1319655.0,6250000.0,-6.754196097593877
0,26,2,1363528.0,6250000.0,-6.612159567527945
0,26,3,1316610.0,6250000.0,-6.76422867994421
0,26,4,1240179.0,6250000.0,-7.023956441965007
0,26,5,1355201.0,6250000.0,-6.638763038923301
0,26,6,1378199.0,6250000.0,-6.5656808688268855
0,26,7,1363846.0,6250000.0,-6.611146830397862
0,26,8,1388169.0,6250000.0,-6.534376756491972
0,26,9,1221231.0,6250000.0,-7.090821973495654
0,26,10,1233100.0,6250000.0,-7.04881719590877
0,26,11,1232482.0,6250000.0,-7.050994320785874
0,26,12,1364478.0,6250000.0,-6.609134795775345
0,26,13,1250140.0,6250000.0,-6.989213660777373
0,26,14,1394897.0,6250000.0,-6.513378771058753
0,26,15,1288198.0,6250000.0,-6.858973967903203
0,27,0,1357496.0,6666666.0,-6.911701389449503
0,27,1,1279674.0,6666666.0,-7.168093513306645
0,27,2,1217009.0,6666666.0,-7.386149075872812
0,27,3,1347366.0,6666666.0,-6.94423113529446
0,27,4,1311651.0,6666666.0,-7.060904028234503
0,27,5,1230029.0,6666666.0,-7.339933467327832
0,27,6,1312134.0,6666666.0,-7.059305084440489
0,27,7,1285739.0,6666666.0,-7.147558800649929
0,27,8,1243308.0,6666666.0,-7.293299694116039
0,27,9,1314395.0,6666666.0,-7.051827991546157
0,27,10,1329012.0,6666666.0,-7.0037979519496965
0,27,11,1367236.0,6666666.0,-6.880652124631642
0,27,12,1277203.0,6666666.0,-7.1764876753947835
0,27,13,1265788.0,6666666.0,-7.215477233816543
0,27,14,1248705.0,6666666.0,-7.274488468144231
0,28,0,1250064.0,6250000.0,-6.989477690277644
0,28,1,1348697.0,6250000.0,-6.659656258698263
0,28,2,1287733.0,6250000.0,-6.860541920897894
0,28,3,1295228.0,6250000.0,-6.835337929992726
0,28,4,1343961.0,6250000.0,-6.67493351104352
0,28,5,1230821.0,6250000.0,-7.056851198675201
0,28,6,1405497.0,6250000.0,-6.48050094390894
0,28,7,1384213.0,6250000.0,-6.546770936922258
0,28,8,1321051.0,6250000.0,-6.749604331958363
0,28,9,1391977.0,6250000.0,-6.522479579715483
0,28,10,1284642.0,6250000.0,-6.8709790063901055
0,28,11,1259011.0,6250000.0,-6.958504927815411
0,28,12,1405339.0,6250000.0,-6.4809891867535105
0,28,13,1311264.0,6250000.0,-6.781898792766546
0,28,14,1349863.0,6250000.0,-6.655903239329321
0,28,15,1334587.0,6250000.0,-6.705331272022901
0,29,0,1369640.0,5555555.0,-6.0812102048521375
0,29,1,1305338.0,5555555.0,-6.290044704225376
0,29,2,1426415.0,5555555.0,-5.904815542900071
0,29,3,1309062.0,5555555.0,-6.277672353059262
0,29,4,1227798.0,5555555.0,-6.5560052985876185
0,29,5,1340378.0,5555555.0,-6.1750016044263365
0,29,6,1299702.0,5555555.0,-6.308836642306911
0,29,7,1341312.0,5555555.0,-6.17197641462066
0,29,8,1386248.0,5555555.0,-6.028865188850246
0,29,9,2118612.0,5555555.0,-4.186760236323581
0,29,10,5080811.0,5555555.0,-0.3879441148387762
0,29,11,1619378.0,5555555.0,-5.353792165786472
0,29,12,2426591.0,5555555.0,-3.5973086895964173
0,29,13,1800343.0,5555555.0,-4.893721970215868
0,29,14,2307171.0,5555555.0,-3.8164766726074855
0,29,15,2487262.0,5555555.0,-3.4900591663511573
0,29,16,1594600.0,5555555.0,-5.420756917099052
0,29,17,1925193.0,5555555.0,-4.602531775533937
0,30,0,1567379.0,4761904.0,-4.826066120565206
0,30,1,1454804.0,4761904.0,-5.149761492970677
0,30,2,1428670.0,4761904.0,-5.228487105077541
0,30,3,1354437.0,4761904.0,-5.460218266228915
0,30,4,1304938.0,4761904.0,-5.621907577426092
0,30,5,1277502.0,4761904.0,-5.714190470596567
0,30,6,1216752.0,4761904.0,-5.925785670041578
0,30,7,1197644.0,4761904.0,-5.994528926939793
0,30,8,1236842.0,4761904.0,-5.854664114212849
0,30,9,1309210.0,4761904.0,-5.6077132190480565
0,30,10,1243666.0,4761904.0,-5.83076874261114
0,30,11,1250179.0,4761904.0,-5.808084362535415
0,30,12,1313754.0,4761904.0,-5.592665844398751
0,30,13,1303845.0,4761904.0,-5.625546698782639
0,30,14,1357681.0,4761904.0,-5.4498289544720535
0,30,15,1405373.0,4761904.0,-5.2998903015513825
0,30,16,1316217.0,4761904.0,-5.584531400166118
0,30,17,1257124.0,4761904.0,-5.784025181091335
0,30,18,1435471.0,4761904.0,-5.207862126609539
0,30,19,1317750.0,4761904.0,-5.57947610891963
0,30,20,1254440.0,4761904.0,-5.793307419833106
0,31,0,1376401.0,4166666.0,-4.810437093232273
0,31,1,1315383.0,4166666.0,-5.007364640603823
0,31,2,1287410.0,4166666.0,-5.100718105983846
0,31,3,1302842.0,4166666.0,-5.0489693823739845
0,31,4,1258883.0,4166666.0,-5.198033199448404
0,31,5,1349655.0,4166666.0,-4.895659208578707
0,31,6,1323135.0,4166666.0,-4.981845311111654
0,31,7,1365662.0,4166666.0,-4.844454636129794
0,31,8,1371952.0,4166666.0,-4.824497716723717
0,31,9,1224748.0,4166666.0,-5.317419498704315
0,31,10,1251145.0,4166666.0,-5.224810441353006
0,31,11,1301800.0,4166666.0,-5.05244421595407
0,31,12,1287185.0,4166666.0,-5.101477186605667
0,31,13,1368188.0,4166666.0,-4.836429117732852
0,31,14,1439711.0,4166666.0,-4.615133659432759
0,31,15,1341290.0,4166666.0,-4.922660020880335
0,31,16,3571251.0,4166666.0,-0.6696831380195356
0,31,17,5712979.0,4166666.0,1.3707393886493457
0,31,18,1467871.0,4166666.0,-4.53100798377796
0,31,19,1407986.0,4166666.0,-4.711903522856429
0,31,20,1325634.0,4166666.0,-4.9736505441667855
0,31,21,1221401.0,4166666.0,-5.329304175705189
0,31,22,1222156.0,4166666.0,-5.326620445845226
0,31,23,1288916.0,4166666.0,-5.095640739499613
0,32,0,1263194.0,4000000.0,-5.0058993716265165
0,32,1,1323473.0,4000000.0,-4.80344905585284
0,32,2,1291017.0,4000000.0,-4.911280302717801
0,32,3,1242546.0,4000000.0,-5.077475157122338
0,32,4,1365526.0,4000000.0,-4.667600176841175
0,32,5,1304420.0,4000000.0,-4.866425423293929
0,32,6,1308274.0,4000000.0,-4.853612808060278
0,32,7,1325006.0,4000000.0,-4.798421464430667
0,32,8,1266238.0,4000000.0,-4.995446487017597
0,32,9,1280679.0,4000000.0,-4.946197031121489
0,32,10,1339438.0,4000000.0,-4.751373755719024
0,32,11,1271008.0,4000000.0,-4.979117072216954
0,32,12,1260914.0,4000000.0,-5.013745245797107
0,32,13,1287799.0,4000000.0,-4.922119078095108
0,32,14,1245710.0,4000000.0,-5.066430405446141
0,32,15,1359123.0,4000000.0,-4.6880122936806625
0,32,16,1342864.0,4000000.0,-4.740279600742325
0,32,17,1284875.0,4000000.0,-4.931991122605075
0,32,18,1306245.0,4000000.0,-4.860353502472373
0,32,19,1363226.0,4000000.0,-4.674921307855831
0,32,20,1233986.0,4000000.0,-5.107497588246107
0,32,21,1354248.0,4000000.0,-4.703617884492687
0,32,22,1351037.0,4000000.0,-4.7139274839342695
0,32,23,1396354.0,4000000.0,-4.57064457885351
0,32,24,1360282.0,4000000.0,-4.684310400545933
0,33,0,2041057.0,4166666.0,-3.0993355550126873
0,33,1,1367324.0,4166666.0,-4.839172519661572
0,33,2,1317499.0,4166666.0,-5.000383945520925
0,33,3,1290112.0,4166666.0,-5.091612739512092
0,33,4,1347136.0,4166666.0,-4.903772467026098
0,33,5,1221656.0,4166666.0,-5.328397564903334
0,33,6,1253955.0,4166666.0,-5.215067373164226
0,33,7,1344045.0,4166666.0,-4.913748792170081
0,33,8,1351881.0,4166666.0,-4.888502245017966
0,33,9,1254794.0,4166666.0,-5.212162554197473
0,33,10,1368927.0,4166666.0,-4.834083994273114
0,33,11,1272300.0,4166666.0,-5.151991616218993
0,33,12,1268449.0,4166666.0,-5.165156783896308
0,33,13,1354163.0,4166666.0,-4.88117745471423
0,33,14,1315781.0,4166666.0,-5.006050779475321
0,33,15,1268294.0,4166666.0,-5.16568750888326
0,33,16,1334532.0,4166666.0,-4.944596968472464
0,33,17,1342311.0,4166666.0,-4.9193553963298315
0,33,18,1371012.0,4166666.0,-4.827474327637824
0,33,19,1337694.0,4166666.0,-4.934319096820168
0,33,20,1270923.0,4166666.0,-5.156694495675643
0,33,21,1268032.0,4166666.0,-5.166584752807451
0,33,22,1302279.0,4166666.0,-5.050846514354558
0,33,23,1206517.0,4166666.0,-5.3825524324094385
0,34,0,1200344.0,4545454.0,-5.782715411046172
0,34,1,1273660.0,4545454.0,-5.525237572976767
0,34,2,1348945.0,4545454.0,-5.275830243464043
0,34,3,1351888.0,4545454.0,-5.266365540047644
0,34,4,1314421.0,4545454.0,-5.388427780237123
0,34,5,1356808.0,4545454.0,-5.250588714587673
0,34,6,1397610.0,4545454.0,-5.121912676682294
0,34,7,1276658.0,4545454.0,-5.515026960366925
0,34,8,1205207.0,4545454.0,-5.765156216146142
0,34,9,1433971.0,4545454.0,-5.010368986228107
0,34,10,1279514.0,4545454.0,-5.505322249131187
0,34,11,1346929.0,4545454.0,-5.282325634856391
0,34,12,1493428.0,4545454.0,-4.833929774885249
0,34,13,1356121.0,4545454.0,-5.2527882584419
0,34,14,1308893.0,4545454.0,-5.406731219699992
0,34,15,1332410.0,4545454.0,-5.329393835652878
0,34,16,1306755.0,4545454.0,-5.413830965606921
0,34,17,1228100.0,4545454.0,-5.683435356970544
0,34,18,1318893.0,4545454.0,-5.3736770380912535
0,34,19,1354248.0,4545454.0,-5.2587906418375905
0,34,20,1302304.0,4545454.0,-5.428648925754568
0,34,21,1364579.0,4545454.0,-5.225785835820687
0,35,0,1298072.0,5263157.0,-6.079475431260356
0,35,1,1285181.0,5263157.0,-6.1228202886061585
0,35,2,1301184.0,5263157.0,-6.069076108735278
0,35,3,1311311.0,5263157.0,-6.035406208908323
0,35,4,1311820.0,5263157.0,-6.033720773494969
0,35,5,1399552.0,5263157.0,-5.752572860136961
0,35,6,1300037.0,5263157.0,-6.072906123970645
0,35,7,5540263.0,5263157.0,0.2228405625097687
0,35,8,1355464.0,5263157.0,-5.891583376487856
0,35,9,1360212.0,5263157.0,-5.876397232771563
0,35,10,1333021.0,5263157.0,-5.96409334008584
0,35,11,1275433.0,5263157.0,-6.155886756735231
0,35,12,1281368.0,5263157.0,-6.135724511964662
0,35,13,1360733.0,5263157.0,-5.874734079507995
0,35,14,1332252.0,5263157.0,-5.966599443331932
0,35,15,1345868.0,5263157.0,-5.922438579612184
0,35,16,1411725.0,5263157.0,-5.714962195878444
0,35,17,1328898.0,5263157.0,-5.977546774099357
0,35,18,1271658.0,5263157.0,-6.16875997461071
0,36,0,1394686.0,6250000.0,-6.514035759116512
0,36,1,1276848.0,6250000.0,-6.897408167840872
0,36,2,1278001.0,6250000.0,-6.893488236982885
0,36,3,1382236.0,6250000.0,-6.552978174698091
0,36,4,1353032.0,6250000.0,-6.645719493058916
0,36,5,1344692.0,6250000.0,-6.672571962163141
0,36,6,1346437.0,6250000.0,-6.666939798285937
0,36,7,1301531.0,6250000.0,-6.8142550070473344
0,36,8,1222948.0,6250000.0,-7.0847202620572585
0,36,9,1358827.0,6250000.0,-6.627158495946331
0,36,10,1279549.0,6250000.0,-6.888230956068861
0,36,11,1292224.0,6250000.0,-6.845422145737023
0,36,12,1355510.0,6250000.0,-6.637772914963282
0,36,13,1343604.0,6250000.0,-6.6760872924847225
0,36,14,1327749.0,6250000.0,-6.727640343435768
0,36,15,1404892.0,6250000.0,-6.482370778765327
0,37,0,1281025.0,6666666.0,-7.163510921604219
0,37,1,1304309.0,6666666.0,-7.08528206504285
0,37,2,1397352.0,6666666.0,-6.7860287665376955
0,37,3,1368341.0,6666666.0,-6.877143574672319
0,37,4,1266354.0,6666666.0,-7.213535710151195
0,37,5,1368634.0,6666666.0,-6.876213728519659
0,37,6,1277778.0,6666666.0,-7.17453291071113
0,37,7,1290469.0,6666666.0,-7.13161121250746
0,37,8,1325813.0,6666666.0,-7.014264244228991
0,37,9,1346378.0,6666666.0,-6.947416909201419
0,37,10,1230713.0,6666666.0,-7.337519094481979
0,37,11,1240910.0,6666666.0,-7.301684131319796
0,37,12,1340739.0,6666666.0,-6.965644550040574
0,37,13,1249549.0,6666666.0,-7.271554062301821
0,37,14,1276761.0,6666666.0,-7.177990892847479
0,38,0,1463017.0,6250000.0,-6.306306447640155
0,38,1,1361350.0,6250000.0,-6.619102216578829
0,38,2,1328977.0,6250000.0,-6.72362552473216
0,38,3,1352348.0,6250000.0,-6.647915542648634
0,38,4,1387696.0,6250000.0,-6.535856808957985
0,38,5,1263815.0,6250000.0,-6.941965117199917
0,38,6,1352919.0,6250000.0,-6.646082214161284
0,38,7,1362395.0,6250000.0,-6.615769762506538
0,38,8,1351150.0,6250000.0,-6.651764517742198
0,38,9,1290225.0,6250000.0,-6.852145646125376
0,38,10,1398562.0,6250000.0,-6.501982933930313
0,38,11,1312902.0,6250000.0,-6.776477074371085
0,38,12,1242928.0,6250000.0,-7.014340456681236
0,38,13,1354352.0,6250000.0,-6.641484639328996
0,38,14,1307247.0,6250000.0,-6.795223635032661
0,38,15,1248494.0,6250000.0,-6.994935577797786
0,39,0,1407264.0,5555555.0,-5.963518735860587
0,39,1,1318087.0,5555555.0,-6.247833747654369
0,39,2,1231953.0,5555555.0,-6.541333120073504
0,39,3,1441684.0,5555555.0,-5.858573728421888
0,39,4,1295416.0,5555555.0,-6.32318194638826
0,39,5,1240832.0,5555555.0,-6.510144664326347
0,39,6,1410136.0,5555555.0,-5.954664514350956
0,39,7,1268796.0,5555555.0,-6.413356506461945
0,39,8,1344393.0,5555555.0,-6.162012089531181
0,39,9,1426950.0,5555555.0,-5.903186956648112
0,39,10,1358283.0,5555555.0,-6.1173718628436085
0,39,11,1292011.0,5555555.0,-6.334612402702801
0,39,12,1374774.0,5555555.0,-6.064961413882239
0,39,13,1275194.0,5555555.0,-6.391511908382159
0,39,14,1294447.0,5555555.0,-6.326431781399621
0,39,15,1292454.0,5555555.0,-6.333123564917283
0,39,16,2808271.0,5555555.0,-2.9628843628381767
0,39,17,1344578.0,5555555.0,-6.161414504214874
0,40,0,1366646.0,4761904.0,-5.421246012085116
0,40,1,1378230.0,4761904.0,-5.384589367881157
0,40,2,1316396.0,4761904.0,-5.583940818015377
0,40,3,1209066.0,4761904.0,-5.953306271816623
0,40,4,1342301.0,4761904.0,-5.499307220464193
0,40,5,1348227.0,4761904.0,-5.48017615576989
0,40,6,1280105.0,4761904.0,-5.705350418730023
0,40,7,1370864.0,4761904.0,-5.407862641252883
0,40,8,1314706.0,4761904.0,-5.589519908262376
0,40,9,1347652.0,4761904.0,-5.482028756208418
0,40,10,1377703.0,4761904.0,-5.386250316784869
0,40,11,1357285.0,4761904.0,-5.451095862536857
0,40,12,1306973.0,4761904.0,-5.615140199444967
0,40,13,1371112.0,4761904.0,-5.407077039688129
0,40,14,1301853.0,4761904.0,-5.63218687562956
0,40,15,1254278.0,4761904.0,-5.793868309547823
0,40,16,1414422.0,4761904.0,-5.27201633016425
0,40,17,1286899.0,4761904.0,-5.682361723741142
0,40,18,1345544.0,4761904.0,-5.488827317878701
0,40,19,1356781.0,4761904.0,-5.45270882568068
0,40,20,1358577.0,4761904.0,-5.446963778410728
0,41,0,1303477.0,4166666.0,-5.046853164048713
0,41,1,1345300.0,4166666.0,-4.909695466067609
0,41,2,1351077.0,4166666.0,-4.89108587949359
0,41,3,1299963.0,4166666.0,-5.058576973594403
0,41,4,1299332.0,4166666.0,-5.060685543983406
0,41,5,1294955.0,4166666.0,-5.07534011960254
0,41,6,1278560.0,4166666.0,-5.130675754788153
0,41,7,1317580.0,4166666.0,-5.000116948948563
0,41,8,1226667.0,4166666.0,-5.310620068326273
0,41,9,1309655.0,4166666.0,-5.02631783473335
0,41,10,1336516.0,4166666.0,-4.938145265541195
0,41,11,1287754.0,4166666.0,-5.099557812482823
0,41,12,1280748.0,4166666.0,-5.123250024411745
0,41,13,1372338.0,4166666.0,-4.823275996926465
0,41,14,1230519.0,4166666.0,-5.297003649262445
0,41,15,1255046.0,4166666.0,-5.21129044912458
0,41,16,1289020.0,4166666.0,-5.095290330287419
0,41,17,1235500.0,4166666.0,-5.279459390631731
0,41,18,1316767.0,4166666.0,-5.002797548163449
0,41,19,1381220.0,4166666.0,-4.795258305148537
0,41,20,1351487.0,4166666.0,-4.889768162400146
0,41,21,1539642.0,4166666.0,-4.323689390680869
0,41,22,1381821.0,4166666.0,-4.7933690028346
0,41,23,1299031.0,4166666.0,-5.061691736263989
0,42,0,1331964.0,4000000.0,-4.775675043410005
0,42,1,1297741.0,4000000.0,-4.888719656544715
0,42,2,1231240.0,4000000.0,-5.11717275101446
0,42,3,1288368.0,4000000.0,-4.920200618894121
0,42,4,1356485.0,4000000.0,-4.696449956286126
0,42,5,1242141.0,4000000.0,-5.0788909432292275
0,42,6,1361136.0,4000000.0,-4.681584707545301
0,42,7,1324190.0,4000000.0,-4.801096874694312
0,42,8,1379286.0,4000000.0,-4.6240566326420875
0,42,9,1347081.0,4000000.0,-4.726662806863498
0,42,10,1321442.0,4000000.0,-4.8101188525466
0,42,11,1251805.0,4000000.0,-5.045233094341609
0,42,12,1216641.0,4000000.0,-5.168975435165862
0,42,13,1289907.0,4000000.0,-4.915015917595534
0,42,14,1389253.0,4000000.0,-4.592786480393137
0,42,15,1361763.0,4000000.0,-4.679584613932088
0,42,16,1337857.0,4000000.0,-4.75650296005176
0,42,17,1369719.0,4000000.0,-4.654285112274492
0,42,18,1281028.0,4000000.0,-4.9450136891146
0,42,19,1344247.0,4000000.0,-4.73580915406925
0,42,20,1404420.0,4000000.0,-4.545629858096481
0,42,21,1348633.0,4000000.0,-4.721662090093207
0,42,22,1297787.0,4000000.0,-4.888565718338926
0,42,23,1427153.0,4000000.0,-4.475894565498063
0,42,24,1296597.0,4000000.0,-4.892549789083341
0,43,0,1231231.0,4166666.0,-5.294491471504855
0,43,1,1410825.0,4166666.0,-4.70315541983697
0,43,2,1306852.0,4166666.0,-5.03562281957349
0,43,3,1286026.0,4166666.0,-5.1053893985351495
0,43,4,1412333.0,4166666.0,-4.69851582020424
0,43,5,1294451.0,4166666.0,-5.07703073452846
0,43,6,1235391.0,4166666.0,-5.279842556854427
0,43,7,1371273.0,4166666.0,-4.826647638507271
0,43,8,1327337.0,4166666.0,-4.968074881226865
0,43,9,1342968.0,4166666.0,-4.917230243000856
0,43,10,1408960.0,4166666.0,-4.708900250218395
0,43,11,1302124.0,4166666.0,-5.051363451593338
0,43,12,1285831.0,4166666.0,-5.1060479687755125
0,43,13,1261839.0,4166666.0,-5.187847426666007
0,43,14,1261765.0,4166666.0,-5.18810212424669
0,43,15,1264631.0,4166666.0,-5.1782486529850935
0,43,16,1254564.0,4166666.0,-5.21295867600327
0,43,17,1361199.0,4166666.0,-4.858670674302775
0,43,18,1281308.0,4166666.0,-5.121351510766932
0,43,19,1339782.0,4166666.0,-4.927545500627048
0,43,20,1271662.0,4166666.0,-5.154169949741768
0,43,21,1252041.0,4166666.0,-5.221701380560846
0,43,22,1311109.0,4166666.0,-5.021498902227589
0,43,23,2066459.0,4166666.0,-3.0456189580604582
0,44,0,2180820.0,4545454.0,-3.189574456986844
0,44,1,1372956.0,4545454.0,-5.199206477160101
0,44,2,1362785.0,4545454.0,-5.231499223640594
0,44,3,1360823.0,4545454.0,-5.237756261517449
0,44,4,1260106.0,4545454.0,-5.5717018759664505
0,44,5,1359978.0,4545454.0,-5.240453841009717
0,44,6,1298134.0,4545454.0,-5.442577421968267
0,44,7,1237813.0,4545454.0,-5.649222275498834
0,44,8,1330294.0,4545454.0,-5.336296347664392
0,44,9,1321004.0,4545454.0,-5.366731344022803
0,44,10,1358604.0,4545454.0,-5.2448437815665505
0,44,11,1345543.0,4545454.0,-5.286796858364645
0,44,12,1357713.0,4545454.0,-5.247692907035
0,44,13,1265449.0,4545454.0,-5.553326201085945
0,44,14,1343627.0,4545454.0,-5.292985447171824
0,44,15,1365191.0,4545454.0,-5.223838505258933
0,44,16,1344182.0,4545454.0,-5.2911919161517105
0,44,17,1357419.0,4545454.0,-5.248633432786076
0,44,18,1357777.0,4545454.0,-5.2474881937284
0,44,19,1295153.0,4545454.0,-5.452561912082791
0,44,20,1445658.0,4545454.0,-4.975117032050333
0,44,21,1297242.0,4545454.0,-5.445562659506957
0,45,0,1240806.0,5263157.0,-6.275424403466033
0,45,1,1418704.0,5263157.0,-5.693545319979945
0,45,2,1301128.0,5263157.0,-6.069263023225088
0,45,3,1273735.0,5263157.0,-6.161672425936596
0,45,4,1391346.0,5263157.0,-5.7781118141835295
0,45,5,1351565.0,5263157.0,-5.904093884176459
0,45,6,1387115.0,5263157.0,-5.791338570817838
0,45,7,1328707.0,5263157.0,-5.978171022218897
0,45,8,1342323.0,5263157.0,-5.933892935577317
0,45,9,1268617.0,5263157.0,-6.179157983884149
0,45,10,1346479.0,5263157.0,-5.920467407746162
0,45,11,1342546.0,5263157.0,-5.933171502466896
0,45,12,1329874.0,5263157.0,-5.974358298868109
0,45,13,1268026.0,5263157.0,-6.181181666707857
0,45,14,1228557.0,5263157.0,-6.318510144529369
0,45,15,1320553.0,5263157.0,-6.004904890451313
0,45,16,1359584.0,5263157.0,-5.878402801861907
0,45,17,1313385.0,5263157.0,-6.0285427325824
0,45,18,1345896.0,5263157.0,-5.922348228114104
0,46,0,1305133.0,6250000.0,-6.802252464951333
0,46,1,1349191.0,6250000.0,-6.658065818498685
0,46,2,1355209.0,6250000.0,-6.638737401799359
0,46,3,2464975.0,6250000.0,-4.040674983625122
0,46,4,1746533.0,6250000.0,-5.537032214829169
0,46,5,1941894.0,6250000.0,-5.076544974731681
0,46,6,1938847.0,6250000.0,-5.08336478341402
0,46,7,1697186.0,6250000.0,-5.661505767075596
0,46,8,2157567.0,6250000.0,-4.619157263851062
0,46,9,1434920.0,6250000.0,-6.390523284880361
0,46,10,1319576.0,6250000.0,-6.754456091994372
0,46,11,1279514.0,6250000.0,-6.88834975194741
0,46,12,1260808.0,6250000.0,-6.952310615316911
0,46,13,1358021.0,6250000.0,-6.629735315574687
0,46,14,1404549.0,6250000.0,-6.483431224654975
0,46,15,1303090.0,6250000.0,-6.8090560535094244
0,47,0,1289513.0,6666666.0,-7.134829727549051
0,47,1,1258524.0,6666666.0,-7.240471955739265
0,47,2,1353225.0,6666666.0,-6.9253868500123446
0,47,3,1245218.0,6666666.0,-7.286633076019066
0,47,4,1341751.0,6666666.0,-6.962367698782696
0,47,5,1354076.0,6666666.0,-6.922656569070017
0,47,6,1295955.0,6666666.0,-7.113187759116103
0,47,7,1311042.0,6666666.0,-7.062920927232842
0,47,8,1248684.0,6666666.0,-7.274561505897822
0,47,9,1276221.0,6666666.0,-7.179828109276933
0,47,10,1261318.0,6666666.0,-7.2308410401523995
0,47,11,1277024.0,6666666.0,-7.177096381765736
0,47,12,1287535.0,6666666.0,-7.141496538985219
0,47,13,1247828.0,6666666.0,-7.277539709816551
0,47,14,1223428.0,6666666.0,-7.363302817533305
0,48,0,1326602.0,6250000.0,-6.7313936963401
0,48,1,1304280.0,6250000.0,-6.805091825422512
0,48,2,1223789.0,6250000.0,-7.08173472112119
0,48,3,1325512.0,6250000.0,-6.734963535433956
0,48,4,1368088.0,6250000.0,-6.597659837865648
0,48,5,1232525.0,6250000.0,-7.050842802654495
0,48,6,1278829.0,6250000.0,-6.89067541138567
0,48,7,1323615.0,6250000.0,-6.741183371425126
0,48,8,1265830.0,6250000.0,-6.935046331630249
0,48,9,1335192.0,6250000.0,-6.703362958045983
0,48,10,3288555.0,6250000.0,-2.788749076557915
0,48,11,6326007.0,6250000.0,0.052496508014984726
0,48,12,1403321.0,6250000.0,-6.4872299308470645
0,48,13,1433010.0,6250000.0,-6.396307962909975
0,48,14,1385179.0,6250000.0,-6.54374118536283
0,48,15,1419949.0,6250000.0,-6.436072711415349
0,49,0,1266061.0,5555555.0,-6.422728205685439
0,49,1,1193020.0,5555555.0,-6.680797271457434
0,49,2,1197202.0,5555555.0,-6.665600177826862
0,49,3,1200952.0,5555555.0,-6.65201801726051
0,49,4,1197870.0,5555555.0,-6.663177630851792
0,49,5,1199854.0,5555555.0,-6.655990477962268
0,49,6,1237507.0,5555555.0,-6.52179787253334
0,49,7,1210649.0,5555555.0,-6.617092038311087
0,49,8,1206879.0,5555555.0,-6.630637209444582
0,49,9,1198791.0,5555555.0,-6.659839776749589
0,49,10,1357076.0,5555555.0,-6.121232814372904
0,49,11,1201966.0,5555555.0,-6.648352685103612
0,49,12,1181817.0,5555555.0,-6.721772186133309
0,49,13,1201049.0,5555555.0,-6.651667255002148
0,49,14,1178066.0,5555555.0,-6.7355782940931
0,49,15,1192717.0,5555555.0,-6.681900420955675
0,49,16,1218814.0,5555555.0,-6.587900173312558
0,49,17,1226214.0,5555555.0,-6.561611811961412
0,50,0,1211153.0,4545454.0,-5.743782578099355
0,50,1,1218357.0,4545454.0,-5.718027042067782
0,50,2,1202167.0,4545454.0,-5.776124648361158
0,50,3,1173440.0,4545454.0,-5.881163787819441
0,50,4,1214077.0,4545454.0,-5.733310353358699
0,50,5,1192435.0,4545454.0,-5.811425522313909
0,50,6,1176232.0,4545454.0,-5.870842766296802
0,50,7,1300944.0,4545454.0,-5.433186645934299
0,50,8,2012009.0,4545454.0,-3.539473480137543
0,50,9,3128463.0,4545454.0,-1.6224624407330221
0,50,10,2255711.0,4545454.0,-3.0429380967008473
0,50,11,1575186.0,4545454.0,-4.602454238547921
0,50,12,1729409.0,4545454.0,-4.196795523094186
0,50,13,1630230.0,4545454.0,-4.453283861651166
0,50,14,2350717.0,4545454.0,-2.863769189823007
0,50,15,1637094.0,4545454.0,-4.435036502593979
0,50,16,1414434.0,4545454.0,-5.069945797477313
0,50,17,1343024.0,4545454.0,-5.294934934298995
0,50,18,1239247.0,4545454.0,-5.644193908348893
0,50,19,1336017.0,4545454.0,-5.317652827558451
0,50,20,1331936.0,4545454.0,-5.3309390973162945
0,50,21,1349676.0,4545454.0,-5.273477417527862
0,51,0,1357780.0,4166666.0,-4.869592815417097
0,51,1,1227423.0,4166666.0,-5.307944317732734
0,51,2,1224207.0,4166666.0,-5.3193383034069885
0,51,3,1189701.0,4166666.0,-5.443508621704374
0,51,4,1187879.0,4166666.0,-5.450164841061223
0,51,5,1366152.0,4166666.0,-4.842896665503575
0,51,6,1527682.0,4166666.0,-4.357557272436553
0,51,7,1312783.0,4166666.0,-5.015957446547686
0,51,8,1264647.0,4166666.0,-5.178193706777437
0,51,9,1275985.0,4166666.0,-5.139431197887915
0,51,10,1305649.0,4166666.0,-5.039622483486781
0,51,11,1247708.0,4166666.0,-5.236757291172388
0,51,12,1364386.0,4166666.0,-4.848514343499492
0,51,13,1307887.0,4166666.0,-5.032184657582973
0,51,14,1303174.0,4166666.0,-5.04786282148739
0,51,15,1296128.0,4166666.0,-5.071407961025809
0,51,16,1292698.0,4166666.0,-5.082916119121981
0,51,17,1285367.0,4166666.0,-5.107615429871784
0,51,18,1230651.0,4166666.0,-5.296537798698151
0,51,19,1242014.0,4166666.0,-5.256621975593582
0,51,20,1336449.0,4166666.0,-4.938362984293918
0,51,21,1288409.0,4166666.0,-5.097349389399529
0,51,22,1281656.0,4166666.0,-5.120172138129382
0,51,23,1324392.0,4166666.0,-4.977721400724552
0,52,0,1269710.0,4000000.0,-4.983554513023475
0,52,1,1282766.0,4000000.0,-4.939125509914779
0,52,2,1370477.0,4000000.0,-4.651882399288418
0,52,3,1301244.0,4000000.0,-4.877012513245659
0,52,4,1292760.0,4000000.0,-4.90542085434602
0,52,5,1275325.0,4000000.0,-4.964391181497404
0,52,6,1207728.0,4000000.0,-5.200908562152536
0,52,7,1226584.0,4000000.0,-5.133626960319512
0,52,8,1329155.0,4000000.0,-4.784843619882999
0,52,9,1212230.0,4000000.0,-5.184749636971667
0,52,10,1195912.0,4000000.0,-5.243607676291545
0,52,11,1421982.0,4000000.0,-4.491658923675139
0,52,12,2059482.0,4000000.0,-2.8830199077955903
0,52,13,1460167.0,4000000.0,-4.376574622347338
0,52,14,1380921.0,4000000.0,-4.6189115724276855
0,52,15,1343946.0,4000000.0,-4.736781722925721
0,52,16,1352411.0,4000000.0,-4.709512968326688
0,52,17,1268986.0,4000000.0,-4.986031605305671
0,52,18,1204687.0,4000000.0,-5.211857675128551
0,52,19,1355968.0,4000000.0,-4.69810550755181
0,52,20,1309806.0,4000000.0,-4.848530158009735
0,52,21,1683737.0,4000000.0,-3.7578573573726795
0,52,22,1451954.0,4000000.0,-4.401071338224432
0,52,23,1308655.0,4000000.0,-4.852348225041219
0,52,24,1332593.0,4000000.0,-4.7736246370258195
0,53,0,1281927.0,4166666.0,-5.119253940395709
0,53,1,2156509.0,4166666.0,-2.860374138258248
0,53,2,2145244.0,4166666.0,-2.8831199282739757
0,53,3,1397999.0,4166666.0,-4.742818280458557
0,53,4,1541381.0,4166666.0,-4.31878687496301
0,53,5,1358246.0,4166666.0,-4.868102540798571
0,53,6,1299179.0,4166666.0,-5.061196968070569
0,53,7,1358508.0,4166666.0,-4.867264885607034
0,53,8,1294330.0,4166666.0,-5.0774367142721974
0,53,9,1236246.0,4166666.0,-5.276837893978459
0,53,10,1295952.0,4166666.0,-5.071997725453854
0,53,11,1295919.0,4166666.0,-5.0721083152008255
0,53,12,1337691.0,4166666.0,-4.934328836603008
0,53,13,1319231.0,4166666.0,-4.994678407594452
0,53,14,1353336.0,4166666.0,-4.883830541919091
0,53,15,1266640.0,4166666.0,-5.171354900420918
0,53,16,1305858.0,4166666.0,-5.0389273480962835
0,53,17,1338912.0,4166666.0,-4.930366548589534
0,53,18,1286175.0,4166666.0,-5.104886250625046
0,53,19,1385885.0,4166666.0,-4.780614945554396
0,53,20,4275787.0,4166666.0,0.1122737372501851
0,53,21,1440110.0,4166666.0,-4.613930227001451
0,53,22,1495407.0,4166666.0,-4.4502927955343115
0,53,23,1424566.0,4166666.0,-4.661061139398449
0,54,0,1403027.0,4761904.0,-5.307146070612304
0,54,1,1412588.0,4761904.0,-5.277651231997283
0,54,2,1389881.0,4761904.0,-5.34803017723222
0,54,3,1390585.0,4761904.0,-5.345830953635934
0,54,4,1382263.0,4761904.0,-5.371899526670335
0,54,5,1356234.0,4761904.0,-5.454460080906472
0,54,6,1446981.0,4761904.0,-5.17317807251027
0,54,7,1330265.0,4761904.0,-5.538424710722562
0,54,8,1349355.0,4761904.0,-5.476544131207603
0,54,9,1339167.0,4761904.0,-5.509458969625719
0,54,10,1355395.0,4761904.0,-5.457147565676287
0,54,11,1358059.0,4761904.0,-5.448619977801093
0,54,12,1444573.0,4761904.0,-5.18041142422478
0,54,13,1334785.0,4761904.0,-5.52369318268058
0,54,14,1345222.0,4761904.0,-5.48986674549032
0,54,15,1488952.0,4761904.0,-5.048999383431961
0,54,16,1460126.0,4761904.0,-5.133903014030123
0,54,17,2095649.0,4761904.0,-3.5646209130710362
0,54,18,1429998.0,4761904.0,-5.224452057191908
0,54,19,1242706.0,4761904.0,-5.83412240588715
0,54,20,1201685.0,4761904.0,-5.979899956417036
0,55,0,1192452.0,5555555.0,-6.682865451426706
0,55,1,1181169.0,5555555.0,-6.724154111640509
0,55,2,1204201.0,5555555.0,-6.640284679464701
0,55,3,1184652.0,5555555.0,-6.71136659497447
0,55,4,1184644.0,5555555.0,-6.71139592314499
0,55,5,1215531.0,5555555.0,-6.599614122226807
0,55,6,1188940.0,5555555.0,-6.695675130187832
0,55,7,1189719.0,5555555.0,-6.692830540749011
0,55,8,1176534.0,5555555.0,-6.741229693397974
0,55,9,1209395.0,5555555.0,-6.621592826966577
0,55,10,1176992.0,5555555.0,-6.739539405079745
0,55,11,1176302.0,5555555.0,-6.742086160403138
0,55,12,1385403.0,5555555.0,-6.031513277289795
0,55,13,1197115.0,5555555.0,-6.665915788666549
0,55,14,1192063.0,5555555.0,-6.684282431860539
0,55,15,1211426.0,5555555.0,-6.614305610772595
0,55,16,1188563.0,5555555.0,-6.697052449342001
0,55,17,1183981.0,5555555.0,-6.713827183889277
0,56,0,1202866.0,6250000.0,-7.156627679775966
0,56,1,1183498.0,6250000.0,-7.22712488995068
0,56,2,1196917.0,6250000.0,-7.178159819683966
0,56,3,1185968.0,6250000.0,-7.2180704636887585
0,56,4,1213029.0,6250000.0,-7.120088336337886
0,56,5,1177702.0,6250000.0,-7.2484460476064925
0,56,6,1173624.0,6250000.0,-7.2635103532190985
0,56,7,1211609.0,6250000.0,-7.125175266715205
0,56,8,1269332.0,6250000.0,-6.923047885432232
0,56,9,1187043.0,6250000.0,-7.21413566018399
0,56,10,1206590.0,6250000.0,-7.143202957030033
0,56,11,1503077.0,6250000.0,-6.1889878804223795
0,56,12,1309094.0,6250000.0,-6.789091849907344
0,56,13,1458685.0,6250000.0,-6.31918500318254
0,56,14,1198602.0,6250000.0,-7.172050193146293
0,56,15,1185437.0,6250000.0,-7.220015389787378
0,57,0,1226258.0,6666666.0,-7.353268438183847
0,57,1,1191592.0,6666666.0,-7.477811186881414
0,57,2,1180997.0,6666666.0,-7.516599031063498
0,57,3,1195773.0,6666666.0,-7.462599544880994
0,57,4,1276960.0,6666666.0,-7.17731404050477
0,57,5,1186724.0,6666666.0,-7.495589720014232
0,57,6,1201223.0,6666666.0,-7.442850584056281
0,57,7,1179708.0,6666666.0,-7.52134172989971
0,57,8,1188707.0,6666666.0,-7.4883387734898506
0,57,9,1221181.0,6666666.0,-7.371286588972091
0,57,10,1192259.0,6666666.0,-7.4753808803984265
0,57,11,1228056.0,6666666.0,-7.346905262011979
0,57,12,1208597.0,6666666.0,-7.416271856142318
0,57,13,1214323.0,6666666.0,-7.39574476624298
0,57,14,1193165.0,6666666.0,-7.472081921223671
0,58,0,1176595.0,6250000.0,-7.2525301884510665
0,58,1,1402234.0,6250000.0,-6.490595240922616
0,58,2,1207021.0,6250000.0,-7.141651912361361
0,58,3,1178120.0,6250000.0,-7.246904886217045
0,58,4,1192145.0,6250000.0,-7.195509357065928
0,58,5,1189809.0,6250000.0,-7.204027676353154
0,58,6,1250479.0,6250000.0,-6.988036145687971
0,58,7,1234327.0,6250000.0,-7.044497883740913
0,58,8,1173335.0,6250000.0,-7.264579916904738
0,58,9,1170820.0,6250000.0,-7.273898848810472
0,58,10,1211781.0,6250000.0,-7.124558786074344
0,58,11,1199861.0,6250000.0,-7.167490799877054
0,58,12,1275074.0,6250000.0,-6.903446271944379
0,58,13,1187867.0,6250000.0,-7.211121999308857
0,58,14,1321446.0,6250000.0,-6.748305966649872
0,58,15,1309571.0,6250000.0,-6.787509681358416
0,59,0,1299449.0,5263157.0,-6.074870859766217
0,59,1,1243058.0,5263157.0,-6.267549323016922
0,59,2,1344240.0,5263157.0,-5.927695108367561
0,59,3,1242886.0,5263157.0,-6.268150291107969
0,59,4,1350311.0,5263157.0,-5.908125196637956
0,59,5,1369024.0,5263157.0,-5.84835263513936
0,59,6,1271564.0,5263157.0,-6.169081013680973
0,59,7,1264264.0,5263157.0,-6.194085536666581
0,59,8,1350725.0,5263157.0,-5.906793871050915
0,59,9,1232609.0,5263157.0,-6.304209907725782
0,59,10,1243166.0,5263157.0,-6.267172013457727
0,59,11,1334518.0,5263157.0,-5.959218892831949
0,59,12,1239035.0,5263157.0,-6.281627508086124
0,59,13,1379420.0,5263157.0,-5.815498067491374
0,59,14,1344363.0,5263157.0,-5.927297740505431
0,59,15,1277559.0,5263157.0,-6.148653594375492
0,59,16,1376177.0,5263157.0,-5.8257202999517155
0,59,17,1311963.0,5263157.0,-6.033247379841809
0,59,18,1264018.0,5263157.0,-6.194930667414536
0,60,0,1317669.0,4545454.0,-5.377709383881247
0,60,1,1294130.0,4545454.0,-5.455993621000696
0,60,2,1263423.0,4545454.0,-5.560284883127448
0,60,3,1285613.0,4545454.0,-5.484670117392434
0,60,4,1337612.0,4545454.0,-5.312471108024354
0,60,5,1364386.0,4545454.0,-5.226400126111307
0,60,6,1315274.0,4545454.0,-5.38561031885049
0,60,7,1313058.0,4545454.0,-5.392933570250527
0,60,8,1295477.0,4545454.0,-5.451475601703692
0,60,9,1356415.0,4545454.0,-5.251846832571942
0,60,10,1279814.0,4545454.0,-5.504304104171513
0,60,11,1249915.0,4545454.0,-5.606967870833001
0,60,12,1208388.0,4545454.0,-5.753708632381543
0,60,13,1222857.0,4545454.0,-5.70201593134896
0,60,14,1240880.0,4545454.0,-5.63847482225825
0,60,15,1283463.0,4545454.0,-5.491939138270572
0,60,16,1259364.0,4545454.0,-5.574259925991964
0,60,17,1268929.0,4545454.0,-5.54139944235555
0,60,18,1249094.0,4545454.0,-5.609821448250854
0,60,19,1351468.0,4545454.0,-5.267715001116531
0,60,20,1243059.0,4545454.0,-5.630855247713033
0,60,21,1327310.0,4545454.0,-5.346049006665518
0,61,0,1350626.0,4166666.0,-4.8925358302332365
0,61,1,1299001.0,4166666.0,-5.06179203398517
0,61,2,1442501.0,4166666.0,-4.606725659029086
0,61,3,1257648.0,4166666.0,-5.202295842970054
0,61,4,1419519.0,4166666.0,-4.67647478948953
0,61,5,1327816.0,4166666.0,-4.96650791270122
0,61,6,1344441.0,4166666.0,-4.912469405808556
0,61,7,1333610.0,4166666.0,-4.947598454362291
0,61,8,1275089.0,4166666.0,-5.142481896313646
0,61,9,1342753.0,4166666.0,-4.9179255744504635
0,61,10,1382655.0,4166666.0,-4.790748603099563
0,61,11,1304017.0,4166666.0,-5.045054356277109
0,61,12,1328659.0,4166666.0,-4.963751551278404
0,61,13,1339672.0,4166666.0,-4.9279020836699825
0,61,14,1456554.0,4166666.0,-4.564620985898737
0,61,15,1360385.0,4166666.0,-4.86126854171242
0,61,16,1375841.0,4166666.0,-4.812204415387971
0,61,17,1297483.0,4166666.0,-5.0668701249623584
0,61,18,1228746.0,4166666.0,-5.303265717399238
0,61,19,1343277.0,4166666.0,-4.91623110110948
0,61,20,1303313.0,4166666.0,-5.047399616161281
0,61,21,1220960.0,4166666.0,-5.330872525908953
0,61,22,1395076.0,4166666.0,-4.751908213482436
0,61,23,1295476.0,4166666.0,-5.073593171483694
0,62,0,1232166.0,4000000.0,-5.113907704902009
0,62,1,1339102.0,4000000.0,-4.752463326505235
0,62,2,1306238.0,4000000.0,-4.860376775820933
0,62,3,1344226.0,4000000.0,-4.735877000643273
0,62,4,1371218.0,4000000.0,-4.64953485721006
0,62,5,1289826.0,4000000.0,-4.915288642354613
0,62,6,1250258.0,4000000.0,-5.050603491882494
0,62,7,1335561.0,4000000.0,-4.763962626857381
0,62,8,1351879.0,4000000.0,-4.711221695329732
0,62,9,1264931.0,4000000.0,-4.999931552521291
0,62,10,1339430.0,4000000.0,-4.751399694704112
0,62,11,1341408.0,4000000.0,-4.7449909923424745
0,62,12,1300040.0,4000000.0,-4.881032763195691
0,62,13,1219107.0,4000000.0,-5.16018166373888
0,62,14,1349923.0,4000000.0,-4.71750994409861
0,62,15,1273414.0,4000000.0,-4.970903711108635
0,62,16,1314479.0,4000000.0,-4.833063390803098
0,62,17,1283947.0,4000000.0,-4.935128944507399
0,62,18,1230486.0,4000000.0,-5.119833144978653
0,62,19,1297857.0,4000000.0,-4.88833147501634
0,62,20,1349627.0,4000000.0,-4.718462333698051
0,62,21,1239161.0,4000000.0,-5.089322548719447
0,62,22,1824713.0,4000000.0,-3.408654251754645
0,62,23,1346040.0,4000000.0,-4.730020254064556
0,62,24,1405356.0,4000000.0,-4.542736391499158
0,63,0,1330840.0,4166666.0,-4.956628431642936
0,63,1,1343221.0,4166666.0,-4.916412158314734
0,63,2,1356722.0,4166666.0,-4.872978214176211
0,63,3,1294662.0,4166666.0,-5.076322877158894
0,63,4,1202170.0,4166666.0,-5.398228027972062
0,63,5,1366044.0,4166666.0,-4.843240006933472
0,63,6,1308080.0,4166666.0,-5.0315438327166095
0,63,7,1226076.0,4166666.0,-5.3127129744625625
0,63,8,1351764.0,4166666.0,-4.888878126129683
0,63,9,1309842.0,4166666.0,-5.025697768604211
0,63,10,1225847.0,4166666.0,-5.313524202520254
0,63,11,1372701.0,4166666.0,-4.822127387395963
0,63,12,1312669.0,4166666.0,-5.016334597384708
0,63,13,1282149.0,4166666.0,-5.1185019082779135
0,63,14,1361897.0,4166666.0,-4.856444255880454
0,63,15,1318000.0,4166666.0,-4.998732785432802
0,63,16,1312810.0,4166666.0,-5.0158681261464535
0,63,17,1424885.0,4166666.0,-4.660088741976589
0,63,18,1294870.0,4166666.0,-5.075625197018775
0,63,19,1224157.0,4166666.0,-5.319515684908254
0,63,20,1368710.0,4166666.0,-4.8347724851341765
0,63,21,1275046.0,4166666.0,-5.142628356502801
0,63,22,3225259.0,4166666.0,-1.1122409300693827
0,63,23,3214047.0,4166666.0,-1.1273646550543144
0,64,0,1590792.0,4761904.0,-4.761672375010924
0,64,1,1719587.0,4761904.0,-4.423564825682327
0,64,2,1815330.0,4761904.0,-4.188250509513047
0,64,3,2317782.0,4761904.0,-3.1270804998801625
0,64,4,1365734.0,4761904.0,-5.424145144579162
0,64,5,1371970.0,4761904.0,-5.404360207470756
0,64,6,1344387.0,4761904.0,-5.492563315170448
0,64,7,1356214.0,4761904.0,-5.454524125560145
0,64,8,1296553.0,4761904.0,-5.649903613862126
0,64,9,1309714.0,4761904.0,-5.606041659112896
0,64,10,1464805.0,4761904.0,-5.120008220517411
0,64,11,1372097.0,4761904.0,-5.403958210003193
0,64,12,1393678.0,4761904.0,-5.336181912686204
0,64,13,1349993.0,4761904.0,-5.474491191871039
0,64,14,1409503.0,4761904.0,-5.287146312137213
0,64,15,1486879.0,4761904.0,-5.055050080575807
0,64,16,1306332.0,4761904.0,-5.617270702914581
0,64,17,1458329.0,4761904.0,-5.1392512361723774
0,64,18,1353112.0,4761904.0,-5.464468902021347
0,64,19,1295847.0,4761904.0,-5.6522690814736345
0,64,20,1353540.0,4761904.0,-5.46309541152605
0,65,0,1297142.0,5555555.0,-6.317399299392426
0,65,1,1197589.0,5555555.0,-6.664196531613396
0,65,2,1343517.0,5555555.0,-6.164842853802429
0,65,3,1274245.0,5555555.0,-6.394745133278789
0,65,4,1332800.0,5555555.0,-6.199624674045312
0,65,5,1344118.0,5555555.0,-6.162900544017251
0,65,6,1343771.0,5555555.0,-6.1640218714683295
0,65,7,1290683.0,5555555.0,-6.339078616066029
0,65,8,1402497.0,5555555.0,-5.978255105121919
0,65,9,1293756.0,5555555.0,-6.328750745515847
0,65,10,1230759.0,5555555.0,-6.545544312060408
0,65,11,1328194.0,5555555.0,-6.2146593744725
0,65,12,1303610.0,5555555.0,-6.295797681858265
0,65,13,1284540.0,5555555.0,-6.3597981891875275
0,65,14,1398858.0,5555555.0,-5.989538205682811
0,65,15,1297772.0,5555555.0,-6.3152905163732225
0,65,16,1230437.0,5555555.0,-6.546680693104183
0,65,17,1332997.0,5555555.0,-6.198982794614202
0,66,0,1300827.0,6250000.0,-6.816604747726505
0,66,1,1227370.0,6250000.0,-7.0690451351241155
0,66,2,1406966.0,6250000.0,-6.475964147144447
0,66,3,1304970.0,6250000.0,-6.802794895657264
0,66,4,1282045.0,6250000.0,-6.879767480827307
0,66,5,1365389.0,6250000.0,-6.606236176262374
0,66,6,1318966.0,6250000.0,-6.756464167959665
0,66,7,1224009.0,6250000.0,-7.080954062044943
0,66,8,1407562.0,6250000.0,-6.474124836858081
0,66,9,1309033.0,6250000.0,-6.789294223309406
0,66,10,1229563.0,6250000.0,-7.061292314418469
0,66,11,1386785.0,6250000.0,-6.538708818304832
0,66,12,1301808.0,6250000.0,-6.813330812603651
0,66,13,1229478.0,6250000.0,-7.061592553666017
0,66,14,1349902.0,6250000.0,-6.65577776555812
0,66,15,1293005.0,6250000.0,-6.84279813060579
0,67,0,1234797.0,6666666.0,-7.323131318433177
0,67,1,1360957.0,6666666.0,-6.900642938087678
0,67,2,1292533.0,6666666.0,-7.124670575206888
0,67,3,1235910.0,6666666.0,-7.3192185129806875
0,67,4,1330628.0,6666666.0,-6.998520395820886
0,67,5,1294812.0,6666666.0,-7.117019818309554
0,67,6,1246957.0,6666666.0,-7.280572199663227
0,67,7,1392341.0,6666666.0,-6.801630856010633
0,67,8,1267603.0,6666666.0,-7.209254391629798
0,67,9,1359310.0,6666666.0,-6.905901856415156
0,67,10,1430360.0,6666666.0,-6.684633409331146
0,67,11,1353601.0,6666666.0,-6.924180309760065
0,67,12,1292375.0,6666666.0,-7.125201491806057
0,67,13,1284345.0,6666666.0,-7.152269981818651
0,67,14,1358228.0,6666666.0,-6.909360182696151
0,68,0,1290835.0,6250000.0,-6.850092848911105
0,68,1,1268372.0,6250000.0,-6.92633371169499
0,68,2,1350046.0,6250000.0,-6.655314509188343
0,68,3,1237022.0,6250000.0,-7.035025938720768
0,68,4,1300402.0,6250000.0,-6.81802388580663
0,68,5,1348168.0,6250000.0,-6.661360027955332
0,68,6,1331201.0,6250000.0,-6.71636382154699
0,68,7,1314006.0,6250000.0,-6.772826690450148
0,68,8,1349737.0,6250000.0,-6.656308640905552
0,68,9,1269194.0,6250000.0,-6.92352006998785
0,68,10,1302769.0,6250000.0,-6.81012601569384
0,68,11,1314717.0,6250000.0,-6.770477387125583
0,68,12,1290380.0,6250000.0,-6.851623941759338
0,68,13,1268692.0,6250000.0,-6.925238160026241
0,68,14,1344854.0,6250000.0,-6.672048783112451
0,68,15,1238938.0,6250000.0,-7.02830443761878
0,69,0,1374978.0,5263157.0,-5.829505758181222
0,69,1,1341694.0,5263157.0,-5.935928475844895
0,69,2,1281036.0,5263157.0,-6.136849906467626
0,69,3,1316725.0,5263157.0,-6.017512438417469
0,69,4,1236284.0,5263157.0,-6.291280765800473
0,69,5,1249962.0,5263157.0,-6.2434951496197915
0,69,6,1297059.0,5263157.0,-6.082865937038388
0,69,7,1222572.0,5263157.0,-6.339718800947192
0,69,8,1224769.0,5263157.0,-6.331921397699743
0,69,9,1297259.0,5263157.0,-6.082196328327716
0,69,10,1344562.0,5263157.0,-5.926654921519727
0,69,11,1287757.0,5263157.0,-6.114124059165844
0,69,12,1389106.0,5263157.0,-5.785109380406047
0,69,13,1311540.0,5263157.0,-6.034647847593795
0,69,14,1248276.0,5263157.0,-6.249357045945554
0,69,15,1307108.0,5263157.0,-6.049348525055141
0,69,16,1199314.0,5263157.0,-6.423134218396777
0,69,17,1320416.0,5263157.0,-6.0053554700989675
0,69,18,1263983.0,5263157.0,-6.1950509229592745
0,70,0,1225460.0,4545454.0,-5.692781269641866
0,70,1,1309618.0,4545454.0,-5.4043263147183005
0,70,2,1312177.0,4545454.0,-5.3958484594160305
0,70,3,1359162.0,4545454.0,-5.243060432122137
0,70,4,1315379.0,4545454.0,-5.385263629867762
0,70,5,1352187.0,4545454.0,-5.265405107732577
0,70,6,1363290.0,4545454.0,-5.229890179752442
0,70,7,1459827.0,4545454.0,-4.932758752486258
0,70,8,1286137.0,4545454.0,-5.482900347300733
0,70,9,1339794.0,4545454.0,-5.305392385041663
0,70,10,1288189.0,4545454.0,-5.475976807192703
0,70,11,1246424.0,4545454.0,-5.619114642763123
0,70,12,1252730.0,4545454.0,-5.597197891613876
0,70,13,1284090.0,4545454.0,-5.489818031944305
0,70,14,1325323.0,4545454.0,-5.352555321688676
0,70,15,1339562.0,4545454.0,-5.306144478604844
0,70,16,1390170.0,4545454.0,-5.145093549036788
0,70,17,1319140.0,4545454.0,-5.372863775047586
0,70,18,1272175.0,4545454.0,-5.5303041022590715
0,70,19,1425725.0,4545454.0,-5.035415020655156
0,70,20,1301336.0,4545454.0,-5.4318782284066405
0,70,21,1886401.0,4545454.0,-3.819432490875379
0,71,0,1404148.0,4166666.0,-4.723758030902375
0,71,1,1354618.0,4166666.0,-4.879718466400856
0,71,2,1272181.0,4166666.0,-5.152397836924781
0,71,3,1272691.0,4166666.0,-5.150657158503737
0,71,4,1238409.0,4166666.0,-5.269245892640252
0,71,5,1241191.0,4166666.0,-5.259500709904227
0,71,6,1212040.0,4166666.0,-5.362717360563014
0,71,7,1330365.0,4166666.0,-4.958178781060547
0,71,8,1313470.0,4166666.0,-5.01368530966009
0,71,9,1370724.0,4166666.0,-4.8283867189931415
0,71,10,1240922.0,4166666.0,-5.260442046709516
0,71,11,1231262.0,4166666.0,-5.294382125984364
0,71,12,1411690.0,4166666.0,-4.700493504923447
0,71,13,1320150.0,4166666.0,-4.991654087536089
0,71,14,1333796.0,4166666.0,-4.946992781481861
0,71,15,1242277.0,4166666.0,-5.255702442019075
0,71,16,1353601.0,4166666.0,-4.882980222624093
0,71,17,1270198.0,4166666.0,-5.1591726421938375
0,71,18,1306029.0,4166666.0,-5.038358683705279
0,71,19,1298266.0,4166666.0,-5.064250051991942
0,71,20,1377248.0,4166666.0,-4.807765384254309
0,71,21,1312137.0,4166666.0,-5.018095067815942
0,71,22,1355184.0,4166666.0,-4.8779042328861415
0,71,23,1262201.0,4166666.0,-5.186601688852606
0,72,0,1307659.0,4000000.0,-4.855654841333235
0,72,1,1284959.0,4000000.0,-4.931707207484544
0,72,2,1242969.0,4000000.0,-5.075996939790165
0,72,3,1234920.0,4000000.0,-5.10421167079564
0,72,4,1275361.0,4000000.0,-4.964268590152569
0,72,5,1289237.0,4000000.0,-4.91727230428368
0,72,6,1306103.0,4000000.0,-4.860825643370071
0,72,7,1278051.0,4000000.0,-4.955118068509266
0,72,8,1285986.0,4000000.0,-4.928237506992011
0,72,9,1358678.0,4000000.0,-4.689434480560232
0,72,10,1361188.0,4000000.0,-4.681418795529966
0,72,11,1251143.0,4000000.0,-5.047530408977981
0,72,12,1370024.0,4000000.0,-4.653318161596799
0,72,13,1335303.0,4000000.0,-4.7648016660348125
0,72,14,1264669.0,4000000.0,-5.000831182143884
0,72,15,1355781.0,4000000.0,-4.698704479420112
0,72,16,1357920.0,4000000.0,-4.691858064953844
0,72,17,1352900.0,4000000.0,-4.707942945479307
0,72,18,1245268.0,4000000.0,-5.067971632731294
0,72,19,1338846.0,4000000.0,-4.7532936591906045
0,72,20,1370560.0,4000000.0,-4.651619386114871
0,72,21,1333750.0,4000000.0,-4.769855588954361
0,72,22,1302799.0,4000000.0,-4.8718257478993845
0,72,23,1414264.0,4000000.0,-4.515295047515399
0,72,24,1297606.0,4000000.0,-4.889171463221123
0,73,0,1341542.0,4166666.0,-4.9218441501156995
0,73,1,1317337.0,4166666.0,-5.0009179879141294
0,73,2,1345795.0,4166666.0,-4.90809778355572
0,73,3,1364675.0,4166666.0,-4.847594531844573
0,73,4,1418876.0,4166666.0,-4.678442460350285
0,73,5,1306162.0,4166666.0,-5.0379164406522765
0,73,6,1287204.0,4166666.0,-5.101413081335203
0,73,7,1359853.0,4166666.0,-4.862967250923292
0,73,8,1364784.0,4166666.0,-4.847247663849467
0,73,9,1341639.0,4166666.0,-4.921530145471488
0,73,10,1396785.0,4166666.0,-4.746591262801315
0,73,11,1572384.0,4166666.0,-4.232300728513017
0,73,12,1293312.0,4166666.0,-5.0808538160612855
0,73,13,1244557.0,4166666.0,-5.247738969618563
0,73,14,1305522.0,4166666.0,-5.040044940685067
0,73,15,1250281.0,4166666.0,-5.227810573655832
0,73,16,1348784.0,4166666.0,-4.898462833243742
0,73,17,1343226.0,4166666.0,-4.916395992185944
0,73,18,1328617.0,4166666.0,-4.963888837493622
0,73,19,1298788.0,4166666.0,-5.062504214419013
0,73,20,1240908.0,4166666.0,-5.260491043802361
0,73,21,1260796.0,4166666.0,-5.191438664958001
0,73,22,1327321.0,4166666.0,-4.968127232314731
0,73,23,1220046.0,4166666.0,-5.334124833973828
0,74,0,1314891.0,4761904.0,-5.588908829992324
0,74,1,1322235.0,4761904.0,-5.5647198688255095
0,74,2,1222546.0,4761904.0,-5.905154267396836
0,74,3,1251152.0,4761904.0,-5.8047056129640415
0,74,4,1234782.0,4761904.0,-5.861903458383951
0,74,5,1282984.0,4761904.0,-5.695593954251041
0,74,6,1274718.0,4761904.0,-5.723665173538866
0,74,7,1285992.0,4761904.0,-5.685423688755619
0,74,8,1341015.0,4761904.0,-5.503470000744175
0,74,9,1238392.0,4761904.0,-5.849224979691114
0,74,10,1250068.0,4761904.0,-5.808469977936797
0,74,11,1320059.0,4761904.0,-5.57187293359619
0,74,12,1287973.0,4761904.0,-5.678738768498209
0,74,13,1377115.0,4761904.0,-5.388104269817244
0,74,14,1213056.0,4761904.0,-5.938997855062783
0,74,15,1269719.0,4761904.0,-5.740730173838852
0,74,16,1311841.0,4761904.0,-5.598994356533279
0,74,17,1323126.0,4761904.0,-5.561794321816928
0,74,18,1312050.0,4761904.0,-5.598302501979033
0,74,19,1338291.0,4761904.0,-5.512300784359859
0,74,20,1353292.0,4761904.0,-5.463891212904292
0,75,0,1274149.0,5555555.0,-6.395072337551618
0,75,1,1299059.0,5555555.0,-6.310985753807063
0,75,2,1318871.0,5555555.0,-6.245251325910491
0,75,3,1247355.0,5555555.0,-6.487373792238365
0,75,4,1357142.0,5555555.0,-6.12102160483991
0,75,5,1333985.0,5555555.0,-6.195765052854046
0,75,6,1259455.0,5555555.0,-6.445447965849333
0,75,7,1311587.0,5555555.0,-6.269303480263694
0,75,8,1350072.0,5555555.0,-6.143705212175106
0,75,9,1282472.0,5555555.0,-6.366795594597941
0,75,10,1320978.0,5555555.0,-6.238318666749443
0,75,11,1359829.0,5555555.0,-6.112431526746894
0,75,12,1243084.0,5555555.0,-6.502269748739659
0,75,13,1245364.0,5555555.0,-6.494311441426643
0,75,14,1352524.0,5555555.0,-6.135824712375544
0,75,15,1289191.0,5555555.0,-6.344101864792431
0,75,16,1307001.0,5555555.0,-6.284515316033667
0,75,17,1322046.0,5555555.0,-6.234808849722299
0,76,0,1498328.0,6250000.0,-6.20273121873039
0,76,1,1358529.0,6250000.0,-6.628111037726841
0,76,2,1339529.0,6250000.0,-6.689278970828322
0,76,3,1349912.0,6250000.0,-6.655745593380191
0,76,4,1362484.0,6250000.0,-6.615486063972378
0,76,5,1306310.0,6250000.0,-6.798337658924072
0,76,6,1350728.0,6250000.0,-6.65312114652302
0,76,7,1249756.0,6250000.0,-6.990547868939332
0,76,8,1202157.0,6250000.0,-7.159188277296982
0,76,9,1439931.0,6250000.0,-6.3753833569133755
0,76,10,1313140.0,6250000.0,-6.775689866192573
0,76,11,1225107.0,6250000.0,-7.077059960066283
0,76,12,1336676.0,6250000.0,-6.698538669739697
0,76,13,1328215.0,6250000.0,-6.7261163677294435
0,76,14,1292166.0,6250000.0,-6.84561707823525
0,76,15,1418345.0,6250000.0,-6.440981353177841
0,77,0,1292964.0,6666666.0,-7.12322264528522
0,77,1,1226990.0,6666666.0,-7.350676742846176
0,77,2,1307893.0,6666666.0,-7.073364821278201
0,77,3,1295045.0,6666666.0,-7.11623838045753
0,77,4,1232866.0,6666666.0,-7.329928217488918
0,77,5,1426844.0,6666666.0,-6.695322041778438
0,77,6,1304995.0,6666666.0,-7.082998498072884
0,77,7,1225422.0,6666666.0,-7.356230245605233
0,77,8,1425229.0,6666666.0,-6.700240468924159
0,77,9,1288997.0,6666666.0,-7.13656790933352
0,77,10,1225841.0,6666666.0,-7.354745546577101
0,77,11,1451364.0,6666666.0,-6.621323509859974
0,77,12,1302117.0,6666666.0,-7.092586885734239
0,77,13,1282172.0,6666666.0,-7.159624089620623
0,77,14,1432064.0,6666666.0,-6.679462701675104
0,78,0,1316849.0,5882352.0,-6.500150308520061
0,78,1,1334297.0,5882352.0,-6.4429849956555785
0,78,2,1383147.0,5882352.0,-6.286826700258615
0,78,3,1301793.0,5882352.0,-6.550090772103083
0,78,4,1225461.0,5882352.0,-6.812515146434524
0,78,5,1355020.0,5882352.0,-6.376053037208312
0,78,6,1331918.0,5882352.0,-6.4507352096978865
0,78,7,1287407.0,5882352.0,-6.598351429519463
0,78,8,1379119.0,5882352.0,-6.299492673869029
0,78,9,1270669.0,5882352.0,-6.655185743909723
0,78,10,1289357.0,5882352.0,-6.591778267201322
0,78,11,1279323.0,5882352.0,-6.625708013191463
0,78,12,1311107.0,5882352.0,-6.51912873040771
0,78,13,1256176.0,5882352.0,-6.705005174452584
0,78,14,1351397.0,5882352.0,-6.387680586457596
0,78,15,1354905.0,5882352.0,-6.376421636822314
0,78,16,1311882.0,5882352.0,-6.5165623587357775
0,79,0,1305400.0,5263157.0,-6.055027168571449
0,79,1,1353124.0,5263157.0,-5.899087281404229
0,79,2,1268357.0,5263157.0,-6.180048151191265
0,79,3,1315741.0,5263157.0,-6.020759172013238
0,79,4,1352047.0,5263157.0,-5.902545363586262
0,79,5,1360808.0,5263157.0,-5.874494714485378
0,79,6,1342069.0,5263157.0,-5.934714803610993
0,79,7,1304208.0,5263157.0,-6.05899465379093
0,79,8,1338967.0,5263157.0,-5.944764516363935
0,79,9,1353580.0,5263157.0,-5.897623964502038
0,79,10,1266247.0,5263157.0,-6.187278957806429
0,79,11,1348629.0,5263157.0,-5.913538310031596
0,79,12,1309230.0,5263157.0,-6.042303769425912
0,79,13,1346904.0,5263157.0,-5.9190968254239245
0,79,14,1363536.0,5263157.0,-5.865797165698503
0,79,15,1303776.0,5263157.0,-6.0604334296261975
0,79,16,1349115.0,5263157.0,-5.9119735424295685
0,79,17,1361101.0,5263157.0,-5.873559721554393
0,79,18,1366354.0,5263157.0,-5.856830926877821
0,80,0,1360194.0,4545454.0,-5.2397641227986025
0,80,1,1376677.0,4545454.0,-5.187452103004329
0,80,2,1295848.0,4545454.0,-5.45023204287655
0,80,3,1199368.0,4545454.0,-5.786248096949392
0,80,4,1412736.0,4545454.0,-5.07516254863795
0,80,5,1298233.0,4545454.0,-5.4422462272355565
0,80,6,1295369.0,4545454.0,-5.451837674972984
0,80,7,1463011.0,4545454.0,-4.923296755773733
0,80,8,1290750.0,4545454.0,-5.467351333431925
0,80,9,1326466.0,4545454.0,-5.348811444452918
0,80,10,1423602.0,4545454.0,-5.041886775955268
0,80,11,1339025.0,4545454.0,-5.30788581565984
0,80,12,1256049.0,4545454.0,-5.585706849745557
0,80,13,1330101.0,4545454.0,-5.336926470899133
0,80,14,1352891.0,4545454.0,-5.263144593823828
0,80,15,1269114.0,4545454.0,-5.540766320857654
0,80,16,1270791.0,4545454.0,-5.535031366581913
0,80,17,1295006.0,4545454.0,-5.453054864746378
0,80,18,1270190.0,4545454.0,-5.537085777760044
0,80,19,1282001.0,4545454.0,-5.4968890311653995
0,80,20,1227173.0,4545454.0,-5.6867147560748705
0,80,21,1264034.0,4545454.0,-5.5581851130137565
0,81,0,1237289.0,4000000.0,-5.095888394385433
0,81,1,1265244.0,4000000.0,-4.998857048397828
0,81,2,1335585.0,4000000.0,-4.763884584941544
0,81,3,1329924.0,4000000.0,-4.782331678974931
0,81,4,1342480.0,4000000.0,-4.741521669409786
0,81,5,1277763.0,4000000.0,-4.956096831528153
0,81,6,1261507.0,4000000.0,-5.011703266028361
0,81,7,1284962.0,4000000.0,-4.931697068002079
0,81,8,1323026.0,4000000.0,-4.80491612336548
0,81,9,1325167.0,4000000.0,-4.797893790111499
0,81,10,1223643.0,4000000.0,-5.144052612184963
0,81,11,1315829.0,4000000.0,-4.828605375984675
0,81,12,1255142.0,4000000.0,-5.033671289947275
0,81,13,1291846.0,4000000.0,-4.908492465051918
0,81,14,1317645.0,4000000.0,-4.822615729577317
0,81,15,1297783.0,4000000.0,-4.88857910405326
0,81,16,1231337.0,4000000.0,-5.116830617024201
0,81,17,1268088.0,4000000.0,-4.989105985170315
0,81,18,1310136.0,4000000.0,-4.847436109517165
0,81,19,1351554.0,4000000.0,-4.712265891411517
0,81,20,1290363.0,4000000.0,-4.913480897726997
0,81,21,1338005.0,4000000.0,-4.756022549751176
0,81,22,1350562.0,4000000.0,-4.7154546527038
0,81,23,1249448.0,4000000.0,-5.053418051215903
0,81,24,1305021.0,4000000.0,-4.864424910630573
0,82,0,1357595.0,4000000.0,-4.692897615148134
0,82,1,1291731.0,4000000.0,-4.908879090768526
0,82,2,1311231.0,4000000.0,-4.8438078309484345
0,82,3,1297301.0,4000000.0,-4.890192384723053
0,82,4,1230154.0,4000000.0,-5.121005082107748
0,82,5,1286032.0,4000000.0,-4.928082161685954
0,82,6,1294648.0,4000000.0,-4.899082865692055
0,82,7,1313939.0,4000000.0,-4.834847878837553
0,82,8,1321149.0,4000000.0,-4.81108190951394
0,82,9,1204069.0,4000000.0,-5.214086161498321
0,82,10,2063159.0,4000000.0,-2.875272926026382
0,82,11,1758774.0,4000000.0,-3.5684995451901984
0,82,12,1879174.0,4000000.0,-3.280929963571806
0,82,13,1823003.0,4000000.0,-3.412726079816127
0,82,14,1649512.0,4000000.0,-3.8470451199535614
0,82,15,1788798.0,4000000.0,-3.49498690692658
0,82,16,1776607.0,4000000.0,-3.5246862239021928
0,82,17,1624205.0,4000000.0,-3.9141914822696644
0,82,18,1460907.0,4000000.0,-4.374374213021977
0,82,19,1375871.0,4000000.0,-4.634822744447883
0,82,20,1306161.0,4000000.0,-4.860632790886904
0,82,21,1324118.0,4000000.0,-4.80133301945319
0,82,22,1299951.0,4000000.0,-4.881330088908776
0,82,23,1355369.0,4000000.0,-4.70002443093826
0,82,24,1291982.0,4000000.0,-4.9080352825336275
0,83,0,1410616.0,4166666.0,-4.703798832524911
0,83,1,1289011.0,4166666.0,-5.095320653044104
0,83,2,1204439.0,4166666.0,-5.390038791819283
0,83,3,1379500.0,4166666.0,-4.800669839860671
0,83,4,1299179.0,4166666.0,-5.061196968070569
0,83,5,1231000.0,4166666.0,-5.29530635869955
0,83,6,1424442.0,4166666.0,-4.6614391833757916
0,83,7,1295019.0,4166666.0,-5.075125485425923
0,83,8,1205550.0,4166666.0,-5.386034614177188
0,83,9,1352256.0,4166666.0,-4.887297717053904
0,83,10,1338404.0,4166666.0,-4.932014628976418
0,83,11,1301440.0,4166666.0,-5.053645380767778
0,83,12,1421468.0,4166666.0,-4.670516014753723
0,83,13,1331131.0,4166666.0,-4.955678911946912
0,83,14,1286544.0,4166666.0,-5.103640450637396
0,83,15,1339665.0,4166666.0,-4.927924776309045
0,83,16,1297230.0,4166666.0,-5.067717051032946
0,83,17,1230221.0,4166666.0,-5.298055525984405
0,83,18,1407907.0,4166666.0,-4.7121472058662555
0,83,19,1299934.0,4166666.0,-5.058673858509273
0,83,20,1220529.0,4166666.0,-5.332405860064009
0,83,21,1339364.0,4166666.0,-4.928900671975742
0,83,22,1299943.0,4166666.0,-5.058643790545771
0,83,23,1231207.0,4166666.0,-5.294576127992174
0,84,0,1402681.0,5000000.0,-5.5201109003753945
0,84,1,1285921.0,5000000.0,-5.89755715621794
0,84,2,1226539.0,5000000.0,-6.102886424046925
0,84,3,1346532.0,5000000.0,-5.697533255648838
0,84,4,1301951.0,5000000.0,-5.843753648273951
0,84,5,1288726.0,5000000.0,-5.88809413854044
0,84,6,1399796.0,5000000.0,-5.52905256179061
0,84,7,1298770.0,5000000.0,-5.854377559380536
0,84,8,1226383.0,5000000.0,-6.103438825951822
0,84,9,1330780.0,5000000.0,-5.748637390064618
0,84,10,1296818.0,5000000.0,-5.860909743906701
0,84,11,1286790.0,5000000.0,-5.894623271151744
0,84,12,1405644.0,5000000.0,-5.510946611859154
0,84,13,1299136.0,5000000.0,-5.853153867827199
0,84,14,1247008.0,5000000.0,-6.031007646949176
0,84,15,1271713.0,5000000.0,-5.945808934795204
0,84,16,1347546.0,5000000.0,-5.694264050930602
0,84,17,3557969.0,5000000.0,-1.4776784450817713
0,84,18,1360913.0,5000000.0,-5.651396416805234
0,84,19,1394886.0,5000000.0,-5.544312889084949
0,85,0,1331275.0,5882352.0,-6.452832326634511
0,85,1,1290104.0,5882352.0,-6.589262873581872
0,85,2,1360705.0,5882352.0,-6.3578702850069355
0,85,3,1293940.0,5882352.0,-6.576368705708955
0,85,4,1250014.0,5882352.0,-6.726361320555884
0,85,5,1340199.0,5882352.0,-6.42381719586822
0,85,6,1302453.0,5882352.0,-6.5478894872460245
0,85,7,1357142.0,5882352.0,-6.3692571815135075
0,85,8,1330911.0,5882352.0,-6.454019946075061
0,85,9,1349901.0,5882352.0,-6.392490900694302
0,85,10,1302896.0,5882352.0,-6.5464125837115095
0,85,11,1332692.0,5882352.0,-6.448212184276176
0,85,12,1759771.0,5882352.0,-5.2409485263127245
0,85,13,1552770.0,5882352.0,-5.784438773778911
0,85,14,2718043.0,5882352.0,-3.3529468605563983
0,85,15,4318745.0,5882352.0,-1.3419344721775763
0,85,16,1647257.0,5882352.0,-5.527896473816167
0,86,0,1930607.0,6666666.0,-5.382148209918372
0,86,1,3746107.0,6666666.0,-2.503285195514899
0,86,2,1665334.0,6666666.0,-6.024073486755894
0,86,3,1367182.0,6666666.0,-6.880823655846151
0,86,4,1491152.0,6666666.0,-6.503867821660708
0,86,5,1300536.0,6666666.0,-7.097863191567894
0,86,6,1311574.0,6666666.0,-7.061158986731133
0,86,7,1485743.0,6666666.0,-6.519650047354104
0,86,8,1378991.0,6666666.0,-6.843472657575045
0,86,9,1244727.0,6666666.0,-7.288345873638117
0,86,10,1327325.0,6666666.0,-7.009314231619573
0,86,11,1368218.0,6666666.0,-6.8775339789815995
0,86,12,1297274.0,6666666.0,-7.108769834813781
0,86,13,1360878.0,6666666.0,-6.900895042010803
0,86,14,1265628.0,6666666.0,-7.2160262318255395
0,87,0,1394701.0,6666666.0,-6.794275852230558
0,87,1,1558882.0,6666666.0,-6.310954551216547
0,87,2,1364915.0,6666666.0,-6.888030909588837
0,87,3,1348302.0,6666666.0,-6.941215187845459
0,87,4,1425986.0,6666666.0,-6.697934357806438
0,87,5,1333829.0,6666666.0,-6.9880854193481365
0,87,6,1343777.0,6666666.0,-6.955814940537307
0,87,7,1272972.0,6666666.0,-7.1908984639792095
0,87,8,1341722.0,6666666.0,-6.96246156624457
0,87,9,1272312.0,6666666.0,-7.193150742031329
0,87,10,1395157.0,6666666.0,-6.792856150686527
0,87,11,1321416.0,6666666.0,-7.028691364761684
0,87,12,1314177.0,6666666.0,-7.0525483537601055
0,87,13,1356569.0,6666666.0,-6.914668090691954
0,87,14,2706139.0,6666666.0,-3.9155859727743514
0,88,0,1298536.0,5882352.0,-6.560970148268689
0,88,1,1273958.0,5882352.0,-6.643958987717804
0,88,2,1324310.0,5882352.0,-6.475613506694163
0,88,3,1326330.0,5882352.0,-6.468994161756525
0,88,4,1266311.0,5882352.0,-6.670106296801398
0,88,5,1353473.0,5882352.0,-6.38101412543386
0,88,6,1427298.0,5882352.0,-6.1503635189652055
0,88,7,1373565.0,5882352.0,-6.317017931585966
0,88,8,1395808.0,5882352.0,-6.247253260016386
0,88,9,1299115.0,5882352.0,-6.55903411830018
0,88,10,1360037.0,5882352.0,-6.360002855605255
0,88,11,1377031.0,5882352.0,-6.306072918425341
0,88,12,1347051.0,5882352.0,-6.401669705019774
0,88,13,1301597.0,5882352.0,-6.5507447019300695
0,88,14,1422227.0,5882352.0,-6.165820899704854
0,88,15,1291280.0,5882352.0,-6.5853058462968885
0,88,16,1227413.0,5882352.0,-6.805602903835569
0,89,0,1330711.0,5000000.0,-5.748862574513922
0,89,1,1291482.0,5000000.0,-5.878816467536288
0,89,2,1229094.0,5000000.0,-6.093849057293207
0,89,3,1413117.0,5000000.0,-5.48791883286612
0,89,4,3496892.0,5000000.0,-1.5528778481726309
0,89,5,1445188.0,5000000.0,-5.390456575536652
0,89,6,1522161.0,5000000.0,-5.165094138504539
0,89,7,1419870.0,5000000.0,-5.46721421127021
0,89,8,4534655.0,5000000.0,-0.4242575313742688
0,89,9,1469651.0,5000000.0,-5.317557898391217
0,89,10,1603712.0,5000000.0,-4.93843625450825
0,89,11,1250552.0,5000000.0,-6.018682492182964
0,89,12,1194939.0,5000000.0,-6.216242686247274
0,89,13,1197169.0,5000000.0,-6.208145418271095
0,89,14,1186737.0,5000000.0,-6.2461552135803995
0,89,15,1188172.0,5000000.0,-6.240906905898919
0,89,16,1231015.0,5000000.0,-6.0870665946519065
0,89,17,1195032.0,5000000.0,-6.215904695645403
0,89,18,1186810.0,5000000.0,-6.245888073328372
0,89,19,1168683.0,5000000.0,-6.312732776228033
0,90,0,1284917.0,4347826.0,-5.293970802410282
0,90,1,1185250.0,4347826.0,-5.644621913055231
0,90,2,1171841.0,4347826.0,-5.694034664020652
0,90,3,1255757.0,4347826.0,-5.393665475587786
0,90,4,1189641.0,4347826.0,-5.628562319220625
0,90,5,1184203.0,4347826.0,-5.648459983294623
0,90,6,1245801.0,4347826.0,-5.428234801516304
0,90,7,1188110.0,4347826.0,-5.6341550406088725
0,90,8,1175193.0,4347826.0,-5.681629593679825
0,90,9,1193338.0,4347826.0,-5.615086850173171
0,90,10,1192891.0,4347826.0,-5.616713933204024
0,90,11,1262747.0,4347826.0,-5.369558098959302
0,90,12,1266538.0,4347826.0,-5.356539308164276
0,90,13,1231618.0,4347826.0,-5.477961278393506
0,90,14,1210163.0,4347826.0,-5.554282847875949
0,90,15,1236761.0,4347826.0,-5.459863735410295
0,90,16,1378952.0,4347826.0,-4.9872300623302745
0,90,17,1346748.0,4347826.0,-5.089858160308982
0,90,18,1390116.0,4347826.0,-4.952211132741436
0,90,19,1304661.0,4347826.0,-5.227744750054458
0,90,20,1261961.0,4347826.0,-5.3722622174063
0,90,21,1261554.0,4347826.0,-5.373663103516883
0,90,22,1349652.0,4347826.0,-5.0805035269973775
0,91,0,1269066.0,4000000.0,-4.985757824007544
0,91,1,1349629.0,4000000.0,-4.718455897932315
0,91,2,1269558.0,4000000.0,-4.984074448385384
0,91,3,1312769.0,4000000.0,-4.838716786819949
0,91,4,1383099.0,4000000.0,-4.612067240061356
0,91,5,1344123.0,4000000.0,-4.736209787284129
0,91,6,1246609.0,4000000.0,-5.0632973333461075
0,91,7,1408819.0,4000000.0,-4.532047912282582
0,91,8,1514137.0,4000000.0,-4.21894819167728
0,91,9,1948544.0,4000000.0,-3.123497743008941
0,91,10,1376162.0,4000000.0,-4.633904298377614
0,91,11,1474589.0,4000000.0,-4.333890014578306
0,91,12,1389267.0,4000000.0,-4.592742715203419
0,91,13,1356069.0,4000000.0,-4.697782033036584
0,91,14,1284246.0,4000000.0,-4.934117696126333
0,91,15,1361286.0,4000000.0,-4.681106132421008
0,91,16,1284467.0,4000000.0,-4.933370402981965
0,91,17,1323787.0,4000000.0,-4.802418794617017
0,91,18,1430275.0,4000000.0,-4.466404437228676
0,91,19,1359909.0,4000000.0,-4.685501433401827
0,91,20,1291555.0,4000000.0,-4.9094708628675745
0,91,21,1361054.0,4000000.0,-4.681846350909849
0,91,22,1298136.0,4000000.0,-4.887397973570708
0,91,23,1224282.0,4000000.0,-5.141785270005447
0,91,24,1383359.0,4000000.0,-4.611250914162845
0,92,0,1294433.0,4000000.0,-4.899804151073423
0,92,1,1244058.0,4000000.0,-5.072193629886259
0,92,2,1312514.0,4000000.0,-4.839560468002007
0,92,3,1273791.0,4000000.0,-4.969618152852641
0,92,4,1349747.0,4000000.0,-4.718076204633588
0,92,5,1424498.0,4000000.0,-4.483981475029571
0,92,6,1351408.0,4000000.0,-4.712735058158365
0,92,7,1352005.0,4000000.0,-4.71081693606669
0,92,8,1275538.0,4000000.0,-4.96366589970171
0,92,9,1346649.0,4000000.0,-4.72805578402001
0,92,10,1295349.0,4000000.0,-4.896731971546246
0,92,11,1367270.0,4000000.0,-4.662057065103148
0,92,12,1310023.0,4000000.0,-4.8478107072151335
0,92,13,1239541.0,4000000.0,-5.087990949322535
0,92,14,1287845.0,4000000.0,-4.921963951484678
0,92,15,1286484.0,4000000.0,-4.926556020679715
0,92,16,1283810.0,4000000.0,-4.935592371101717
0,92,17,1389269.0,4000000.0,-4.592736463069461
0,92,18,1328827.0,4000000.0,-4.785915475078312
0,92,19,1284942.0,4000000.0,-4.931764664998996
0,92,20,1247938.0,4000000.0,-5.058669820446513
0,92,21,1342195.0,4000000.0,-4.742443746963362
0,92,22,1272142.0,4000000.0,-4.975244001614598
0,92,23,1315580.0,4000000.0,-4.829427287943756
0,92,24,1297961.0,4000000.0,-4.887983479693539
0,93,0,1262188.0,4347826.0,-5.371481084060703
0,93,1,1245651.0,4347826.0,-5.428757742936522
0,93,2,4103227.0,4347826.0,-0.2514661149061596
0,93,3,1297335.0,4347826.0,-5.252200204879501
0,93,4,1296819.0,4347826.0,-5.25392790458906
0,93,5,1301416.0,4347826.0,-5.238560135187854
0,93,6,1321606.0,4347826.0,-5.171701536487694
0,93,7,1265392.0,4347826.0,-5.360470708402421
0,93,8,1343731.0,4347826.0,-5.099598188022274
0,93,9,1276000.0,4347826.0,-5.324214809113739
0,93,10,1270847.0,4347826.0,-5.341788872408747
0,93,11,1318018.0,4347826.0,-5.183508138949041
0,93,12,1306534.0,4347826.0,-5.221514394189711
0,93,13,1338973.0,4347826.0,-5.115003356177689
0,93,14,1294564.0,4347826.0,-5.2614862956403785
0,93,15,1277427.0,4347826.0,-5.319360640263836
0,93,16,1246888.0,4347826.0,-5.4244470997071135
0,93,17,1268854.0,4347826.0,-5.348605021869693
0,93,18,1232334.0,4347826.0,-5.475437244988672
0,93,19,1263197.0,4347826.0,-5.368010697125184
0,93,20,1325792.0,4347826.0,-5.15796761196042
0,93,21,1283400.0,4347826.0,-5.299101203413458
0,93,22,1243953.0,4347826.0,-5.434681834837213
0,94,0,1296376.0,5000000.0,-5.862390220591903
0,94,1,1241744.0,5000000.0,-6.04937934137199
0,94,2,1347275.0,5000000.0,-5.695137532360296
0,94,3,1288004.0,5000000.0,-5.890527925736928
0,94,4,1357380.0,5000000.0,-5.6626855844449295
0,94,5,1266454.0,5000000.0,-5.963805843183935
0,94,6,1257641.0,5000000.0,-5.994133170978192
0,94,7,1298963.0,5000000.0,-5.8537322364380975
0,94,8,1325541.0,5000000.0,-5.7657683899766665
0,94,9,1275353.0,5000000.0,-5.9333959624551555
0,94,10,1217765.0,5000000.0,-6.13406516572928
0,94,11,1281162.0,5000000.0,-5.913659555767174
0,94,12,1259077.0,5000000.0,-5.989177137416286
0,94,13,1345885.0,5000000.0,-5.69962051431048
0,94,14,1294172.0,5000000.0,-5.869780049068836
0,94,15,1336344.0,5000000.0,-5.730517362628907
0,94,16,1288062.0,5000000.0,-5.890332363356502
0,94,17,1233180.0,5000000.0,-6.079435317133294
0,94,18,1410713.0,5000000.0,-5.495313358646506
0,94,19,1293007.0,5000000.0,-5.873691282931003
0,95,0,1248595.0,5882352.0,-6.731294176685633
0,95,1,1339459.0,5882352.0,-6.4262158446866735
0,95,2,1214565.0,5882352.0,-6.851302471890578
0,95,3,1343208.0,5882352.0,-6.414077393864538
0,95,4,1356132.0,5882352.0,-6.372490452071382
0,95,5,1341353.0,5882352.0,-6.4200792421529425
0,95,6,1276479.0,5882352.0,-6.635373347331827
0,95,7,1245303.0,5882352.0,-6.742759747970605
0,95,8,1322248.0,5882352.0,-6.4823809034630075
0,95,9,1288608.0,5882352.0,-6.594301859073969
0,95,10,1329335.0,5882352.0,-6.459165697133819
0,95,11,1352087.0,5882352.0,-6.385463719636708
0,95,12,1272764.0,5882352.0,-6.648031262975066
0,95,13,1262122.0,5882352.0,-6.684496721615691
0,95,14,1266460.0,5882352.0,-6.669595315920155
0,95,15,1314043.0,5882352.0,-6.509414320712912
0,95,16,1311344.0,5882352.0,-6.518343756408262
0,96,0,1223165.0,6666666.0,-7.364236519617636
0,96,1,1257933.0,6666666.0,-7.242511871728481
0,96,2,1315789.0,6666666.0,-7.047224461417015
0,96,3,1352296.0,6666666.0,-6.928369340922929
0,96,4,1327314.0,6666666.0,-7.009350223250081
0,96,5,1285000.0,6666666.0,-7.15005569847555
0,96,6,1343367.0,6666666.0,-6.957140219264179
0,96,7,1251671.0,6666666.0,-7.26418507347475
0,96,8,1300244.0,6666666.0,-7.098838391232985
0,96,9,1347495.0,6666666.0,-6.943815351413894
0,96,10,1268526.0,6666666.0,-7.206093244665311
0,96,11,1316929.0,6666666.0,-7.043463361745015
0,96,12,1360020.0,6666666.0,-6.90363402508054
0,96,13,1235513.0,6666666.0,-7.320613781300183
0,96,14,1296208.0,6666666.0,-7.112339999895171
0,97,0,1351011.0,6666666.0,-6.932498124307706
0,97,1,1279969.0,6666666.0,-7.1670924606385285
0,97,2,1355590.0,6666666.0,-6.917803410680565
0,97,3,1217864.0,6666666.0,-7.383099045770304
0,97,4,1228373.0,6666666.0,-7.345784355594349
0,97,5,1311980.0,6666666.0,-7.059814828683992
0,97,6,1215753.0,6666666.0,-7.390633476054465
0,97,7,1267426.0,6666666.0,-7.209860855093702
0,97,8,1338123.0,6666666.0,-6.974126619858274
0,97,9,1358185.0,6666666.0,-6.909497677714201
0,97,10,1338217.0,6666666.0,-6.973821548893331
0,97,11,1298168.0,6666666.0,-7.105777979999253
0,97,12,1224926.0,6666666.0,-7.357988445387191
0,97,13,1300698.0,6666666.0,-7.09732225056713
0,97,14,1380473.0,6666666.0,-6.83880780611069
0,98,0,1512741.0,5882352.0,-5.897864313423767
0,98,1,1345913.0,5882352.0,-6.405340211939473
0,98,2,1315859.0,5882352.0,-6.50341653901239
0,98,3,1313840.0,5882352.0,-6.510085292594093
0,98,4,1354687.0,5882352.0,-6.377120459355442
0,98,5,1318308.0,5882352.0,-6.495341215825824
0,98,6,1231501.0,5882352.0,-6.791162403047468
0,98,7,1321534.0,5882352.0,-6.484726681349518
0,98,8,1235099.0,5882352.0,-6.778492390445764
0,98,9,1353672.0,5882352.0,-6.380375632837016
0,98,10,1349339.0,5882352.0,-6.394299361611868
0,98,11,1384609.0,5882352.0,-6.282238589228621
0,98,12,1299158.0,5882352.0,-6.558890371567458
0,98,13,1189758.0,5882352.0,-6.940923754333613
0,98,14,1344132.0,5882352.0,-6.411090885889424
0,98,15,1277647.0,5882352.0,-6.631401295912104
0,98,16,1334802.0,5882352.0,-6.441341604264115
0,99,0,1321771.0,5000000.0,-5.778137852311263
0,99,1,1350892.0,5000000.0,-5.683493745433806
0,99,2,1340123.0,5000000.0,-5.7182534345645974
0,99,3,1311772.0,5000000.0,-5.811116477618256
0,99,4,1336758.0,5000000.0,-5.7291721246473735
0,99,5,1335909.0,5000000.0,-5.731931286395081
0,99,6,1380527.0,5000000.0,-5.589250994553807
0,99,7,1295408.0,5000000.0,-5.86563429554591
0,99,8,1204407.0,5000000.0,-6.181967333732954
0,99,9,1427273.0,5000000.0,-5.444629540988113
0,99,10,1302919.0,5000000.0,-5.840525870474416
0,99,11,1232848.0,5000000.0,-6.0806046937086045
0,99,12,1344511.0,5000000.0,-5.704056446195704
0,99,13,1300802.0,5000000.0,-5.847588083520959
0,99,14,1226226.0,5000000.0,-6.103994839843576
0,99,15,1358719.0,5000000.0,-5.658403558212614
0,99,16,1346041.0,5000000.0,-5.699117157685871
0,99,17,1341628.0,5000000.0,-5.713378908451755
0,99,18,1364715.0,5000000.0,-5.639280392966763
0,99,19,1297667.0,5000000.0,-5.858067437797422
