 


 Number of tacts (im units) = 1
 Number of massive (im units) = 100
 Trajectory File: sinus.txt
 Coef Load Impact: 10
 Command Line: ping 192.168.222.19 > /dev/null 2>&1
cycle , cPeriod , count , procDur , procTime , spb
0,0,0,1.8043295E7,5000000.0,5.573458453692343
0,0,1,1677791.0,5000000.0,-4.742321439100085
0,0,2,1659739.0,5000000.0,-4.789302053150765
0,0,3,1906550.0,5000000.0,-4.1872180503875835
0,0,4,1742987.0,5000000.0,-4.576758563822616
0,0,5,1730320.0,5000000.0,-4.608435767085613
0,0,6,3771500.0,5000000.0,-1.2245589228405598
0,0,7,1837200.0,5000000.0,-4.34813567590133
0,0,8,1909087.0,5000000.0,-4.181442840308885
0,0,9,1807804.0,5000000.0,-4.418186613452832
0,0,10,1786324.0,5000000.0,-4.470097711438592
0,0,11,1411929.0,5000000.0,-5.491571459229827
0,0,12,1709614.0,5000000.0,-4.660719387353102
0,0,13,1438338.0,5000000.0,-5.411090499400535
0,0,14,1439251.0,5000000.0,-5.408334644584
0,0,15,1516995.0,5000000.0,-5.1798585497709855
0,0,16,1359660.0,5000000.0,-5.65539683160242
0,0,17,1441197.0,5000000.0,-5.402466549132439
0,0,18,1392325.0,5000000.0,-5.552293831189152
0,0,19,1275980.0,5000000.0,-5.931261371277641
0,1,0,1374529.0,4347826.0,-5.001182482162562
0,1,1,1279524.0,4347826.0,-5.312237189460662
0,1,2,1463495.0,4347826.0,-4.728809122821688
0,1,3,1412014.0,4347826.0,-4.884331525661399
0,1,4,1436033.0,4347826.0,-4.811077351999641
0,1,5,1441820.0,4347826.0,-4.793611098133742
0,1,6,1305865.0,4347826.0,-5.223738732927741
0,1,7,1993713.0,4347826.0,-3.386095146043196
0,1,8,1301148.0,4347826.0,-5.239454567920816
0,1,9,1303437.0,4347826.0,-5.231821103664453
0,1,10,1881002.0,4347826.0,-3.638828979766
0,1,11,1611986.0,4347826.0,-4.309108896321288
0,1,12,2732261.0,4347826.0,-2.0174997220295654
0,1,13,1419334.0,4347826.0,-4.861875489240311
0,1,14,1516189.0,4347826.0,-4.575188138019753
0,1,15,1355576.0,4347826.0,-5.061482840953502
0,1,16,3533621.0,4347826.0,-0.9005218806445874
0,1,17,1324876.0,4347826.0,-5.16096922333732
0,1,18,1432789.0,4347826.0,-4.820899166666248
0,1,19,1353573.0,4347826.0,-5.067904724768355
0,1,20,1537009.0,4347826.0,-4.5159574476561195
0,1,21,1625522.0,4347826.0,-4.272793036335839
0,1,22,1833990.0,4347826.0,-3.7487519198686576
0,2,0,1497298.0,4000000.0,-4.267517468460605
0,2,1,1466070.0,4000000.0,-4.359052844007815
0,2,2,1321038.0,4000000.0,-4.811446809405732
0,2,3,1287097.0,4000000.0,-4.924487132834791
0,2,4,1261858.0,4000000.0,-5.01049505901803
0,2,5,1337294.0,4000000.0,-4.758330952542064
0,2,6,1296922.0,4000000.0,-4.891461339703503
0,2,7,1463787.0,4000000.0,-4.3658210548990475
0,2,8,1343170.0,4000000.0,-4.739290081532685
0,2,9,1305843.0,4000000.0,-4.861690259756993
0,2,10,1474751.0,4000000.0,-4.333412920000271
0,2,11,1247247.0,4000000.0,-5.061075233228866
0,2,12,1217592.0,4000000.0,-5.165582053568435
0,2,13,1252178.0,4000000.0,-5.043939220997037
0,2,14,3165141.0,4000000.0,-1.0166692968928834
0,2,15,1588715.0,4000000.0,-4.010139953343003
0,2,16,1256682.0,4000000.0,-5.028345967902962
0,2,17,1241917.0,4000000.0,-5.079674193573704
0,2,18,1500130.0,4000000.0,-4.259310950481058
0,2,19,1374067.0,4000000.0,-4.640520817333477
0,2,20,1440326.0,4000000.0,-4.435991909150397
0,2,21,1455602.0,4000000.0,-4.390173476918855
0,2,22,1305378.0,4000000.0,-4.863237022257906
0,2,23,1287488.0,4000000.0,-4.923168014268268
0,2,24,1298867.0,4000000.0,-4.884953084021827
0,3,0,1273370.0,4000000.0,-4.971053774539266
0,3,1,4061054.0,4000000.0,0.06578773031836138
0,3,2,1306952.0,4000000.0,-4.858003536463709
0,3,3,1282125.0,4000000.0,-4.941296228036489
0,3,4,1272146.0,4000000.0,-4.975230346101326
0,3,5,1302160.0,4000000.0,-4.873956408531683
0,3,6,1293898.0,4000000.0,-4.901599497581478
0,3,7,1304825.0,4000000.0,-4.865077222825339
0,3,8,1363555.0,4000000.0,-4.673873311076921
0,3,9,1436731.0,4000000.0,-4.446845287967825
0,3,10,1509927.0,4000000.0,-4.231040402358171
0,3,11,5646813.0,4000000.0,1.4974341454016735
0,3,12,1826172.0,4000000.0,-3.4051831170416746
0,3,13,2174723.0,4000000.0,-2.6465604370746396
0,3,14,2099251.0,4000000.0,-2.7999562258936708
0,3,15,3424954.0,4000000.0,-0.6740524839888283
0,3,16,3422866.0,4000000.0,-0.6767009382598719
0,3,17,1876113.0,4000000.0,-3.288009985437115
0,3,18,2258330.0,4000000.0,-2.4827258752672012
0,3,19,1824176.0,4000000.0,-3.4099325374929377
0,3,20,1601451.0,4000000.0,-3.975463363425903
0,3,21,2709480.0,4000000.0,-1.691740417081725
0,3,22,1871716.0,4000000.0,-3.2982003848020174
0,3,23,1695461.0,4000000.0,-3.7277218699834314
0,3,24,2017659.0,4000000.0,-2.972122223567912
0,4,0,1687542.0,4347826.0,-4.1101756482086085
0,4,1,1472988.0,4347826.0,-4.7007294650888385
0,4,2,1320993.0,4347826.0,-5.173716390214512
0,4,3,1318171.0,4347826.0,-5.183004024442791
0,4,4,1334790.0,4347826.0,-5.128592109555718
0,4,5,1316622.0,4347826.0,-5.18811047667621
0,4,6,1364956.0,4347826.0,-5.031535033814229
0,4,7,1362199.0,4347826.0,-5.040315981684866
0,4,8,1305547.0,4347826.0,-5.224796441523152
0,4,9,1256000.0,4347826.0,-5.392825158953402
0,4,10,1275529.0,4347826.0,-5.325818182646235
0,4,11,1320676.0,4347826.0,-5.174758696055434
0,4,12,1265789.0,4347826.0,-5.359108380613698
0,4,13,1408620.0,4347826.0,-4.8947830495596865
0,4,14,1293925.0,4347826.0,-5.2636305132095735
0,4,15,1306551.0,4347826.0,-5.221457886221601
0,4,16,1317635.0,4347826.0,-5.184770329288511
0,4,17,1295890.0,4347826.0,-5.257040167407252
0,4,18,1421072.0,4347826.0,-4.8565607285775885
0,4,19,1452832.0,4347826.0,-4.760567582671068
0,4,20,1310578.0,4347826.0,-5.208092818936984
0,4,21,1486127.0,4347826.0,-4.662162307693861
0,4,22,1563636.0,4347826.0,-4.44136494545922
0,5,0,1430546.0,5000000.0,-5.434681769902847
0,5,1,1489701.0,5000000.0,-5.258708950383841
0,5,2,1363545.0,5000000.0,-5.643005291436677
0,5,3,1583124.0,5000000.0,-4.994550715288297
0,5,4,1785678.0,5000000.0,-4.471668562957533
0,5,5,3135418.0,5000000.0,-2.0267455709841546
0,5,6,2033258.0,5000000.0,-3.9077751459756236
0,5,7,1672448.0,5000000.0,-4.756173808343567
0,5,8,1430543.0,5000000.0,-5.4346908775079985
0,5,9,1690340.0,5000000.0,-4.709959356558046
0,5,10,1500241.0,5000000.0,-5.228089742383688
0,5,11,3141944.0,5000000.0,-2.0177156415011703
0,5,12,1617989.0,5000000.0,-4.899944396280842
0,5,13,1388228.0,5000000.0,-5.565092046364418
0,5,14,1330816.0,5000000.0,-5.748519907160755
0,5,15,1303896.0,5000000.0,-5.837270513046395
0,5,16,1292332.0,5000000.0,-5.875959061214204
0,5,17,1437852.0,5000000.0,-5.41255818491654
0,5,18,1355891.0,5000000.0,-5.667452263103061
0,5,19,1459680.0,5000000.0,-5.347123468162994
0,6,0,1289052.0,5882352.0,-6.592805721089347
0,6,1,1345163.0,5882352.0,-6.407760960144731
0,6,2,1299027.0,5882352.0,-6.559328312492969
0,6,3,1246866.0,5882352.0,-6.737312265362371
0,6,4,1317398.0,5882352.0,-6.498340093502131
0,6,5,1370158.0,5882352.0,-6.327803583492841
0,6,6,1476964.0,5882352.0,-6.001810993283333
0,6,7,1326497.0,5882352.0,-6.468447370137066
0,6,8,1278463.0,5882352.0,-6.62862845507762
0,6,9,1301734.0,5882352.0,-6.5502876079679435
0,6,10,1337095.0,5882352.0,-6.433887443482616
0,6,11,1325055.0,5882352.0,-6.473171039178015
0,6,12,1540400.0,5882352.0,-5.8191749918391
0,6,13,1305815.0,5882352.0,-6.536693560625039
0,6,14,1276241.0,5882352.0,-6.636183166559885
0,6,15,1269498.0,5882352.0,-6.659189881230885
0,6,16,1386890.0,5882352.0,-6.275089923925893
0,7,0,1306770.0,6666666.0,-7.077095418553391
0,7,1,1358241.0,6666666.0,-6.909318615291813
0,7,2,1313787.0,6666666.0,-7.0538373733142965
0,7,3,1214475.0,6666666.0,-7.395201182451034
0,7,4,1388517.0,6666666.0,-6.81357496207853
0,7,5,1383955.0,6666666.0,-6.827867284702939
0,7,6,1392358.0,6666666.0,-6.801577830486564
0,7,7,2035263.0,6666666.0,-5.152881600869902
0,7,8,1291579.0,6666666.0,-7.127877223793007
0,7,9,1397467.0,6666666.0,-6.785671363318043
0,7,10,1326867.0,6666666.0,-7.010813044626967
0,7,11,1645178.0,6666666.0,-6.076958042041623
0,7,12,1694985.0,6666666.0,-5.947428383067725
0,7,13,1577653.0,6666666.0,-6.258972098943377
0,7,14,1397987.0,6666666.0,-6.784055646277488
0,8,0,1384099.0,6666666.0,-6.827415426426687
0,8,1,1405960.0,6666666.0,-6.7593573246860945
0,8,2,1384303.0,6666666.0,-6.826775374335491
0,8,3,1548127.0,6666666.0,-6.341021125266419
0,8,4,1393347.0,6666666.0,-6.798494106541291
0,8,5,1390700.0,6666666.0,-6.806752428616983
0,8,6,1407540.0,6666666.0,-6.754479518725255
0,8,7,1312632.0,6666666.0,-7.057657100166211
0,8,8,1300948.0,6666666.0,-7.096487597268332
0,8,9,1381272.0,6666666.0,-6.836294892711936
0,8,10,1391241.0,6666666.0,-6.805063296333649
0,8,11,1398448.0,6666666.0,-6.782623753471318
0,8,12,1468325.0,6666666.0,-6.57086504274854
0,8,13,1304405.0,6666666.0,-7.084962426552148
0,8,14,1230244.0,6666666.0,-7.3391744189307895
0,9,0,2471657.0,5882352.0,-3.765628070150982
0,9,1,1370097.0,5882352.0,-6.327996937493841
0,9,2,1670065.0,5882352.0,-5.468176346385361
0,9,3,2826314.0,5882352.0,-3.1833059936026147
0,9,4,1417704.0,5882352.0,-6.179654444269765
0,9,5,1404052.0,5882352.0,-6.221678166578684
0,9,6,1611122.0,5882352.0,-5.624225811172017
0,9,7,1504615.0,5882352.0,-5.921256220058435
0,9,8,1947015.0,5882352.0,-4.801817117531774
0,9,9,4724535.0,5882352.0,-0.9519193848441337
0,9,10,1533198.0,5882352.0,-5.839527650729844
0,9,11,1415784.0,5882352.0,-6.185540091450031
0,9,12,1298843.0,5882352.0,-6.559943510211131
0,9,13,1297271.0,5882352.0,-6.565202994262998
0,9,14,1323246.0,5882352.0,-6.479104192848655
0,9,15,1374151.0,5882352.0,-6.315165508917437
0,9,16,1358691.0,5882352.0,-6.36430310498954
0,10,0,1386493.0,5000000.0,-5.570523230431607
0,10,1,1323573.0,5000000.0,-5.772221050735066
0,10,2,1250137.0,5000000.0,-6.020123952609627
0,10,3,2343886.0,5000000.0,-3.2903351933421505
0,10,4,1499513.0,5000000.0,-5.230197691162371
0,10,5,1433725.0,5000000.0,-5.425041461951045
0,10,6,1253308.0,5000000.0,-6.009121925094575
0,10,7,1240820.0,5000000.0,-6.052612193534584
0,10,8,1231484.0,5000000.0,-6.0854123067559485
0,10,9,1272269.0,5000000.0,-5.943910590107365
0,10,10,1259427.0,5000000.0,-5.987970047257647
0,10,11,1254440.0,5000000.0,-6.005201105403714
0,10,12,1265116.0,5000000.0,-5.968396560176894
0,10,13,1700927.0,5000000.0,-4.682843292757666
0,10,14,1427255.0,5000000.0,-5.444684312219464
0,10,15,1328429.0,5000000.0,-5.756316565285338
0,10,16,1454028.0,5000000.0,-5.363972345885097
0,10,17,1337631.0,5000000.0,-5.7263367921944806
0,10,18,1271302.0,5000000.0,-5.947212741171622
0,10,19,1370119.0,5000000.0,-5.622117154285648
0,11,0,1522108.0,4347826.0,-4.558266867384452
0,11,1,1403765.0,4347826.0,-4.909777453271468
0,11,2,1338762.0,4347826.0,-5.1156877863836
0,11,3,1402187.0,4347826.0,-4.9146621894657505
0,11,4,1338720.0,4347826.0,-5.115824036548803
0,11,5,1369531.0,4347826.0,-5.0170028812854115
0,11,6,1513450.0,4347826.0,-4.583040775974419
0,11,7,1983266.0,4347826.0,-3.4089118865309813
0,11,8,1538631.0,4347826.0,-4.5113767703665015
0,11,9,1309417.0,4347826.0,-5.211941802820488
0,11,10,1259469.0,4347826.0,-5.38084672858674
0,11,11,1360328.0,4347826.0,-5.04628517944534
0,11,12,1334523.0,4347826.0,-5.129460922070809
0,11,13,1301100.0,4347826.0,-5.23961478428093
0,11,14,4568413.0,4347826.0,0.21493203407395628
0,11,15,1455853.0,4347826.0,-4.751546295721186
0,11,16,1295282.0,4347826.0,-5.2590782494013695
0,11,17,1319221.0,4347826.0,-5.179545992947352
0,11,18,1275317.0,4347826.0,-5.326540064173974
0,11,19,1296688.0,4347826.0,-5.254366635444059
0,11,20,1459585.0,4347826.0,-4.740427637792305
0,11,21,1280142.0,4347826.0,-5.310140087768244
0,11,22,1288513.0,4347826.0,-5.281833507256327
0,12,0,1344116.0,4000000.0,-4.73623240477739
0,12,1,1341571.0,4000000.0,-4.744463295326304
0,12,2,1313329.0,4000000.0,-4.83686457175751
0,12,3,1497406.0,4000000.0,-4.267204223451643
0,12,4,1407090.0,4000000.0,-4.537381147508405
0,12,5,1392107.0,4000000.0,-4.583873740680382
0,12,6,1287334.0,4000000.0,-4.923687516977914
0,12,7,2328651.0,4000000.0,-2.3495558657670297
0,12,8,1582824.0,4000000.0,-4.026273645756807
0,12,9,1398696.0,4000000.0,-4.5633665844372775
0,12,10,1436766.0,4000000.0,-4.446739491394053
0,12,11,1617750.0,4000000.0,-3.931485828337173
0,12,12,1514076.0,4000000.0,-4.219123159312646
0,12,13,1570913.0,4000000.0,-4.059078576350093
0,12,14,1381746.0,4000000.0,-4.616317753062409
0,12,15,1336307.0,4000000.0,-4.761537479418072
0,12,16,1728113.0,4000000.0,-3.64487854069392
0,12,17,1320633.0,4000000.0,-4.8127784609743705
0,12,18,1263368.0,4000000.0,-5.005301189274604
0,12,19,1227833.0,4000000.0,-5.129206897594071
0,12,20,1251987.0,4000000.0,-5.044601719244591
0,12,21,1354859.0,4000000.0,-4.701658907361535
0,12,22,1217622.0,4000000.0,-5.165475049958421
0,12,23,1229025.0,4000000.0,-5.124992742253811
0,12,24,1244788.0,4000000.0,-5.0696459834599175
0,13,0,1240432.0,4000000.0,-5.084870299218479
0,13,1,1223596.0,4000000.0,-5.144219427446178
0,13,2,1302930.0,4000000.0,-4.8713890748825275
0,13,3,1231956.0,4000000.0,-5.1146479429374665
0,13,4,1230765.0,4000000.0,-5.118848538687217
0,13,5,1248784.0,4000000.0,-5.055726656203545
0,13,6,1227215.0,4000000.0,-5.131393363972611
0,13,7,1219989.0,4000000.0,-5.157040764407861
0,13,8,1326971.0,4000000.0,-4.79198559554406
0,13,9,1219390.0,4000000.0,-5.159173621990785
0,13,10,1225922.0,4000000.0,-5.1359715250545435
0,13,11,1249871.0,4000000.0,-5.051947998232677
0,13,12,1241593.0,4000000.0,-5.080807359237904
0,13,13,1232895.0,4000000.0,-5.111339000220565
0,13,14,1319152.0,4000000.0,-4.817651510826393
0,13,15,1225812.0,4000000.0,-5.13636122795903
0,13,16,1218755.0,4000000.0,-5.161435809040725
0,13,17,1233930.0,4000000.0,-5.1076946815911874
0,13,18,1236930.0,4000000.0,-5.097148684764719
0,13,19,1221745.0,4000000.0,-5.150794209773358
0,13,20,1331792.0,4000000.0,-4.776235895462453
0,13,21,1312046.0,4000000.0,-4.841109297670102
0,13,22,1259540.0,4000000.0,-5.018480271131795
0,13,23,1437878.0,4000000.0,-4.443379524121827
0,13,24,1372792.0,4000000.0,-4.644552516843306
0,14,0,1310160.0,4347826.0,-5.209478192789501
0,14,1,1454663.0,4347826.0,-4.755097627940373
0,14,2,1393490.0,4347826.0,-4.941682988316235
0,14,3,1317432.0,4347826.0,-5.1854394718947585
0,14,4,1319095.0,4347826.0,-5.179960811375178
0,14,5,1273096.0,4347826.0,-5.3341100168348685
0,14,6,7057990.0,4347826.0,2.1040888340469346
0,14,7,1269014.0,4347826.0,-5.348057419573618
0,14,8,1330221.0,4347826.0,-5.14348355602227
0,14,9,1233910.0,4347826.0,-5.469886713924868
0,14,10,1219530.0,4347826.0,-5.52079667027085
0,14,11,1305773.0,4347826.0,-5.224044710190682
0,14,12,1219852.0,4347826.0,-5.519650127220315
0,14,13,1207140.0,4347826.0,-5.565145142782319
0,14,14,1221142.0,4347826.0,-5.515059866582144
0,14,15,1240900.0,4347826.0,-5.4453537073417815
0,14,16,1214668.0,4347826.0,-5.538145649926687
0,14,17,1267211.0,4347826.0,-5.354232211500839
0,14,18,1207602.0,4347826.0,-5.563483316772853
0,14,19,1248676.0,4347826.0,-5.41822390794354
0,14,20,1215332.0,4347826.0,-5.535772221587914
0,14,21,2043268.0,4347826.0,-3.279468218076047
0,14,22,1292864.0,4347826.0,-5.267193126713336
0,15,0,1333700.0,5000000.0,-5.7391185316394555
0,15,1,1257482.0,5000000.0,-5.994682271938379
0,15,2,1221542.0,5000000.0,-6.120616005217256
0,15,3,2029811.0,5000000.0,-3.915144026190421
0,15,4,1313396.0,5000000.0,-5.80574315043628
0,15,5,1385837.0,5000000.0,-5.572578521002685
0,15,6,1244808.0,5000000.0,-6.038676336037319
0,15,7,1273514.0,5000000.0,-5.939662807220335
0,15,8,1289032.0,5000000.0,-5.887063055621978
0,15,9,1592674.0,5000000.0,-4.968431139648432
0,15,10,1280517.0,5000000.0,-5.915846558484902
0,15,11,1340858.0,5000000.0,-5.715872168511641
0,15,12,1264322.0,5000000.0,-5.971123093343211
0,15,13,1283781.0,5000000.0,-5.904790605124659
0,15,14,1287791.0,5000000.0,-5.891246187282246
0,15,15,1223205.0,5000000.0,-6.114707566963304
0,15,16,1213735.0,5000000.0,-6.1484612863518535
0,15,17,1313906.0,5000000.0,-5.804057084741871
0,15,18,1261016.0,5000000.0,-5.98249407320727
0,15,19,1426311.0,5000000.0,-5.447557727489146
0,16,0,1283870.0,5882352.0,-6.610299582529613
0,16,1,1238584.0,5882352.0,-6.76625543631075
0,16,2,1220486.0,5882352.0,-6.83018207075471
0,16,3,1293275.0,5882352.0,-6.578601267261249
0,16,4,1253348.0,5882352.0,-6.714793367868715
0,16,5,1225229.0,5882352.0,-6.813337415428991
0,16,6,1249441.0,5882352.0,-6.728352560586131
0,16,7,1215662.0,5882352.0,-6.847381677010046
0,16,8,1220430.0,5882352.0,-6.830381344232297
0,16,9,1329037.0,5882352.0,-6.460139373926602
0,16,10,1239797.0,5882352.0,-6.762004280022734
0,16,11,1215100.0,5882352.0,-6.84938988269352
0,16,12,1233094.0,5882352.0,-6.785548245703039
0,16,13,1249420.0,5882352.0,-6.728425555315491
0,16,14,1214070.0,5882352.0,-6.853072814255889
0,16,15,1330893.0,5882352.0,-6.454078682936785
0,16,16,1243125.0,5882352.0,-6.750362086660926
0,17,0,1221687.0,6666666.0,-7.3694874495099025
0,17,1,1239550.0,6666666.0,-7.306446478260073
0,17,2,3422465.0,6666666.0,-2.8956968201916644
0,17,3,1434535.0,6666666.0,-6.671975488217077
0,17,4,1277367.0,6666666.0,-7.1759300528193215
0,17,5,1217732.0,6666666.0,-7.38356978781182
0,17,6,1236975.0,6666666.0,-7.315477751466723
0,17,7,1226069.0,6666666.0,-7.353937856717692
0,17,8,1218092.0,6666666.0,-7.382286066043551
0,17,9,1307831.0,6666666.0,-7.073570701240177
0,17,10,1213059.0,6666666.0,-7.4002677319298185
0,17,11,1217924.0,6666666.0,-7.382885088981624
0,17,12,1237590.0,6666666.0,-7.313319060045245
0,17,13,1209387.0,6666666.0,-7.4134340155866205
0,17,14,1223255.0,6666666.0,-7.3639169792003
0,18,0,1310319.0,6666666.0,-7.065316590541926
0,18,1,1237135.0,6666666.0,-7.3149160374184286
0,18,2,1220609.0,6666666.0,-7.373321296692187
0,18,3,1222240.0,6666666.0,-7.3675220483126385
0,18,4,1222217.0,6666666.0,-7.3676037742180975
0,18,5,1228674.0,6666666.0,-7.344720292597534
0,18,6,1337006.0,6666666.0,-6.977753412917438
0,18,7,1217972.0,6666666.0,-7.382713931139628
0,18,8,1201234.0,6666666.0,-7.442810814442915
0,18,9,1234524.0,6666666.0,-7.324091601798868
0,18,10,5005417.0,6666666.0,-1.244684332309967
0,18,11,1547654.0,6666666.0,-6.342348230068334
0,18,12,1344370.0,6666666.0,-6.953898850145329
0,18,13,1422693.0,6666666.0,-6.707975028348294
0,18,14,1475562.0,6666666.0,-6.54951235158268
0,19,0,2187398.0,5555555.0,-4.047996407763045
0,19,1,1471077.0,5555555.0,-5.770920460409334
0,19,2,1455571.0,5555555.0,-5.816940571124287
0,19,3,1452593.0,5555555.0,-5.825835044882792
0,19,4,1358829.0,5555555.0,-6.115626444985891
0,19,5,1258879.0,5555555.0,-6.4474346254897
0,19,6,1244598.0,5555555.0,-6.496983527053914
0,19,7,1241365.0,5555555.0,-6.5082795507804665
0,19,8,1229117.0,5555555.0,-6.551342259966725
0,19,9,1246868.0,5555555.0,-6.48906972251705
0,19,10,1261206.0,5555555.0,-6.439414232950451
0,19,11,1292681.0,5555555.0,-6.332360859312775
0,19,12,1250138.0,5555555.0,-6.477694949948156
0,19,13,1244397.0,5555555.0,-6.497684960291443
0,19,14,1255205.0,5555555.0,-6.460127909106031
0,19,15,1252757.0,5555555.0,-6.468606133491733
0,19,16,1239134.0,5555555.0,-6.516091779290882
0,19,17,1319054.0,5555555.0,-6.244648762226416
0,20,0,1256670.0,4761904.0,-5.785593883196024
0,20,1,1256488.0,4761904.0,-5.786222905293677
0,20,2,1394057.0,4761904.0,-5.335001042842727
0,20,3,1247328.0,4761904.0,-5.817999642898849
0,20,4,1237455.0,4761904.0,-5.852512209871103
0,20,5,1346020.0,4761904.0,-5.487291228262841
0,20,6,1318239.0,4761904.0,-5.577864797157048
0,20,7,1325738.0,4761904.0,-5.553229310140935
0,20,8,1397016.0,4761904.0,-5.325792556691294
0,20,9,1377521.0,4761904.0,-5.3868240748228455
0,20,10,1349129.0,4761904.0,-5.47727158079144
0,20,11,4340550.0,4761904.0,-0.4023587243440529
0,20,12,1467515.0,4761904.0,-5.111980867561133
0,20,13,1501106.0,4761904.0,-5.013692749216542
0,20,14,1494063.0,4761904.0,-5.034117250629669
0,20,15,1260158.0,4761904.0,-5.77355634926294
0,20,16,1219652.0,4761904.0,-5.91544703496872
0,20,17,1385668.0,4761904.0,-5.361214481003942
0,20,18,1221232.0,4761904.0,-5.909824601643368
0,20,19,1185810.0,4761904.0,-6.03765527325666
0,20,20,1232135.0,4761904.0,-5.871223414708206
0,21,0,1219201.0,4166666.0,-5.337133785932266
0,21,1,1204230.0,4166666.0,-5.390792465710926
0,21,2,1215941.0,4166666.0,-5.348761862297461
0,21,3,1201900.0,4166666.0,-5.3992035362609805
0,21,4,1212906.0,4166666.0,-5.359615443758954
0,21,5,1217889.0,4166666.0,-5.341809808691396
0,21,6,1223606.0,4166666.0,-5.321470909033877
0,21,7,1203023.0,4166666.0,-5.395147583212787
0,21,8,1188705.0,4166666.0,-5.447145993366412
0,21,9,1250672.0,4166666.0,-5.2264526181580075
0,21,10,1193176.0,4166666.0,-5.430841795892816
0,21,11,1198402.0,4166666.0,-5.4118616365596095
0,21,12,1194626.0,4166666.0,-5.4255672624418425
0,21,13,1213161.0,4166666.0,-5.358702483867136
0,21,14,1207641.0,4166666.0,-5.378508396907774
0,21,15,1424479.0,4166666.0,-4.661326376486226
0,21,16,1219044.0,4166666.0,-5.33769307536998
0,21,17,1204082.0,4166666.0,-5.391326246910394
0,21,18,1222415.0,4166666.0,-5.325700183997778
0,21,19,1199098.0,4166666.0,-5.409340101895202
0,21,20,1217801.0,4166666.0,-5.342123624607414
0,21,21,1209880.0,4166666.0,-5.370463911478219
0,21,22,1196361.0,4166666.0,-5.419264417145272
0,21,23,1414123.0,4166666.0,-4.693015028919775
0,22,0,1416463.0,4000000.0,-4.508547567042629
0,22,1,1398566.0,4000000.0,-4.56377025261486
0,22,2,1389389.0,4000000.0,-4.592361351502218
0,22,3,1267259.0,4000000.0,-4.991946070873208
0,22,4,1227988.0,4000000.0,-5.128658684635679
0,22,5,1223584.0,4000000.0,-5.144262019603541
0,22,6,1216885.0,4000000.0,-5.1681045354595145
0,22,7,1197231.0,4000000.0,-5.238820377917527
0,22,8,1209320.0,4000000.0,-5.195187559382447
0,22,9,1221681.0,4000000.0,-5.151021716944422
0,22,10,1197091.0,4000000.0,-5.239328256369429
0,22,11,1188848.0,4000000.0,-5.2693365982205105
0,22,12,1859602.0,4000000.0,-3.326399867334021
0,22,13,4336046.0,4000000.0,0.3503388954558737
0,22,14,3124017.0,4000000.0,-1.0734660281088657
0,22,15,1784674.0,4000000.0,-3.505010946507693
0,22,16,1747932.0,4000000.0,-3.595354581092154
0,22,17,2285724.0,4000000.0,-2.430362029386685
0,22,18,1814797.0,4000000.0,-3.4323193865580537
0,22,19,1826423.0,4000000.0,-3.404586237753775
0,22,20,1656274.0,4000000.0,-3.829278069198048
0,22,21,1397921.0,4000000.0,-4.565773622884737
0,22,22,1254771.0,4000000.0,-5.034955185077978
0,22,23,1496477.0,4000000.0,-4.269899449595332
0,22,24,1242853.0,4000000.0,-5.076402263742866
0,23,0,1230581.0,4000000.0,-5.119497859707661
0,23,1,1263717.0,4000000.0,-5.004101635043957
0,23,2,1480131.0,4000000.0,-4.317598367036827
0,23,3,1292285.0,4000000.0,-4.907016879801869
0,23,4,1454081.0,4000000.0,-4.39471391632165
0,23,5,1281009.0,4000000.0,-4.945078103447073
0,23,6,1233704.0,4000000.0,-5.108490184920972
0,23,7,1268210.0,4000000.0,-4.988688179953159
0,23,8,1213456.0,4000000.0,-5.180359579230048
0,23,9,1254354.0,4000000.0,-5.036398722571097
0,23,10,1256055.0,4000000.0,-5.030513346707868
0,23,11,1294275.0,4000000.0,-4.900334288332827
0,23,12,2208097.0,4000000.0,-2.5804184362975158
0,23,13,1377414.0,4000000.0,-4.6299549849843205
0,23,14,1431731.0,4000000.0,-4.461985628741185
0,23,15,1345220.0,4000000.0,-4.732666757829936
0,23,16,1298320.0,4000000.0,-4.886782440822963
0,23,17,1324580.0,4000000.0,-4.799817980345869
0,23,18,1402174.0,4000000.0,-4.552580814412784
0,23,19,1404627.0,4000000.0,-4.544989790785989
0,23,20,1800878.0,4000000.0,-3.4657569867580422
0,23,21,1394009.0,4000000.0,-4.577944136651686
0,23,22,1407581.0,4000000.0,-4.535865953776865
0,23,23,1327309.0,4000000.0,-4.790879521311674
0,23,24,1372106.0,4000000.0,-4.646723278895582
0,24,0,1316765.0,4545454.0,-5.380689927155819
0,24,1,1408446.0,4545454.0,-5.0883706632752
0,24,2,1375374.0,4545454.0,-5.191564568596025
0,24,3,1313028.0,4545454.0,-5.39303279650936
0,24,4,1347942.0,4545454.0,-5.279060615262583
0,24,5,1313473.0,4545454.0,-5.391561172883127
0,24,6,1351685.0,4545454.0,-5.267017727208797
0,24,7,1312953.0,4545454.0,-5.393280872075418
0,24,8,1376335.0,4545454.0,-5.188531130001487
0,24,9,1283595.0,4545454.0,-5.491492503471811
0,24,10,1381826.0,4545454.0,-5.1712390709039315
0,24,11,1321943.0,4545454.0,-5.363645375702849
0,24,12,1244679.0,4545454.0,-5.62519904790315
0,24,13,1364103.0,4545454.0,-5.2273010301561404
0,24,14,1308654.0,4545454.0,-5.407524301019741
0,24,15,1662191.0,4545454.0,-4.368963405866749
0,24,16,1978729.0,4545454.0,-3.6119094827985627
0,24,17,1373361.0,4545454.0,-5.1979255670070055
0,24,18,1952259.0,4545454.0,-3.6703983344020696
0,24,19,1394852.0,4545454.0,-5.130491375841366
0,24,20,1563385.0,4545454.0,-4.63511326288277
0,24,21,1432394.0,4545454.0,-5.015147738878688
0,25,0,1328309.0,5263157.0,-5.9794720998570465
0,25,1,1398623.0,5263157.0,-5.7554565939171
0,25,2,1375123.0,5263157.0,-5.829047791728831
0,25,3,1360976.0,5263157.0,-5.873958584703937
0,25,4,1434700.0,5263157.0,-5.644852269104785
0,25,5,1300204.0,5263157.0,-6.0723482743053445
0,25,6,1231211.0,5263157.0,-6.309138382621339
0,25,7,1381011.0,5263157.0,-5.810491873913498
0,25,8,1336543.0,5263157.0,-5.95263389537706
0,25,9,1319345.0,5263157.0,-6.008879496824414
0,25,10,1377202.0,5263157.0,-5.8224868049296745
0,25,11,1308582.0,5263157.0,-6.044453830851417
0,25,12,1225999.0,5263157.0,-6.327562092717858
0,25,13,1278802.0,5263157.0,-6.144430183960851
0,25,14,1331336.0,5263157.0,-5.969586495091482
0,25,15,1278426.0,5263157.0,-6.1457073068953125
0,25,16,1290914.0,5263157.0,-6.1034901445301575
0,25,17,1348027.0,5263157.0,-5.915477343282029
0,25,18,1250471.0,5263157.0,-6.241727008707061
0,26,0,1318525.0,6250000.0,-6.757916486608746
0,26,1,1360550.0,6250000.0,-6.621655106806442
0,26,2,1336053.0,6250000.0,-6.700563307981179
0,26,3,1360461.0,6250000.0,-6.621939208626708
0,26,4,1317720.0,6250000.0,-6.760568797519139
0,26,5,1456803.0,6250000.0,-6.32479190212
0,26,6,1373001.0,6250000.0,-6.582091637968148
0,26,7,1262400.0,6250000.0,-6.946830314787301
0,26,8,1394598.0,6250000.0,-6.51430979298628
0,26,9,1298851.0,6250000.0,-6.823206842766794
0,26,10,1335484.0,6250000.0,-6.702413280966315
0,26,11,1313502.0,6250000.0,-6.774492789442529
0,26,12,1354252.0,6250000.0,-6.641805317052355
0,26,13,1314352.0,6250000.0,-6.771683270173256
0,26,14,1386938.0,6250000.0,-6.538229700124692
0,26,15,1309988.0,6250000.0,-6.786126999765955
0,27,0,1242902.0,6666666.0,-7.294718106568889
0,27,1,1297478.0,6666666.0,-7.108086948168038
0,27,2,1281786.0,6666666.0,-7.1609317371817856
0,27,3,1237245.0,6666666.0,-7.314529901149617
0,27,4,1397004.0,6666666.0,-6.787110478964341
0,27,5,1360148.0,6666666.0,-6.903225302577189
0,27,6,1359954.0,6666666.0,-6.903844787652618
0,27,7,1408475.0,6666666.0,-6.75159554718745
0,27,8,1301072.0,6666666.0,-7.096073668737448
0,27,9,1249455.0,6666666.0,-7.27188078191746
0,27,10,1272437.0,6666666.0,-7.192724084547375
0,27,11,1307181.0,6666666.0,-7.0757297079219885
0,27,12,1289024.0,6666666.0,-7.136476940710597
0,27,13,1350978.0,6666666.0,-6.932604207033458
0,27,14,1239087.0,6666666.0,-7.308068969552343
0,28,0,1325017.0,6250000.0,-6.736585670268484
0,28,1,1316965.0,6250000.0,-6.763057841505894
0,28,2,1354718.0,6250000.0,-6.640311160745248
0,28,3,1264012.0,6250000.0,-6.941288203684016
0,28,4,1432056.0,6250000.0,-6.399200161212199
0,28,5,1364636.0,6250000.0,-6.608631932734685
0,28,6,1317423.0,6250000.0,-6.7615477611782
0,28,7,1354157.0,6250000.0,-6.642109982823277
0,28,8,1357671.0,6250000.0,-6.630854758202995
0,28,9,1352487.0,6250000.0,-6.647469179502359
0,28,10,1252227.0,6250000.0,-6.981969537162557
0,28,11,1373944.0,6250000.0,-6.579109854841637
0,28,12,1349824.0,6250000.0,-6.65602871672574
0,28,13,1356376.0,6250000.0,-6.634999206672355
0,28,14,2574332.0,6250000.0,-3.8521546216106177
0,28,15,1459386.0,6250000.0,-6.317098416271731
0,29,0,1301162.0,5555555.0,-6.303960800969719
0,29,1,1318702.0,5555555.0,-6.245807866089983
0,29,2,1354867.0,5555555.0,-6.128307865158979
0,29,3,1352638.0,5555555.0,-6.135458674622787
0,29,4,1415782.0,5555555.0,-5.937310649819471
0,29,5,1358411.0,5555555.0,-6.116962617682211
0,29,6,1315812.0,5555555.0,-6.255336086901487
0,29,7,1384736.0,5555555.0,-6.033604684435989
0,29,8,1310903.0,5555555.0,-6.271568941198591
0,29,9,1209484.0,5555555.0,-6.621273239183089
0,29,10,1304366.0,5555555.0,-6.293279816375489
0,29,11,1330042.0,5555555.0,-6.208620961541125
0,29,12,1285042.0,5555555.0,-6.358101291928059
0,29,13,1400301.0,5555555.0,-5.985060525115891
0,29,14,1289041.0,5555555.0,-6.344607204671534
0,29,15,1237578.0,5555555.0,-6.52154871011489
0,29,16,1357541.0,5555555.0,-6.119744965913544
0,29,17,1303058.0,5555555.0,-6.29763704580944
0,30,0,1300231.0,4761904.0,-5.637601195389296
0,30,1,1288996.0,4761904.0,-5.675290661219266
0,30,2,1250089.0,4761904.0,-5.808397021045528
0,30,3,1272342.0,4761904.0,-5.731767723053319
0,30,4,1281071.0,4761904.0,-5.702074357347188
0,30,5,1286109.0,4761904.0,-5.685028584096683
0,30,6,1273995.0,4761904.0,-5.726129122354119
0,30,7,1331143.0,4761904.0,-5.535559230728931
0,30,8,1313203.0,4761904.0,-5.594487695788307
0,30,9,1246500.0,4761904.0,-5.820883529391658
0,30,10,1398360.0,4761904.0,-5.32161643277341
0,30,11,1670424.0,4761904.0,-4.549539146383704
0,30,12,1373128.0,4761904.0,-5.40069612669932
0,30,13,1369030.0,4761904.0,-5.4136767070435186
0,30,14,1364502.0,4761904.0,-5.428064592114251
0,30,15,1323492.0,4761904.0,-5.560593152767296
0,30,16,1366985.0,4761904.0,-5.42016886721721
0,30,17,1303761.0,4761904.0,-5.625826501302593
0,30,18,1381449.0,4761904.0,-5.374457794091048
0,30,19,1299509.0,4761904.0,-5.640013441413865
0,30,20,1250786.0,4761904.0,-5.8059762422243235
0,31,0,1341557.0,4166666.0,-4.921795591212516
0,31,1,1362677.0,4166666.0,-4.853957630777675
0,31,2,1335929.0,4166666.0,-4.940053112961643
0,31,3,1323019.0,4166666.0,-4.9822260762518
0,31,4,1312448.0,4166666.0,-5.017065833978943
0,31,5,1233436.0,4166666.0,-5.286720688773672
0,31,6,1397968.0,4166666.0,-4.7429145843773055
0,31,7,1352939.0,4166666.0,-4.885104728101592
0,31,8,1248006.0,4166666.0,-5.235720155056453
0,31,9,1255095.0,4166666.0,-5.211120893473198
0,31,10,1364410.0,4166666.0,-4.848437950338801
0,31,11,1251129.0,4166666.0,-5.224865980528257
0,31,12,1386568.0,4166666.0,-4.778475157163822
0,31,13,1368629.0,4166666.0,-4.835029507395903
0,31,14,1381483.0,4166666.0,-4.794431437772018
0,31,15,4630314.0,4166666.0,0.458217544506708
0,31,16,1567601.0,4166666.0,-4.245531569510986
0,31,17,1596025.0,4166666.0,-4.167489989814149
0,31,18,1503976.0,4166666.0,-4.425477828320371
0,31,19,1543303.0,4166666.0,-4.313374883963364
0,31,20,1366852.0,4166666.0,-4.84067196225411
0,31,21,1313693.0,4166666.0,-5.012948030171174
0,31,22,1252630.0,4166666.0,-5.219658801279525
0,31,23,1279850.0,4166666.0,-5.126296160202975
0,32,0,1255267.0,4000000.0,-5.033238796195995
0,32,1,1262380.0,4000000.0,-5.0086988597469215
0,32,2,1224972.0,4000000.0,-5.139338294718762
0,32,3,1198595.0,4000000.0,-5.233875296452358
0,32,4,1187155.0,4000000.0,-5.275525653388341
0,32,5,1357202.0,4000000.0,-4.694155003693799
0,32,6,1193996.0,4000000.0,-5.250571194599366
0,32,7,1179167.0,4000000.0,-5.3048467474653735
0,32,8,1196145.0,4000000.0,-5.242761621079621
0,32,9,1195061.0,4000000.0,-5.246699176025805
0,32,10,1181552.0,4000000.0,-5.296071516768773
0,32,11,1174687.0,4000000.0,-5.321378287894214
0,32,12,1197732.0,4000000.0,-5.237003385015279
0,32,13,1176034.0,4000000.0,-5.316401136363678
0,32,14,1190490.0,4000000.0,-5.26334239603073
0,32,15,1255921.0,4000000.0,-5.03097669078942
0,32,16,1253815.0,4000000.0,-5.0382653011736505
0,32,17,1214228.0,4000000.0,-5.177597478797448
0,32,18,1334274.0,4000000.0,-4.768149679926231
0,32,19,1275384.0,4000000.0,-4.9641902697161155
0,32,20,1200473.0,4000000.0,-5.22707594600785
0,32,21,1380168.0,4000000.0,-4.621280375120976
0,32,22,1381906.0,4000000.0,-4.6158148886121655
0,32,23,1361077.0,4000000.0,-4.681772961546265
0,32,24,1366050.0,4000000.0,-4.6659339569643805
0,33,0,2159961.0,4166666.0,-2.8534277914927744
0,33,1,1532328.0,4166666.0,-4.3443695134856695
0,33,2,1345451.0,4166666.0,-4.909208029906951
0,33,3,1336417.0,4166666.0,-4.93846697322132
0,33,4,1319475.0,4166666.0,-4.99387522714247
0,33,5,1345236.0,4166666.0,-4.9099020780352385
0,33,6,1292084.0,4166666.0,-5.084979401959019
0,33,7,1341311.0,4166666.0,-4.922592025795564
0,33,8,1335380.0,4166666.0,-4.941838212880235
0,33,9,1225041.0,4166666.0,-5.316380647735483
0,33,10,1280434.0,4166666.0,-5.124314911389717
0,33,11,1346249.0,4166666.0,-4.906632950910686
0,33,12,1292647.0,4166666.0,-5.083087461968525
0,33,13,1250993.0,4166666.0,-5.225338092196649
0,33,14,1325692.0,4166666.0,-4.973460532980274
0,33,15,1257498.0,4166666.0,-5.202813858006658
0,33,16,1326299.0,4166666.0,-4.971472466240087
0,33,17,1348760.0,4166666.0,-4.898540111446181
0,33,18,1296088.0,4166666.0,-5.071541991363384
0,33,19,1373223.0,4166666.0,-4.820476200237948
0,33,20,1282003.0,4166666.0,-5.118996473299226
0,33,21,1258030.0,4166666.0,-5.200976910313631
0,33,22,1364412.0,4166666.0,-4.848431584302733
0,33,23,1337492.0,4166666.0,-4.934974957650115
0,34,0,1259335.0,4545454.0,-5.574359934289705
0,34,1,1315230.0,4545454.0,-5.385755606272258
0,34,2,1346111.0,4545454.0,-5.2849639387592084
0,34,3,1385770.0,4545454.0,-5.1588611183695186
0,34,4,1308184.0,4545454.0,-5.409084339575352
0,34,5,1276099.0,4545454.0,-5.516928987228585
0,34,6,1310540.0,4545454.0,-5.401269861414018
0,34,7,1346453.0,4545454.0,-5.283860687630472
0,34,8,1231440.0,4545454.0,-5.671640106954619
0,34,9,1321938.0,4545454.0,-5.363661802103352
0,34,10,1202256.0,4545454.0,-5.775803139134977
0,34,11,1334029.0,4545454.0,-5.324119964001536
0,34,12,1373628.0,4545454.0,-5.197081321711279
0,34,13,1249977.0,4545454.0,-5.606752451463817
0,34,14,1282777.0,4545454.0,-5.4942610257143185
0,34,15,1283075.0,4545454.0,-5.493252239890435
0,34,16,1340763.0,4545454.0,-5.302252504999604
0,34,17,1344988.0,4545454.0,-5.288588574876182
0,34,18,1416069.0,4545454.0,-5.064928515694628
0,34,19,1275397.0,4545454.0,-5.519318759613013
0,34,20,1333617.0,4545454.0,-5.325461441303747
0,34,21,1335451.0,4545454.0,-5.319493094261517
0,35,0,1275068.0,5263157.0,-6.1571297869240205
0,35,1,1341118.0,5263157.0,-5.937793337232274
0,35,2,1377027.0,5263157.0,-5.823038694655875
0,35,3,1348338.0,5263157.0,-5.914475508704953
0,35,4,1283098.0,5263157.0,-6.129864971868072
0,35,5,1349287.0,5263157.0,-5.911419891409531
0,35,6,1297988.0,5263157.0,-6.079756478204514
0,35,7,4064521.0,5263157.0,-1.1223695347010252
0,35,8,1368320.0,5263157.0,-5.850586503604564
0,35,9,1370553.0,5263157.0,-5.84350490622517
0,35,10,1364041.0,5263157.0,-5.86418900786562
0,35,11,1302855.0,5263157.0,-6.063502412036657
0,35,12,1324879.0,5263157.0,-5.9907010885513845
0,35,13,1240513.0,5263157.0,-6.276450053805945
0,35,14,1255151.0,5263157.0,-6.225503487849662
0,35,15,1260179.0,5263157.0,-6.208140870909152
0,35,16,1352929.0,5263157.0,-5.899713192457101
0,35,17,1278361.0,5263157.0,-6.145928124204927
0,35,18,1376278.0,5263157.0,-5.825401575448012
0,36,0,1357064.0,6250000.0,-6.632796875978089
0,36,1,1239114.0,6250000.0,-7.027687535076432
0,36,2,1348771.0,6250000.0,-6.65941797752741
0,36,3,1356500.0,6250000.0,-6.634602192464603
0,36,4,1438056.0,6250000.0,-6.3810421890677835
0,36,5,1342541.0,6250000.0,-6.679524598053575
0,36,6,1328845.0,6250000.0,-6.724056907056922
0,36,7,1289962.0,6250000.0,-6.853031004040412
0,36,8,1276639.0,6250000.0,-6.898119098007507
0,36,9,1349440.0,6250000.0,-6.657264380093057
0,36,10,1415647.0,6250000.0,-6.44925044403036
0,36,11,1571469.0,6250000.0,-5.995741991312528
0,36,12,5622738.0,6250000.0,-0.4593216997289274
0,36,13,1604192.0,6250000.0,-5.906236711326339
0,36,14,1892845.0,6250000.0,-5.187649651345144
0,36,15,2655973.0,6250000.0,-3.716563615617297
0,37,0,2265286.0,6666666.0,-4.687856565608783
0,37,1,1702700.0,6666666.0,-5.927705614851493
0,37,2,1604361.0,6666666.0,-6.186066012301015
0,37,3,1624134.0,6666666.0,-6.13286839444819
0,37,4,1449597.0,6666666.0,-6.626614159713096
0,37,5,1341887.0,6666666.0,-6.961927519819742
0,37,6,1260082.0,6666666.0,-7.235098897078148
0,37,7,1360027.0,6666666.0,-6.903611672074335
0,37,8,1369851.0,6666666.0,-6.872353664146321
0,37,9,1527454.0,6666666.0,-6.399405573871709
0,37,10,1372165.0,6666666.0,-6.865023599918448
0,37,11,1302313.0,6666666.0,-7.091933217034264
0,37,12,1363578.0,6666666.0,-6.89228711819028
0,37,13,1261974.0,6666666.0,-7.228582901288192
0,37,14,1359168.0,6666666.0,-6.906355564824686
0,38,0,2169266.0,6250000.0,-4.595672079536256
0,38,1,1485892.0,6250000.0,-6.238927728647228
0,38,2,1377807.0,6250000.0,-6.566916304729813
0,38,3,1327798.0,6250000.0,-6.727480071901385
0,38,4,1371409.0,6250000.0,-6.587130221071563
0,38,5,1283755.0,6250000.0,-6.8739786923480235
0,38,6,1391669.0,6250000.0,-6.523440640863144
0,38,7,1390220.0,6250000.0,-6.527964852729166
0,38,8,1377831.0,6250000.0,-6.566840655696334
0,38,9,1372471.0,6250000.0,-6.5837684066860085
0,38,10,1319830.0,6250000.0,-6.753620216053013
0,38,11,1252630.0,6250000.0,-6.980572086707564
0,38,12,1367366.0,6250000.0,-6.599952405192427
0,38,13,1307906.0,6250000.0,-6.793034852428873
0,38,14,1371646.0,6250000.0,-6.586379760052975
0,38,15,1347316.0,6250000.0,-6.664105500834446
0,39,0,1362997.0,5555555.0,-6.102325515275659
0,39,1,1305654.0,5555555.0,-6.2889934788141035
0,39,2,1379575.0,5555555.0,-6.049821357779958
0,39,3,1378305.0,5555555.0,-6.053821198461964
0,39,4,1357128.0,5555555.0,-6.1210664060037345
0,39,5,1307751.0,5555555.0,-6.282023906750032
0,39,6,1350910.0,5555555.0,-6.141010349436202
0,39,7,1262710.0,5555555.0,-6.434238316017429
0,39,8,1339288.0,5555555.0,-6.178534738864606
0,39,9,1325420.0,5555555.0,-6.223739318515911
0,39,10,1334853.0,5555555.0,-6.19294009589837
0,39,11,1299190.0,5555555.0,-6.3105478236689
0,39,12,1325523.0,5555555.0,-6.223401836105626
0,39,13,1306271.0,5555555.0,-6.286941661091018
0,39,14,1271151.0,5555555.0,-6.405303080166337
0,39,15,1323820.0,5555555.0,-6.228985134338791
0,39,16,2707952.0,5555555.0,-3.12086489504316
0,39,17,1374467.0,5555555.0,-6.06593134272077
0,40,0,1407753.0,4761904.0,-5.292541742592113
0,40,1,1352687.0,4761904.0,-5.465833195202967
0,40,2,1478045.0,4761904.0,-5.080929791530474
0,40,3,1401177.0,4761904.0,-5.312876359193902
0,40,4,1289743.0,4761904.0,-5.672774563335333
0,40,5,1298204.0,4761904.0,-5.64437692842387
0,40,6,1398414.0,4761904.0,-5.321448725965311
0,40,7,1393769.0,4761904.0,-5.335898350000584
0,40,8,1352549.0,4761904.0,-5.466276281414704
0,40,9,1367454.0,4761904.0,-5.418679098280986
0,40,10,1311976.0,4761904.0,-5.59854745223234
0,40,11,1200572.0,4761904.0,-5.983924253508857
0,40,12,1382824.0,4761904.0,-5.37013727320279
0,40,13,1308684.0,4761904.0,-5.6094584302793375
0,40,14,1218702.0,4761904.0,-5.918831119303346
0,40,15,1333253.0,4761904.0,-5.528680662014826
0,40,16,1302586.0,4761904.0,-5.629742296481112
0,40,17,1280563.0,4761904.0,-5.703796864151041
0,40,18,1350324.0,4761904.0,-5.473426491139754
0,40,19,1306743.0,4761904.0,-5.615904534446134
0,40,20,1348649.0,4761904.0,-5.478817010797269
0,41,0,1373201.0,4166666.0,-4.820545777831226
0,41,1,1349338.0,4166666.0,-4.89667937685181
0,41,2,1288482.0,4166666.0,-5.097103329343536
0,41,3,1285974.0,4166666.0,-5.1055650075014185
0,41,4,1238288.0,4166666.0,-5.269670245173904
0,41,5,1289409.0,4166666.0,-5.09397991565322
0,41,6,1369637.0,4166666.0,-4.831832090800638
0,41,7,1217624.0,4166666.0,-5.342754891211248
0,41,8,1268391.0,4166666.0,-5.165355370168637
0,41,9,1385891.0,4166666.0,-4.780596143408108
0,41,10,1358718.0,4166666.0,-4.866593599218775
0,41,11,1299700.0,4166666.0,-5.059455698637843
0,41,12,1343652.0,4166666.0,-4.915018858941776
0,41,13,1355357.0,4166666.0,-4.877349856874332
0,41,14,1264440.0,4166666.0,-5.178904627026165
0,41,15,1326398.0,4166666.0,-4.971148304424935
0,41,16,1304370.0,4166666.0,-5.043878871557642
0,41,17,1380095.0,4166666.0,-4.7987970634515476
0,41,18,1307126.0,4166666.0,-5.03471235522775
0,41,19,1309847.0,4166666.0,-5.02568119051109
0,41,20,1318103.0,4166666.0,-4.99839340315784
0,41,21,6269392.0,4166666.0,1.7743673658314534
0,41,22,1309272.0,4166666.0,-5.027588086158873
0,41,23,1371532.0,4166666.0,-4.825827439687834
0,42,0,1356308.0,4000000.0,-4.697016679389628
0,42,1,1346203.0,4000000.0,-4.729494372852222
0,42,2,1358226.0,4000000.0,-4.690879515847687
0,42,3,1245255.0,4000000.0,-5.06801697122658
0,42,4,1328139.0,4000000.0,-4.788164616469113
0,42,5,1352490.0,4000000.0,-4.70925928611
0,42,6,1360430.0,4000000.0,-4.683837909643661
0,42,7,1401008.0,4000000.0,-4.556193761378797
0,42,8,1276999.0,4000000.0,-4.958694341543294
0,42,9,1331648.0,4000000.0,-4.776705501726947
0,42,10,1458414.0,4000000.0,-4.3817916666461105
0,42,11,1350903.0,4000000.0,-4.714358251905599
0,42,12,1290465.0,4000000.0,-4.913137612260648
0,42,13,1467554.0,4000000.0,-4.354659008491619
0,42,14,1292259.0,4000000.0,-4.9071042581288
0,42,15,1238396.0,4000000.0,-5.092004507513649
0,42,16,1345867.0,4000000.0,-4.730578467594761
0,42,17,1313662.0,4000000.0,-4.835763539715538
0,42,18,1341987.0,4000000.0,-4.743116825408986
0,42,19,1393313.0,4000000.0,-4.580113021091209
0,42,20,1298988.0,4000000.0,-4.88454852231728
0,42,21,1305573.0,4000000.0,-4.862588312847974
0,42,22,1330923.0,4000000.0,-4.779070610542159
0,42,23,1328127.0,4000000.0,-4.78820385601653
0,42,24,1331172.0,4000000.0,-4.778258172771838
0,43,0,1243246.0,4166666.0,-5.252316181869522
0,43,1,1354963.0,4166666.0,-4.8786125271647425
0,43,2,1246029.0,4166666.0,-5.242605386182394
0,43,3,1292559.0,4166666.0,-5.083383128266857
0,43,4,1356593.0,4166666.0,-4.873391170196487
0,43,5,1243635.0,4166666.0,-5.250957527757498
0,43,6,1281575.0,4166666.0,-5.120446618681824
0,43,7,1349148.0,4166666.0,-4.897290949057098
0,43,8,1231782.0,4166666.0,-5.292548353352247
0,43,9,1249307.0,4166666.0,-5.231195154208973
0,43,10,1343273.0,4166666.0,-4.9162440335166755
0,43,11,1236922.0,4166666.0,-5.274463748129264
0,43,12,1355848.0,4166666.0,-4.875776839762416
0,43,13,1364137.0,4166666.0,-4.8493070018446405
0,43,14,1286698.0,4166666.0,-5.103120628947147
0,43,15,1306329.0,4166666.0,-5.037361206750406
0,43,16,1298918.0,4166666.0,-5.0620695364170025
0,43,17,1283313.0,4166666.0,-5.114560950963992
0,43,18,1361665.0,4166666.0,-4.857184142250181
0,43,19,1301143.0,4166666.0,-5.054636591896761
0,43,20,1268821.0,4166666.0,-5.163883308480404
0,43,21,1351744.0,4166666.0,-4.888942382567158
0,43,22,1337374.0,4166666.0,-4.9353581301073355
0,43,23,2209833.0,4166666.0,-2.7542923408398687
0,44,0,2022966.0,4545454.0,-3.5158868341990823
0,44,1,1449356.0,4545454.0,-4.964021943269566
0,44,2,1371171.0,4545454.0,-5.204856476300337
0,44,3,1305443.0,4545454.0,-5.418193532366178
0,44,4,1399080.0,4545454.0,-5.117347187141509
0,44,5,1298737.0,4545454.0,-5.440560536437223
0,44,6,1240053.0,4545454.0,-5.6413701971018035
0,44,7,1332976.0,4545454.0,-5.327549369744734
0,44,8,1306883.0,4545454.0,-5.413405583869066
0,44,9,1272206.0,4545454.0,-5.530198275899421
0,44,10,1333547.0,4545454.0,-5.325689403391869
0,44,11,1292331.0,4545454.0,-5.462035049028696
0,44,12,1229021.0,4545454.0,-5.6801796342237605
0,44,13,1318608.0,4545454.0,-5.374615607804206
0,44,14,1367462.0,4545454.0,-5.2166200037114265
0,44,15,1344407.0,4545454.0,-5.290465019934726
0,44,16,1388154.0,4545454.0,-5.151396182057127
0,44,17,1370113.0,4545454.0,-5.2082088001359415
0,44,18,1282389.0,4545454.0,-5.4955748296573255
0,44,19,1298335.0,4545454.0,-5.441905022713457
0,44,20,1234839.0,4545454.0,-5.659669296850785
0,44,21,1257388.0,4545454.0,-5.581079557585205
0,45,0,1286376.0,5263157.0,-6.118783963973016
0,45,1,1320296.0,5263157.0,-6.0057501768134
0,45,2,1227758.0,5263157.0,-6.321335525665578
0,45,3,1335506.0,5263157.0,-5.956004817095517
0,45,4,1335125.0,5263157.0,-5.957243971428165
0,45,5,1293236.0,5263157.0,-6.095685395901925
0,45,6,1398985.0,5263157.0,-5.754332672314599
0,45,7,1326361.0,5263157.0,-5.985845817137126
0,45,8,1255597.0,5263157.0,-6.223960558483862
0,45,9,1330341.0,5263157.0,-5.972833493353274
0,45,10,1382451.0,5263157.0,-5.8059657822897
0,45,11,1437924.0,5263157.0,-5.635103927535968
0,45,12,1325474.0,5263157.0,-5.988751120218309
0,45,13,1341914.0,5263157.0,-5.935216413679089
0,45,14,1399497.0,5263157.0,-5.752743533794391
0,45,15,1281152.0,5263157.0,-6.136456663193243
0,45,16,1204963.0,5263157.0,-6.4027261369421264
0,45,17,1352590.0,5263157.0,-5.900801529520235
0,45,18,1299720.0,5263157.0,-6.073965233352373
0,46,0,1286830.0,6250000.0,-6.863588402442451
0,46,1,1356262.0,6250000.0,-6.635364235629158
0,46,2,1292151.0,6250000.0,-6.845667493236417
0,46,3,1215939.0,6250000.0,-7.109682291079315
0,46,4,1329285.0,6250000.0,-6.722619132578002
0,46,5,1291167.0,6250000.0,-6.84897599641613
0,46,6,1282001.0,6250000.0,-6.879916533981624
0,46,7,1349457.0,6250000.0,-6.6572096688077265
0,46,8,1330367.0,6250000.0,-6.719085537541185
0,46,9,1358184.0,6250000.0,-6.629214073616624
0,46,10,1376140.0,6250000.0,-6.572173987537465
0,46,11,1356492.0,6250000.0,-6.634627805189265
0,46,12,1268920.0,6250000.0,-6.9244577480314975
0,46,13,1388992.0,6250000.0,-6.531802729497718
0,46,14,1346966.0,6250000.0,-6.665233839067202
0,46,15,1344233.0,6250000.0,-6.6740546451619585
0,47,0,1342231.0,6666666.0,-6.960814325075004
0,47,1,1301274.0,6666666.0,-7.0953994502782525
0,47,2,1216503.0,6666666.0,-7.387955132395319
0,47,3,1428472.0,6666666.0,-6.690369654770105
0,47,4,1271740.0,6666666.0,-7.195103661608716
0,47,5,1221078.0,6666666.0,-7.371652908282717
0,47,6,1276616.0,6666666.0,-7.1784841431582915
0,47,7,1265766.0,6666666.0,-7.215552716927725
0,47,8,1343754.0,6666666.0,-6.955889274735379
0,47,9,1414698.0,6666666.0,-6.732449579597034
0,47,10,1328063.0,6666666.0,-7.006900201459786
0,47,11,1236072.0,6666666.0,-7.318649287912146
0,47,12,1310763.0,6666666.0,-7.063845238239255
0,47,13,1351804.0,6666666.0,-6.92994970324277
0,47,14,1280459.0,6666666.0,-7.165430204963068
0,48,0,1385172.0,6250000.0,-6.543763132483418
0,48,1,1298428.0,6250000.0,-6.824621450650423
0,48,2,1225836.0,6250000.0,-7.074476459049378
0,48,3,1246525.0,6250000.0,-7.001790243132115
0,48,4,1345327.0,6250000.0,-6.670521590019814
0,48,5,1242589.0,6250000.0,-7.015525126351796
0,48,6,1434609.0,6250000.0,-6.391464662956001
0,48,7,1351250.0,6250000.0,-6.651443103827085
0,48,8,1412905.0,6250000.0,-6.457670553276386
0,48,9,1323117.0,6250000.0,-6.742817678597444
0,48,10,2080978.0,6250000.0,-4.776125284486936
0,48,11,5873268.0,6250000.0,-0.27000198986113283
0,48,12,1400874.0,6250000.0,-6.494809424191567
0,48,13,1402873.0,6250000.0,-6.488616605678139
0,48,14,1408475.0,6250000.0,-6.471308745479519
0,48,15,1469170.0,6250000.0,-6.288079657401619
0,49,0,1356465.0,5555555.0,-6.123188590481888
0,49,1,1213985.0,5555555.0,-6.605141308379508
0,49,2,1183128.0,5555555.0,-6.7169571893862665
0,49,3,1196649.0,5555555.0,-6.6676066924575945
0,49,4,1193314.0,5555555.0,-6.679727156558802
0,49,5,1284268.0,5555555.0,-6.360717900583001
0,49,6,1215888.0,5555555.0,-6.598338791803267
0,49,7,1210562.0,5555555.0,-6.617404143451381
0,49,8,1206708.0,5555555.0,-6.6312525952295545
0,49,9,1194769.0,5555555.0,-6.674435057838954
0,49,10,1254312.0,5555555.0,-6.463218742829885
0,49,11,1201395.0,5555555.0,-6.650416313113158
0,49,12,1231459.0,5555555.0,-6.543074943828005
0,49,13,1408605.0,5555555.0,-5.95938225831664
0,49,14,1182252.0,5555555.0,-6.720173940889536
0,49,15,1174169.0,5555555.0,-6.749968413655254
0,49,16,1196408.0,5555555.0,-6.668481431091004
0,49,17,1261343.0,5555555.0,-6.438942501031038
0,50,0,1194333.0,4545454.0,-5.804518348257569
0,50,1,1200813.0,4545454.0,-5.781018861302837
0,50,2,1179672.0,4545454.0,-5.858159956814744
0,50,3,1188865.0,4545454.0,-5.824447253821492
0,50,4,1197011.0,4545454.0,-5.794791256641036
0,50,5,1186586.0,4545454.0,-5.832780470780538
0,50,6,1194622.0,4545454.0,-5.803467586682887
0,50,7,1183335.0,4545454.0,-5.844695570450829
0,50,8,1184702.0,4545454.0,-5.839681454347846
0,50,9,1193890.0,4545454.0,-5.806129524916448
0,50,10,1172677.0,4545454.0,-5.88398859750604
0,50,11,1229005.0,4545454.0,-5.680236173183971
0,50,12,1239705.0,4545454.0,-5.642589142504496
0,50,13,1259632.0,4545454.0,-5.5733358203436065
0,50,14,1346617.0,4545454.0,-5.283331742633721
0,50,15,1293410.0,4545454.0,-5.458410526903913
0,50,16,1286932.0,4545454.0,-5.480216671704785
0,50,17,1311653.0,4545454.0,-5.397583101611163
0,50,18,1343340.0,4545454.0,-5.293913203387515
0,50,19,1258708.0,4545454.0,-5.5765227460111975
0,50,20,1313825.0,4545454.0,-5.390397455188792
0,50,21,1207300.0,4545454.0,-5.75762066430173
0,51,0,1284890.0,4166666.0,-5.109227396848208
0,51,1,1269639.0,4166666.0,-5.161084344553508
0,51,2,1347924.0,4166666.0,-4.9012328273780605
0,51,3,1300494.0,4166666.0,-5.0568033593943165
0,51,4,1376047.0,4166666.0,-4.811554209686
0,51,5,1325331.0,4166666.0,-4.974643323992922
0,51,6,1267638.0,4166666.0,-5.167934392368174
0,51,7,1357859.0,4166666.0,-4.869340136293841
0,51,8,1343770.0,4166666.0,-4.914637476718237
0,51,9,1378689.0,4166666.0,-4.803223782574341
0,51,10,1305857.0,4166666.0,-5.038930673838042
0,51,11,1324276.0,4166666.0,-4.978101804459055
0,51,12,1409112.0,4166666.0,-4.708431754301234
0,51,13,1288528.0,4166666.0,-5.096948284961329
0,51,14,1230109.0,4166666.0,-5.298450928080927
0,51,15,1365509.0,4166666.0,-4.844941219033616
0,51,16,1326481.0,4166666.0,-4.97087655104297
0,51,17,1353552.0,4166666.0,-4.8831374389293085
0,51,18,1367713.0,4166666.0,-4.837937139265625
0,51,19,1270731.0,4166666.0,-5.157350639593609
0,51,20,1338405.0,4166666.0,-4.93201138410925
0,51,21,1363043.0,4166666.0,-4.8527913203618445
0,51,22,1358157.0,4166666.0,-4.868387124558074
0,51,23,1283807.0,4166666.0,-5.112889494415732
0,52,0,2055264.0,4000000.0,-2.891923761235468
0,52,1,1366889.0,4000000.0,-4.663267427768056
0,52,2,1361234.0,4000000.0,-4.681272032491984
0,52,3,1410483.0,4000000.0,-4.52692135186584
0,52,4,1268449.0,4000000.0,-4.987869809163219
0,52,5,1798554.0,4000000.0,-3.4713650966831273
0,52,6,1340042.0,4000000.0,-4.7494158096137165
0,52,7,1336438.0,4000000.0,-4.761111755473776
0,52,8,1419612.0,4000000.0,-4.498903295395894
0,52,9,1360307.0,4000000.0,-4.6842305842852054
0,52,10,1258108.0,4000000.0,-5.023420673961352
0,52,11,1460003.0,4000000.0,-4.3770624315852045
0,52,12,1346477.0,4000000.0,-4.728610519676559
0,52,13,1382032.0,4000000.0,-4.615418923834681
0,52,14,1343177.0,4000000.0,-4.739267448109874
0,52,15,1282674.0,4000000.0,-4.9394369971633765
0,52,16,1210354.0,4000000.0,-5.191475815390302
0,52,17,1278437.0,4000000.0,-4.953806600031506
0,52,18,1279977.0,4000000.0,-4.948578254791782
0,52,19,1346916.0,4000000.0,-4.7271947940157
0,52,20,1266714.0,4000000.0,-4.993814208349708
0,52,21,1340914.0,4000000.0,-4.746590662154569
0,52,22,1279321.0,4000000.0,-4.950804624572619
0,52,23,1382219.0,4000000.0,-4.61483132836495
0,52,24,1268087.0,4000000.0,-4.989109409969329
0,53,0,1336854.0,4166666.0,-4.937047089563568
0,53,1,2174254.0,4166666.0,-2.824784110773037
0,53,2,2272159.0,4166666.0,-2.633499698580231
0,53,3,1369423.0,4166666.0,-4.832510710614124
0,53,4,1349095.0,4166666.0,-4.897461560877782
0,53,5,1460025.0,4166666.0,-4.554283965311549
0,53,6,1303456.0,4166666.0,-5.046923132736977
0,53,7,1216127.0,4166666.0,-5.34809758174452
0,53,8,1388874.0,4166666.0,-4.771258408943401
0,53,9,1307328.0,4166666.0,-5.034041259193787
0,53,10,1218412.0,4166666.0,-5.339945211356958
0,53,11,1274051.0,4166666.0,-5.146018757350159
0,53,12,1267989.0,4166666.0,-5.166732028107802
0,53,13,1341434.0,4166666.0,-4.922193790247187
0,53,14,1371087.0,4166666.0,-4.8272367571770145
0,53,15,1352273.0,4166666.0,-4.887243119701149
0,53,16,1263554.0,4166666.0,-5.181948818798147
0,53,17,1324395.0,4166666.0,-4.977711563138927
0,53,18,1265922.0,4166666.0,-5.173817414241792
0,53,19,1263081.0,4166666.0,-5.1835748652380955
0,53,20,5601622.0,4166666.0,1.2852511028589564
0,53,21,1462977.0,4166666.0,-4.545511903257226
0,53,22,1456317.0,4166666.0,-4.5653276961680085
0,53,23,1430286.0,4166666.0,-4.643658011245606
0,54,0,1393109.0,4761904.0,-5.337955378427482
0,54,1,1411209.0,4761904.0,-5.281892982648294
0,54,2,1417739.0,4761904.0,-5.261843494261651
0,54,3,1374971.0,4761904.0,-5.394870973747073
0,54,4,1439529.0,4761904.0,-5.19560217406738
0,54,5,1356934.0,4761904.0,-5.4522191128272555
0,54,6,1339362.0,4761904.0,-5.50882662684264
0,54,7,1713614.0,4761904.0,-4.438676341481398
0,54,8,1382953.0,4761904.0,-5.369732150243085
0,54,9,1369637.0,4761904.0,-5.411751560577505
0,54,10,1327694.0,4761904.0,-5.546826431450448
0,54,11,1329583.0,4761904.0,-5.540651821769123
0,54,12,1525080.0,4761904.0,-4.9448801003236476
0,54,13,1385936.0,4761904.0,-5.36037459968242
0,54,14,1337770.0,4761904.0,-5.513991832717354
0,54,15,1464565.0,4761904.0,-5.120719845719348
0,54,16,1418109.0,4761904.0,-5.260710225065164
0,54,17,1285517.0,4761904.0,-5.687028115426887
0,54,18,1192071.0,4761904.0,-6.014785129335239
0,54,19,1172464.0,4761904.0,-6.08681119011345
0,54,20,1178099.0,4761904.0,-6.065988484287774
0,55,0,1192054.0,5555555.0,-6.684315220942092
0,55,1,1175771.0,5555555.0,-6.7440470721079055
0,55,2,1179567.0,5555555.0,-6.730048373996022
0,55,3,1267554.0,5555555.0,-6.417609813691916
0,55,4,1208846.0,5555555.0,-6.6235647369181585
0,55,5,1189459.0,5555555.0,-6.693779747287945
0,55,6,1208424.0,5555555.0,-6.625081094405944
0,55,7,1209523.0,5555555.0,-6.621133202508572
0,55,8,1182936.0,5555555.0,-6.71766202696216
0,55,9,1285710.0,5555555.0,-6.3558442969286135
0,55,10,1186332.0,5555555.0,-6.705212062917715
0,55,11,1178739.0,5555555.0,-6.733097985418728
0,55,12,1213345.0,5555555.0,-6.607431466494465
0,55,13,1179262.0,5555555.0,-6.7311714720901925
0,55,14,1184133.0,5555555.0,-6.713269670515006
0,55,15,1176776.0,5555555.0,-6.7403364896552365
0,55,16,1316264.0,5555555.0,-6.253844480217258
0,55,17,1182266.0,5555555.0,-6.720122512879712
0,56,0,1173006.0,6250000.0,-7.265797837790771
0,56,1,1207724.0,6250000.0,-7.139123206188216
0,56,2,1194058.0,6250000.0,-7.188545946812316
0,56,3,1180622.0,6250000.0,-7.237691456335723
0,56,4,1213341.0,6250000.0,-7.118971442549218
0,56,5,1186518.0,6250000.0,-7.2160568630240896
0,56,6,1174518.0,6250000.0,-7.2602034042732395
0,56,7,1229905.0,6250000.0,-7.060084502698469
0,56,8,1183499.0,6250000.0,-7.227121220368659
0,56,9,1178734.0,6250000.0,-7.2446420662212265
0,56,10,1242669.0,6250000.0,-7.015245529154529
0,56,11,1222008.0,6250000.0,-7.088059682751155
0,56,12,1176947.0,6250000.0,-7.251231111070933
0,56,13,1191983.0,6250000.0,-7.196099557811665
0,56,14,1321774.0,6250000.0,-6.747228125298827
0,56,15,1194919.0,6250000.0,-7.185415505915573
0,57,0,1193503.0,6666666.0,-7.470851825241619
0,57,1,1189541.0,6666666.0,-7.485292820227159
0,57,2,1173847.0,6666666.0,-7.542972031466457
0,57,3,1169641.0,6666666.0,-7.558561140966441
0,57,4,1717943.0,6666666.0,-5.888999473305506
0,57,5,2347581.0,6666666.0,-4.532881115943361
0,57,6,4498886.0,6666666.0,-1.708037090610615
0,57,7,1980821.0,6666666.0,-5.270634659059756
0,57,8,1742413.0,6666666.0,-5.827575948556921
0,57,9,1865190.0,6666666.0,-5.531856191457
0,57,10,1835613.0,6666666.0,-5.601275727631813
0,57,11,1623486.0,6666666.0,-6.1346014963998226
0,57,12,1652792.0,6666666.0,-6.056904954474206
0,57,13,1620959.0,6666666.0,-6.141366674281958
0,57,14,1451454.0,6666666.0,-6.621054209453377
0,58,0,1242901.0,6250000.0,-7.014434799059668
0,58,1,1281366.0,6250000.0,-6.8820682118463194
0,58,2,1310535.0,6250000.0,-6.784313933557024
0,58,3,1220335.0,6250000.0,-7.094009500461982
0,58,4,1367845.0,6250000.0,-6.598431300904983
0,58,5,1547287.0,6250000.0,-6.063091406480215
0,58,6,1355690.0,6250000.0,-6.637196247754242
0,58,7,1409136.0,6250000.0,-6.46927107130942
0,58,8,1355745.0,6250000.0,-6.637020059156633
0,58,9,1296014.0,6250000.0,-6.832703243821036
0,58,10,1394445.0,6250000.0,-6.514786279406875
0,58,11,1372005.0,6250000.0,-6.585243232703885
0,58,12,1312278.0,6250000.0,-6.778541692887236
0,58,13,1364019.0,6250000.0,-6.610595975091826
0,58,14,1294962.0,6250000.0,-6.836229928900855
0,58,15,1337729.0,6250000.0,-6.695118753062336
0,59,0,1304087.0,5263157.0,-6.059397596190835
0,59,1,1389197.0,5263157.0,-5.784824884453897
0,59,2,1334211.0,5263157.0,-5.960218083132144
0,59,3,1343496.0,5263157.0,-5.93009947473977
0,59,4,1344614.0,5263157.0,-5.92648696439783
0,59,5,1316286.0,5263157.0,-6.01896063046317
0,59,6,1355147.0,5263157.0,-5.892599172198794
0,59,7,1771504.0,5263157.0,-4.729041879235961
0,59,8,1333727.0,5263157.0,-5.961793820885774
0,59,9,1375692.0,5263157.0,-5.827251134638278
0,59,10,1299342.0,5263157.0,-6.075228483827482
0,59,11,1248775.0,5263157.0,-6.247621294858735
0,59,12,1308047.0,5263157.0,-6.046229761264601
0,59,13,1251414.0,5263157.0,-6.238453159462761
0,59,14,1335576.0,5263157.0,-5.955777189387045
0,59,15,1348793.0,5263157.0,-5.913010218430653
0,59,16,1274401.0,5263157.0,-6.159402216406696
0,59,17,1423382.0,5263157.0,-5.679248557524029
0,59,18,1304764.0,5263157.0,-6.057143597239969
0,60,0,1344560.0,4545454.0,-5.2899707999922505
0,60,1,1343719.0,4545454.0,-5.292688089910417
0,60,2,1305921.0,4545454.0,-5.41660361411144
0,60,3,1320856.0,4545454.0,-5.367217937433422
0,60,4,1289661.0,4545454.0,-5.471017003116877
0,60,5,1197644.0,4545454.0,-5.792495239774741
0,60,6,1279970.0,4545454.0,-5.503774763107884
0,60,7,1267041.0,4545454.0,-5.547865986780937
0,60,8,1323904.0,4545454.0,-5.357207727305527
0,60,9,1290056.0,4545454.0,-5.469687040786183
0,60,10,1352149.0,4545454.0,-5.265527157583731
0,60,11,1330080.0,4545454.0,-5.3369950390463385
0,60,12,1327190.0,4545454.0,-5.346441663194912
0,60,13,1327548.0,4545454.0,-5.345270342895404
0,60,14,1250036.0,4545454.0,-5.6065474655342475
0,60,15,1322431.0,4545454.0,-5.362042457888844
0,60,16,1300911.0,4545454.0,-5.4332968113194084
0,60,17,1313454.0,4545454.0,-5.39162399606136
0,60,18,1347412.0,4545454.0,-5.280768562184399
0,60,19,1279183.0,4545454.0,-5.506445879434515
0,60,20,1300398.0,4545454.0,-5.435009741787141
0,60,21,1370605.0,4545454.0,-5.206649552614733
0,61,0,1342887.0,4166666.0,-4.9174921920118395
0,61,1,1343514.0,4166666.0,-4.915464924711851
0,61,2,1365134.0,4166666.0,-4.846134054799679
0,61,3,1364154.0,4166666.0,-4.84925288000652
0,61,4,1324267.0,4166666.0,-4.978131319934825
0,61,5,1391784.0,4166666.0,-4.762168492788979
0,61,6,1294275.0,4166666.0,-5.077621263065916
0,61,7,1250499.0,4166666.0,-5.227053400315558
0,61,8,1382642.0,4166666.0,-4.790789436530944
0,61,9,1355066.0,4166666.0,-4.878282402788527
0,61,10,1345532.0,4166666.0,-4.908946580072115
0,61,11,1337197.0,4166666.0,-4.935932952188403
0,61,12,1280297.0,4166666.0,-5.124779609509726
0,61,13,1280716.0,4166666.0,-5.123358535977175
0,61,14,1353333.0,4166666.0,-4.88384016912837
0,61,15,1240716.0,4166666.0,-5.261163059713649
0,61,16,1252360.0,4166666.0,-5.22059500869407
0,61,17,1328468.0,4166666.0,-4.964375911696151
0,61,18,1351071.0,4166666.0,-4.891105166126976
0,61,19,1338776.0,4166666.0,-4.930807705659287
0,61,20,1347541.0,4166666.0,-4.902467009886001
0,61,21,1353992.0,4166666.0,-4.88172590453711
0,61,22,1266076.0,4166666.0,-5.173289125117585
0,61,23,1299739.0,4166666.0,-5.059325382174979
0,62,0,1328016.0,4000000.0,-4.788566838638469
0,62,1,1288959.0,4000000.0,-4.9182088806063256
0,62,2,1441872.0,4000000.0,-4.431332830673371
0,62,3,1346960.0,4000000.0,-4.72705292440325
0,62,4,1268158.0,4000000.0,-4.988866255950509
0,62,5,1342849.0,4000000.0,-4.740328112383209
0,62,6,1343181.0,4000000.0,-4.739254514778371
0,62,7,1306874.0,4000000.0,-4.8582627348158445
0,62,8,1359325.0,4000000.0,-4.68736687036923
0,62,9,1336350.0,4000000.0,-4.761397733369676
0,62,10,1350656.0,4000000.0,-4.715152391417851
0,62,11,1296208.0,4000000.0,-4.893852938026111
0,62,12,1194325.0,4000000.0,-5.2493746813547055
0,62,13,1256159.0,4000000.0,-5.0301537704445085
0,62,14,1329527.0,4000000.0,-4.783628299296918
0,62,15,1267301.0,4000000.0,-4.991802137660014
0,62,16,1359141.0,4000000.0,-4.687954776819355
0,62,17,1329103.0,4000000.0,-4.7850135305016215
0,62,18,1341159.0,4000000.0,-4.745797229996963
0,62,19,1364947.0,4000000.0,-4.669442029947146
0,62,20,1316978.0,4000000.0,-4.8248147115615945
0,62,21,1345712.0,4000000.0,-4.7310786620513925
0,62,22,1670937.0,4000000.0,-3.7909991550288122
0,62,23,1359910.0,4000000.0,-4.6854982398475356
0,62,24,1346428.0,4000000.0,-4.7287685678038835
0,63,0,1386768.0,4166666.0,-4.777848771493054
0,63,1,1225036.0,4166666.0,-5.3163983734837705
0,63,2,1325601.0,4166666.0,-4.973758657690509
0,63,3,1265136.0,4166666.0,-5.176514748508718
0,63,4,1366991.0,4166666.0,-4.840230335335251
0,63,5,1255896.0,4166666.0,-5.208350115785789
0,63,6,1412483.0,4166666.0,-4.698054592482882
0,63,7,1322376.0,4166666.0,-4.984337302419259
0,63,8,1193191.0,4166666.0,-5.430787198949188
0,63,9,1271869.0,4166666.0,-5.1534630666099925
0,63,10,1348300.0,4166666.0,-4.900021542809315
0,63,11,2327332.0,4166666.0,-2.5293034785091257
0,63,12,1286234.0,4166666.0,-5.104687033669757
0,63,13,1225536.0,4166666.0,-5.314626156679165
0,63,14,1241619.0,4166666.0,-5.258003390011881
0,63,15,1275309.0,4166666.0,-5.141732642383429
0,63,16,1351973.0,4166666.0,-4.8882067032294625
0,63,17,1438348.0,4166666.0,-4.619247149969875
0,63,18,1347294.0,4166666.0,-4.903263130890297
0,63,19,1304549.0,4166666.0,-5.043282925785599
0,63,20,1322435.0,4166666.0,-4.984143539050637
0,63,21,1305516.0,4166666.0,-5.040064900309487
0,63,22,1228924.0,4166666.0,-5.302636630354077
0,63,23,1331679.0,4166666.0,-4.953891376377774
0,64,0,1275024.0,4761904.0,-5.7226227613097045
0,64,1,1269585.0,4761904.0,-5.7411885314095015
0,64,2,1345544.0,4761904.0,-5.488827317878701
0,64,3,1296437.0,4761904.0,-5.65029218581909
0,64,4,1231813.0,4761904.0,-5.8723585265203795
0,64,5,1394214.0,4761904.0,-5.334511963884971
0,64,6,1316262.0,4761904.0,-5.584382922235715
0,64,7,1350616.0,4761904.0,-5.472487455180348
0,64,8,1248109.0,4761904.0,-5.815281209202139
0,64,9,1345458.0,4761904.0,-5.489104904632307
0,64,10,1260025.0,4761904.0,-5.774014737928736
0,64,11,1272270.0,4761904.0,-5.732013490995193
0,64,12,1270984.0,4761904.0,-5.73640552381085
0,64,13,1265500.0,4761904.0,-5.755184862846851
0,64,14,1349817.0,4761904.0,-5.475057423042293
0,64,15,1322095.0,4761904.0,-5.565179729943624
0,64,16,1330543.0,4761904.0,-5.5375172129518955
0,64,17,1377206.0,4761904.0,-5.387817296745714
0,64,18,1274957.0,4761904.0,-5.722850980502664
0,64,19,1268339.0,4761904.0,-5.745452890530803
0,64,20,1308035.0,4761904.0,-5.611612709164724
0,65,0,1345251.0,5555555.0,-6.159241279133131
0,65,1,1274219.0,5555555.0,-6.394833748668529
0,65,2,1263886.0,5555555.0,-6.430195482516544
0,65,3,1201143.0,5555555.0,-6.651327368087864
0,65,4,1230177.0,5555555.0,-6.547598484888796
0,65,5,1418819.0,5555555.0,-5.928004558089331
0,65,6,1269019.0,5555555.0,-6.412593269821656
0,65,7,1288442.0,5555555.0,-6.34662578170458
0,65,8,1424408.0,5555555.0,-5.910930473003978
0,65,9,1351771.0,5555555.0,-6.138243263260893
0,65,10,1261729.0,5555555.0,-6.437613663238676
0,65,11,1404373.0,5555555.0,-5.972449801923936
0,65,12,1335464.0,5555555.0,-6.190952661948964
0,65,13,1250911.0,5555555.0,-6.4750103992240335
0,65,14,1226180.0,5555555.0,-6.561732233169306
0,65,15,1291632.0,5555555.0,-6.3358865540450875
0,65,16,1285123.0,5555555.0,-6.357827551891556
0,65,17,1326600.0,5555555.0,-6.21987458504886
0,66,0,1349857.0,6250000.0,-6.655922543308189
0,66,1,1393409.0,6250000.0,-6.518014060373618
0,66,2,1322846.0,6250000.0,-6.743707288958642
0,66,3,1319731.0,6250000.0,-6.753945991087033
0,66,4,1271727.0,6250000.0,-6.914861254644375
0,66,5,1350264.0,6250000.0,-6.6546132845344275
0,66,6,1299591.0,6250000.0,-6.8207332226105875
0,66,7,1364358.0,6250000.0,-6.609516755980077
0,66,8,1259242.0,6250000.0,-6.957708168906747
0,66,9,1205072.0,6250000.0,-7.1486702166260665
0,66,10,1330864.0,6250000.0,-6.717463398313022
0,66,11,1259925.0,6250000.0,-6.955353238579319
0,66,12,1352115.0,6250000.0,-6.648663865805828
0,66,13,1432499.0,6250000.0,-6.397856898771667
0,66,14,1352193.0,6250000.0,-6.64841333983321
0,66,15,1282185.0,6250000.0,-6.87929325482163
0,67,0,1292129.0,6666666.0,-7.126028238004714
0,67,1,1335591.0,6666666.0,-6.982352136550768
0,67,2,1341383.0,6666666.0,-6.963558995008249
0,67,3,1392577.0,6666666.0,-6.800894794855694
0,67,4,1310027.0,6666666.0,-7.0662845084370485
0,67,5,1329880.0,6666666.0,-7.000962427801417
0,67,6,1362614.0,6666666.0,-6.895358507864993
0,67,7,1343329.0,6666666.0,-6.957263070456225
0,67,8,1304067.0,6666666.0,-7.086087924818604
0,67,9,1392570.0,6666666.0,-6.80091662538294
0,67,10,1301459.0,6666666.0,-7.094782064789326
0,67,11,1224479.0,6666666.0,-7.359573562063003
0,67,12,1319864.0,6666666.0,-7.0337951410632265
0,67,13,1301611.0,6666666.0,-7.0942748731938305
0,67,14,1283549.0,6666666.0,-7.154962448241857
0,68,0,1397439.0,6250000.0,-6.505471578815655
0,68,1,1349353.0,6250000.0,-6.657544383931357
0,68,2,1337192.0,6250000.0,-6.696862476633351
0,68,3,1318418.0,6250000.0,-6.758268936468976
0,68,4,1293910.0,6250000.0,-6.839759480150275
0,68,5,1231631.0,6250000.0,-7.053994058369283
0,68,6,1397460.0,6250000.0,-6.5054063157480435
0,68,7,1262423.0,6250000.0,-6.946751190246024
0,68,8,1335385.0,6250000.0,-6.702735237256406
0,68,9,1328726.0,6250000.0,-6.724445841489012
0,68,10,1330061.0,6250000.0,-6.720084580642886
0,68,11,1297263.0,6250000.0,-6.828519858476242
0,68,12,1318195.0,6250000.0,-6.759003573442209
0,68,13,1348133.0,6250000.0,-6.661472777287603
0,68,14,1269347.0,6250000.0,-6.92299656411726
0,68,15,1505368.0,6250000.0,-6.182373374587149
0,69,0,1354041.0,5263157.0,-5.896145103479081
0,69,1,1310751.0,5263157.0,-6.037261274986574
0,69,2,1280733.0,5263157.0,-6.137877253028774
0,69,3,1264752.0,5263157.0,-6.192409503697242
0,69,4,1264012.0,5263157.0,-6.194951282414292
0,69,5,1267701.0,5263157.0,-6.18229492304335
0,69,6,1339175.0,5263157.0,-5.944089919927916
0,69,7,1382028.0,5263157.0,-5.807294832481644
0,69,8,1355009.0,5263157.0,-5.893041454034632
0,69,9,1243948.0,5263157.0,-6.264440990303662
0,69,10,1408944.0,5263157.0,-5.723525932676487
0,69,11,1296790.0,5263157.0,-6.0837667235996005
0,69,12,1321697.0,5263157.0,-6.001144209831823
0,69,13,1313391.0,5263157.0,-6.028522892543573
0,69,14,1339393.0,5263157.0,-5.943383003416827
0,69,15,1364614.0,5263157.0,-5.862365026880201
0,69,16,1360047.0,5263157.0,-5.876924083998611
0,69,17,1348590.0,5263157.0,-5.913663902241909
0,69,18,1283344.0,5263157.0,-6.129032407228969
0,70,0,1348777.0,4545454.0,-5.276371155189224
0,70,1,1340295.0,4545454.0,-5.3037686961420185
0,70,2,1334030.0,4545454.0,-5.324116708492703
0,70,3,1455109.0,4545454.0,-4.9468174018350215
0,70,4,1298686.0,4545454.0,-5.440731082540649
0,70,5,1197890.0,4545454.0,-5.791603276288322
0,70,6,1316795.0,4545454.0,-5.380590982499478
0,70,7,1350861.0,4545454.0,-5.269666034872589
0,70,8,1350999.0,4545454.0,-5.269222395020377
0,70,9,1365772.0,4545454.0,-5.2219906215798595
0,70,10,1306181.0,4545454.0,-5.415739049361154
0,70,11,1205599.0,4545454.0,-5.763743879870171
0,70,12,1268183.0,4545454.0,-5.5439533989237795
0,70,13,1278339.0,4545454.0,-5.509312283367951
0,70,14,1227405.0,4545454.0,-5.685893789537229
0,70,15,1384568.0,4545454.0,-5.162629770425732
0,70,16,1288942.0,4545454.0,-5.4734389171577815
0,70,17,1272638.0,4545454.0,-5.528723802666606
0,70,18,1322675.0,4545454.0,-5.361241220782391
0,70,19,1286688.0,4545454.0,-5.481040164325311
0,70,20,1222850.0,4545454.0,-5.702040791737987
0,70,21,1321903.0,4545454.0,-5.363776788646549
0,71,0,1341455.0,4166666.0,-4.922125802461482
0,71,1,1279962.0,4166666.0,-5.125916124622204
0,71,2,1300663.0,4166666.0,-5.056239027694653
0,71,3,1344297.0,4166666.0,-4.912934593606355
0,71,4,1343982.0,4166666.0,-4.913952365663687
0,71,5,1400049.0,4166666.0,-4.736454530821658
0,71,6,1308394.0,4166666.0,-5.030501449203743
0,71,7,1202530.0,4166666.0,-5.396927691009838
0,71,8,1329223.0,4166666.0,-4.961908413836863
0,71,9,1319704.0,4166666.0,-4.993121557636874
0,71,10,1339365.0,4166666.0,-4.928897429434358
0,71,11,1304654.0,4166666.0,-5.042933386707004
0,71,12,1310112.0,4166666.0,-5.024802642120853
0,71,13,1267806.0,4166666.0,-5.167358860247831
0,71,14,1309922.0,4166666.0,-5.0254325267078945
0,71,15,1344191.0,4166666.0,-4.913277055355156
0,71,16,1305796.0,4166666.0,-5.039133548901468
0,71,17,1282215.0,4166666.0,-5.118278356271943
0,71,18,1216043.0,4166666.0,-5.3483975668318635
0,71,19,1278853.0,4166666.0,-5.129680621942933
0,71,20,1316799.0,4166666.0,-5.002692007437137
0,71,21,1352973.0,4166666.0,-4.884995589205829
0,71,22,1273892.0,4166666.0,-5.146560785352452
0,71,23,1336317.0,4166666.0,-4.9387919546688615
0,72,0,1354984.0,4000000.0,-4.701258243483396
0,72,1,1253511.0,4000000.0,-5.039318419301452
0,72,2,1324006.0,4000000.0,-4.8017003812685894
0,72,3,1261121.0,4000000.0,-5.013032337705382
0,72,4,1242607.0,4000000.0,-5.077261955251857
0,72,5,1342704.0,4000000.0,-4.740797086184413
0,72,6,1345137.0,4000000.0,-4.732934725553248
0,72,7,1268342.0,4000000.0,-4.988236173673272
0,72,8,1317181.0,4000000.0,-4.824145338300521
0,72,9,2351137.0,4000000.0,-2.307820552653317
0,72,10,3780516.0,4000000.0,-0.2450891089321963
0,72,11,1573909.0,4000000.0,-4.050803725427404
0,72,12,1837217.0,4000000.0,-3.3789953598201428
0,72,13,3845186.0,4000000.0,-0.1714263891486102
0,72,14,3540849.0,4000000.0,-0.5295258472377646
0,72,15,1958931.0,4000000.0,-3.1004085234547785
0,72,16,1505226.0,4000000.0,-4.244582799800243
0,72,17,1742873.0,4000000.0,-3.6079424931761923
0,72,18,1669750.0,4000000.0,-3.7940853919119046
0,72,19,1878080.0,4000000.0,-3.2834590349448294
0,72,20,2840637.0,4000000.0,-1.4864425178642016
0,72,21,1855619.0,4000000.0,-3.335711806430688
0,72,22,1679175.0,4000000.0,-3.7696403159620457
0,72,23,1625498.0,4000000.0,-3.9107355184801507
0,72,24,1520507.0,4000000.0,-4.200715674697283
0,73,0,1467186.0,4166666.0,-4.533035145264126
0,73,1,1476449.0,4166666.0,-4.505702387877542
0,73,2,1345689.0,4166666.0,-4.908439864096458
0,73,3,1372656.0,4166666.0,-4.822269760513102
0,73,4,1408150.0,4166666.0,-4.711397692917018
0,73,5,1349365.0,4166666.0,-4.896592476210934
0,73,6,1534995.0,4166666.0,-4.336817236303762
0,73,7,1326192.0,4166666.0,-4.9718228501591195
0,73,8,1318597.0,4166666.0,-4.996766054755895
0,73,9,1271563.0,4166666.0,-5.1545080649594945
0,73,10,1258071.0,4166666.0,-5.200835373278673
0,73,11,1230188.0,4166666.0,-5.298172024647055
0,73,12,1343207.0,4166666.0,-4.916457423795489
0,73,13,1231983.0,4166666.0,-5.291839737140423
0,73,14,1357136.0,4166666.0,-4.871653178622378
0,73,15,1334689.0,4166666.0,-4.944086076090473
0,73,16,1467751.0,4166666.0,-4.53136303860353
0,73,17,1369863.0,4166666.0,-4.83111553264672
0,73,18,1439430.0,4166666.0,-4.615981389709271
0,73,19,1287502.0,4166666.0,-5.100407764563618
0,73,20,1347954.0,4166666.0,-4.901136169929484
0,73,21,1407861.0,4166666.0,-4.712289103538004
0,73,22,1368142.0,4166666.0,-4.836575134815363
0,73,23,1216445.0,4166666.0,-5.346962111583457
0,74,0,1418014.0,4761904.0,-5.261001171373179
0,74,1,1349203.0,4761904.0,-5.477033375917696
0,74,2,1361838.0,4761904.0,-5.4365518744635475
0,74,3,1396609.0,4761904.0,-5.327057993930618
0,74,4,1360668.0,4761904.0,-5.440284645484864
0,74,5,1350014.0,4761904.0,-5.474423635126778
0,74,6,1354887.0,4761904.0,-5.45877559995014
0,74,7,1300320.0,4761904.0,-5.637303933702027
0,74,8,1226057.0,4761904.0,-5.892699745606497
0,74,9,1321353.0,4761904.0,-5.567617807137012
0,74,10,1285807.0,4761904.0,-5.686048500253646
0,74,11,1230778.0,4761904.0,-5.8760091109271
0,74,12,1372861.0,4761904.0,-5.401540679441764
0,74,13,1330261.0,4761904.0,-5.5384377696284135
0,74,14,1337216.0,4761904.0,-5.515790714254783
0,74,15,1396972.0,4761904.0,-5.325929342942382
0,74,16,1289857.0,4761904.0,-5.672390708699194
0,74,17,1238812.0,4761904.0,-5.847752321935458
0,74,18,1387398.0,4761904.0,-5.35579571671081
0,74,19,1320400.0,4761904.0,-5.570751201206841
0,74,20,1332218.0,4761904.0,-5.532053385344855
0,75,0,1413639.0,5555555.0,-5.943889333251055
0,75,1,1270897.0,5555555.0,-6.4061709693546645
0,75,2,1227585.0,5555555.0,-6.556758783684463
0,75,3,1329986.0,5555555.0,-6.2088038204508065
0,75,4,1295796.0,5555555.0,-6.321908164819586
0,75,5,1287110.0,5555555.0,-6.351117869625691
0,75,6,1369958.0,5555555.0,-6.080201986523277
0,75,7,1341881.0,5555555.0,-6.170134478062931
0,75,8,1272440.0,5555555.0,-6.400901384806552
0,75,9,1385605.0,5555555.0,-6.030880096256035
0,75,10,1318672.0,5555555.0,-6.24590666765895
0,75,11,1296443.0,5555555.0,-6.319740243299802
0,75,12,1336553.0,5555555.0,-6.187412664134739
0,75,13,1352081.0,5555555.0,-6.137247415189476
0,75,14,1270674.0,5555555.0,-6.406933078063908
0,75,15,1277601.0,5555555.0,-6.3833220840701745
0,75,16,1360014.0,5555555.0,-6.111840724415465
0,75,17,1395190.0,5555555.0,-6.000940966657232
0,76,0,1495561.0,6250000.0,-6.2107588588571865
0,76,1,1346291.0,6250000.0,-6.667410748151054
0,76,2,1350381.0,6250000.0,-6.6542369858767785
0,76,3,1364708.0,6250000.0,-6.6084027992674175
0,76,4,1289249.0,6250000.0,-6.8554321412369035
0,76,5,1401332.0,6250000.0,-6.493389779279789
0,76,6,1290623.0,6250000.0,-6.850806170068146
0,76,7,1218182.0,6250000.0,-7.1016783931742555
0,76,8,1340050.0,6250000.0,-6.687590142636111
0,76,9,1358119.0,6250000.0,-6.629421923339789
0,76,10,1340102.0,6250000.0,-6.687421620007083
0,76,11,1416353.0,6250000.0,-6.447085105678839
0,76,12,1303828.0,6250000.0,-6.806597139679326
0,76,13,1203694.0,6250000.0,-7.153639216199697
0,76,14,1346043.0,6250000.0,-6.668210834855131
0,76,15,1293539.0,6250000.0,-6.841004901829236
0,77,0,1281795.0,6666666.0,-7.160901243506438
0,77,1,1403860.0,6666666.0,-6.765848975979112
0,77,2,1289019.0,6666666.0,-7.1364937866081215
0,77,3,1215360.0,6666666.0,-7.392037587939637
0,77,4,1319290.0,6666666.0,-7.035684269447118
0,77,5,1353902.0,6666666.0,-6.9232146772965635
0,77,6,1333212.0,6666666.0,-6.9900948350272705
0,77,7,1337720.0,6666666.0,-6.975434773419826
0,77,8,1295926.0,6666666.0,-7.113284943670299
0,77,9,1306695.0,6666666.0,-7.077344682164356
0,77,10,1317640.0,6666666.0,-7.04111927142793
0,77,11,1352045.0,6666666.0,-6.929175510819925
0,77,12,1332314.0,6666666.0,-6.993021060166351
0,77,13,1319362.0,6666666.0,-7.035447260529649
0,77,14,1345753.0,6666666.0,-6.949433408815041
0,78,0,1236295.0,5882352.0,-6.774288963222872
0,78,1,1293681.0,5882352.0,-6.577238093236638
0,78,2,1327655.0,5882352.0,-6.4646577375768
0,78,3,1234329.0,5882352.0,-6.781200764708171
0,78,4,1306198.0,5882352.0,-6.535419946843172
0,78,5,1343633.0,5882352.0,-6.412703474407836
0,78,6,1249028.0,5882352.0,-6.729788348844138
0,78,7,1308718.0,5882352.0,-6.527049334301882
0,78,8,1353580.0,5882352.0,-6.380670803677043
0,78,9,1243247.0,5882352.0,-6.749935891973769
0,78,10,1238576.0,5882352.0,-6.766283487432641
0,78,11,1353964.0,5882352.0,-6.379438919119163
0,78,12,1250526.0,5882352.0,-6.7245828344861405
0,78,13,1396451.0,5882352.0,-6.245253077678
0,78,14,1358453.0,5882352.0,-6.365063919189725
0,78,15,1251864.0,5882352.0,-6.719938585810573
0,78,16,1368047.0,5882352.0,-6.334499910706701
0,79,0,1346536.0,5263157.0,-5.920283563352631
0,79,1,1351385.0,5263157.0,-5.904672311501109
0,79,2,1339440.0,5263157.0,-5.943230609888364
0,79,3,1281921.0,5263157.0,-6.133850631553842
0,79,4,1254491.0,5263157.0,-6.227787752813861
0,79,5,1297803.0,5263157.0,-6.080375514785565
0,79,6,1193255.0,5263157.0,-6.445130623859363
0,79,7,1197160.0,5263157.0,-6.430941276315496
0,79,8,1282133.0,5263157.0,-6.133132468594923
0,79,9,1353332.0,5263157.0,-5.898419742361188
0,79,10,1255267.0,5263157.0,-6.225102135087399
0,79,11,1415863.0,5263157.0,-5.702250925006979
0,79,12,1360057.0,5263157.0,-5.87689215180176
0,79,13,1356735.0,5263157.0,-5.8875129647894076
0,79,14,1309859.0,5263157.0,-6.040217767504106
0,79,15,1281974.0,5263157.0,-6.133671079680273
0,79,16,1429214.0,5263157.0,-5.661490634934684
0,79,17,1367384.0,5263157.0,-5.853558313792533
0,79,18,1349726.0,5263157.0,-5.9100071136330845
0,80,0,1334363.0,4545454.0,-5.323032759739843
0,80,1,1330296.0,4545454.0,-5.33628981836853
0,80,2,1343557.0,4545454.0,-5.293211710901736
0,80,3,1420736.0,4545454.0,-5.0506388188304445
0,80,4,1351246.0,4545454.0,-5.26842845711076
0,80,5,1278618.0,4545454.0,-5.5083645305435445
0,80,6,1360233.0,4545454.0,-5.239639602017156
0,80,7,1288043.0,4545454.0,-5.476469053189382
0,80,8,1219691.0,4545454.0,-5.713274478568831
0,80,9,1385114.0,4545454.0,-5.160917481504542
0,80,10,1277425.0,4545454.0,-5.512418557447889
0,80,11,1347124.0,4545454.0,-5.281696935835852
0,80,12,1307834.0,4545454.0,-5.410246434557672
0,80,13,1343550.0,4545454.0,-5.2932343379230895
0,80,14,1302296.0,4545454.0,-5.428675604368214
0,80,15,1396356.0,4545454.0,-5.125811115796268
0,80,16,1296681.0,4545454.0,-5.447441197984364
0,80,17,1215960.0,4545454.0,-5.7265797836340315
0,80,18,1872859.0,4545454.0,-3.8507218473632285
0,80,19,1371433.0,4545454.0,-5.204026716301411
0,80,20,1490254.0,4545454.0,-4.84316970866862
0,80,21,1323819.0,4545454.0,-5.357486570907931
0,81,0,1293797.0,4000000.0,-4.901938515454098
0,81,1,1387629.0,4000000.0,-4.597866237610189
0,81,2,1309031.0,4000000.0,-4.851100598501453
0,81,3,1346704.0,4000000.0,-4.727878412568828
0,81,4,1336195.0,4000000.0,-4.7619014902364105
0,81,5,1348285.0,4000000.0,-4.7227828841295185
0,81,6,1335109.0,4000000.0,-4.765432678250436
0,81,7,1345110.0,4000000.0,-4.7330218993407245
0,81,8,1308078.0,4000000.0,-4.8542634981708765
0,81,9,1216665.0,4000000.0,-5.168889765155054
0,81,10,1338501.0,4000000.0,-4.7544129134156705
0,81,11,1324273.0,4000000.0,-4.800824668195601
0,81,12,1228374.0,4000000.0,-5.127293758200614
0,81,13,1389530.0,4000000.0,-4.591920636807037
0,81,14,1300907.0,4000000.0,-4.878137407544411
0,81,15,1360706.0,4000000.0,-4.682956915254434
0,81,16,1333496.0,4000000.0,-4.7706827402462695
0,81,17,1571688.0,4000000.0,-4.056936540308621
0,81,18,1278570.0,4000000.0,-4.9533548127180955
0,81,19,1472989.0,4000000.0,-4.338604877013116
0,81,20,1356179.0,4000000.0,-4.69742976146676
0,81,21,1392242.0,4000000.0,-4.583452602704482
0,81,22,1297166.0,4000000.0,-4.8906443446447625
0,81,23,1233048.0,4000000.0,-5.110800082201646
0,81,24,1339804.0,4000000.0,-4.750187212798561
0,82,0,1353507.0,4000000.0,-4.705994851530869
0,82,1,1297786.0,4000000.0,-4.888569064763642
0,82,2,1323406.0,4000000.0,-4.803668920306739
0,82,3,1268959.0,4000000.0,-4.986124010389405
0,82,4,1326526.0,4000000.0,-4.793442247247518
0,82,5,1358862.0,4000000.0,-4.688846373781363
0,82,6,1340389.0,4000000.0,-4.748291362194161
0,82,7,1299058.0,4000000.0,-4.884314495562244
0,82,8,1419566.0,4000000.0,-4.49904402307249
0,82,9,1307181.0,4000000.0,-4.857242646052928
0,82,10,1217310.0,4000000.0,-5.166588016391121
0,82,11,1332245.0,4000000.0,-4.774758923466957
0,82,12,1354555.0,4000000.0,-4.702633476202271
0,82,13,1347003.0,4000000.0,-4.726914283577646
0,82,14,1422245.0,4000000.0,-4.490855756775549
0,82,15,1298568.0,4000000.0,-4.88595294773863
0,82,16,1222350.0,4000000.0,-5.148644144682452
0,82,17,1362436.0,4000000.0,-4.677438807460043
0,82,18,1337841.0,4000000.0,-4.756554899483719
0,82,19,1286083.0,4000000.0,-4.927909937515729
0,82,20,1389971.0,4000000.0,-4.5905425198851395
0,82,21,1265480.0,4000000.0,-4.99804705490959
0,82,22,1336778.0,4000000.0,-4.76000701777474
0,82,23,1288982.0,4000000.0,-4.918131386411663
0,82,24,1319337.0,4000000.0,-4.817042491957763
0,83,0,1260799.0,4166666.0,-5.191428331153837
0,83,1,1378485.0,4166666.0,-4.803866441140467
0,83,2,1338206.0,4166666.0,-4.93265716044401
0,83,3,1273586.0,4166666.0,-5.147604123996409
0,83,4,1424327.0,4166666.0,-4.6617898180916715
0,83,5,1310757.0,4166666.0,-5.022665030920272
0,83,6,1286348.0,4166666.0,-5.104302131878721
0,83,7,1410814.0,4166666.0,-4.703189281286297
0,83,8,1296740.0,4166666.0,-5.069357812480949
0,83,9,1224535.0,4166666.0,-5.318174860374475
0,83,10,1300117.0,4166666.0,-5.058062517498504
0,83,11,1272640.0,4166666.0,-5.15083119495385
0,83,12,1224956.0,4166666.0,-5.316681995296124
0,83,13,1226405.0,4166666.0,-5.311547763515744
0,83,14,1297471.0,4166666.0,-5.066910291638012
0,83,15,1224334.0,4166666.0,-5.318887786962696
0,83,16,1254796.0,4166666.0,-5.2121556320391615
0,83,17,1318603.0,4166666.0,-4.996746293138335
0,83,18,1327112.0,4166666.0,-4.968811126365968
0,83,19,1290926.0,4166666.0,-5.088873409676657
0,83,20,1332529.0,4166666.0,-4.9511201939314855
0,83,21,1268121.0,4166666.0,-5.166279943051057
0,83,22,1348942.0,4166666.0,-4.897954119399421
0,83,23,1277261.0,4166666.0,-5.135090372091705
0,84,0,1244917.0,5000000.0,-6.038296068348656
0,84,1,1290861.0,5000000.0,-5.8809052441121406
0,84,2,1347074.0,5000000.0,-5.695785504772367
0,84,3,1288108.0,5000000.0,-5.890177268419681
0,84,4,1300936.0,5000000.0,-5.847140725173374
0,84,5,1193219.0,5000000.0,-6.222498441838252
0,84,6,1215395.0,5000000.0,-6.142525589602949
0,84,7,1440765.0,5000000.0,-5.40376854560281
0,84,8,1364633.0,5000000.0,-5.639541350144278
0,84,9,1283276.0,5000000.0,-5.906499322275781
0,84,10,1474778.0,5000000.0,-5.302433539413121
0,84,11,1285896.0,5000000.0,-5.897641589613068
0,84,12,1202892.0,5000000.0,-6.187433677772042
0,84,13,1307826.0,5000000.0,-5.82420037309971
0,84,14,1238889.0,5000000.0,-6.059376074409882
0,84,15,1249465.0,5000000.0,-6.022459091554707
0,84,16,1302339.0,5000000.0,-5.842459581482426
0,84,17,3445781.0,5000000.0,-1.6168233235978777
0,84,18,1382657.0,5000000.0,-5.582555476414749
0,84,19,1292980.0,5000000.0,-5.873781971329759
0,85,0,1321913.0,5882352.0,-6.483481355759339
0,85,1,1293504.0,5882352.0,-6.577832330783755
0,85,2,1279508.0,5882352.0,-6.625080035186725
0,85,3,1465691.0,5882352.0,-6.035085880380603
0,85,4,1243800.0,5882352.0,-6.748004566570989
0,85,5,1312032.0,5882352.0,-6.5160658167579815
0,85,6,1344442.0,5882352.0,-6.410089378845267
0,85,7,1348830.0,5882352.0,-6.3959379238658345
0,85,8,1335761.0,5882352.0,-6.438222498472207
0,85,9,1371516.0,5882352.0,-6.32350130718533
0,85,10,1293022.0,5882352.0,-6.579450949291362
0,85,11,1232253.0,5882352.0,-6.788511249884181
0,85,12,1311021.0,5882352.0,-6.51941360838054
0,85,13,1363682.0,5882352.0,-6.348379010916895
0,85,14,1289072.0,5882352.0,-6.59273833961632
0,85,15,1307015.0,5882352.0,-6.532704373307638
0,85,16,1285535.0,5882352.0,-6.604671038850567
0,86,0,1226510.0,6666666.0,-7.352376040616489
0,86,1,2461337.0,6666666.0,-4.3273761724542075
0,86,2,1360586.0,6666666.0,-6.901826996203123
0,86,3,1308343.0,6666666.0,-7.0718708236511985
0,86,4,1298252.0,6666666.0,-7.105496972022943
0,86,5,1232738.0,6666666.0,-7.330379138997266
0,86,6,1432699.0,6666666.0,-6.6775373975537855
0,86,7,1346319.0,6666666.0,-6.947607226748742
0,86,8,1271472.0,6666666.0,-7.196018968091864
0,86,9,1254322.0,6666666.0,-7.254996579324962
0,86,10,1348391.0,6666666.0,-6.940928524076884
0,86,11,1258832.0,6666666.0,-7.239409231983914
0,86,12,1308516.0,6666666.0,-7.071296601306941
0,86,13,2657289.0,6666666.0,-3.994699077715505
0,86,14,1327405.0,6666666.0,-7.009052483279344
0,87,0,1351700.0,6666666.0,-6.930283837212169
0,87,1,1228606.0,6666666.0,-7.344960656127753
0,87,2,1270293.0,6666666.0,-7.20004792616538
0,87,3,1348894.0,6666666.0,-6.939308746211886
0,87,4,1276236.0,6666666.0,-7.1797770649911445
0,87,5,1470856.0,6666666.0,-6.563385410800759
0,87,6,1323906.0,6666666.0,-7.0205154710193245
0,87,7,1423649.0,6666666.0,-6.705057701194272
0,87,8,1355308.0,6666666.0,-6.918706956622453
0,87,9,1325347.0,6666666.0,-7.015790981435731
0,87,10,1428629.0,6666666.0,-6.689892358141617
0,87,11,1338363.0,6666666.0,-6.9733477577537375
0,87,12,1255794.0,6666666.0,-7.249902937830753
0,87,13,1414335.0,6666666.0,-6.733564086906041
0,87,14,1332383.0,6666666.0,-6.992796146645167
0,88,0,1325048.0,5882352.0,-6.473193982145692
0,88,1,1409372.0,5882352.0,-6.20525370018115
0,88,2,1287719.0,5882352.0,-6.597299054769513
0,88,3,1205526.0,5882352.0,-6.883744277394528
0,88,4,1370179.0,5882352.0,-6.327737020992536
0,88,5,1300997.0,5882352.0,-6.552747140218625
0,88,6,1323679.0,5882352.0,-6.477683302477061
0,88,7,1399185.0,5882352.0,-6.2367586850456895
0,88,8,1262223.0,5882352.0,-6.684149195879742
0,88,9,1186636.0,5882352.0,-6.952334893669574
0,88,10,1403913.0,5882352.0,-6.222108135848484
0,88,11,1300714.0,5882352.0,-6.553691944148527
0,88,12,1322284.0,5882352.0,-6.482262662493721
0,88,13,1401916.0,5882352.0,-6.228290167802719
0,88,14,1251349.0,5882352.0,-6.721725582453175
0,88,15,1271957.0,5882352.0,-6.650785794089833
0,88,16,1330103.0,5882352.0,-6.456657361377365
0,89,0,1297784.0,5000000.0,-5.857675887701373
0,89,1,1315977.0,5000000.0,-5.797217053775142
0,89,2,1244895.0,5000000.0,-6.038372816943346
0,89,3,1340439.0,5000000.0,-5.717229492145678
0,89,4,3502903.0,5000000.0,-1.5454189303831192
0,89,5,1438917.0,5000000.0,-5.409342607688355
0,89,6,1534529.0,5000000.0,-5.129949040602161
0,89,7,3015014.0,5000000.0,-2.1968067124007087
0,89,8,5406774.0,5000000.0,0.3396821236292754
0,89,9,4261053.0,5000000.0,-0.6945306824296028
0,89,10,1493424.0,5000000.0,-5.247868779787
0,89,11,1531763.0,5000000.0,-5.137784294796971
0,89,12,1251762.0,5000000.0,-6.014482408867597
0,89,13,1239878.0,5000000.0,-6.05591050249131
0,89,14,1240422.0,5000000.0,-6.054005440991138
0,89,15,1227911.0,5000000.0,-6.098031144116741
0,89,16,1221897.0,5000000.0,-6.119354058083234
0,89,17,1240818.0,5000000.0,-6.05261919366082
0,89,18,1223855.0,5000000.0,-6.112400378583156
0,89,19,1227112.0,5000000.0,-6.100858012160684
0,90,0,1229612.0,4347826.0,-5.48504062427834
0,90,1,1211667.0,4347826.0,-5.548888753453537
0,90,2,1237024.0,4347826.0,-5.4589402966379605
0,90,3,1265062.0,4347826.0,-5.361603447269363
0,90,4,1234413.0,4347826.0,-5.4681166852258585
0,90,5,1188343.0,4347826.0,-5.633303430123771
0,90,6,1172676.0,4347826.0,-5.690941183293305
0,90,7,1269385.0,4347826.0,-5.346787932357989
0,90,8,1146559.0,4347826.0,-5.788757475910891
0,90,9,1181367.0,4347826.0,-5.658873200749674
0,90,10,1362005.0,4347826.0,-5.040934533963856
0,90,11,1186444.0,4347826.0,-5.640249109015578
0,90,12,1176260.0,4347826.0,-5.67768826681516
0,90,13,1303797.0,4347826.0,-5.23062177890512
0,90,14,1250101.0,4347826.0,-5.413270527119229
0,90,15,1291976.0,4347826.0,-5.270177091021391
0,90,16,1239311.0,4347826.0,-5.450918508289465
0,90,17,1222946.0,4347826.0,-5.508648744006917
0,90,18,1227269.0,4347826.0,-5.493323909301657
0,90,19,1278557.0,4347826.0,-5.315520609993509
0,90,20,1250035.0,4347826.0,-5.41349982213208
0,90,21,1256301.0,4347826.0,-5.3917844983026395
0,90,22,1369537.0,4347826.0,-5.016983854617278
0,91,0,1341146.0,4000000.0,-4.745839326837292
0,91,1,1336244.0,4000000.0,-4.761742231749197
0,91,2,1296030.0,4000000.0,-4.894449367967345
0,91,3,1279243.0,4000000.0,-4.951069421307029
0,91,4,1205693.0,4000000.0,-5.208232518313753
0,91,5,1440095.0,4000000.0,-4.436688488056985
0,91,6,1300446.0,4000000.0,-4.879676681593365
0,91,7,1344483.0,4000000.0,-4.735046760686557
0,91,8,2629131.0,4000000.0,-1.8224776537385103
0,91,9,1614111.0,4000000.0,-3.941265941328015
0,91,10,1448938.0,4000000.0,-4.410101889029966
0,91,11,1361820.0,4000000.0,-4.679402832907077
0,91,12,1238208.0,4000000.0,-5.092663856870709
0,91,13,1365321.0,4000000.0,-4.668252211678406
0,91,14,1369249.0,4000000.0,-4.655775589041639
0,91,15,1241579.0,4000000.0,-5.080856329850868
0,91,16,1352248.0,4000000.0,-4.710036435430201
0,91,17,1348199.0,4000000.0,-4.723059906544311
0,91,18,1304929.0,4000000.0,-4.864731085786048
0,91,19,1356677.0,4000000.0,-4.695835289409142
0,91,20,1267136.0,4000000.0,-4.992367617011959
0,91,21,1438999.0,4000000.0,-4.439994991944377
0,91,22,1304321.0,4000000.0,-4.866755047075892
0,91,23,1334453.0,4000000.0,-4.76756708970717
0,91,24,1351716.0,4000000.0,-4.71174536844376
0,92,0,1360442.0,4000000.0,-4.683799601823353
0,92,1,1357961.0,4000000.0,-4.691726939372425
0,92,2,1445549.0,4000000.0,-4.420271737239588
0,92,3,1319721.0,4000000.0,-4.815778638853907
0,92,4,1210866.0,4000000.0,-5.189639065503478
0,92,5,1434552.0,4000000.0,-4.45343696045526
0,92,6,1295022.0,4000000.0,-4.8978284499760685
0,92,7,1234757.0,4000000.0,-5.104784944148008
0,92,8,1390483.0,4000000.0,-4.588943077655578
0,92,9,1303132.0,4000000.0,-4.8707158177956265
0,92,10,1281450.0,4000000.0,-4.943583259093191
0,92,11,1601194.0,4000000.0,-3.9761603728171324
0,92,12,5293650.0,4000000.0,1.2169523235940236
0,92,13,2192308.0,4000000.0,-2.611584226726817
0,92,14,1720879.0,4000000.0,-3.6630965643313056
0,92,15,2353819.0,4000000.0,-2.3028692718055193
0,92,16,1691897.0,4000000.0,-3.7368607097792754
0,92,17,1597404.0,4000000.0,-3.9864522372947353
0,92,18,1692601.0,4000000.0,-3.7350539820478987
0,92,19,1562860.0,4000000.0,-4.081399153885277
0,92,20,2180610.0,4000000.0,-2.634819919543532
0,92,21,2592160.0,4000000.0,-1.883981866554373
0,92,22,2069392.0,4000000.0,-2.862172254995969
0,92,23,1619707.0,4000000.0,-3.926235322124393
0,92,24,1382241.0,4000000.0,-4.6147622047125765
0,93,0,1648297.0,4347826.0,-4.212366871103344
0,93,1,1292883.0,4347826.0,-5.2671293030279065
0,93,2,2814257.0,4347826.0,-1.8890840029822669
0,93,3,1344776.0,4347826.0,-5.096222055793909
0,93,4,1231392.0,4347826.0,-5.478758275183495
0,93,5,1198595.0,4347826.0,-5.595996936137909
0,93,6,1319858.0,4347826.0,-5.177449461616953
0,93,7,1394768.0,4347826.0,-4.9377018044606515
0,93,8,1321019.0,4347826.0,-5.173630912506388
0,93,9,1340820.0,4347826.0,-5.109016759189846
0,93,10,1275953.0,4347826.0,-5.3243747794631275
0,93,11,1275261.0,4347826.0,-5.326730769896289
0,93,12,1290603.0,4347826.0,-5.274794850089604
0,93,13,1206851.0,4347826.0,-5.566185006691253
0,93,14,1300416.0,4347826.0,-5.241898509866065
0,93,15,1364524.0,4347826.0,-5.0329097661277
0,93,16,1214271.0,4347826.0,-5.539565322556184
0,93,17,1224543.0,4347826.0,-5.502981152560897
0,93,18,1279495.0,4347826.0,-5.312335622023888
0,93,19,1218888.0,4347826.0,-5.523083538755452
0,93,20,1180605.0,4347826.0,-5.661675371196159
0,93,21,1253636.0,4347826.0,-5.401007002526548
0,93,22,1173547.0,4347826.0,-5.687716677258585
0,94,0,1190967.0,5000000.0,-6.230702763683183
0,94,1,1188852.0,5000000.0,-6.238422116046143
0,94,2,1178598.0,5000000.0,-6.276043045442233
0,94,3,1257461.0,5000000.0,-5.994754799897226
0,94,4,1236507.0,5000000.0,-6.067734250436617
0,94,5,1312228.0,5000000.0,-5.809607039464739
0,94,6,1313719.0,5000000.0,-5.804675232828092
0,94,7,1337775.0,5000000.0,-5.725869286287306
0,94,8,1356235.0,5000000.0,-5.666350564269187
0,94,9,1315486.0,5000000.0,-5.798837738489989
0,94,10,1417833.0,5000000.0,-5.473449240176247
0,94,11,1328284.0,5000000.0,-5.756790630040834
0,94,12,1302239.0,5000000.0,-5.842793066969991
0,94,13,1435897.0,5000000.0,-5.41846716195734
0,94,14,1324713.0,5000000.0,-5.768482060762303
0,94,15,2354225.0,5000000.0,-3.2712203708231207
0,94,16,2152415.0,5000000.0,-3.6604399438911814
0,94,17,1734051.0,5000000.0,-4.599081380165525
0,94,18,1223215.0,5000000.0,-6.114672062472505
0,94,19,1203445.0,5000000.0,-6.185437574543605
0,95,0,1185473.0,5882352.0,-6.9565934207686535
0,95,1,1185641.0,5882352.0,-6.955978001408117
0,95,2,1181118.0,5882352.0,-6.972577210140036
0,95,3,1179422.0,5882352.0,-6.978817846333866
0,95,4,1209320.0,5882352.0,-6.870097737448857
0,95,5,1188759.0,5882352.0,-6.944571911676474
0,95,6,1260513.0,5882352.0,-6.690036801065488
0,95,7,1232641.0,5882352.0,-6.787144000336166
0,95,8,1302957.0,5882352.0,-6.546209257097146
0,95,9,1346754.0,5882352.0,-6.402627350147377
0,95,10,1326693.0,5882352.0,-6.467805714480232
0,95,11,1342879.0,5882352.0,-6.415141267709732
0,95,12,1282085.0,5882352.0,-6.616341900304057
0,95,13,1380757.0,5882352.0,-6.294337554980469
0,95,14,1384522.0,5882352.0,-6.282511480759849
0,95,15,1304747.0,5882352.0,-6.540247021776695
0,95,16,1274536.0,5882352.0,-6.641989022594527
0,96,0,1301914.0,6666666.0,-7.093264003479803
0,96,1,1203601.0,6666666.0,-7.4342615761739586
0,96,2,1435398.0,6666666.0,-6.669363607387947
0,96,3,1321558.0,6666666.0,-7.028224694892896
0,96,4,1292786.0,6666666.0,-7.123820571750663
0,96,5,1291072.0,6666666.0,-7.129582350077227
0,96,6,1283560.0,6666666.0,-7.154925229414756
0,96,7,1276917.0,6666666.0,-7.177460286097049
0,96,8,1259932.0,6666666.0,-7.235615911446817
0,96,9,1306103.0,6666666.0,-7.079312705239131
0,96,10,1244960.0,6666666.0,-7.287532995436328
0,96,11,1451853.0,6666666.0,-6.619860512063674
0,96,12,1240161.0,6666666.0,-7.30430627777854
0,96,13,1329534.0,6666666.0,-7.0020924954899115
0,96,14,1285028.0,6666666.0,-7.149961067245901
0,97,0,1215208.0,6666666.0,-7.39258077588036
0,97,1,1319387.0,6666666.0,-7.035364968791801
0,97,2,1329178.0,6666666.0,-7.003255531098745
0,97,3,1366694.0,6666666.0,-6.88237409712015
0,97,4,1277630.0,6666666.0,-7.175035966061928
0,97,5,1288097.0,6666666.0,-7.139601287623975
0,97,6,1227562.0,6666666.0,-7.348652614221926
0,97,7,1306631.0,6666666.0,-7.077557398425912
0,97,8,1283786.0,6666666.0,-7.154160622282225
0,97,9,1311627.0,6666666.0,-7.060983494212305
0,97,10,1264356.0,6666666.0,-7.220393236735671
0,97,11,1243770.0,6666666.0,-7.291686201873759
0,97,12,1290580.0,6666666.0,-7.131237669134042
0,97,13,1261892.0,6666666.0,-7.228865104444212
0,97,14,1345099.0,6666666.0,-6.951544476958197
0,98,0,1351286.0,5882352.0,-6.388037318545808
0,98,1,1339835.0,5882352.0,-6.42499690621805
0,98,2,1307953.0,5882352.0,-6.529588708094931
0,98,3,1278146.0,5882352.0,-6.629705439094095
0,98,4,1205759.0,5882352.0,-6.88290496877196
0,98,5,1364930.0,5882352.0,-6.34440629840805
0,98,6,1288123.0,5882352.0,-6.595936743167112
0,98,7,1293890.0,5882352.0,-6.576536527583636
0,98,8,1245069.0,5882352.0,-6.743575890370731
0,98,9,1289701.0,5882352.0,-6.590619725573638
0,98,10,1269855.0,5882352.0,-6.657968758125424
0,98,11,1386153.0,5882352.0,-6.277398399060963
0,98,12,1350291.0,5882352.0,-6.391236361393986
0,98,13,1284215.0,5882352.0,-6.609132708402331
0,98,14,1256911.0,5882352.0,-6.702464821068078
0,98,15,1246697.0,5882352.0,-6.737900947240906
0,98,16,1200870.0,5882352.0,-6.900550136704805
0,99,0,1431691.0,5000000.0,-5.431207094617012
0,99,1,1367764.0,5000000.0,-5.629588355627106
0,99,2,1285126.0,5000000.0,-5.900242942390785
0,99,3,1296316.0,5000000.0,-5.862591229187747
0,99,4,1359295.0,5000000.0,-5.656562849332371
0,99,5,2130451.0,5000000.0,-3.704984543817268
0,99,6,1339790.0,5000000.0,-5.719332723804346
0,99,7,1374766.0,5000000.0,-5.607412214839936
0,99,8,1385905.0,5000000.0,-5.572365427397469
0,99,9,3913788.0,5000000.0,-1.0637270701090142
0,99,10,1365638.0,5000000.0,-5.636344114602271
0,99,11,1353692.0,5000000.0,-5.674501419931799
0,99,12,1332017.0,5000000.0,-5.744602367396652
0,99,13,1294113.0,5000000.0,-5.869978044068898
0,99,14,1289842.0,5000000.0,-5.884334899520441
0,99,15,1301426.0,5000000.0,-5.84550525479187
0,99,16,1301938.0,5000000.0,-5.843797012858731
0,99,17,1297026.0,5000000.0,-5.860213223588367
0,99,18,1317112.0,5000000.0,-5.793472977767915
0,99,19,1330973.0,5000000.0,-5.748007588312508
