 Number of tacts (im units) = 1
 Number of massive (im units) = 100
 Trajectory File: sinus.txt
 Coef Load Impact: 10
 Command Line: ping 192.168.222.51 > /dev/null 2>&1
cycle , cPeriod , count , procDur , procTime , spb
0,0,0,1.585457E7,5000000.0,5.011844634613604
0,0,1,1710790.0,5000000.0,-4.657733013048529
0,0,2,5910939.0,5000000.0,0.7268647318236744
0,0,3,1781980.0,5000000.0,-4.480671788991251
0,0,4,1718051.0,5000000.0,-4.639339527046898
0,0,5,1938674.0,5000000.0,-4.114652184157502
0,0,6,1581657.0,5000000.0,-4.998576965765558
0,0,7,1443670.0,5000000.0,-5.395020725690149
0,0,8,1732167.0,5000000.0,-4.6038024385898915
0,0,9,1445782.0,5000000.0,-5.388671908619454
0,0,10,1431796.0,5000000.0,-5.4308885953842925
0,0,11,1605422.0,5000000.0,-4.933807942731044
0,0,12,1423205.0,5000000.0,-5.457025434952576
0,0,13,1499757.0,5000000.0,-5.229491066858336
0,0,14,1253798.0,5000000.0,-6.0074243159879614
0,0,15,1511624.0,5000000.0,-5.195262257583996
0,0,16,1333941.0,5000000.0,-5.73833383107125
0,0,17,1436216.0,5000000.0,-5.41750243709939
0,0,18,1351349.0,5000000.0,-5.6820247974005085
0,0,19,1434755.0,5000000.0,-5.421922574347954
0,1,0,1286423.0,4347826.0,-5.288883590571069
0,1,1,1313313.0,4347826.0,-5.1990391209123406
0,1,2,1428016.0,4347826.0,-4.835390818390072
0,1,3,1540031.0,4347826.0,-4.507426922565249
0,1,4,1444338.0,4347826.0,-4.786033177708832
0,1,5,1452660.0,4347826.0,-4.761081772013008
0,1,6,1319715.0,4347826.0,-5.177920023415949
0,1,7,1458934.0,4347826.0,-4.742365097938412
0,1,8,1356720.0,4347826.0,-5.0578192812479275
0,1,9,1331897.0,4347826.0,-5.138015145922959
0,1,10,1463140.0,4347826.0,-4.729862718789971
0,1,11,1380314.0,4347826.0,-4.982942624059424
0,1,12,2672029.0,4347826.0,-2.11430987993148
0,1,13,1512850.0,4347826.0,-4.5847628570143435
0,1,14,1386298.0,4347826.0,-4.964155586105488
0,1,15,1381512.0,4347826.0,-4.979174936870211
0,1,16,2311096.0,4347826.0,-2.744541694001304
0,1,17,1349579.0,4347826.0,-5.08073843462245
0,1,18,1322624.0,4347826.0,-5.1683575625941955
0,1,19,1377058.0,4347826.0,-4.993199227015571
0,1,20,1322022.0,4347826.0,-5.170334729161073
0,1,21,1424095.0,4347826.0,-4.847331936644928
0,1,22,1472694.0,4347826.0,-4.701596378612455
0,2,0,1382731.0,4000000.0,-4.613222917527315
0,2,1,1295100.0,4000000.0,-4.8975668795203235
0,2,2,1410109.0,4000000.0,-4.52807306850677
0,2,3,1269366.0,4000000.0,-4.984731297827779
0,2,4,1248483.0,4000000.0,-5.056773581820115
0,2,5,1407615.0,4000000.0,-4.53576105157904
0,2,6,1463122.0,4000000.0,-4.367794507681045
0,2,7,1526350.0,4000000.0,-4.184058603042603
0,2,8,1423149.0,4000000.0,-4.488096193601873
0,2,9,1302992.0,4000000.0,-4.871182420516947
0,2,10,1407712.0,4000000.0,-4.535461785705048
0,2,11,1326155.0,4000000.0,-4.79465704279841
0,2,12,1301278.0,4000000.0,-4.876899038605403
0,2,13,1218423.0,4000000.0,-5.162619028066039
0,2,14,2089051.0,4000000.0,-2.8211094878747534
0,2,15,1451344.0,4000000.0,-4.402896294793543
0,2,16,1400808.0,4000000.0,-4.556813779941959
0,2,17,1397560.0,4000000.0,-4.56689529252827
0,2,18,1314818.0,4000000.0,-4.831943503394555
0,2,19,1294435.0,4000000.0,-4.899797440889946
0,2,20,1579410.0,4000000.0,-4.035651079161642
0,2,21,1471878.0,4000000.0,-4.3418817733366915
0,2,22,1314989.0,4000000.0,-4.831378713989781
0,2,23,1365657.0,4000000.0,-4.6671835619371365
0,2,24,1332054.0,4000000.0,-4.775381603175095
0,3,0,2806456.0,4000000.0,-1.5390175364702607
0,3,1,1481301.0,4000000.0,-4.31416675307261
0,3,2,1487756.0,4000000.0,-4.295282809129673
0,3,3,1325957.0,4000000.0,-4.795305509436143
0,3,4,1306914.0,4000000.0,-4.858129810651548
0,3,5,1292975.0,4000000.0,-4.904698635604932
0,3,6,1359996.0,4000000.0,-4.685223602963348
0,3,7,1266522.0,4000000.0,-4.994472532648628
0,3,8,1442163.0,4000000.0,-4.430456421790242
0,3,9,1385825.0,4000000.0,-4.603515996761381
0,3,10,1370913.0,4000000.0,-4.650500965813382
0,3,11,1460283.0,4000000.0,-4.3762296196256525
0,3,12,1478899.0,4000000.0,-4.321214760467254
0,3,13,1395062.0,4000000.0,-4.574664821702926
0,3,14,1436605.0,4000000.0,-4.447226176974575
0,3,15,1272837.0,4000000.0,-4.972872000333441
0,3,16,1485447.0,4000000.0,-4.302028303199957
0,3,17,1497406.0,4000000.0,-4.267204223451643
0,3,18,1447694.0,4000000.0,-4.413832168669926
0,3,19,1289456.0,4000000.0,-4.916534639957097
0,3,20,1240979.0,4000000.0,-5.0829555895194485
0,3,21,1223701.0,4000000.0,-5.143846763886113
0,3,22,1278929.0,4000000.0,-4.952135561253853
0,3,23,1243196.0,4000000.0,-5.075203872172642
0,3,24,1226612.0,4000000.0,-5.13352782233385
0,4,0,1263961.0,4347826.0,-5.365384814657349
0,4,1,1235699.0,4347826.0,-5.463594600768246
0,4,2,1243745.0,4347826.0,-5.435408074537099
0,4,3,1253532.0,4347826.0,-5.401367302483662
0,4,4,1240627.0,4347826.0,-5.44630926731786
0,4,5,1252476.0,4347826.0,-5.405027426473968
0,4,6,1260365.0,4347826.0,-5.377758208690705
0,4,7,1245247.0,4347826.0,-5.430166511759873
0,4,8,1241970.0,4347826.0,-5.441610497875282
0,4,9,1484510.0,4347826.0,-4.66689027847316
0,4,10,1266595.0,4347826.0,-5.356343860191567
0,4,11,1272520.0,4347826.0,-5.336075384948878
0,4,12,1270260.0,4347826.0,-5.343795327590774
0,4,13,1245460.0,4347826.0,-5.4294237128287195
0,4,14,1245563.0,4347826.0,-5.429064564545772
0,4,15,1261350.0,4347826.0,-5.374365437608876
0,4,16,1295329.0,4347826.0,-5.258920666185274
0,4,17,1258677.0,4347826.0,-5.383578589575015
0,4,18,1427268.0,4347826.0,-4.837666264754741
0,4,19,1309567.0,4347826.0,-5.211444326147422
0,4,20,1345057.0,4347826.0,-5.09531466303117
0,4,21,1318610.0,4347826.0,-5.1815579029839585
0,4,22,1418472.0,4347826.0,-4.864513878579924
0,5,0,1427600.0,5000000.0,-5.4436346505239595
0,5,1,1383385.0,5000000.0,-5.580269420092206
0,5,2,1280993.0,5000000.0,-5.914232477917069
0,5,3,1710482.0,5000000.0,-4.65851496023535
0,5,4,1465998.0,5000000.0,-5.328366265203751
0,5,5,2963921.0,5000000.0,-2.2710338050825047
0,5,6,1577733.0,5000000.0,-5.009364949669225
0,5,7,1450451.0,5000000.0,-5.3746694254450125
0,5,8,1345205.0,5000000.0,-5.701815314588283
0,5,9,1606898.0,5000000.0,-4.929816941209399
0,5,10,1434889.0,5000000.0,-5.421516980757827
0,5,11,3242157.0,5000000.0,-1.8813596279861933
0,5,12,1615737.0,5000000.0,-4.905993340015452
0,5,13,1535574.0,5000000.0,-5.126992542066992
0,5,14,1481852.0,5000000.0,-5.281651736974176
0,5,15,1438389.0,5000000.0,-5.410936511770988
0,5,16,1489573.0,5000000.0,-5.259082126491295
0,5,17,1274528.0,5000000.0,-5.936206234464495
0,5,18,1262656.0,5000000.0,-5.976849575423234
0,5,19,1247726.0,5000000.0,-6.028507793685332
0,6,0,1235670.0,5882352.0,-6.776485062738629
0,6,1,1457836.0,5882352.0,-6.058423385827495
0,6,2,1261647.0,5882352.0,-6.686131497867716
0,6,3,1235363.0,5882352.0,-6.777564193665899
0,6,4,1253996.0,5882352.0,-6.7125485795146735
0,6,5,1249231.0,5882352.0,-6.72908256309478
0,6,6,1230852.0,5882352.0,-6.793451734636253
0,6,7,1420503.0,5882352.0,-6.171088538760219
0,6,8,1258407.0,5882352.0,-6.697298837112689
0,6,9,1246943.0,5882352.0,-6.737044075816845
0,6,10,1236651.0,5882352.0,-6.773038561179111
0,6,11,1244286.0,5882352.0,-6.7463079441802085
0,6,12,1230418.0,5882352.0,-6.794983332608842
0,6,13,1235363.0,5882352.0,-6.777564193665899
0,6,14,1242929.0,5882352.0,-6.7510468804637105
0,6,15,1226069.0,5882352.0,-6.810360972915042
0,6,16,1264391.0,5882352.0,-6.6766961328646035
0,7,0,1260885.0,6666666.0,-7.232332193025593
0,7,1,1244325.0,6666666.0,-7.289748707996283
0,7,2,1320338.0,6666666.0,-7.032235748360441
0,7,3,1255437.0,6666666.0,-7.251137735673595
0,7,4,1235303.0,6666666.0,-7.321352013863184
0,7,5,1317606.0,6666666.0,-7.041231336960982
0,7,6,1366995.0,6666666.0,-6.881417714447643
0,7,7,1519777.0,6666666.0,-6.421288298164417
0,7,8,1429741.0,6666666.0,-6.68651326104614
0,7,9,1293672.0,6666666.0,-7.120845190545811
0,7,10,1281764.0,6666666.0,-7.1610062781784665
0,7,11,1809329.0,6666666.0,-5.663911533785605
0,7,12,1529196.0,6666666.0,-6.394455441737631
0,7,13,1384407.0,6666666.0,-6.826449109568584
0,7,14,1321524.0,6666666.0,-7.0283364281829375
0,8,0,1273400.0,6666666.0,-7.189438519870455
0,8,1,1261475.0,6666666.0,-7.230300494544837
0,8,2,1310852.0,6666666.0,-7.063550364972934
0,8,3,1659388.0,6666666.0,-6.039607523842511
0,8,4,1446386.0,6666666.0,-6.6362448802861085
0,8,5,1254346.0,6666666.0,-7.254913482896371
0,8,6,1243786.0,6666666.0,-7.291630334092608
0,8,7,1291710.0,6666666.0,-7.1274367575720134
0,8,8,1258537.0,6666666.0,-7.240427095259008
0,8,9,1279377.0,6666666.0,-7.169101585921879
0,8,10,1257957.0,6666666.0,-7.242429013832739
0,8,11,1240167.0,6666666.0,-7.3042852663083515
0,8,12,1287647.0,6666666.0,-7.141118771650686
0,8,13,1247062.0,6666666.0,-7.280206517440062
0,8,14,1250255.0,6666666.0,-7.269100974680745
0,9,0,1556100.0,5882352.0,-5.7751350642135595
0,9,1,1282043.0,5882352.0,-6.616484173764988
0,9,2,1430213.0,5882352.0,-6.1415028786814885
0,9,3,1532606.0,5882352.0,-5.841204876909223
0,9,4,1315155.0,5882352.0,-6.505740687211956
0,9,5,1247162.0,5882352.0,-6.736281393477639
0,9,6,1536503.0,5882352.0,-5.8301759658765135
0,9,7,1350400.0,5882352.0,-6.390885798530236
0,9,8,1518688.0,5882352.0,-5.880824477774005
0,9,9,3764993.0,5882352.0,-1.9378683605185463
0,9,10,2499586.0,5882352.0,-3.7168292558433342
0,9,11,1625809.0,5882352.0,-5.584814857845179
0,9,12,1440786.0,5882352.0,-6.109515293066679
0,9,13,1276906.0,5882352.0,-6.633920814748597
0,9,14,1278857.0,5882352.0,-6.627290241422514
0,9,15,1254972.0,5882352.0,-6.709169728642774
0,9,16,1236094.0,5882352.0,-6.7749951076933
0,10,0,1258379.0,5000000.0,-5.991585422257303
0,10,1,1250172.0,5000000.0,-6.020002365182892
0,10,2,1235668.0,5000000.0,-6.070682044054026
0,10,3,1491204.0,5000000.0,-5.2543294437466574
0,10,4,1439829.0,5000000.0,-5.406590877728529
0,10,5,1294630.0,5000000.0,-5.868243377861174
0,10,6,1414850.0,5000000.0,-5.482596052003746
0,10,7,1267066.0,5000000.0,-5.961707669669657
0,10,8,1238784.0,5000000.0,-6.059744169155453
0,10,9,2038967.0,5000000.0,-3.8955980741215996
0,10,10,3879072.0,5000000.0,-1.1024216366029869
0,10,11,3104034.0,5000000.0,-2.0704353468430265
0,10,12,2184066.0,5000000.0,-3.597042462178279
0,10,13,2008219.0,5000000.0,-3.9615893266315627
0,10,14,2063417.0,5000000.0,-3.843830000670784
0,10,15,1637843.0,5000000.0,-4.846977354229434
0,10,16,1591956.0,5000000.0,-4.970389442140652
0,10,17,1802516.0,5000000.0,-4.430908759204909
0,10,18,1475501.0,5000000.0,-5.300304961629787
0,10,19,1357957.0,5000000.0,-5.660839862018358
0,11,0,1911824.0,4347826.0,-3.5682424609440573
0,11,1,1708462.0,4347826.0,-4.056668317308578
0,11,2,1352058.0,4347826.0,-5.072768331142231
0,11,3,1279140.0,4347826.0,-5.313540753213487
0,11,4,1546898.0,4347826.0,-4.4881047734220045
0,11,5,1450198.0,4347826.0,-4.76844853449895
0,11,6,1395810.0,4347826.0,-4.934458498800139
0,11,7,2073065.0,4347826.0,-3.216592358853564
0,11,8,1463908.0,4347826.0,-4.727583711614444
0,11,9,1439893.0,4347826.0,-4.799419348930181
0,11,10,1325712.0,4347826.0,-5.158229678761472
0,11,11,1377862.0,4347826.0,-4.990664323836072
0,11,12,1498783.0,4347826.0,-4.625333968475775
0,11,13,1337798.0,4347826.0,-5.118816129470677
0,11,14,1803192.0,4347826.0,-3.8223018337108456
0,11,15,2735043.0,4347826.0,-2.013079966504972
0,11,16,1649120.0,4347826.0,-4.210198965945893
0,11,17,1287721.0,4347826.0,-5.2845037712191765
0,11,18,1265337.0,4347826.0,-5.3606594776978165
0,11,19,1473540.0,4347826.0,-4.699102258038269
0,11,20,1355737.0,4347826.0,-5.060967065669213
0,11,21,1284776.0,4347826.0,-5.294447400369724
0,11,22,1320951.0,4347826.0,-5.173854473143154
0,12,0,2119495.0,4000000.0,-2.7582759494600175
0,12,1,1381037.0,4000000.0,-4.618546772094513
0,12,2,1805521.0,4000000.0,-3.4545744726017027
0,12,3,1477928.0,4000000.0,-4.324067142139141
0,12,4,1283259.0,4000000.0,-4.937456725064961
0,12,5,1243494.0,4000000.0,-5.074162972372291
0,12,6,1237393.0,4000000.0,-5.095523364647111
0,12,7,2581095.0,4000000.0,-1.9025600181063393
0,12,8,1707663.0,4000000.0,-3.6965782268044434
0,12,9,1416866.0,4000000.0,-4.507312125077455
0,12,10,1346657.0,4000000.0,-4.728029984085987
0,12,11,1538596.0,4000000.0,-4.149353922917386
0,12,12,3696830.0,4000000.0,-0.3423051147691348
0,12,13,1629494.0,4000000.0,-3.9000722565026598
0,12,14,1385550.0,4000000.0,-4.6043778864942055
0,12,15,1400933.0,4000000.0,-4.556426257967059
0,12,16,1351227.0,4000000.0,-4.713316766760095
0,12,17,1338861.0,4000000.0,-4.753245002506145
0,12,18,1316848.0,4000000.0,-4.825243428437298
0,12,19,1257917.0,4000000.0,-5.024080049334831
0,12,20,1260508.0,4000000.0,-5.015143849927448
0,12,21,1234790.0,4000000.0,-5.104668876562305
0,12,22,1248275.0,4000000.0,-5.057497186209847
0,12,23,1417090.0,4000000.0,-4.506625579738367
0,12,24,1231871.0,4000000.0,-5.11494759896832
0,13,0,1231764.0,4000000.0,-5.115324842428434
0,13,1,1248158.0,4000000.0,-5.057904266667603
0,13,2,1273515.0,4000000.0,-4.970559266935318
0,13,3,1253034.0,4000000.0,-5.040971359666525
0,13,4,1268556.0,4000000.0,-4.987503475556535
0,13,5,1244525.0,4000000.0,-5.07056366194523
0,13,6,1251488.0,4000000.0,-5.046333016336352
0,13,7,1243570.0,4000000.0,-5.0738975479149
0,13,8,1229647.0,4000000.0,-5.122795367626317
0,13,9,1241487.0,4000000.0,-5.081178150473868
0,13,10,1239051.0,4000000.0,-5.089708087914969
0,13,11,1226579.0,4000000.0,-5.133644663769381
0,13,12,1230002.0,4000000.0,-5.121541737192493
0,13,13,1237642.0,4000000.0,-5.094649523862163
0,13,14,1230041.0,4000000.0,-5.121404036471037
0,13,15,1224976.0,4000000.0,-5.139324113373462
0,13,16,1328103.0,4000000.0,-4.788282336174994
0,13,17,1250895.0,4000000.0,-5.048391347395901
0,13,18,1237689.0,4000000.0,-5.094484601751528
0,13,19,1299335.0,4000000.0,-4.883388541929035
0,13,20,1227087.0,4000000.0,-5.131846361963356
0,13,21,1232206.0,4000000.0,-5.113766721484914
0,13,22,1220841.0,4000000.0,-5.154008853839654
0,13,23,1236484.0,4000000.0,-5.098714903287201
0,13,24,1229479.0,4000000.0,-5.123388761157784
0,14,0,1232153.0,4347826.0,-5.476075165183552
0,14,1,1251812.0,4347826.0,-5.407330448672224
0,14,2,1226615.0,4347826.0,-5.495638840226587
0,14,3,1238793.0,4347826.0,-5.452734126559743
0,14,4,1336334.0,4347826.0,-5.123571371059557
0,14,5,1242223.0,4347826.0,-5.440725892659009
0,14,6,1226661.0,4347826.0,-5.495475975989788
0,14,7,1359824.0,4347826.0,-5.0478945337857155
0,14,8,1284885.0,4347826.0,-5.294078961898223
0,14,9,1276997.0,4347826.0,-5.320822783032479
0,14,10,1398351.0,4347826.0,-4.926559579713323
0,14,11,1373289.0,4347826.0,-5.00510213909847
0,14,12,1354810.0,4347826.0,-5.063937617372764
0,14,13,1333623.0,4347826.0,-5.132390784593603
0,14,14,1261155.0,4347826.0,-5.375036892564484
0,14,15,8019218.0,4347826.0,2.6585986450343473
0,14,16,1411049.0,4347826.0,-4.8873005999708266
0,14,17,1251948.0,4347826.0,-5.406858645866867
0,14,18,1241032.0,4347826.0,-5.444891753737369
0,14,19,1257597.0,4347826.0,-5.387306626102494
0,14,20,1247772.0,4347826.0,-5.421369194597224
0,14,21,1468879.0,4347826.0,-4.712861333637547
0,14,22,1541890.0,4347826.0,-4.502187634862708
0,15,0,2280351.0,5000000.0,-3.4096830398877263
0,15,1,1294877.0,5000000.0,-5.867414874695472
0,15,2,1301799.0,5000000.0,-5.844260707410385
0,15,3,1271568.0,5000000.0,-5.946304143149642
0,15,4,1341490.0,5000000.0,-5.713825647197912
0,15,5,1284076.0,5000000.0,-5.903792754600077
0,15,6,1247362.0,5000000.0,-6.029774948932234
0,15,7,1245853.0,5000000.0,-6.0350320202495045
0,15,8,1408461.0,5000000.0,-5.502251783740348
0,15,9,1268580.0,5000000.0,-5.956521441594131
0,15,10,1436735.0,5000000.0,-5.415933326880944
0,15,11,1239565.0,5000000.0,-6.057006992094482
0,15,12,1240941.0,5000000.0,-6.052188706886579
0,15,13,1291735.0,5000000.0,-5.877965772420293
0,15,14,1252251.0,5000000.0,-6.012786171632802
0,15,15,1229262.0,5000000.0,-6.093255477900529
0,15,16,1232168.0,5000000.0,-6.08300078570302
0,15,17,1229453.0,5000000.0,-6.092580733196808
0,15,18,1236627.0,5000000.0,-6.06731279864412
0,15,19,1247124.0,5000000.0,-6.030603673463113
0,16,0,1229594.0,5882352.0,-6.797892738469233
0,16,1,1241672.0,5882352.0,-6.755441213479979
0,16,2,1270874.0,5882352.0,-6.654485142983567
0,16,3,1219795.0,5882352.0,-6.832641603038213
0,16,4,1216331.0,5882352.0,-6.844992336121961
0,16,5,1237681.0,5882352.0,-6.769422851224275
0,16,6,1244128.0,5882352.0,-6.7468594482967505
0,16,7,1226473.0,5882352.0,-6.80893017195607
0,16,8,1423816.0,5882352.0,-6.160971401623133
0,16,9,1242835.0,5882352.0,-6.751375340295926
0,16,10,1217828.0,5882352.0,-6.839650541100564
0,16,11,1224424.0,5882352.0,-6.816191754966198
0,16,12,1229435.0,5882352.0,-6.79845436521474
0,16,13,1225790.0,5882352.0,-6.811349350802791
0,16,14,1253726.0,5882352.0,-6.713483766992129
0,16,15,1237736.0,5882352.0,-6.7692298639699375
0,16,16,1234142.0,5882352.0,-6.781858767725191
0,17,0,1211491.0,6666666.0,-7.405885053433289
0,17,1,1249660.0,6666666.0,-7.271168286742249
0,17,2,3435734.0,6666666.0,-2.8788916482482336
0,17,3,1337584.0,6666666.0,-6.975876323610681
0,17,4,1276320.0,6666666.0,-7.179491228077142
0,17,5,1241978.0,6666666.0,-7.297947945593504
0,17,6,1230770.0,6666666.0,-7.33731795731814
0,17,7,1243084.0,6666666.0,-7.294082209215906
0,17,8,1436230.0,6666666.0,-6.666847034774404
0,17,9,1238561.0,6666666.0,-7.309912967577187
0,17,10,1219254.0,6666666.0,-7.378145084613706
0,17,11,1253506.0,6666666.0,-7.2578228043271515
0,17,12,1241115.0,6666666.0,-7.300966730254192
0,17,13,1227779.0,6666666.0,-7.347884966039304
0,17,14,1243315.0,6666666.0,-7.293275242790901
0,18,0,1221321.0,6666666.0,-7.370788728765359
0,18,1,1222869.0,6666666.0,-7.365287618394438
0,18,2,1243542.0,6666666.0,-7.292482395854662
0,18,3,1227678.0,6666666.0,-7.348242241631563
0,18,4,1236605.0,6666666.0,-7.3167769935328995
0,18,5,1258474.0,6666666.0,-7.240644500366617
0,18,6,1226374.0,6666666.0,-7.352857629224832
0,18,7,1229295.0,6666666.0,-7.3425258232693995
0,18,8,1241692.0,6666666.0,-7.298948144672877
0,18,9,1220050.0,6666666.0,-7.375310682506665
0,18,10,4360184.0,6666666.0,-1.8440388060900268
0,18,11,1481320.0,6666666.0,-6.532598110245347
0,18,12,1293744.0,6666666.0,-7.120603488378823
0,18,13,1310188.0,6666666.0,-7.065750800999496
0,18,14,3081683.0,6666666.0,-3.3512073491422067
0,19,0,3229418.0,5555555.0,-2.356031898677272
0,19,1,2525488.0,5555555.0,-3.423821421889264
0,19,2,1453481.0,5555555.0,-5.823180924499533
0,19,3,1319427.0,5555555.0,-6.243420844778239
0,19,4,1298418.0,5555555.0,-6.313129239724752
0,19,5,1399705.0,5555555.0,-5.986909374833523
0,19,6,1241620.0,5555555.0,-6.5073875188650545
0,19,7,1327184.0,5555555.0,-6.217963141001222
0,19,8,1397784.0,5555555.0,-5.992873865352472
0,19,9,1243429.0,5555555.0,-6.501064594395256
0,19,10,1214204.0,5555555.0,-6.604357922145613
0,19,11,1231495.0,5555555.0,-6.542947985700897
0,19,12,1233196.0,5555555.0,-6.536953440899906
0,19,13,1212929.0,5555555.0,-6.6089207171416895
0,19,14,1255993.0,5555555.0,-6.457402325038409
0,19,15,1233244.0,5555555.0,-6.53678440264936
0,19,16,1212341.0,5555555.0,-6.611026587089057
0,19,17,1234726.0,5555555.0,-6.531568581553133
0,20,0,1212578.0,4761904.0,-5.940709512839982
0,20,1,1227689.0,4761904.0,-5.8869227116430975
0,20,2,1247255.0,4761904.0,-5.8182538216308295
0,20,3,1229769.0,4761904.0,-5.879570946216594
0,20,4,1219376.0,4761904.0,-5.916429928789675
0,20,5,1235452.0,4761904.0,-5.8595475899924505
0,20,6,1225044.0,4761904.0,-5.896289482098103
0,20,7,1216932.0,4761904.0,-5.925143244756414
0,20,8,1218117.0,4761904.0,-5.920916315428246
0,20,9,1272584.0,4761904.0,-5.73094177161161
0,20,10,1229347.0,4761904.0,-5.881061500327601
0,20,11,5727470.0,4761904.0,0.8018218729093121
0,20,12,1537028.0,4761904.0,-4.910988566756142
0,20,13,1351130.0,4761904.0,-5.470834987728623
0,20,14,1311488.0,4761904.0,-5.600163145907674
0,20,15,1317076.0,4761904.0,-5.5816979974784005
0,20,16,1282049.0,4761904.0,-5.698760115143042
0,20,17,1247825.0,4761904.0,-5.816269533680211
0,20,18,1236751.0,4761904.0,-5.854983655850225
0,20,19,1216443.0,4761904.0,-5.926888721754486
0,20,20,1260683.0,4761904.0,-5.7717473925989085
0,21,0,1237943.0,4166666.0,-5.270880403654483
0,21,1,1231117.0,4166666.0,-5.294893604517512
0,21,2,1269565.0,4166666.0,-5.161337477359458
0,21,3,1215386.0,4166666.0,-5.350744593881018
0,21,4,1243318.0,4166666.0,-5.252064676557728
0,21,5,1301639.0,4166666.0,-5.052981362487371
0,21,6,1234850.0,4166666.0,-5.281744827268255
0,21,7,1222048.0,4166666.0,-5.327004241993797
0,21,8,1360645.0,4166666.0,-4.860438587131703
0,21,9,1226126.0,4166666.0,-5.312535870585328
0,21,10,1224288.0,4166666.0,-5.319050960749177
0,21,11,1481869.0,4166666.0,-4.489788759081377
0,21,12,1288142.0,4166666.0,-5.098249481243885
0,21,13,1219431.0,4166666.0,-5.3363145747422704
0,21,14,1251440.0,4166666.0,-5.223786565059055
0,21,15,1245423.0,4166666.0,-5.244718069559184
0,21,16,1224650.0,4166666.0,-5.317767019680892
0,21,17,1213338.0,4166666.0,-5.358068895116981
0,21,18,1290017.0,4166666.0,-5.091932552791192
0,21,19,1217183.0,4166666.0,-5.344328107228893
0,21,20,1224837.0,4166666.0,-5.3171039170126715
0,21,21,1275926.0,4166666.0,-5.139632015035824
0,21,22,1223819.0,4166666.0,-5.320714973919388
0,21,23,1667767.0,4166666.0,-3.9765331257299956
0,22,0,1415942.0,4000000.0,-4.510145272368129
0,22,1,1385083.0,4000000.0,-4.605841923954018
0,22,2,1315071.0,4000000.0,-4.831107905357827
0,22,3,1265891.0,4000000.0,-4.996636791193756
0,22,4,1217908.0,4000000.0,-5.164455081225576
0,22,5,1381569.0,4000000.0,-4.616874114703423
0,22,6,1244411.0,4000000.0,-5.070961499181477
0,22,7,1203065.0,4000000.0,-5.217708990016518
0,22,8,1226449.0,4000000.0,-5.134104978797994
0,22,9,1222743.0,4000000.0,-5.147248060910933
0,22,10,1215509.0,4000000.0,-5.173018124876727
0,22,11,1238639.0,4000000.0,-5.091152411685846
0,22,12,1226527.0,4000000.0,-5.133828783926133
0,22,13,1197815.0,4000000.0,-5.236702439619405
0,22,14,1219584.0,4000000.0,-5.15848273205373
0,22,15,1229169.0,4000000.0,-5.124483926387646
0,22,16,1378967.0,4000000.0,-4.62506118110334
0,22,17,1398618.0,4000000.0,-4.563608780841379
0,22,18,1376830.0,4000000.0,-4.631796709836821
0,22,19,1440523.0,4000000.0,-4.4353979452663586
0,22,20,1275825.0,4000000.0,-4.962688833585819
0,22,21,1233598.0,4000000.0,-5.108863347307336
0,22,22,1217638.0,4000000.0,-5.165417982444394
0,22,23,1596894.0,4000000.0,-3.987839022044641
0,22,24,1238407.0,4000000.0,-5.091965931661626
0,23,0,1232295.0,4000000.0,-5.113453049801224
0,23,1,1231652.0,4000000.0,-5.115719749192103
0,23,2,1219369.0,4000000.0,-5.159248415638867
0,23,3,1220468.0,4000000.0,-5.155335943880369
0,23,4,1222710.0,4000000.0,-5.1473652720607985
0,23,5,1222733.0,4000000.0,-5.147283579107137
0,23,6,1209780.0,4000000.0,-5.19353590823877
0,23,7,1206950.0,4000000.0,-5.203707122611634
0,23,8,1243323.0,4000000.0,-5.074760236718824
0,23,9,1413740.0,4000000.0,-4.5169044533799
0,23,10,1245636.0,4000000.0,-5.066688400856415
0,23,11,1246678.0,4000000.0,-5.06305695733437
0,23,12,1429277.0,4000000.0,-4.469435862504644
0,23,13,1765992.0,4000000.0,-3.5507125944979014
0,23,14,4406568.0,4000000.0,0.42040485001707983
0,23,15,2191907.0,4000000.0,-2.6123786772167175
0,23,16,1789390.0,4000000.0,-3.49354985367151
0,23,17,1721563.0,4000000.0,-3.661370711407532
0,23,18,2043969.0,4000000.0,-2.9158568657322914
0,23,19,3409481.0,4000000.0,-0.6937171673154495
0,23,20,3315409.0,4000000.0,-0.8152287925493811
0,23,21,1924695.0,4000000.0,-3.1769807322975923
0,23,22,1746858.0,4000000.0,-3.598023881898484
0,23,23,1640134.0,4000000.0,-3.8718065969294315
0,23,24,1746986.0,4000000.0,-3.5977056668109846
0,24,0,1528570.0,4545454.0,-4.7329193527438305
0,24,1,1729113.0,4545454.0,-4.197538910974657
0,24,2,2017981.0,4545454.0,-3.5266019417741927
0,24,3,1636967.0,4545454.0,-4.435373426061375
0,24,4,1538622.0,4545454.0,-4.704453291529157
0,24,5,1426427.0,4545454.0,-5.033277163118442
0,24,6,1259766.0,4545454.0,-5.572873841246776
0,24,7,1307223.0,4545454.0,-5.412275865910576
0,24,8,1231084.0,4545454.0,-5.672895801003771
0,24,9,1238911.0,4545454.0,-5.645371581013942
0,24,10,1215082.0,4545454.0,-5.729716797076746
0,24,11,1220702.0,4545454.0,-5.709676109401873
0,24,12,1312828.0,4545454.0,-5.39369436284467
0,24,13,1450456.0,4545454.0,-4.9607270817198685
0,24,14,1284820.0,4545454.0,-5.4873497868105865
0,24,15,5888533.0,4545454.0,1.1242984616956955
0,24,16,1957803.0,4545454.0,-3.658082774080211
0,24,17,1547971.0,4545454.0,-4.678144467995253
0,24,18,1507574.0,4545454.0,-4.79298628172056
0,24,19,1461624.0,4545454.0,-4.92741601504239
0,24,20,1312179.0,4545454.0,-5.395841839971384
0,24,21,1258682.0,4545454.0,-5.576612455246
0,25,0,1234376.0,5263157.0,-6.297988560771868
0,25,1,1232421.0,5263157.0,-6.304872352911083
0,25,2,1236221.0,5263157.0,-6.291502084280038
0,25,3,1231509.0,5263157.0,-6.3080873515967895
0,25,4,1217699.0,5263157.0,-6.357063758317607
0,25,5,1236553.0,5263157.0,-6.290335897892941
0,25,6,1219467.0,5263157.0,-6.350762728525657
0,25,7,1222836.0,5263157.0,-6.338781094489473
0,25,8,1382180.0,5263157.0,-5.806817207344058
0,25,9,1236641.0,5263157.0,-6.29002684074317
0,25,10,1218059.0,5263157.0,-6.355780001765243
0,25,11,1248893.0,5263157.0,-6.247210938086717
0,25,12,1222791.0,5263157.0,-6.338940916503932
0,25,13,1202063.0,5263157.0,-6.413190956241213
0,25,14,1207773.0,5263157.0,-6.392610085737816
0,25,15,1204258.0,5263157.0,-6.405267851616546
0,25,16,1188322.0,5263157.0,-6.4631218770759
0,25,17,1200370.0,5263157.0,-6.419311923440495
0,25,18,1208126.0,5263157.0,-6.391340943665215
0,26,0,1176925.0,6250000.0,-7.251312292023866
0,26,1,1197836.0,6250000.0,-7.17482656027507
0,26,2,1222816.0,6250000.0,-7.085189047039512
0,26,3,1198445.0,6250000.0,-7.172619095080685
0,26,4,1203673.0,6250000.0,-7.153714985154911
0,26,5,1227499.0,6250000.0,-7.068588703532718
0,26,6,1201090.0,6250000.0,-7.1630446619519
0,26,7,1205091.0,6250000.0,-7.148601743289148
0,26,8,1426460.0,6250000.0,-6.416204194251748
0,26,9,1236161.0,6250000.0,-7.038049795540299
0,26,10,1207119.0,6250000.0,-7.141299315915007
0,26,11,1221245.0,6250000.0,-7.090772186945065
0,26,12,1204184.0,6250000.0,-7.151871649079851
0,26,13,1198124.0,6250000.0,-7.173782496005295
0,26,14,1218477.0,6250000.0,-7.100626814986356
0,26,15,1203342.0,6250000.0,-7.154909422866485
0,27,0,1223887.0,6666666.0,-7.361673757363029
0,27,1,1274449.0,6666666.0,-7.185862366517108
0,27,2,1265991.0,6666666.0,-7.214780792460365
0,27,3,1342980.0,6666666.0,-6.958391524219639
0,27,4,1263502.0,6666666.0,-7.223327638127327
0,27,5,1277108.0,6666666.0,-7.176810721224363
0,27,6,1309100.0,6666666.0,-7.069358746544136
0,27,7,1285578.0,6666666.0,-7.1481026574492095
0,27,8,1223877.0,6666666.0,-7.361709242359287
0,27,9,1551902.0,6666666.0,-6.330444046925838
0,27,10,1571104.0,6666666.0,-6.277037631870711
0,27,11,1381738.0,6666666.0,-6.83482995968248
0,27,12,1368303.0,6666666.0,-6.877264183639458
0,27,13,1400627.0,6666666.0,-6.775862034923362
0,27,14,1355827.0,6666666.0,-6.9170441929543856
0,28,0,1294857.0,6250000.0,-6.836582084172129
0,28,1,1390023.0,6250000.0,-6.528580309817472
0,28,2,1320630.0,6250000.0,-6.750988586744835
0,28,3,1213485.0,6250000.0,-7.118456049970866
0,28,4,1377631.0,6250000.0,-6.567471104575927
0,28,5,1320743.0,6250000.0,-6.750616997601727
0,28,6,1232067.0,6250000.0,-7.052456918702923
0,28,7,1400393.0,6250000.0,-6.496300861086719
0,28,8,1299124.0,6250000.0,-6.822294113475742
0,28,9,1254292.0,6250000.0,-6.974813650388669
0,28,10,1332168.0,6250000.0,-6.7132102008323695
0,28,11,1296190.0,6250000.0,-6.832113507604808
0,28,12,1364734.0,6250000.0,-6.608320059597332
0,28,13,1372492.0,6250000.0,-6.583701956361394
0,28,14,1356253.0,6250000.0,-6.635393055011444
0,28,15,1318946.0,6250000.0,-6.756530022238643
0,29,0,1325852.0,5555555.0,-6.222324033944259
0,29,1,1214042.0,5555555.0,-6.604937399728796
0,29,2,1300026.0,5555555.0,-6.307754133576264
0,29,3,1323271.0,5555555.0,-6.2307865659781525
0,29,4,1234558.0,5555555.0,-6.532159534016052
0,29,5,1271082.0,5555555.0,-6.405538828182027
0,29,6,1319634.0,5555555.0,-6.242739549742328
0,29,7,1369758.0,5555555.0,-6.0808360587886865
0,29,8,1343169.0,5555555.0,-6.165967916281242
0,29,9,1320154.0,5555555.0,-6.241028555272237
0,29,10,1352501.0,5555555.0,-6.1358985658377785
0,29,11,1379441.0,5555555.0,-6.050243214417402
0,29,12,1340250.0,5555555.0,-6.175416355698992
0,29,13,1298244.0,5555555.0,-6.313711273427746
0,29,14,1367689.0,5555555.0,-6.087400974596439
0,29,15,1619174.0,5555555.0,-5.354339299656333
0,29,16,1333517.0,5555555.0,-6.197288949140656
0,29,17,1454861.0,5555555.0,-5.819059494282555
0,30,0,1387076.0,4761904.0,-5.3568037839970835
0,30,1,1350781.0,4761904.0,-5.471956925313002
0,30,2,1269867.0,4761904.0,-5.740223984378093
0,30,3,1250556.0,4761904.0,-5.806774915345546
0,30,4,1328087.0,4761904.0,-5.5455411015784914
0,30,5,1306446.0,4761904.0,-5.6168917226034445
0,30,6,1249393.0,4761904.0,-5.8108156739281425
0,30,7,1318559.0,4761904.0,-5.576810683532179
0,30,8,1327780.0,4761904.0,-5.546545130820453
0,30,9,1236265.0,4761904.0,-5.8566906170742685
0,30,10,1336889.0,4761904.0,-5.516852858757638
0,30,11,1292281.0,4761904.0,-5.664236767016927
0,30,12,1240578.0,4761904.0,-5.841565605164455
0,30,13,1312393.0,4761904.0,-5.597167304848511
0,30,14,1308591.0,4761904.0,-5.609767067215341
0,30,15,1234203.0,4761904.0,-5.863940380516986
0,30,16,1326514.0,4761904.0,-5.550687979018752
0,30,17,1283540.0,4761904.0,-5.6937122828876285
0,30,18,1240271.0,4761904.0,-5.842640466283571
0,30,19,1319814.0,4761904.0,-5.572679049256843
0,30,20,1287206.0,4761904.0,-5.681325803243908
0,31,0,1226479.0,4166666.0,-5.311285722655511
0,31,1,1350431.0,4166666.0,-4.8931628990001546
0,31,2,1269599.0,4166666.0,-5.161221171265124
0,31,3,1250717.0,4166666.0,-5.226296358962114
0,31,4,1332642.0,4166666.0,-4.950751922803783
0,31,5,1368798.0,4166666.0,-4.83449326831055
0,31,6,1362469.0,4166666.0,-4.854620591605545
0,31,7,1284369.0,4166666.0,-5.110988740707843
0,31,8,1397691.0,4166666.0,-4.743775201297186
0,31,9,1226621.0,4166666.0,-5.310782931766439
0,31,10,1291870.0,4166666.0,-5.085698757019827
0,31,11,1297180.0,4166666.0,-5.067884447274079
0,31,12,1349000.0,4166666.0,-4.897767391293671
0,31,13,1387126.0,4166666.0,-4.776727766686204
0,31,14,1377363.0,4166666.0,-4.807402764156968
0,31,15,1445995.0,4166666.0,-4.596218975551824
0,31,16,2741885.0,4166666.0,-1.8173945312267743
0,31,17,1459898.0,4166666.0,-4.554661751980832
0,31,18,1384604.0,4166666.0,-4.784631068852224
0,31,19,1398836.0,4166666.0,-4.7402188815508275
0,31,20,1353841.0,4166666.0,-4.8822102657723505
0,31,21,1355025.0,4166666.0,-4.8784138085144555
0,31,22,1512658.0,4166666.0,-4.4004794022430325
0,31,23,1321705.0,4166666.0,-4.986541558670205
0,32,0,1240218.0,4000000.0,-5.085619611046893
0,32,1,1346483.0,4000000.0,-4.728591167239899
0,32,2,1366216.0,4000000.0,-4.665406241990182
0,32,3,1319961.0,4000000.0,-4.814988917395459
0,32,4,1371419.0,4000000.0,-4.648898293267995
0,32,5,1315118.0,4000000.0,-4.830952693389018
0,32,6,1242173.0,4000000.0,-5.078779061853349
0,32,7,1356825.0,4000000.0,-4.695361543059329
0,32,8,1356244.0,4000000.0,-4.697221614423847
0,32,9,1397383.0,4000000.0,-4.567445358296334
0,32,10,1363163.0,4000000.0,-4.67512201694294
0,32,11,1321333.0,4000000.0,-4.810477097940583
0,32,12,1357405.0,4000000.0,-4.693505467462656
0,32,13,1325985.0,4000000.0,-4.795213801205015
0,32,14,1348686.0,4000000.0,-4.721491419827332
0,32,15,1285376.0,4000000.0,-4.930298046417659
0,32,16,1325656.0,4000000.0,-4.796291495246398
0,32,17,1359138.0,4000000.0,-4.687964362910008
0,32,18,1248021.0,4000000.0,-5.05838098203201
0,32,19,1381300.0,4000000.0,-4.617719795160956
0,32,20,1349530.0,4000000.0,-4.718774479784868
0,32,21,1337389.0,4000000.0,-4.758022445135406
0,32,22,1305199.0,4000000.0,-4.8638325895396415
0,32,23,1360243.0,4000000.0,-4.684434916841835
0,32,24,1345682.0,4000000.0,-4.73117548053622
0,33,0,2144818.0,4166666.0,-2.8839824307268485
0,33,1,1309835.0,4166666.0,-5.025720978040895
0,33,2,1321158.0,4166666.0,-4.988339299112999
0,33,3,1315694.0,4166666.0,-5.00633794632995
0,33,4,1296373.0,4166666.0,-5.070587115453266
0,33,5,1316606.0,4166666.0,-5.003328588860484
0,33,6,1353570.0,4166666.0,-4.883079685339523
0,33,7,1229231.0,4166666.0,-5.301551845980126
0,33,8,1312555.0,4166666.0,-5.01671178097718
0,33,9,1356043.0,4166666.0,-4.8751522761341795
0,33,10,1260269.0,4166666.0,-5.193254351545191
0,33,11,1307060.0,4166666.0,-5.0349316467074825
0,33,12,1302693.0,4166666.0,-5.049466093244298
0,33,13,1379333.0,4166666.0,-4.801195621439812
0,33,14,1374354.0,4166666.0,-4.816900780245893
0,33,15,1353390.0,4166666.0,-4.88365725580128
0,33,16,1335183.0,4166666.0,-4.942478946786083
0,33,17,1277627.0,4166666.0,-5.133846076596451
0,33,18,1365868.0,4166666.0,-4.8437995844668675
0,33,19,1477580.0,4166666.0,-4.50237684785723
0,33,20,1361827.0,4166666.0,-4.8566674841792095
0,33,21,1306675.0,4166666.0,-5.036211067740924
0,33,22,1368079.0,4166666.0,-4.836775122699125
0,33,23,1330707.0,4166666.0,-4.957062473695481
0,34,0,1351330.0,4545454.0,-5.268158487004523
0,34,1,1448648.0,4545454.0,-4.96614395896937
0,34,2,1320363.0,4545454.0,-5.368839212928296
0,34,3,1287641.0,4545454.0,-5.47782470382931
0,34,4,1341370.0,4545454.0,-5.300286780294559
0,34,5,1371836.0,4545454.0,-5.202750715461054
0,34,6,1241020.0,4545454.0,-5.637984865148528
0,34,7,1269482.0,4545454.0,-5.539507196755514
0,34,8,1274617.0,4545454.0,-5.521975605469147
0,34,9,1303674.0,4545454.0,-5.424082628609922
0,34,10,1335890.0,4545454.0,-5.318065681742697
0,34,11,1345331.0,4545454.0,-5.287481174541129
0,34,12,1280547.0,4545454.0,-5.501817440268006
0,34,13,1325471.0,4545454.0,-5.352070368249152
0,34,14,1333931.0,4545454.0,-5.324439015705801
0,34,15,1292094.0,4545454.0,-5.462831572762212
0,34,16,1302829.0,4545454.0,-5.426898499913846
0,34,17,1297286.0,4545454.0,-5.445415357514413
0,34,18,1424638.0,4545454.0,-5.03872742770446
0,34,19,1310545.0,4545454.0,-5.401253292150454
0,34,20,1354778.0,4545454.0,-5.257091314637737
0,34,21,1342423.0,4545454.0,-5.29687882660431
0,35,0,1361419.0,5263157.0,-5.8725451788081635
0,35,1,1352473.0,5263157.0,-5.901177213594243
0,35,2,1353204.0,5263157.0,-5.8988305234756835
0,35,3,1309260.0,5263157.0,-6.042204255320778
0,35,4,1245651.0,5263157.0,-6.258499442142376
0,35,5,1313164.0,5263157.0,-6.029273570504915
0,35,6,1361041.0,5263157.0,-5.873751171294476
0,35,7,4432735.0,5263157.0,-0.7457455635353677
0,35,8,1435812.0,5263157.0,-5.64148746527861
0,35,9,1295045.0,5263157.0,-6.089614657479875
0,35,10,1309142.0,5263157.0,-6.042595690622914
0,35,11,1276105.0,5263157.0,-6.153599149036761
0,35,12,1323991.0,5263157.0,-5.993612922762781
0,35,13,1311989.0,5263157.0,-6.0331613138121725
0,35,14,1273231.0,5263157.0,-6.163391211517056
0,35,15,1335460.0,5263157.0,-5.956154407514635
0,35,16,1376646.0,5263157.0,-5.824240480043327
0,35,17,1400709.0,5263157.0,-5.748984060777504
0,35,18,1372491.0,5263157.0,-5.837368199369788
0,36,0,1289468.0,6250000.0,-6.854694483775727
0,36,1,1407508.0,6250000.0,-6.474291453688395
0,36,2,1397247.0,6250000.0,-6.506068315197893
0,36,3,1287069.0,6250000.0,-6.862781872104833
0,36,4,1377786.0,6250000.0,-6.566982498715065
0,36,5,1312374.0,6250000.0,-6.778223995377005
0,36,6,1347147.0,6250000.0,-6.664650290408755
0,36,7,1319434.0,6250000.0,-6.754923462837907
0,36,8,1362469.0,6250000.0,-6.615533877033584
0,36,9,1373453.0,6250000.0,-6.580662150289909
0,36,10,1377539.0,6250000.0,-6.5677611417957715
0,36,11,1282824.0,6250000.0,-6.877129409161227
0,36,12,1338633.0,6250000.0,-6.692184903108024
0,36,13,1361292.0,6250000.0,-6.619287250674052
0,36,14,1363545.0,6250000.0,-6.61210542151724
0,36,15,1348583.0,6250000.0,-6.660023366087681
0,37,0,1256666.0,6666666.0,-7.2468883242374975
0,37,1,1227062.0,6666666.0,-7.350421905518312
0,37,2,1331517.0,6666666.0,-6.995619818964526
0,37,3,1383211.0,6666666.0,-6.830202635038423
0,37,4,1313714.0,6666666.0,-7.054078693848044
0,37,5,1298089.0,6666666.0,-7.106042277902588
0,37,6,1371581.0,6666666.0,-6.866872371497608
0,37,7,1361075.0,6666666.0,-6.900266405049883
0,37,8,1243768.0,6666666.0,-7.291693185396936
0,37,9,1354140.0,6666666.0,-6.922451305923747
0,37,10,1338148.0,6666666.0,-6.974045481871515
0,37,11,1339488.0,6666666.0,-6.96969870244121
0,37,12,1296699.0,6666666.0,-7.110695215927498
0,37,13,1255101.0,6666666.0,-7.252300219147582
0,37,14,1487771.0,6666666.0,-6.513726084353689
0,38,0,1303431.0,6250000.0,-6.807919715692281
0,38,1,1366172.0,6250000.0,-6.603746372163954
0,38,2,1383706.0,6250000.0,-6.5483619322135755
0,38,3,1375474.0,6250000.0,-6.5742763182466115
0,38,4,1356705.0,6250000.0,-6.633945917918745
0,38,5,1363520.0,6250000.0,-6.61218504823716
0,38,6,1360543.0,6250000.0,-6.621677451220053
0,38,7,1294559.0,6250000.0,-6.83758168992245
0,38,8,1420076.0,6250000.0,-6.435684296529999
0,38,9,1317465.0,6250000.0,-6.761409308475531
0,38,10,1244111.0,6250000.0,-7.01020887361527
0,38,11,1303436.0,6250000.0,-6.807903056059016
0,38,12,1214041.0,6250000.0,-7.116466635759355
0,38,13,1242682.0,6250000.0,-7.0152000963101155
0,38,14,1389817.0,6250000.0,-6.529223977535297
0,38,15,1365851.0,6250000.0,-6.60476692381621
0,39,0,1316274.0,5555555.0,-6.253811485861096
0,39,1,1338979.0,5555555.0,-6.179536856991765
0,39,2,1366638.0,5555555.0,-6.090739591542831
0,39,3,1269920.0,5555555.0,-6.409510885056831
0,39,4,1334530.0,5555555.0,-6.19399110370309
0,39,5,1258713.0,5555555.0,-6.448007338495624
0,39,6,1297547.0,5555555.0,-6.316043535625754
0,39,7,1344504.0,5555555.0,-6.161653528474222
0,39,8,1290228.0,5555555.0,-6.340609889258426
0,39,9,1236052.0,5555555.0,-6.526907098099006
0,39,10,1321560.0,5555555.0,-6.2364056619596955
0,39,11,1331460.0,5555555.0,-6.203993276620295
0,39,12,1307152.0,5555555.0,-6.284013597374962
0,39,13,1279068.0,5555555.0,-6.378338176690122
0,39,14,1717278.0,5555555.0,-5.0988684524459424
0,39,15,1423022.0,5555555.0,-5.915158371139887
0,39,16,2716770.0,5555555.0,-3.106745785844775
0,39,17,1400716.0,5555555.0,-5.98377361960044
0,40,0,1378135.0,4761904.0,-5.3848887329927955
0,40,1,1374591.0,4761904.0,-5.3960713969721095
0,40,2,1328038.0,4761904.0,-5.545701338236145
0,40,3,1357610.0,4761904.0,-5.450056074940704
0,40,4,1315724.0,4761904.0,-5.586158390908559
0,40,5,1346566.0,4761904.0,-5.485529911889887
0,40,6,1313093.0,4761904.0,-5.59485149631222
0,40,7,1209334.0,4761904.0,-5.952343726980148
0,40,8,1357493.0,4761904.0,-5.450430369797394
0,40,9,1354250.0,4761904.0,-5.460817915197177
0,40,10,1307082.0,4761904.0,-5.614778018094117
0,40,11,1309189.0,4761904.0,-5.6077828813426125
0,40,12,1333641.0,4761904.0,-5.527416972793077
0,40,13,1304317.0,4761904.0,-5.623974810244303
0,40,14,1378000.0,4761904.0,-5.385314182073511
0,40,15,1358704.0,4761904.0,-5.446557818193572
0,40,16,1345864.0,4761904.0,-5.487794592741048
0,40,17,1222392.0,4761904.0,-5.905701367980177
0,40,18,1243540.0,4761904.0,-5.831208763299146
0,40,19,1253274.0,4761904.0,-5.7973460574320645
0,40,20,1369976.0,4761904.0,-5.410676767677073
0,41,0,1352946.0,4166666.0,-4.885082258104727
0,41,1,1379353.0,4166666.0,-4.8011326502307785
0,41,2,1303201.0,4166666.0,-5.047772842485814
0,41,3,1264310.0,4166666.0,-5.179351158179478
0,41,4,1376199.0,4166666.0,-4.811074508661336
0,41,5,1304715.0,4166666.0,-5.042730334065534
0,41,6,1357215.0,4166666.0,-4.871400379599112
0,41,7,1450170.0,4166666.0,-4.583697722667842
0,41,8,1359485.0,4166666.0,-4.864142686785373
0,41,9,1308729.0,4166666.0,-5.029389627923411
0,41,10,1365662.0,4166666.0,-4.844454636129794
0,41,11,1310052.0,4166666.0,-5.0250015431737545
0,41,12,1248309.0,4166666.0,-5.234665871212765
0,41,13,1372430.0,4166666.0,-4.8229848605364305
0,41,14,1355676.0,4166666.0,-4.876327811474173
0,41,15,1374524.0,4166666.0,-4.816363615176962
0,41,16,1333469.0,4166666.0,-4.948057649774242
0,41,17,1371202.0,4166666.0,-4.826872507709156
0,41,18,1355105.0,4166666.0,-4.878157410787687
0,41,19,1369983.0,4166666.0,-4.830735107339155
0,41,20,1354846.0,4166666.0,-4.878987553260045
0,41,21,6537816.0,4166666.0,1.9564400485067235
0,41,22,1384212.0,4166666.0,-4.785860788978398
0,41,23,1341729.0,4166666.0,-4.921238821259632
0,42,0,1322884.0,4000000.0,-4.805382275400051
0,42,1,1317336.0,4000000.0,-4.8236343099429675
0,42,2,1370478.0,4000000.0,-4.651879230360201
0,42,3,1364615.0,4000000.0,-4.670498505445434
0,42,4,1358694.0,4000000.0,-4.6893833376787235
0,42,5,1365285.0,4000000.0,-4.668366725462888
0,42,6,1300219.0,4000000.0,-4.880434832663513
0,42,7,1246582.0,4000000.0,-5.063391397146368
0,42,8,1352674.0,4000000.0,-4.708668488769851
0,42,9,1318594.0,4000000.0,-4.819488960865305
0,42,10,1233933.0,4000000.0,-5.107684122792374
0,42,11,1491803.0,4000000.0,-4.283485151495796
0,42,12,1303947.0,4000000.0,-4.868000518303121
0,42,13,1233330.0,4000000.0,-5.10980695751086
0,42,14,1434176.0,4000000.0,-4.454575407363651
0,42,15,1300043.0,4000000.0,-4.8810227413352685
0,42,16,1355785.0,4000000.0,-4.698691666322974
0,42,17,1414152.0,4000000.0,-4.515638992550349
0,42,18,1315416.0,4000000.0,-4.829968712523074
0,42,19,1310094.0,4000000.0,-4.847575336747153
0,42,20,1345494.0,4000000.0,-4.731782258857152
0,42,21,1366515.0,4000000.0,-4.664455880973256
0,42,22,1323187.0,4000000.0,-4.80438765939321
0,42,23,1332996.0,4000000.0,-4.772311451253065
0,42,24,1233676.0,4000000.0,-5.108588753001234
0,43,0,1338476.0,4166666.0,-4.931781004736971
0,43,1,1322185.0,4166666.0,-4.98496462957252
0,43,2,1227330.0,4166666.0,-5.308273388615517
0,43,3,1278598.0,4166666.0,-5.130546680321002
0,43,4,1282963.0,4166666.0,-5.115745570775801
0,43,5,1248112.0,4166666.0,-5.235351300578344
0,43,6,1280005.0,4166666.0,-5.125770226938964
0,43,7,1291495.0,4166666.0,-5.086959596520693
0,43,8,1252278.0,4166666.0,-5.2208793783117855
0,43,9,1286486.0,4166666.0,-5.103836243768099
0,43,10,1261987.0,4166666.0,-5.187338076311464
0,43,11,1365505.0,4166666.0,-4.84495394088658
0,43,12,1360409.0,4166666.0,-4.861191923875377
0,43,13,1423786.0,4166666.0,-4.663439705701716
0,43,14,1342115.0,4166666.0,-4.919989585676859
0,43,15,1454948.0,4166666.0,-4.569412169340663
0,43,16,1360121.0,4166666.0,-4.862111427143162
0,43,17,1280627.0,4166666.0,-5.123660348025814
0,43,18,1363681.0,4166666.0,-4.850758992304361
0,43,19,6027981.0,4166666.0,1.6038318596140244
0,43,20,2453719.0,4166666.0,-2.2996386298444027
0,43,21,1680404.0,4166666.0,-3.943749821482067
0,43,22,1991854.0,4166666.0,-3.2053118670060003
0,43,23,1956895.0,4166666.0,-3.2822116520968265
0,44,0,1708654.0,4545454.0,-4.249231394523222
0,44,1,1567680.0,4545454.0,-4.623198492862162
0,44,2,1652224.0,4545454.0,-4.395083406827171
0,44,3,1499438.0,4545454.0,-4.816487541623419
0,44,4,1310065.0,4545454.0,-5.4028442297844
0,44,5,1244218.0,4545454.0,-5.626807871076202
0,44,6,1379717.0,4545454.0,-5.177872516339352
0,44,7,1643194.0,4545454.0,-4.418884266001753
0,44,8,1310293.0,4545454.0,-5.402088461739546
0,44,9,1287597.0,4545454.0,-5.477973109197713
0,44,10,1261181.0,4545454.0,-5.567998476898143
0,44,11,1236166.0,4545454.0,-5.655004726500761
0,44,12,1228196.0,4545454.0,-5.6830958842825305
0,44,13,1481155.0,4545454.0,-4.869767580872631
0,44,14,1280073.0,4545454.0,-5.503425297636717
0,44,15,1309850.0,4545454.0,-5.403557026297408
0,44,16,1286487.0,4545454.0,-5.481718650561498
0,44,17,1404792.0,4545454.0,-5.099652417106676
0,44,18,1321685.0,4545454.0,-5.364493059088611
0,44,19,1457176.0,4545454.0,-4.940652573565605
0,44,20,1398281.0,4545454.0,-5.119828106125345
0,44,21,1413879.0,4545454.0,-5.071650230052845
0,45,0,1417830.0,5263157.0,-5.696221638255668
0,45,1,1399742.0,5263157.0,-5.7519833118316495
0,45,2,1325187.0,5263157.0,-5.9896915838746825
0,45,3,1329997.0,5263157.0,-5.973956638627352
0,45,4,1399891.0,5263157.0,-5.751521037827417
0,45,5,1283323.0,5263157.0,-6.129103473589507
0,45,6,1365606.0,5263157.0,-5.859209089666302
0,45,7,1362658.0,5263157.0,-5.868594549657933
0,45,8,1310431.0,5263157.0,-6.038321668617383
0,45,9,1322157.0,5263157.0,-5.999632965537007
0,45,10,1374712.0,5263157.0,-5.830346015319638
0,45,11,1286901.0,5263157.0,-6.1170118686551564
0,45,12,1365176.0,5263157.0,-5.860576805058903
0,45,13,1346719.0,5263157.0,-5.9196933786853005
0,45,14,1423891.0,5263157.0,-5.677695802353425
0,45,15,1381102.0,5263157.0,-5.810205710401234
0,45,16,1224708.0,5263157.0,-6.332137704800413
0,45,17,1341731.0,5263157.0,-5.9358087117685265
0,45,18,1278066.0,5263157.0,-6.146930436203119
0,46,0,1361219.0,6250000.0,-6.61952014962055
0,46,1,1447685.0,6250000.0,-6.352059428062154
0,46,2,1362627.0,6250000.0,-6.615030272549795
0,46,3,1310936.0,6250000.0,-6.782985274276783
0,46,4,1365795.0,6250000.0,-6.6049449885507325
0,46,5,1305200.0,6250000.0,-6.802029522282379
0,46,6,1259559.0,6250000.0,-6.956615019019239
0,46,7,1424521.0,6250000.0,-6.422111614401165
0,46,8,1297589.0,6250000.0,-6.827428620888546
0,46,9,1354757.0,6250000.0,-6.640186136636922
0,46,10,1287455.0,6250000.0,-6.86147959120731
0,46,11,1350332.0,6250000.0,-6.654394577072996
0,46,12,1280599.0,6250000.0,-6.88466858989654
0,46,13,1398448.0,6250000.0,-6.502336951763387
0,46,14,1368382.0,6250000.0,-6.59672664599312
0,46,15,1240569.0,6250000.0,-7.022590927617417
0,47,0,1334585.0,6666666.0,-6.985624582033511
0,47,1,1372001.0,6666666.0,-6.865542696030833
0,47,2,1266885.0,6666666.0,-7.211715034144959
0,47,3,1374567.0,6666666.0,-6.8574278416759205
0,47,4,1354780.0,6666666.0,-6.920399207865558
0,47,5,1417229.0,6666666.0,-6.724686670268048
0,47,6,1375784.0,6666666.0,-6.853584431005999
0,47,7,1229697.0,6666666.0,-7.341105839932483
0,47,8,1382520.0,6666666.0,-6.832372748424282
0,47,9,1304035.0,6666666.0,-7.0861944959835474
0,47,10,1239507.0,6666666.0,-7.306597137665836
0,47,11,1360215.0,6666666.0,-6.903011377227569
0,47,12,1313923.0,6666666.0,-7.053387825612369
0,47,13,1296749.0,6666666.0,-7.110527757593282
0,47,14,1353500.0,6666666.0,-6.9245043740834324
0,48,0,1308684.0,6250000.0,-6.790452245930508
0,48,1,1357029.0,6250000.0,-6.6329088861919425
0,48,2,1380160.0,6250000.0,-6.559505808782175
0,48,3,1299285.0,6250000.0,-6.821755927134207
0,48,4,1347926.0,6250000.0,-6.662139668909267
0,48,5,1355780.0,6250000.0,-6.636907942861431
0,48,6,1368566.0,6250000.0,-6.596142709544268
0,48,7,1318124.0,6250000.0,-6.759237497396197
0,48,8,1329397.0,6250000.0,-6.72225322960802
0,48,9,1226851.0,6250000.0,-7.070881961061697
0,48,10,2155456.0,6250000.0,-4.623408554532827
0,48,11,3927865.0,6250000.0,-2.0172346459438524
0,48,12,1466021.0,6250000.0,-6.2973982594838045
0,48,13,1440575.0,6250000.0,-6.373441436632664
0,48,14,1420134.0,6250000.0,-6.435506921758739
0,48,15,1390834.0,6250000.0,-6.526047185425899
0,49,0,1384855.0,5555555.0,-6.033231481003582
0,49,1,1524748.0,5555555.0,-5.61529379097799
0,49,2,1438564.0,5555555.0,-5.867982635665485
0,49,3,1278973.0,5555555.0,-6.378660751471369
0,49,4,1215104.0,5555555.0,-6.601140009459407
0,49,5,1224704.0,5555555.0,-6.566963151750396
0,49,6,1241287.0,5555555.0,-6.508552444199276
0,49,7,1338292.0,5555555.0,-6.181765696101561
0,49,8,1304579.0,5555555.0,-6.292570681266463
0,49,9,1198845.0,5555555.0,-6.659644151541869
0,49,10,1297184.0,5555555.0,-6.3172586819970675
0,49,11,1259195.0,5555555.0,-6.446344609413908
0,49,12,1193064.0,5555555.0,-6.680637101428165
0,49,13,1178981.0,5555555.0,-6.732206452369938
0,49,14,1204003.0,5555555.0,-6.6409988241767826
0,49,15,1375786.0,5555555.0,-6.061765657123486
0,49,16,1263971.0,5555555.0,-6.429903416699721
0,49,17,1243327.0,5555555.0,-6.501420866077552
0,50,0,1305707.0,4545454.0,-5.417315346558292
0,50,1,1429514.0,4545454.0,-5.0238885406800895
0,50,2,1231520.0,4545454.0,-5.671357978470484
0,50,3,1200605.0,4545454.0,-5.781771193903507
0,50,4,1293054.0,4545454.0,-5.4596060497222
0,50,5,2120563.0,4545454.0,-3.3112608758059974
0,50,6,1396273.0,4545454.0,-5.126069269972914
0,50,7,1260449.0,4545454.0,-5.570519890187825
0,50,8,1310259.0,4545454.0,-5.402201155648201
0,50,9,1341858.0,4545454.0,-5.298707073243905
0,50,10,1248317.0,4545454.0,-5.612523821415118
0,50,11,1234343.0,4545454.0,-5.661414085739747
0,50,12,1338224.0,4545454.0,-5.310484527175907
0,50,13,1265365.0,4545454.0,-5.553614493599683
0,50,14,1267440.0,4545454.0,-5.54649857862352
0,50,15,1377216.0,4545454.0,-5.18575207523466
0,50,16,1365438.0,4545454.0,-5.22305282007561
0,50,17,1354382.0,4545454.0,-5.25836093781288
0,50,18,1342406.0,4545454.0,-5.296933824566507
0,50,19,1357182.0,4545454.0,-5.249391760013338
0,50,20,1366199.0,4545454.0,-5.22063303948779
0,50,21,1340638.0,4545454.0,-5.302657418776224
0,51,0,1428169.0,4166666.0,-4.650090868060125
0,51,1,1296169.0,4166666.0,-5.071270584222459
0,51,2,1268439.0,4166666.0,-5.165191022260942
0,51,3,1285187.0,4166666.0,-5.108223649009529
0,51,4,1238459.0,4166666.0,-5.269070552459844
0,51,5,1259060.0,4166666.0,-5.19742262070676
0,51,6,1365315.0,4166666.0,-4.845558271832559
0,51,7,1260081.0,4166666.0,-5.193902256500847
0,51,8,1446772.0,4166666.0,-4.5938859371802305
0,51,9,1353923.0,4166666.0,-4.881947228465355
0,51,10,1462752.0,4166666.0,-4.546179882134428
0,51,11,1264515.0,4166666.0,-5.1786470337819015
0,51,12,1338070.0,4166666.0,-4.933098550267703
0,51,13,1376476.0,4166666.0,-4.810200452901806
0,51,14,1360412.0,4166666.0,-4.861182346740786
0,51,15,1278170.0,4166666.0,-5.132000688193369
0,51,16,1308538.0,4166666.0,-5.030023497117427
0,51,17,1302897.0,4166666.0,-5.048786047078253
0,51,18,1345941.0,4166666.0,-4.907626660128904
0,51,19,1312417.0,4166666.0,-5.017168415475055
0,51,20,1366736.0,4166666.0,-4.841040548595072
0,51,21,1285729.0,4166666.0,-5.1063924914557335
0,51,22,1434050.0,4166666.0,-4.632243949691171
0,51,23,1390582.0,4166666.0,-4.765920853188169
0,52,0,1360330.0,4000000.0,-4.6841571546208725
0,52,1,1338320.0,4000000.0,-4.7550002317409845
0,52,2,1300351.0,4000000.0,-4.879993953381968
0,52,3,1423736.0,4000000.0,-4.486305247606584
0,52,4,1465987.0,4000000.0,-4.359298722188271
0,52,5,1359777.0,4000000.0,-4.685923003183457
0,52,6,1287807.0,4000000.0,-4.92209209915613
0,52,7,1253044.0,4000000.0,-5.04093670037165
0,52,8,1267435.0,4000000.0,-4.991342954055652
0,52,9,1283722.0,4000000.0,-4.935890072664326
0,52,10,1377720.0,4000000.0,-4.628990283361758
0,52,11,2038540.0,4000000.0,-2.9274075377925635
0,52,12,1403373.0,4000000.0,-4.548868746031795
0,52,13,1366633.0,4000000.0,-4.664080879334879
0,52,14,1310125.0,4000000.0,-4.847472573360278
0,52,15,1341121.0,4000000.0,-4.7459202834463685
0,52,16,1357431.0,4000000.0,-4.693422282647589
0,52,17,1285136.0,4000000.0,-4.931109018519401
0,52,18,1319553.0,4000000.0,-4.816331529331047
0,52,19,1287598.0,4000000.0,-4.922796978947207
0,52,20,1291417.0,4000000.0,-4.909934922397138
0,52,21,1283195.0,4000000.0,-4.937673326234103
0,52,22,1347996.0,4000000.0,-4.723713878382348
0,52,23,1241703.0,4000000.0,-5.08042260934872
0,52,24,1257457.0,4000000.0,-5.025668484803294
0,53,0,1361654.0,4166666.0,-4.8572192261995895
0,53,1,3388555.0,4166666.0,-0.8977414968765767
0,53,2,2360390.0,4166666.0,-2.468049227572121
0,53,3,1391941.0,4166666.0,-4.761678615134175
0,53,4,1345477.0,4166666.0,-4.909124106022478
0,53,5,1419272.0,4166666.0,-4.6772305389427355
0,53,6,1311636.0,4166666.0,-5.0197536071642626
0,53,7,1335953.0,4166666.0,-4.939975092543331
0,53,8,1380603.0,4166666.0,-4.797198760418786
0,53,9,1369918.0,4166666.0,-4.830941166910861
0,53,10,1360413.0,4166666.0,-4.861179154367282
0,53,11,1273585.0,4166666.0,-5.147607534010749
0,53,12,1378719.0,4166666.0,-4.803129281982063
0,53,13,1371257.0,4166666.0,-4.826698312240725
0,53,14,1316525.0,4166666.0,-5.003595782957893
0,53,15,1237291.0,4166666.0,-5.273168349026517
0,53,16,1259376.0,4166666.0,-5.196332761309883
0,53,17,1433556.0,4166666.0,-4.633740260385056
0,53,18,1300897.0,4166666.0,-5.055457766381908
0,53,19,6854643.0,4166666.0,2.1619615221085278
0,53,20,1450523.0,4166666.0,-4.5826406928279475
0,53,21,1525752.0,4166666.0,-4.3630474088645705
0,53,22,1422486.0,4166666.0,-4.667406880066873
0,53,23,1409866.0,4166666.0,-4.706108514835272
0,54,0,1393160.0,4761904.0,-5.337796391491335
0,54,1,1357726.0,4761904.0,-5.449685011028677
0,54,2,1347423.0,4761904.0,-5.482766794567983
0,54,3,1384560.0,4761904.0,-5.364688551092097
0,54,4,1352259.0,4761904.0,-5.4672075519539405
0,54,5,1354270.0,4761904.0,-5.4607537776634825
0,54,6,1339576.0,4761904.0,-5.508132777120661
0,54,7,1362199.0,4761904.0,-5.435400786509272
0,54,8,1439514.0,4761904.0,-5.195647428113453
0,54,9,1358750.0,4761904.0,-5.446410786846071
0,54,10,1349273.0,4761904.0,-5.47680805900741
0,54,11,1395729.0,4761904.0,-5.329795335590024
0,54,12,1448513.0,4761904.0,-5.168582385498921
0,54,13,1243373.0,4761904.0,-5.83179203403348
0,54,14,1283686.0,4761904.0,-5.693218310059165
0,54,15,1196779.0,4761904.0,-5.9976667580012935
0,54,16,1193446.0,4761904.0,-6.009778625682168
0,54,17,1202314.0,4761904.0,-5.9776273162424705
0,54,18,1205415.0,4761904.0,-5.966440443192934
0,54,19,1180219.0,4761904.0,-6.058180338400382
0,54,20,1283618.0,4761904.0,-5.693448372605527
0,55,0,1200477.0,5555555.0,-6.653736076645939
0,55,1,1181232.0,5555555.0,-6.723922478210228
0,55,2,1194447.0,5555555.0,-6.6756056746774455
0,55,3,1229809.0,5555555.0,-6.548897844889483
0,55,4,1219160.0,5555555.0,-6.586667462120829
0,55,5,1187416.0,5555555.0,-6.701245548771241
0,55,6,1280400.0,5555555.0,-6.3738178599514885
0,55,7,1205348.0,5555555.0,-6.636149998589829
0,55,8,1198732.0,5555555.0,-6.6600535254764
0,55,9,1193403.0,5555555.0,-6.679403262197575
0,55,10,1181908.0,5555555.0,-6.721437791921861
0,55,11,1191900.0,5555555.0,-6.684876316922183
0,55,12,1307816.0,5555555.0,-6.281808051898448
0,55,13,1196085.0,5555555.0,-6.669654075011024
0,55,14,1202451.0,5555555.0,-6.646600636049062
0,55,15,1236487.0,5555555.0,-6.525378967690733
0,55,16,1191944.0,5555555.0,-6.684715996387736
0,55,17,1197455.0,5555555.0,-6.664682497304514
0,56,0,1171673.0,6250000.0,-7.270735951764996
0,56,1,1274843.0,6250000.0,-6.904233136972488
0,56,2,1194854.0,6250000.0,-7.185651755478445
0,56,3,1184831.0,6250000.0,-7.222236087714934
0,56,4,1200370.0,6250000.0,-7.165648844710218
0,56,5,1190299.0,6250000.0,-7.202239486076586
0,56,6,1176302.0,6250000.0,-7.253611819171454
0,56,7,1297375.0,6250000.0,-6.8281449238456435
0,56,8,1188539.0,6250000.0,-7.2086658036956655
0,56,9,1211498.0,6250000.0,-7.125573158244758
0,56,10,1226074.0,6250000.0,-7.073633344195916
0,56,11,1214421.0,6250000.0,-7.11510748824566
0,56,12,1187329.0,6250000.0,-7.213089419557626
0,56,13,1285667.0,6250000.0,-6.867515205986744
0,56,14,1196754.0,6250000.0,-7.178751296128803
0,56,15,1180093.0,6250000.0,-7.239637830927931
0,57,0,1187408.0,6666666.0,-7.49308726914932
0,57,1,1195971.0,6666666.0,-7.461880485419669
0,57,2,1178914.0,6666666.0,-7.524265723923823
0,57,3,1188391.0,6666666.0,-7.489493433979994
0,57,4,1284846.0,6666666.0,-7.150576207099749
0,57,5,1206809.0,6666666.0,-7.422701571688927
0,57,6,1203478.0,6666666.0,-7.434705418867286
0,57,7,1217104.0,6666666.0,-7.385810077841072
0,57,8,1183920.0,6666666.0,-7.505863403411212
0,57,9,1183851.0,6666666.0,-7.5061165218019665
0,57,10,1303471.0,6666666.0,-7.088073242123447
0,57,11,1182815.0,6666666.0,-7.509918740720821
0,57,12,1192789.0,6666666.0,-7.473450721515272
0,57,13,1186486.0,6666666.0,-7.49646079410409
0,57,14,1187469.0,6666666.0,-7.492864167376875
0,58,0,1190199.0,6250000.0,-7.202604363074726
0,58,1,1176915.0,6250000.0,-7.251349192958671
0,58,2,1268555.0,6250000.0,-6.9257071592531885
0,58,3,1204393.0,6250000.0,-7.151117946400256
0,58,4,1191076.0,6250000.0,-7.199405435795436
0,58,5,1200184.0,6250000.0,-7.166321845807429
0,58,6,1181856.0,6250000.0,-7.233154529943966
0,58,7,1278116.0,6250000.0,-6.893097457801396
0,58,8,1342681.0,6250000.0,-6.679071739947084
0,58,9,1329226.0,6250000.0,-6.72281189743349
0,58,10,1290323.0,6250000.0,-6.851815787047019
0,58,11,2621527.0,6250000.0,-3.7732568232442034
0,58,12,3628893.0,6250000.0,-2.361058543776458
0,58,13,1593404.0,6250000.0,-5.935541142824777
0,58,14,1847922.0,6250000.0,-5.291963814580947
0,58,15,1710902.0,6250000.0,-5.626548833600413
0,59,0,2078470.0,5263157.0,-4.0350256480329545
0,59,1,2465951.0,5263157.0,-3.292618825766275
0,59,2,1984778.0,5263157.0,-4.235343878039953
0,59,3,1838456.0,5263157.0,-4.567930849126135
0,59,4,2220700.0,5263157.0,-3.747564326500185
0,59,5,1573670.0,5263157.0,-5.243326595859553
0,59,6,1859794.0,5263157.0,-4.517814829442747
0,59,7,1835418.0,5263157.0,-4.575113386887381
0,59,8,1765188.0,5263157.0,-4.74455358827795
0,59,9,1743039.0,5263157.0,-4.7993922078335345
0,59,10,1772022.0,5263157.0,-4.7277721578159495
0,59,11,1635256.0,5263157.0,-5.076605739184593
0,59,12,1626700.0,5263157.0,-5.099388585481483
0,59,13,1429908.0,5263157.0,-5.659382292748795
0,59,14,1375359.0,5263157.0,-5.828302515097458
0,59,15,1436613.0,5263157.0,-5.639065331443808
0,59,16,1329404.0,5263157.0,-5.975893440426231
0,59,17,1376817.0,5263157.0,-5.823701054915763
0,59,18,1489795.0,5263157.0,-5.481198128410196
0,60,0,1472506.0,4545454.0,-4.8952019398594
0,60,1,1527753.0,4545454.0,-4.7352412185948305
0,60,2,1282114.0,4545454.0,-5.4965062458653104
0,60,3,1226348.0,4545454.0,-5.689635399192038
0,60,4,1196878.0,4545454.0,-5.795273828440752
0,60,5,1226766.0,4545454.0,-5.688155361206093
0,60,6,1207647.0,4545454.0,-5.756372602242747
0,60,7,1230363.0,4545454.0,-5.675440046972974
0,60,8,1220515.0,4545454.0,-5.710341458432908
0,60,9,1210863.0,4545454.0,-5.744822582792585
0,60,10,1195585.0,4545454.0,-5.799968093888311
0,60,11,1277416.0,4545454.0,-5.512449155440775
0,60,12,1192212.0,4545454.0,-5.812237782323434
0,60,13,1225394.0,4545454.0,-5.693015175340147
0,60,14,1227747.0,4545454.0,-5.684683854561541
0,60,15,1224220.0,4545454.0,-5.697177968015165
0,60,16,1199365.0,4545454.0,-5.78625896004625
0,60,17,1212183.0,4545454.0,-5.7400907801539
0,60,18,1195468.0,4545454.0,-5.800393115453481
0,60,19,1208978.0,4545454.0,-5.751588690681273
0,60,20,1389080.0,4545454.0,-5.14850008684048
0,60,21,1205408.0,4545454.0,-5.764431976140461
0,61,0,1198440.0,4166666.0,-5.411723928773167
0,61,1,1228383.0,4166666.0,-5.304548913341151
0,61,2,1206608.0,4166666.0,-5.382224883709127
0,61,3,1201873.0,4166666.0,-5.399301099142432
0,61,4,1229250.0,4166666.0,-5.301484718390722
0,61,5,1225017.0,4166666.0,-5.316465731987088
0,61,6,1194343.0,4166666.0,-5.426596202867219
0,61,7,1204377.0,4166666.0,-5.390262356075615
0,61,8,1214656.0,4166666.0,-5.353353890192162
0,61,9,1190323.0,4166666.0,-5.441238634730345
0,61,10,1175655.0,4166666.0,-5.495087935734007
0,61,11,1329157.0,4166666.0,-4.962124059725046
0,61,12,1273486.0,4166666.0,-5.147945138684746
0,61,13,1272506.0,4166666.0,-5.151288500433604
0,61,14,1416952.0,4166666.0,-4.684335502603841
0,61,15,1287283.0,4166666.0,-5.1011465485146354
0,61,16,1208492.0,4166666.0,-5.375449089995591
0,61,17,1446257.0,4166666.0,-4.595432148162164
0,61,18,1356913.0,4166666.0,-4.8723668552706805
0,61,19,1340440.0,4166666.0,-4.925413096857259
0,61,20,1401007.0,4166666.0,-4.7334838359845275
0,61,21,1265097.0,4166666.0,-5.176648629339421
0,61,22,1359537.0,4166666.0,-4.863976573285286
0,61,23,1375006.0,4166666.0,-4.814840955359309
0,62,0,1284329.0,4000000.0,-4.93383702344198
0,62,1,1271149.0,4000000.0,-4.978635311869255
0,62,2,1321741.0,4000000.0,-4.809136294391202
0,62,3,1286354.0,4000000.0,-4.926994900101548
0,62,4,1252787.0,4000000.0,-5.041827532053759
0,62,5,1275577.0,4000000.0,-4.963533114744579
0,62,6,1317238.0,4000000.0,-4.823957404752574
0,62,7,1285030.0,4000000.0,-4.931467246082196
0,62,8,1375170.0,4000000.0,-4.637036018902195
0,62,9,1358800.0,4000000.0,-4.689044531299721
0,62,10,1266658.0,4000000.0,-4.9940062092954065
0,62,11,1270951.0,4000000.0,-4.979311841569824
0,62,12,1235158.0,4000000.0,-5.103374757248675
0,62,13,1268517.0,4000000.0,-4.987636995441817
0,62,14,1358069.0,4000000.0,-4.691381554350388
0,62,15,1400290.0,4000000.0,-4.558420039660043
0,62,16,1307113.0,4000000.0,-4.857468573395271
0,62,17,1374815.0,4000000.0,-4.638157294414113
0,62,18,1343531.0,4000000.0,-4.73812299737326
0,62,19,1418087.0,4000000.0,-4.503571155860737
0,62,20,1272357.0,4000000.0,-4.974510078639338
0,62,21,1341171.0,4000000.0,-4.7457583717372955
0,62,22,1642924.0,4000000.0,-3.864425174510466
0,62,23,1377566.0,4000000.0,-4.629475760007614
0,62,24,1354661.0,4000000.0,-4.7022936346015625
0,63,0,1412655.0,4166666.0,-4.697525778308284
0,63,1,1307942.0,4166666.0,-5.032002029463872
0,63,2,1234120.0,4166666.0,-5.284312983066242
0,63,3,1349482.0,4166666.0,-4.896215926859195
0,63,4,1308245.0,4166666.0,-5.030996052225967
0,63,5,1301460.0,4166666.0,-5.053578640672974
0,63,6,1408770.0,4166666.0,-4.70948594119437
0,63,7,1289360.0,4166666.0,-5.094144958971297
0,63,8,1241204.0,4166666.0,-5.25945522295904
0,63,9,1268626.0,4166666.0,-5.164550809509097
0,63,10,1272952.0,4166666.0,-5.149766610534726
0,63,11,1294400.0,4166666.0,-5.077201845330742
0,63,12,1392165.0,4166666.0,-4.760979777057203
0,63,13,1333060.0,4166666.0,-4.949389916886217
0,63,14,1288422.0,4166666.0,-5.0973055694651626
0,63,15,1300476.0,4166666.0,-5.056863470050529
0,63,16,1279496.0,4166666.0,-5.12749756280797
0,63,17,1200561.0,4166666.0,-5.404044575274573
0,63,18,1398525.0,4166666.0,-4.7411845458639315
0,63,19,1359945.0,4166666.0,-4.862673441659881
0,63,20,1281521.0,4166666.0,-5.120629615354804
0,63,21,1251335.0,4166666.0,-5.224150967936874
0,63,22,1197437.0,4166666.0,-5.415360153761311
0,63,23,1350008.0,4166666.0,-4.894523467169608
0,64,0,1325637.0,4761904.0,-5.553560185574952
0,64,1,1352582.0,4761904.0,-5.466170321903659
0,64,2,1300171.0,4761904.0,-5.6378016080094895
0,64,3,1392729.0,4761904.0,-5.3391401702506025
0,64,4,1311560.0,4761904.0,-5.599924727070467
0,64,5,1295157.0,4761904.0,-5.654582186351877
0,64,6,1369274.0,4761904.0,-5.412902739990447
0,64,7,1307022.0,4761904.0,-5.61497738023823
0,64,8,1346329.0,4761904.0,-5.4862943515912255
0,64,9,1323975.0,4761904.0,-5.559008511772062
0,64,10,1278312.0,4761904.0,-5.711437699525438
0,64,11,1354452.0,4761904.0,-5.4601701696311675
0,64,12,1357677.0,4761904.0,-5.449841749675688
0,64,13,1343117.0,4761904.0,-5.496667897214404
0,64,14,1272323.0,4761904.0,-5.731832577131608
0,64,15,1285193.0,4761904.0,-5.6881228434427396
0,64,16,1351936.0,4761904.0,-5.468245029786138
0,64,17,1406417.0,4761904.0,-5.296665285032067
0,64,18,1355035.0,4761904.0,-5.4583012277476515
0,64,19,1353745.0,4761904.0,-5.462437701909513
0,64,20,1348737.0,4761904.0,-5.478533640790744
0,65,0,1274789.0,5555555.0,-6.392891441239044
0,65,1,1350050.0,5555555.0,-6.143775982892889
0,65,2,1422758.0,5555555.0,-5.915964151934968
0,65,3,1359196.0,5555555.0,-6.114453636966633
0,65,4,1300835.0,5555555.0,-6.305052380216967
0,65,5,1362071.0,5555555.0,-6.105277050472003
0,65,6,1302475.0,5555555.0,-6.299580553622812
0,65,7,1225879.0,5555555.0,-6.562798460692457
0,65,8,1284611.0,5555555.0,-6.359558149515099
0,65,9,1370199.0,5555555.0,-6.07943805240995
0,65,10,1355881.0,5555555.0,-6.125058764724782
0,65,11,1434608.0,5555555.0,-5.879942031455974
0,65,12,1267425.0,5555555.0,-6.418051821205303
0,65,13,1333749.0,5555555.0,-6.196533446539448
0,65,14,1238862.0,5555555.0,-6.517045195676962
0,65,15,1220472.0,5555555.0,-6.581996311593308
0,65,16,1303637.0,5555555.0,-6.29570773295038
0,65,17,1351545.0,5555555.0,-6.138969412576318
0,66,0,1295090.0,6250000.0,-6.835800673474872
0,66,1,1264959.0,6250000.0,-6.938035680079865
0,66,2,1242273.0,6250000.0,-7.016629711290689
0,66,3,1244057.0,6250000.0,-7.010397380999228
0,66,4,1329937.0,6250000.0,-6.720489487081124
0,66,5,1371069.0,6250000.0,-6.588207058330449
0,66,6,1348748.0,6250000.0,-6.659492036491103
0,66,7,1252825.0,6250000.0,-6.979896062399468
0,66,8,1298577.0,6250000.0,-6.824123108307035
0,66,9,1363192.0,6250000.0,-6.613229886054658
0,66,10,1292496.0,6250000.0,-6.844508096249932
0,66,11,1322061.0,6250000.0,-6.746285233501148
0,66,12,1211783.0,6250000.0,-7.124551618209466
0,66,13,1221460.0,6250000.0,-7.090007679451525
0,66,14,1327724.0,6250000.0,-6.727722116905488
0,66,15,1241743.0,6250000.0,-7.018482968909813
0,67,0,1283881.0,6666666.0,-7.153839256810771
0,67,1,1270073.0,6666666.0,-7.200800138927301
0,67,2,1307135.0,6666666.0,-7.07588253983802
0,67,3,1333364.0,6666666.0,-6.989599722483538
0,67,4,1302604.0,6666666.0,-7.0909629005538575
0,67,5,1296438.0,6666666.0,-7.111569453271375
0,67,6,1563541.0,6666666.0,-6.297994234867344
0,67,7,1428814.0,6666666.0,-6.6893300058618745
0,67,8,1367717.0,6666666.0,-6.879124525086427
0,67,9,1483253.0,6666666.0,-6.5269346210852675
0,67,10,1279253.0,6666666.0,-7.169522533974534
0,67,11,1326647.0,6666666.0,-7.0115331824233955
0,67,12,1419630.0,6666666.0,-6.717335291154532
0,67,13,1378419.0,6666666.0,-6.845274467586701
0,67,14,1351962.0,6666666.0,-6.929442125825059
0,68,0,1410372.0,6250000.0,-6.465463399800647
0,68,1,1303266.0,6250000.0,-6.808469519444768
0,68,2,1221633.0,6250000.0,-7.089392615305422
0,68,3,1404883.0,6250000.0,-6.482398600568404
0,68,4,1338291.0,6250000.0,-6.693294600011029
0,68,5,1343859.0,6250000.0,-6.675263131607213
0,68,6,1416558.0,6250000.0,-6.446456562325761
0,68,7,1272431.0,6250000.0,-6.912457761441017
0,68,8,1318013.0,6250000.0,-6.759603234742318
0,68,9,1329625.0,6250000.0,-6.721508450947921
0,68,10,1286475.0,6250000.0,-6.864786663371908
0,68,11,1285757.0,6250000.0,-6.86721119930883
0,68,12,1294756.0,6250000.0,-6.836920850950752
0,68,13,1265407.0,6250000.0,-6.936497847766866
0,68,14,1316609.0,6250000.0,-6.764231978526531
0,68,15,1365479.0,6250000.0,-6.6059499192672675
0,69,0,1361793.0,5263157.0,-5.871352277651346
0,69,1,1271035.0,5263157.0,-6.17088815498986
0,69,2,1285056.0,5263157.0,-6.123242715100531
0,69,3,1286898.0,5263157.0,-6.117021992860238
0,69,4,1221928.0,5263157.0,-6.342007086100116
0,69,5,1351699.0,5263157.0,-5.903663327185926
0,69,6,1351617.0,5263157.0,-5.903926797290989
0,69,7,2002614.0,5263157.0,-4.196490772839341
0,69,8,1398743.0,5263157.0,-5.755083990990916
0,69,9,1293274.0,5263157.0,-6.095557786186026
0,69,10,1408004.0,5263157.0,-5.726424366216203
0,69,11,1327671.0,5263157.0,-5.981558560483885
0,69,12,1347664.0,5263157.0,-5.916646979548824
0,69,13,1337810.0,5263157.0,-5.9485188727922385
0,69,14,1293731.0,5263157.0,-6.094023405075094
0,69,15,1263474.0,5263157.0,-6.196800158608207
0,69,16,1422312.0,5263157.0,-5.682514510346337
0,69,17,1349948.0,5263157.0,-5.909292854243249
0,69,18,1279991.0,5263157.0,-6.1403940921304585
0,70,0,1304678.0,4545454.0,-5.4207392786221495
0,70,1,1341629.0,4545454.0,-5.299448298646505
0,70,2,1317259.0,4545454.0,-5.379060925471889
0,70,3,1315061.0,4545454.0,-5.38631368724157
0,70,4,1362768.0,4545454.0,-5.2315533998477175
0,70,5,1271582.0,4545454.0,-5.532328954730702
0,70,6,1366362.0,4545454.0,-5.220114917472331
0,70,7,1275425.0,4545454.0,-5.519223415872887
0,70,8,1252786.0,4545454.0,-5.5970037560267105
0,70,9,1361792.0,4545454.0,-5.234664885243293
0,70,10,1346491.0,4545454.0,-5.283738121470067
0,70,11,1450243.0,4545454.0,-4.961364891605084
0,70,12,1343063.0,4545454.0,-5.294808821594563
0,70,13,1318367.0,4545454.0,-5.37540943383919
0,70,14,1480468.0,4545454.0,-4.87178242418266
0,70,15,1297472.0,4545454.0,-5.444792727012668
0,70,16,1226984.0,4545454.0,-5.687383675441008
0,70,17,1461058.0,4545454.0,-4.929098104847782
0,70,18,1297368.0,4545454.0,-5.44514085349555
0,70,19,1305026.0,4545454.0,-5.41958102863979
0,70,20,1419124.0,4545454.0,-5.055569222301168
0,70,21,1306724.0,4545454.0,-5.413933994014187
0,71,0,1359896.0,4166666.0,-4.8628299245544
0,71,1,1428295.0,4166666.0,-4.649707729293067
0,71,2,1353581.0,4166666.0,-4.8830443918571795
0,71,3,1284145.0,4166666.0,-5.111746236786844
0,71,4,1361104.0,4166666.0,-4.858973785130612
0,71,5,1314449.0,4166666.0,-5.010449484526571
0,71,6,1230134.0,4166666.0,-5.2983626655633795
0,71,7,1312819.0,4166666.0,-5.0158383530876005
0,71,8,1194826.0,4166666.0,-5.424840243053435
0,71,9,1236935.0,4166666.0,-5.274418104195401
0,71,10,1368310.0,4166666.0,-4.836041878810497
0,71,11,1302539.0,4166666.0,-5.0499795319729115
0,71,12,1322511.0,4166666.0,-4.98389395829826
0,71,13,1387873.0,4166666.0,-4.774389618198094
0,71,14,1354499.0,4166666.0,-4.8801000006304935
0,71,15,1291601.0,4166666.0,-5.086603162109369
0,71,16,1393601.0,4166666.0,-4.75650239502834
0,71,17,1309065.0,4166666.0,-5.028274773609276
0,71,18,1198964.0,4166666.0,-5.409825455990597
0,71,19,1337338.0,4166666.0,-4.935475036909634
0,71,20,1348981.0,4166666.0,-4.897828559961325
0,71,21,1590295.0,4166666.0,-4.18310995305615
0,71,22,1358396.0,4166666.0,-4.8676229474450725
0,71,23,1360844.0,4166666.0,-4.859803459802121
0,72,0,1378512.0,4000000.0,-4.626494403195399
0,72,1,1290215.0,4000000.0,-4.913979046462606
0,72,2,1353462.0,4000000.0,-4.70613924366604
0,72,3,1401827.0,4000000.0,-4.55365570836603
0,72,4,1367438.0,4000000.0,-4.661523469025968
0,72,5,1303437.0,4000000.0,-4.869699463978904
0,72,6,1356573.0,4000000.0,-4.6961682231685815
0,72,7,1291677.0,4000000.0,-4.909060648633378
0,72,8,1250558.0,4000000.0,-5.049561525218845
0,72,9,1398774.0,4000000.0,-4.563124401539179
0,72,10,1308249.0,4000000.0,-4.853695798823577
0,72,11,1347250.0,4000000.0,-4.726117990598993
0,72,12,1481898.0,4000000.0,-4.312416794266574
0,72,13,1353702.0,4000000.0,-4.705369207747049
0,72,14,1267167.0,4000000.0,-4.99226136981942
0,72,15,1397140.0,4000000.0,-4.568200646833008
0,72,16,1347558.0,4000000.0,-4.725125246767087
0,72,17,1257574.0,4000000.0,-5.025264414599633
0,72,18,1314332.0,4000000.0,-4.833549095472672
0,72,19,1260334.0,4000000.0,-5.015743389604835
0,72,20,1297730.0,4000000.0,-4.888756468663217
0,72,21,1353355.0,4000000.0,-4.706482595356144
0,72,22,1359510.0,4000000.0,-4.6867758489995905
0,72,23,1376384.0,4000000.0,-4.6332037587667125
0,72,24,1222758.0,4000000.0,-5.147194784161272
0,73,0,1217675.0,4166666.0,-5.342572991423333
0,73,1,1291971.0,4166666.0,-5.085359233475657
0,73,2,1325897.0,4166666.0,-4.972789008328697
0,73,3,1324429.0,4166666.0,-4.9776000720592215
0,73,4,1348831.0,4166666.0,-4.898311500747063
0,73,5,1341755.0,4166666.0,-4.921154664569823
0,73,6,1353230.0,4166666.0,-4.884170716258865
0,73,7,1388800.0,4166666.0,-4.771489809688546
0,73,8,1226643.0,4166666.0,-5.31070503979393
0,73,9,1339517.0,4166666.0,-4.928404591292775
0,73,10,1321149.0,4166666.0,-4.988368884247029
0,73,11,1349831.0,4166666.0,-4.895092909446774
0,73,12,1351630.0,4166666.0,-4.889308662415719
0,73,13,1360219.0,4166666.0,-4.861798518762262
0,73,14,1314725.0,4166666.0,-5.009537675133617
0,73,15,1361025.0,4166666.0,-4.859225861825581
0,73,16,1379576.0,4166666.0,-4.800430583090412
0,73,17,1356779.0,4166666.0,-4.8727957577446706
0,73,18,1363911.0,4166666.0,-4.850026568018951
0,73,19,1372433.0,4166666.0,-4.822975367287071
0,73,20,1276665.0,4166666.0,-5.137117365167567
0,73,21,1341373.0,4166666.0,-4.9223912846133535
0,73,22,1403602.0,4166666.0,-4.725447104289308
0,73,23,1365459.0,4166666.0,-4.845100244874253
0,74,0,1299049.0,4761904.0,-5.641551028519961
0,74,1,1302550.0,4761904.0,-5.6298623255417795
0,74,2,1231149.0,4761904.0,-5.87470019109312
0,74,3,1313099.0,4761904.0,-5.59483165186146
0,74,4,1296425.0,4761904.0,-5.650332384902441
0,74,5,1220953.0,4761904.0,-5.9108168947004325
0,74,6,1280783.0,4761904.0,-5.703050812768263
0,74,7,1300720.0,4761904.0,-5.635968177280512
0,74,8,1235427.0,4761904.0,-5.859635472580372
0,74,9,1263448.0,4761904.0,-5.762232635062344
0,74,10,1293348.0,4761904.0,-5.660652399433682
0,74,11,1329621.0,4761904.0,-5.540527700488369
0,74,12,1333802.0,4761904.0,-5.52689271483014
0,74,13,1425657.0,4761904.0,-5.237655849653712
0,74,14,1361134.0,4761904.0,-5.438797533413196
0,74,15,1283222.0,4761904.0,-5.69478839080844
0,74,16,1394245.0,4761904.0,-5.334415400665361
0,74,17,1277342.0,4761904.0,-5.7147344342765045
0,74,18,1277343.0,4761904.0,-5.714731034291914
0,74,19,1246939.0,4761904.0,-5.819354273777019
0,74,20,1273362.0,4761904.0,-5.728287503866433
0,75,0,1271393.0,5555555.0,-6.404476354926278
0,75,1,1291323.0,5555555.0,-6.336925650704133
0,75,2,1299894.0,5555555.0,-6.308195123081023
0,75,3,1253334.0,5555555.0,-6.466606302516032
0,75,4,1263948.0,5555555.0,-6.429982444335371
0,75,5,1343298.0,5555555.0,-6.165550833263222
0,75,6,1247785.0,5555555.0,-6.485876909265329
0,75,7,1297583.0,5555555.0,-6.315923043771013
0,75,8,1344349.0,5555555.0,-6.162154230035592
0,75,9,1243454.0,5555555.0,-6.500977277363873
0,75,10,1298492.0,5555555.0,-6.312881731789016
0,75,11,1367623.0,5555555.0,-6.087610555337584
0,75,12,1310392.0,5555555.0,-6.27326218429457
0,75,13,1307777.0,5555555.0,-6.281937563521972
0,75,14,1209263.0,5555555.0,-6.6220668656414805
0,75,15,1304839.0,5555555.0,-6.291705227240557
0,75,16,1343973.0,5555555.0,-6.163369075030055
0,75,17,1366130.0,5555555.0,-6.092354229882772
0,76,0,1455321.0,6250000.0,-6.329212211679236
0,76,1,1364499.0,6250000.0,-6.609067956193186
0,76,2,1285224.0,6250000.0,-6.869011904659596
0,76,3,1499557.0,6250000.0,-6.19917038869081
0,76,4,1359669.0,6250000.0,-6.6244682145153035
0,76,5,1359950.0,6250000.0,-6.62357075976264
0,76,6,1391235.0,6250000.0,-6.524795224468429
0,76,7,1301022.0,6250000.0,-6.815953768948492
0,76,8,1255102.0,6250000.0,-6.972009957205701
0,76,9,1385850.0,6250000.0,-6.541637911791512
0,76,10,1329042.0,6250000.0,-6.723413117361638
0,76,11,1362357.0,6250000.0,-6.615890897863542
0,76,12,1373281.0,6250000.0,-6.581206059172131
0,76,13,1357369.0,6250000.0,-6.631820909228953
0,76,14,1332389.0,6250000.0,-6.7124897877901955
0,76,15,1397532.0,6250000.0,-6.505182564104361
0,77,0,1363730.0,6666666.0,-6.891803030868147
0,77,1,1297445.0,6666666.0,-7.108197407845676
0,77,2,1279905.0,6666666.0,-7.167309618567767
0,77,3,1230270.0,6666666.0,-7.339082636022585
0,77,4,1242095.0,6666666.0,-7.297538839625844
0,77,5,1313822.0,6666666.0,-7.053721676444119
0,77,6,1344649.0,6666666.0,-6.952997642969882
0,77,7,1293865.0,6666666.0,-7.120197324755581
0,77,8,1246178.0,6666666.0,-7.283286175540287
0,77,9,1355604.0,6666666.0,-6.917758558687336
0,77,10,1286424.0,6666666.0,-7.145245636770837
0,77,11,1554412.0,6666666.0,-6.32342557173743
0,77,12,1398455.0,6666666.0,-6.782602014702592
0,77,13,1382156.0,6666666.0,-6.8335163413250495
0,77,14,1331335.0,6666666.0,-6.996213480165596
0,78,0,1220699.0,5882352.0,-6.829424203367518
0,78,1,1363901.0,5882352.0,-6.34768161331806
0,78,2,1322231.0,5882352.0,-6.482436740595331
0,78,3,1373670.0,5882352.0,-6.316685954739266
0,78,4,1373792.0,5882352.0,-6.316300261129476
0,78,5,1310083.0,5882352.0,-6.522521979825666
0,78,6,1283762.0,5882352.0,-6.610664929308849
0,78,7,1451313.0,5882352.0,-6.077899237033877
0,78,8,1359760.0,5882352.0,-6.360887477302413
0,78,9,1352666.0,5882352.0,-6.383604352006
0,78,10,1372247.0,5882352.0,-6.321187191324865
0,78,11,1329405.0,5882352.0,-6.4589370127664845
0,78,12,1359965.0,5882352.0,-6.360232776044316
0,78,13,1401271.0,5882352.0,-6.2302887497437105
0,78,14,1321853.0,5882352.0,-6.483678481139714
0,78,15,1299099.0,5882352.0,-6.559087606671119
0,78,16,1303530.0,5882352.0,-6.544299784752651
0,79,0,1301350.0,5263157.0,-6.068522088045491
0,79,1,1301185.0,5263157.0,-6.0690727710496395
0,79,2,1348921.0,5263157.0,-5.9125980939895495
0,79,3,1351816.0,5263157.0,-5.903287427999761
0,79,4,1261013.0,5263157.0,-6.205267614043997
0,79,5,1254589.0,5263157.0,-6.22744849811295
0,79,6,1363106.0,5263157.0,-5.86716695776337
0,79,7,1239872.0,5263157.0,-6.278694727669859
0,79,8,1309868.0,5263157.0,-6.040187927369335
0,79,9,1354672.0,5263157.0,-5.894121708434734
0,79,10,1253796.0,5263157.0,-6.230194452467028
0,79,11,1246174.0,5263157.0,-6.25667639263151
0,79,12,1340023.0,5263157.0,-5.941340726079965
0,79,13,1220643.0,5263157.0,-6.346576602898034
0,79,14,1319042.0,5263157.0,-6.009877009536501
0,79,15,1226952.0,5263157.0,-6.32418752337605
0,79,16,1271793.0,5263157.0,-6.168298949372858
0,79,17,1347137.0,5263157.0,-5.9183456073501395
0,79,18,2968109.0,5263157.0,-2.487664794088663
0,80,0,4549866.0,4545454.0,0.004213391952011492
0,80,1,2435555.0,4545454.0,-2.709793257529798
0,80,2,1779602.0,4545454.0,-4.0725438190571115
0,80,3,2081364.0,4545454.0,-3.392292284811034
0,80,4,1649675.0,4545454.0,-4.4017887412682395
0,80,5,1501378.0,4545454.0,-4.81087219291646
0,80,6,1730351.0,4545454.0,-4.1944305878844474
0,80,7,1445612.0,4545454.0,-4.975255224236944
0,80,8,1238248.0,4545454.0,-5.647696318734672
0,80,9,1213894.0,4545454.0,-5.733965022548231
0,80,10,1243522.0,4545454.0,-5.629237939871905
0,80,11,1391870.0,4545454.0,-5.139785927930487
0,80,12,1377123.0,4545454.0,-5.186045353490041
0,80,13,1273484.0,4545454.0,-5.525837741863462
0,80,14,1212284.0,4545454.0,-5.739728937796817
0,80,15,1244956.0,4545454.0,-5.624232644619266
0,80,16,1213544.0,4545454.0,-5.735217397024691
0,80,17,1213405.0,4545454.0,-5.73571486881376
0,80,18,1232806.0,4545454.0,-5.66682527659236
0,80,19,1220412.0,4545454.0,-5.710707977641901
0,80,20,1353056.0,4545454.0,-5.2626149560326745
0,80,21,1346870.0,4545454.0,-5.28251587454715
0,81,0,1301333.0,4000000.0,-4.876715482964484
0,81,1,1267227.0,4000000.0,-4.9920557374756
0,81,2,1480827.0,4000000.0,-4.315556669957898
0,81,3,1240223.0,4000000.0,-5.085602102286076
0,81,4,1258024.0,4000000.0,-5.023710648704278
0,81,5,2876197.0,4000000.0,-1.4324136236994613
0,81,6,1311687.0,4000000.0,-4.842297770125007
0,81,7,1330696.0,4000000.0,-4.779811399119571
0,81,8,1208319.0,4000000.0,-5.198783868022627
0,81,9,1219114.0,4000000.0,-5.160156727021715
0,81,10,1223961.0,4000000.0,-5.142924115532544
0,81,11,1211779.0,4000000.0,-5.186365693789924
0,81,12,1212996.0,4000000.0,-5.182006225972442
0,81,13,1294239.0,4000000.0,-4.900455088153493
0,81,14,1197298.0,4000000.0,-5.23857734281296
0,81,15,1184890.0,4000000.0,-5.283819571087855
0,81,16,1198933.0,4000000.0,-5.23265077239378
0,81,17,1206585.0,4000000.0,-5.205020693677337
0,81,18,1181664.0,4000000.0,-5.295659866018188
0,81,19,1180981.0,4000000.0,-5.298170807267532
0,81,20,1192284.0,4000000.0,-5.25680275401891
0,81,21,1186156.0,4000000.0,-5.279181813184049
0,81,22,1180670.0,4000000.0,-5.299314630674569
0,81,23,1214491.0,4000000.0,-5.176656905193118
0,81,24,1212377.0,4000000.0,-5.18422302553387
0,82,0,1207805.0,4000000.0,-5.200631681852263
0,82,1,1303142.0,4000000.0,-4.870682490948034
0,82,2,1195214.0,4000000.0,-5.246143197690074
0,82,3,1190733.0,4000000.0,-5.262456014877275
0,82,4,1204378.0,4000000.0,-5.212971775376108
0,82,5,1197569.0,4000000.0,-5.23759445896097
0,82,6,1196261.0,4000000.0,-5.24234047048946
0,82,7,1288739.0,4000000.0,-4.918950199304254
0,82,8,1267908.0,4000000.0,-4.989722492506083
0,82,9,1229059.0,4000000.0,-5.124872599798261
0,82,10,1386038.0,4000000.0,-4.602848541516822
0,82,11,1285642.0,4000000.0,-4.929399395901806
0,82,12,1233049.0,4000000.0,-5.110796560081615
0,82,13,1474198.0,4000000.0,-4.335041736580739
0,82,14,1348342.0,4000000.0,-4.722599285986563
0,82,15,1317883.0,4000000.0,-4.821831354780509
0,82,16,1416614.0,4000000.0,-4.508084618334708
0,82,17,1266363.0,4000000.0,-4.995017783007119
0,82,18,1220843.0,4000000.0,-5.154001739168274
0,82,19,1380632.0,4000000.0,-4.619820561722682
0,82,20,1313008.0,4000000.0,-4.837926191263195
0,82,21,1336339.0,4000000.0,-4.7614334819307755
0,82,22,1460675.0,4000000.0,-4.375063951116019
0,82,23,1312354.0,4000000.0,-4.840089920280677
0,82,24,1251674.0,4000000.0,-5.045687602465554
0,83,0,1350423.0,4166666.0,-4.893188626831835
0,83,1,1310050.0,4166666.0,-5.025008173365738
0,83,2,1317403.0,4166666.0,-5.000700407159963
0,83,3,1388466.0,4166666.0,-4.772534393517787
0,83,4,1277844.0,4166666.0,-5.1331085068662565
0,83,5,1223676.0,4166666.0,-5.32122246513782
0,83,6,1358079.0,4166666.0,-4.868636550378199
0,83,7,1289074.0,4166666.0,-5.095108398193195
0,83,8,1209118.0,4166666.0,-5.3732000229273105
0,83,9,1368879.0,4166666.0,-4.834236277781393
0,83,10,1302122.0,4166666.0,-5.051370122153368
0,83,11,1228737.0,4166666.0,-5.303297527591512
0,83,12,1317519.0,4166666.0,-5.000318018915201
0,83,13,1258933.0,4166666.0,-5.197860710878167
0,83,14,1282693.0,4166666.0,-5.116659641177654
0,83,15,1364910.0,4166666.0,-4.84684673169547
0,83,16,1331428.0,4166666.0,-4.954710028540683
0,83,17,1258442.0,4166666.0,-5.199554845389859
0,83,18,1297839.0,4166666.0,-5.065678682539975
0,83,19,1226123.0,4166666.0,-5.3125464966142975
0,83,20,1291110.0,4166666.0,-5.088254439338478
0,83,21,1319065.0,4166666.0,-4.995224918555247
0,83,22,1261993.0,4166666.0,-5.187317428232704
0,83,23,1286289.0,4166666.0,-5.104501331178403
0,84,0,1314554.0,5000000.0,-5.801915733304339
0,84,1,1286927.0,5000000.0,-5.894160917722234
0,84,2,1330064.0,5000000.0,-5.75097465490651
0,84,3,1279127.0,5000000.0,-5.920563381521118
0,84,4,1250276.0,5000000.0,-6.0196410969130145
0,84,5,1257902.0,5000000.0,-5.993231967061714
0,84,6,1291774.0,5000000.0,-5.877834652421906
0,84,7,1339297.0,5000000.0,-5.720931083111043
0,84,8,1278151.0,5000000.0,-5.923878401905434
0,84,9,1329847.0,5000000.0,-5.751683264350826
0,84,10,1341821.0,5000000.0,-5.71275419872072
0,84,11,1209068.0,5000000.0,-6.165192773426673
0,84,12,1235977.0,5000000.0,-6.069596151900361
0,84,13,1261926.0,5000000.0,-5.9793611593656495
0,84,14,1352430.0,5000000.0,-5.678552084875172
0,84,15,1297962.0,5000000.0,-5.857080263800576
0,84,16,3433179.0,5000000.0,-1.6327355695872638
0,84,17,7039859.0,5000000.0,1.4859395649143696
0,84,18,1541551.0,5000000.0,-5.110121070268562
0,84,19,1911996.0,5000000.0,-4.1748302496274965
0,85,0,1381230.0,5882352.0,-6.292850065778323
0,85,1,1240303.0,5882352.0,-6.760232149778855
0,85,2,1189292.0,5882352.0,-6.942625116063339
0,85,3,1245746.0,5882352.0,-6.741215077773339
0,85,4,1198686.0,5882352.0,-6.908455760998558
0,85,5,1189823.0,5882352.0,-6.940686492888588
0,85,6,1211718.0,5882352.0,-6.8614944977791374
0,85,7,1187722.0,5882352.0,-6.948362082153901
0,85,8,1202817.0,5882352.0,-6.893514515667668
0,85,9,1279722.0,5882352.0,-6.624353730639311
0,85,10,1260266.0,5882352.0,-6.690887893028514
0,85,11,1229818.0,5882352.0,-6.797101639099016
0,85,12,1250253.0,5882352.0,-6.725531038178114
0,85,13,1421471.0,5882352.0,-6.168130052336771
0,85,14,1350361.0,5882352.0,-6.391011226028599
0,85,15,1249575.0,5882352.0,-6.727886813583064
0,85,16,1278796.0,5882352.0,-6.627497399808746
0,86,0,1221710.0,6666666.0,-7.369405688149926
0,86,1,1379575.0,6666666.0,-6.841633818256207
0,86,2,1268642.0,6666666.0,-7.205696123466118
0,86,3,1304988.0,6666666.0,-7.083021793714069
0,86,4,1217026.0,6666666.0,-7.386088411123188
0,86,5,1352403.0,6666666.0,-6.928025720360433
0,86,6,1255237.0,6666666.0,-7.251829652637442
0,86,7,1281114.0,6666666.0,-7.163209203321918
0,86,8,1262624.0,6666666.0,-7.226346573607707
0,86,9,1259300.0,6666666.0,-7.237794941550602
0,86,10,1254247.0,6666666.0,-7.255256265912434
0,86,11,1259764.0,6666666.0,-7.236195040620082
0,86,12,1343708.0,6666666.0,-6.956037946948564
0,86,13,1438307.0,6666666.0,-6.660571034180985
0,86,14,1324449.0,6666666.0,-7.018734577544105
0,87,0,1289716.0,6666666.0,-7.134146098604058
0,87,1,1432835.0,6666666.0,-6.677125159907446
0,87,2,1281186.0,6666666.0,-7.162965131958647
0,87,3,1252849.0,6666666.0,-7.260099668387876
0,87,4,1376363.0,6666666.0,-6.851757083057421
0,87,5,1300072.0,6666666.0,-7.099412926412527
0,87,6,1325550.0,6666666.0,-7.015125834657122
0,87,7,1290672.0,6666666.0,-7.130928089965854
0,87,8,1340598.0,6666666.0,-6.966101303682544
0,87,9,1348060.0,6666666.0,-6.941994751308397
0,87,10,1372080.0,6666666.0,-6.865292635889898
0,87,11,1297640.0,6666666.0,-7.1075447323138095
0,87,12,1286924.0,6666666.0,-7.143557973511269
0,87,13,1315349.0,6666666.0,-7.048676985562983
0,87,14,1336681.0,6666666.0,-6.978809226161947
0,88,0,1335074.0,5882352.0,-6.44045670849003
0,88,1,1427980.0,5882352.0,-6.148288842928121
0,88,2,1344713.0,5882352.0,-6.409214057006295
0,88,3,1283508.0,5882352.0,-6.61152429196851
0,88,4,1350827.0,5882352.0,-6.389512765124918
0,88,5,1248294.0,5882352.0,-6.7323412607945885
0,88,6,1226622.0,5882352.0,-6.808402594525248
0,88,7,1399450.0,5882352.0,-6.235936226682607
0,88,8,1344051.0,5882352.0,-6.411352608049297
0,88,9,1277916.0,5882352.0,-6.630487014275818
0,88,10,1327286.0,5882352.0,-6.465864955852869
0,88,11,1282081.0,5882352.0,-6.616355449956673
0,88,12,1347644.0,5882352.0,-6.399758270650201
0,88,13,2528659.0,5882352.0,-3.666607422273078
0,88,14,1536552.0,5882352.0,-5.8300374689761
0,88,15,1835224.0,5882352.0,-5.058619290877575
0,88,16,1661075.0,5882352.0,-5.491617672004922
0,89,0,1482821.0,5000000.0,-5.27881276371844
0,89,1,1430271.0,5000000.0,-5.435516713087897
0,89,2,1295039.0,5000000.0,-5.866871569768515
0,89,3,1277731.0,5000000.0,-5.925305726672705
0,89,4,2209179.0,5000000.0,-3.5473909807854325
0,89,5,1340807.0,5000000.0,-5.716037357068599
0,89,6,1415137.0,5000000.0,-5.4817151821147085
0,89,7,1238239.0,5000000.0,-6.0616552575583995
0,89,8,1398640.0,5000000.0,-5.5326405977481
0,89,9,1390055.0,5000000.0,-5.559380201078601
0,89,10,1325468.0,5000000.0,-5.766007570584405
0,89,11,1355666.0,5000000.0,-5.668173002210906
0,89,12,1389853.0,5000000.0,-5.5600113549549075
0,89,13,1244678.0,5000000.0,-6.03912990984893
0,89,14,1195827.0,5000000.0,-6.2130164941593415
0,89,15,1204058.0,5000000.0,-6.183225967553625
0,89,16,1181595.0,5000000.0,-6.265013597750199
0,89,17,1396681.0,5000000.0,-5.538727791521788
0,89,18,1206238.0,5000000.0,-6.175369984481746
0,89,19,1191032.0,5000000.0,-6.230465743085519
0,90,0,1227859.0,4347826.0,-5.491236574146379
0,90,1,1221388.0,4347826.0,-5.514185065102453
0,90,2,1209288.0,4347826.0,-5.557424119910247
0,90,3,1261062.0,4347826.0,-5.37535716149325
0,90,4,1190415.0,4347826.0,-5.625737646684828
0,90,5,1192485.0,4347826.0,-5.618192304423953
0,90,6,1209232.0,4347826.0,-5.55762523870183
0,90,7,1185253.0,4347826.0,-5.644610920591221
0,90,8,1201545.0,4347826.0,-5.5853211475025955
0,90,9,1224829.0,4347826.0,-5.501966947920778
0,90,10,1184342.0,4347826.0,-5.647950244758485
0,90,11,1194744.0,4347826.0,-5.609972971235097
0,90,12,1196215.0,4347826.0,-5.604629113281164
0,90,13,1228134.0,4347826.0,-5.4902640063660755
0,90,14,1192888.0,4347826.0,-5.616724855283946
0,90,15,1177131.0,4347826.0,-5.674473582038944
0,90,16,1194691.0,4347826.0,-5.610165632743317
0,90,17,1185507.0,4347826.0,-5.643680326192585
0,90,18,1426798.0,4347826.0,-4.839096633977736
0,90,19,1305563.0,4347826.0,-5.224743217325699
0,90,20,1205144.0,4347826.0,-5.572332123947944
0,90,21,1204031.0,4347826.0,-5.576344865178836
0,90,22,1333720.0,4347826.0,-5.132074915470186
0,91,0,1189810.0,4000000.0,-5.265823766074239
0,91,1,1187115.0,4000000.0,-5.275671987034286
0,91,2,1229810.0,4000000.0,-5.122219712100289
0,91,3,1198053.0,4000000.0,-5.235839603377734
0,91,4,1182039.0,4000000.0,-5.294281855057589
0,91,5,1246984.0,4000000.0,-5.0619911022816035
0,91,6,1194419.0,4000000.0,-5.249032880966553
0,91,7,1170355.0,4000000.0,-5.337423764569474
0,91,8,1352679.0,4000000.0,-4.708652435615903
0,91,9,1337880.0,4000000.0,-4.756428298206565
0,91,10,1247794.0,4000000.0,-5.059170983275402
0,91,11,1201825.0,4000000.0,-5.222187574943763
0,91,12,1173469.0,4000000.0,-5.32588370172872
0,91,13,1183437.0,4000000.0,-5.289148480156394
0,91,14,1182178.0,4000000.0,-5.293771183380209
0,91,15,1188135.0,4000000.0,-5.271942018409752
0,91,16,1247915.0,4000000.0,-5.058749863406447
0,91,17,1206694.0,4000000.0,-5.204628380160669
0,91,18,1334621.0,4000000.0,-4.767020372208471
0,91,19,2698190.0,4000000.0,-1.7098746295048812
0,91,20,3228813.0,4000000.0,-0.9301709819058994
0,91,21,1503171.0,4000000.0,-4.250516028021941
0,91,22,1255588.0,4000000.0,-5.03212834951986
0,91,23,1431891.0,4000000.0,-4.461500319456811
0,91,24,2647659.0,4000000.0,-1.7919794105678168
0,92,0,1260496.0,4000000.0,-5.015185194834341
0,92,1,1281194.0,4000000.0,-4.944450951895915
0,92,2,1212039.0,4000000.0,-5.185433969000951
0,92,3,1202322.0,4000000.0,-5.220391974586708
0,92,4,2730197.0,4000000.0,-1.6586600621901135
0,92,5,3507914.0,4000000.0,-0.5701105366453756
0,92,6,2447242.0,4000000.0,-2.1338307384867714
0,92,7,2363240.0,4000000.0,-2.2855216246627523
0,92,8,1685297.0,4000000.0,-3.7538354363105038
0,92,9,1554901.0,4000000.0,-4.103572484618408
0,92,10,2505880.0,4000000.0,-2.030997213919548
0,92,11,2.3077718E7,4000000.0,7.611328708244614
0,92,12,1.2523444E7,4000000.0,4.956637867887415
0,92,13,3362651.0,4000000.0,-0.7537819586564869
0,92,14,3107303.0,4000000.0,-1.096763869909371
0,92,15,2404491.0,4000000.0,-2.210368354775674
0,92,16,3064604.0,4000000.0,-1.1568562722908957
0,92,17,4734662.0,4000000.0,0.7322898952466335
0,92,18,1883647.0,4000000.0,-3.270604730813838
0,92,19,1790472.0,4000000.0,-3.4909245756930387
0,92,20,1931184.0,4000000.0,-3.162363367211754
0,92,21,1696977.0,4000000.0,-3.7238403518634726
0,92,22,1598373.0,4000000.0,-3.983818565634535
0,92,23,1807474.0,4000000.0,-3.449879325192046
0,92,24,1704605.0,4000000.0,-3.704362333335354
0,93,0,2469488.0,4347826.0,-2.456652351639818
0,93,1,1949652.0,4347826.0,-3.4831505571202652
0,93,2,3352705.0,4347826.0,-1.1287681317351654
0,93,3,1535322.0,4347826.0,-4.520726822209862
0,93,4,1378117.0,4347826.0,-4.989860652304458
0,93,5,1274145.0,4347826.0,-5.330533009890722
0,93,6,1277529.0,4347826.0,-5.319013878619584
0,93,7,1499016.0,4347826.0,-4.624658869081271
0,93,8,1245317.0,4347826.0,-5.429922385419484
0,93,9,1257734.0,4347826.0,-5.386833540500006
0,93,10,1433963.0,4347826.0,-4.817342097549303
0,93,11,1211347.0,4347826.0,-5.550035872166157
0,93,12,1332813.0,4347826.0,-5.135029351888392
0,93,13,1742545.0,4347826.0,-3.9708815303187177
0,93,14,1239576.0,4347826.0,-5.449989962227118
0,93,15,1208748.0,4347826.0,-5.55936386790512
0,93,16,1226288.0,4347826.0,-5.496796768578616
0,93,17,1211989.0,4347826.0,-5.547734771007219
0,93,18,1250600.0,4347826.0,-5.4115373095186765
0,93,19,1427123.0,4347826.0,-4.838107498628658
0,93,20,1249088.0,4347826.0,-5.416791191896973
0,93,21,1212453.0,4347826.0,-5.546072428562537
0,93,22,1247733.0,4347826.0,-5.421504938543204
0,94,0,1185348.0,5000000.0,-6.251241330682524
0,94,1,1207545.0,5000000.0,-6.17066680326519
0,94,2,1294335.0,5000000.0,-5.8692330928454695
0,94,3,1219229.0,5000000.0,-6.128847202960462
0,94,4,1195761.0,5000000.0,-6.213256196280383
0,94,5,1240954.0,5000000.0,-6.05214321077764
0,94,6,1234149.0,5000000.0,-6.076024086814188
0,94,7,1208283.0,5000000.0,-6.16801339136985
0,94,8,1342801.0,5000000.0,-5.709583483356172
0,94,9,1211490.0,5000000.0,-6.156501706439572
0,94,10,1246534.0,5000000.0,-6.032658756791333
0,94,11,1237074.0,5000000.0,-6.065743250541712
0,94,12,1220594.0,5000000.0,-6.12398773545279
0,94,13,1207122.0,5000000.0,-6.172188392517242
0,94,14,1303723.0,5000000.0,-5.837846770125973
0,94,15,1214215.0,5000000.0,-6.146744106393209
0,94,16,1223935.0,5000000.0,-6.112116501628314
0,94,17,1201728.0,5000000.0,-6.191638240791731
0,94,18,1215132.0,5000000.0,-6.143465463541285
0,94,19,1207486.0,5000000.0,-6.170879002400004
0,95,0,1214784.0,5882352.0,-6.85051945971905
0,95,1,1301364.0,5882352.0,-6.5515222058154805
0,95,2,1196976.0,5882352.0,-6.914655664742738
0,95,3,1208998.0,5882352.0,-6.871254267102932
0,95,4,1207541.0,5882352.0,-6.876491237305426
0,95,5,1199139.0,5882352.0,-6.906814812200021
0,95,6,1216339.0,5882352.0,-6.844963771985805
0,95,7,1297465.0,5882352.0,-6.564553578448471
0,95,8,1972031.0,5882352.0,-4.746372714385797
0,95,9,5652557.0,5882352.0,-0.1730605869913347
0,95,10,1587489.0,5882352.0,-5.688402844656151
0,95,11,1409484.0,5882352.0,-6.204908588674931
0,95,12,5649799.0,5882352.0,-0.1751801171226872
0,95,13,1375238.0,5882352.0,-6.311731450467174
0,95,14,1202666.0,5882352.0,-6.894059757241634
0,95,15,1203060.0,5882352.0,-6.89263721762241
0,95,16,1191302.0,5882352.0,-6.935291382414847
0,96,0,1362947.0,6666666.0,-6.89429729468214
0,96,1,1359498.0,6666666.0,-6.905301244950661
0,96,2,1217221.0,6666666.0,-7.385392611361272
0,96,3,1188869.0,6666666.0,-7.48774694629966
0,96,4,1205177.0,6666666.0,-7.428578626552662
0,96,5,1187740.0,6666666.0,-7.491873148859291
0,96,6,1183258.0,6666666.0,-7.508292481026118
0,96,7,1252474.0,6666666.0,-7.261399783637926
0,96,8,1189985.0,6666666.0,-7.483672104570319
0,96,9,1263518.0,6666666.0,-7.223272642822893
0,96,10,1226152.0,6666666.0,-7.3536438665592865
0,96,11,1206529.0,6666666.0,-7.423709324896133
0,96,12,1188248.0,6666666.0,-7.490016055303528
0,96,13,1352922.0,6666666.0,-6.926359385713965
0,96,14,1192447.0,6666666.0,-7.474696122086359
0,97,0,1201821.0,6666666.0,-7.440689091336722
0,97,1,1199555.0,6666666.0,-7.448885322065161
0,97,2,1189185.0,6666666.0,-7.486592749993864
0,97,3,1178338.0,6666666.0,-7.526388141268723
0,97,4,1175792.0,6666666.0,-7.535781965586202
0,97,5,1276539.0,6666666.0,-7.178746098857156
0,97,6,1181535.0,6666666.0,-7.514621064751907
0,97,7,1182056.0,6666666.0,-7.512706457455329
0,97,8,1206532.0,6666666.0,-7.4236985263009405
0,97,9,1197172.0,6666666.0,-7.4575214670362815
0,97,10,1203954.0,6666666.0,-7.432988035563585
0,97,11,1299402.0,6666666.0,-7.10165166632159
0,97,12,1207252.0,6666666.0,-7.421107639657858
0,97,13,1208246.0,6666666.0,-7.4175333146997815
0,97,14,1282392.0,6666666.0,-7.158878974378789
0,98,0,1205979.0,5882352.0,-6.882112637380376
0,98,1,1188027.0,5882352.0,-6.947246982724557
0,98,2,1281145.0,5882352.0,-6.619527231556344
0,98,3,1194712.0,5882352.0,-6.92287783252311
0,98,4,1188401.0,5882352.0,-6.9458800055843035
0,98,5,1177232.0,5882352.0,-6.986889503769787
0,98,6,1211805.0,5882352.0,-6.861182690381874
0,98,7,1188196.0,5882352.0,-6.946629231212469
0,98,8,1202059.0,5882352.0,-6.89625224707822
0,98,9,1295813.0,5882352.0,-6.570086765258015
0,98,10,1194277.0,5882352.0,-6.924459406165482
0,98,11,1184245.0,5882352.0,-6.961094493651716
0,98,12,1208462.0,5882352.0,-6.873180105347326
0,98,13,1191245.0,5882352.0,-6.935499183440164
0,98,14,1180469.0,5882352.0,-6.974964224684501
0,98,15,1297832.0,5882352.0,-6.563325309961891
0,98,16,1202129.0,5882352.0,-6.8959993499358845
0,99,0,1188343.0,5000000.0,-6.240281920518783
0,99,1,1188941.0,5000000.0,-6.238097006089916
0,99,2,1194444.0,5000000.0,-6.218042111216963
0,99,3,1189212.0,5000000.0,-6.2371072143893365
0,99,4,1219086.0,5000000.0,-6.129356604830059
0,99,5,1301773.0,5000000.0,-5.844347447139725
0,99,6,1192091.0,5000000.0,-6.226605951655461
0,99,7,1186827.0,5000000.0,-6.245825864943582
0,99,8,1221984.0,5000000.0,-6.119044848101721
0,99,9,1365980.0,5000000.0,-5.635256636678293
0,99,10,1386980.0,5000000.0,-5.568998056652302
0,99,11,1360071.0,5000000.0,-5.654084238309768
0,99,12,1219563.0,5000000.0,-6.127657643884801
0,99,13,1194085.0,5000000.0,-6.219347615317414
0,99,14,1208240.0,5000000.0,-6.16816794949095
0,99,15,1188707.0,5000000.0,-6.238951841701356
0,99,16,1312552.0,5000000.0,-5.8085348626510545
0,99,17,1327426.0,5000000.0,-5.759596845165511
0,99,18,1190553.0,5000000.0,-6.2322127062183625
0,99,19,1190581.0,5000000.0,-6.232110567947322
