 Number of tacts (im units) = 1
 Number of massive (im units) = 100
 Trajectory File: sinus.txt
 Coef Load Impact: 10
 Command Line: curl 192.168.222.3:9000 > /dev/null 2>&1
cycle , cPeriod , count , procDur , procTime , spb
0,0,0,2.0278394E7,5000000.0,-6.080635526094781
0,0,1,1.3179982E7,5000000.0,-4.209448128031549
0,0,2,1.1115811E7,5000000.0,-3.4697114960640754
0,0,3,1.1482052E7,5000000.0,-3.6104950503602073
0,0,4,1.030858E7,5000000.0,-3.1422884129306206
0,0,5,1.2651731E7,5000000.0,-4.031799450744711
0,0,6,1.0189072E7,5000000.0,-3.0916462681152526
0,0,7,8836401.0,5000000.0,-2.4730541179679086
0,0,8,1.2011162E7,5000000.0,-3.806150202006433
0,0,9,1.0851453E7,5000000.0,-3.3651788939075504
0,0,10,1.0308204E7,5000000.0,-3.1421300034277477
0,0,11,1.1612717E7,5000000.0,-3.6596383814658755
0,0,12,9187780.0,5000000.0,-2.6424058319590387
0,0,13,8767968.0,5000000.0,-2.4392895178502547
0,0,14,1.2156267E7,5000000.0,-3.8583022601177
0,0,15,1.1218464E7,5000000.0,-3.509633942963154
0,0,16,1.0411713E7,5000000.0,-3.1855218389159585
0,0,17,1.0059294E7,5000000.0,-3.0359749699387244
0,0,18,9494539.0,5000000.0,-2.785038784161546
0,0,19,9115572.0,5000000.0,-2.608139213866767
0,1,0,9394079.0,4347826.0,-3.345820527882906
0,1,1,1.1530185E7,4347826.0,-4.2356412024055725
0,1,2,1.0798358E7,4347826.0,-3.950855663242783
0,1,3,1.035937E7,4347826.0,-3.7706118951008842
0,1,4,9887494.0,4347826.0,-3.5681407766760427
0,1,5,9020092.0,4347826.0,-3.1693881183395805
0,1,6,1.0544921E7,4347826.0,-3.8477117516186228
0,1,7,1.0593295E7,4347826.0,-3.8675891130213547
0,1,8,1.0774293E7,4347826.0,-3.9411662643439183
0,1,9,9695732.0,4347826.0,-3.4830844734564845
0,1,10,1.0283556E7,4347826.0,-3.7387116209937146
0,1,11,9002947.0,4347826.0,-3.161125381807431
0,1,12,9827881.0,4347826.0,-3.5418773392827063
0,1,13,1.2662278E7,4347826.0,-4.64239688918204
0,1,14,1.0012887E7,4347826.0,-3.6228715968505987
0,1,15,1.3395922E7,4347826.0,-4.887004548262977
0,1,16,1.0645062E7,4347826.0,-3.888760399451292
0,1,17,1.0748493E7,4347826.0,-3.9307542266086277
0,1,18,1.0310435E7,4347826.0,-3.7500483337345107
0,1,19,9812908.0,4347826.0,-3.5352557187996894
0,1,20,1.102528E7,4347826.0,-4.041174724044291
0,1,21,1.0648503E7,4347826.0,-3.8901640228701395
0,1,22,1.0467834E7,4347826.0,-3.8158467163888226
0,2,0,9008576.0,4000000.0,-3.525961554537436
0,2,1,9418775.0,4000000.0,-3.7193443106838373
0,2,2,1.0053899E7,4000000.0,-4.002745267271141
0,2,3,1.0029623E7,4000000.0,-3.9922461745548503
0,2,4,1.1608284E7,4000000.0,-4.627080333708486
0,2,5,1.0143862E7,4000000.0,-4.041433409835347
0,2,6,9010693.0,4000000.0,-3.526982019265966
0,2,7,9725775.0,4000000.0,-3.8586422687677246
0,2,8,1.1770214E7,4000000.0,-4.687243677069962
0,2,9,1.0202694E7,4000000.0,-4.06654870125527
0,2,10,1.1469493E7,4000000.0,-4.574842293484703
0,2,11,9849174.0,4000000.0,-3.913398186332084
0,2,12,8950554.0,4000000.0,-3.497899257417826
0,2,13,1.0688615E7,4000000.0,-4.268614428961632
0,2,14,1.2393572E7,4000000.0,-4.911365028055478
0,2,15,1.0716939E7,4000000.0,-4.2801076742049915
0,2,16,9895169.0,4000000.0,-3.9336322461118574
0,2,17,9932399.0,4000000.0,-3.949941661934787
0,2,18,9297553.0,4000000.0,-3.663086713730597
0,2,19,9641852.0,4000000.0,-3.821004695592637
0,2,20,1.1707297E7,4000000.0,-4.663966446931705
0,2,21,1.0151569E7,4000000.0,-4.044731795302416
0,2,22,1.1573519E7,4000000.0,-4.614054376252071
0,2,23,9525614.0,4000000.0,-3.768329875832273
0,2,24,9581291.0,4000000.0,-3.7936403929560587
0,3,0,1.1730698E7,4000000.0,-4.672638629469484
0,3,1,1.011801E7,4000000.0,-4.03035112973947
0,3,2,1.0612975E7,4000000.0,-4.237771498757475
0,3,3,9293897.0,4000000.0,-3.661378637549013
0,3,4,9768809.0,4000000.0,-3.877816270215625
0,3,5,8482378.0,4000000.0,-3.264576306811684
0,3,6,1.0163674E7,4000000.0,-4.049907352715749
0,3,7,1.1355784E7,4000000.0,-4.531571318266454
0,3,8,9911107.0,4000000.0,-3.9406217346422636
0,3,9,1.0302469E7,4000000.0,-4.108813250839807
0,3,10,1.3351838E7,4000000.0,-5.234810630103276
0,3,11,9666111.0,4000000.0,-3.8319178668891762
0,3,12,9802696.0,4000000.0,-3.8928554323188354
0,3,13,1.0325943E7,4000000.0,-4.118697320508967
0,3,14,9020353.0,4000000.0,-3.531635421067018
0,3,15,9257258.0,4000000.0,-3.6442237636750185
0,3,16,1.404283E7,4000000.0,-5.453946470592825
0,3,17,1.0518136E7,4000000.0,-4.198787906341393
0,3,18,1.1763337E7,4000000.0,-4.684705476832301
0,3,19,9140261.0,4000000.0,-3.588986058545994
0,3,20,8561116.0,4000000.0,-3.3047039029431176
0,3,21,9442843.0,4000000.0,-3.730427776867507
0,3,22,9832256.0,4000000.0,-3.9059318631487585
0,3,23,8714663.0,4000000.0,-3.3819060607671676
0,3,24,1.1480799E7,4000000.0,-4.579121222754624
0,4,0,1.0261479E7,4347826.0,-3.7293780540590795
0,4,1,8646913.0,4347826.0,-2.9858893409312124
0,4,2,1.0432804E7,4347826.0,-3.8012889311708227
0,4,3,9867669.0,4347826.0,-3.5594241783933316
0,4,4,8691285.0,4347826.0,-3.00811836014314
0,4,5,8706867.0,4347826.0,-3.0158975523543403
0,4,6,1.1510897E7,4347826.0,-4.22837012553199
0,4,7,9024117.0,4347826.0,-3.171325621190111
0,4,8,8702996.0,4347826.0,-3.0139662861896936
0,4,9,9350842.0,4347826.0,-3.325785635427978
0,4,10,9516210.0,4347826.0,-3.401918620152107
0,4,11,9115489.0,4347826.0,-3.215078160274738
0,4,12,9634479.0,4347826.0,-3.4555607915495963
0,4,13,1.042249E7,4347826.0,-3.7969933181226114
0,4,14,8917887.0,4347826.0,-3.119898097357553
0,4,15,1.0249986E7,4347826.0,-3.724511169121436
0,4,16,1.0701197E7,4347826.0,-3.9116020382975654
0,4,17,9433470.0,4347826.0,-3.363993173613879
0,4,18,9297163.0,4347826.0,-3.3007828987991688
0,4,19,1.1540838E7,4347826.0,-4.2396518953380244
0,4,20,9150091.0,4347826.0,-3.231532579613331
0,4,21,8914712.0,4347826.0,-3.1183516205993267
0,4,22,1.1190579E7,4347826.0,-4.1058040218802
0,5,0,9884289.0,5000000.0,-2.959754306204885
0,5,1,8902899.0,5000000.0,-2.5056144216250047
0,5,2,1.0439497E7,5000000.0,-3.1970956948472278
0,5,3,9785829.0,5000000.0,-2.9162761818484952
0,5,4,9083214.0,5000000.0,-2.5926954192594036
0,5,5,9813161.0,5000000.0,-2.9283891983604797
0,5,6,1.0332598E7,5000000.0,-3.152395287232088
0,5,7,9245153.0,5000000.0,-2.6694409845023896
0,5,8,9969507.0,5000000.0,-2.997036783012763
0,5,9,1.0428559E7,5000000.0,-3.192542981860372
0,5,10,9188300.0,5000000.0,-2.642651622280642
0,5,11,1.0293161E7,5000000.0,-3.135787614899236
0,5,12,1.0894781E7,5000000.0,-3.3824850042088106
0,5,13,9233335.0,5000000.0,-2.6638858840126605
0,5,14,9126248.0,5000000.0,-2.613222619380209
0,5,15,1.1145279E7,5000000.0,-3.4812094031907455
0,5,16,9281070.0,5000000.0,-2.6862804389875086
0,5,17,8687950.0,5000000.0,-2.399473085088242
0,5,18,1.154461E7,5000000.0,-3.6340926182936166
0,5,19,9934590.0,5000000.0,-2.9817994416952236
0,6,0,9073041.0,5882352.0,-1.8820186427254755
0,6,1,9852644.0,5882352.0,-2.2400178182230963
0,6,2,9910301.0,5882352.0,-2.265358361330988
0,6,3,8946739.0,5882352.0,-1.8211375887672754
0,6,4,9350304.0,5882352.0,-2.0127472188510667
0,6,5,1.0393717E7,5882352.0,-2.4721987854835077
0,6,6,8928611.0,5882352.0,-1.8123289298409344
0,6,7,1.0497701E7,5882352.0,-2.5154318971289746
0,6,8,1.0145539E7,5882352.0,-2.3672411552283927
0,6,9,8888727.0,5882352.0,-1.792885587577361
0,6,10,9049361.0,5882352.0,-1.870669044383655
0,6,11,1.1240999E7,5882352.0,-2.812539000439935
0,6,12,9352164.0,5882352.0,-2.013611048949857
0,6,13,8935199.0,5882352.0,-1.8155322019049447
0,6,14,1.0154384E7,5882352.0,-2.3710257360226397
0,6,15,9651404.0,5882352.0,-2.150394860848359
0,6,16,9245696.0,5882352.0,-1.9638860052846052
0,7,0,1.0679596E7,6666666.0,-2.046461264988955
0,7,1,1.0213492E7,6666666.0,-1.852655555461284
0,7,2,8984722.0,6666666.0,-1.2959594645279666
0,7,3,9503284.0,6666666.0,-1.5396501057650211
0,7,4,1.0299179E7,6666666.0,-1.8889390874557541
0,7,5,9094313.0,6666666.0,-1.3486119977379196
0,7,6,9618259.0,6666666.0,-1.5918777004058908
0,7,7,1.056714E7,6666666.0,-2.000487637482753
0,7,8,9062170.0,6666666.0,-1.3332350746683526
0,7,9,1.0453084E7,6666666.0,-1.9533574284461999
0,7,10,1.0406389E7,6666666.0,-1.9339135865939578
0,7,11,9213963.0,6666666.0,-1.4053776643303904
0,7,12,1.134771E7,6666666.0,-2.30999531000464
0,7,13,1.0585373E7,6666666.0,-2.007974684766171
0,7,14,9346044.0,6666666.0,-1.4671912378205247
0,8,0,8945695.0,6666666.0,-1.2770538947233565
0,8,1,1.1202937E7,6666666.0,-2.2542319619826237
0,8,2,9245889.0,6666666.0,-1.42039977767504
0,8,3,9266176.0,6666666.0,-1.4299184733812023
0,8,4,1.1687189E7,6666666.0,-2.4380136979835383
0,8,5,9155694.0,6666666.0,-1.3778257181614069
0,8,6,8883243.0,6666666.0,-1.2466284482775982
0,8,7,1.0010413E7,6666666.0,-1.7654329803847315
0,8,8,1.0226616E7,6666666.0,-1.8582325138254365
0,8,9,8982793.0,6666666.0,-1.2950269437438626
0,8,10,9349243.0,6666666.0,-1.4686775033816455
0,8,11,1.0314852E7,6666666.0,-1.8955430347637274
0,8,12,9006875.0,6666666.0,-1.3066543800706816
0,8,13,8832811.0,6666666.0,-1.2219024020888871
0,8,14,1.0279487E7,6666666.0,-1.8806274412606245
0,9,0,9750395.0,5882352.0,-2.1947120070193677
0,9,1,8907800.0,5882352.0,-1.8021944845601623
0,9,2,1.083793E7,5882352.0,-2.6539533253052037
0,9,3,1.4121088E7,5882352.0,-3.803171503427114
0,9,4,1.4400972E7,5882352.0,-3.8884079684884214
0,9,5,1.0901765E7,5882352.0,-2.6794580694422914
0,9,6,9873755.0,5882352.0,-2.249313376229066
0,9,7,9615853.0,5882352.0,-2.134368064041757
0,9,8,1.1872755E7,5882352.0,-3.050004968856012
0,9,9,1.0659664E7,5882352.0,-2.5819250650851178
0,9,10,9462218.0,5882352.0,-2.0644194040191524
0,9,11,1.0590103E7,5882352.0,-2.5534917496854743
0,9,12,9087269.0,5882352.0,-1.8888237502955707
0,9,13,1.0110042E7,5882352.0,-2.352019506433761
0,9,14,1.0400643E7,5882352.0,-2.4750918042567633
0,9,15,9039943.0,5882352.0,-1.8661468297090238
0,9,16,1.1121724E7,5882352.0,-2.7662110415938916
0,10,0,1.0303083E7,5000000.0,-3.139971941112095
0,10,1,8941736.0,5000000.0,-2.5245183907166506
0,10,2,9156606.0,5000000.0,-2.627645229765462
0,10,3,1.1413023E7,5000000.0,-3.584306881392802
0,10,4,9282626.0,5000000.0,-2.687008486048206
0,10,5,9449315.0,5000000.0,-2.764303224269233
0,10,6,1.0331836E7,5000000.0,-3.1520749954734457
0,10,7,9668415.0,5000000.0,-2.86385279139546
0,10,8,8919386.0,5000000.0,-2.513649547497625
0,10,9,9834831.0,5000000.0,-2.9379689714373454
0,10,10,9778735.0,5000000.0,-2.9131267273657455
0,10,11,8867286.0,5000000.0,-2.4882071182227254
0,10,12,1.0055865E7,5000000.0,-3.0344942997706474
0,10,13,1.0257241E7,5000000.0,-3.1206055530820414
0,10,14,8938076.0,5000000.0,-2.5227403878763885
0,10,15,1.0204826E7,5000000.0,-3.0983559972987877
0,10,16,1.0268954E7,5000000.0,-3.125562040944185
0,10,17,9001297.0,5000000.0,-2.553350872543592
0,10,18,8956867.0,5000000.0,-2.5318612111268104
0,10,19,1.1902094E7,5000000.0,-3.766533715641978
0,11,0,9639331.0,4347826.0,-3.457747382442324
0,11,1,8836060.0,4347826.0,-3.079865009273756
0,11,2,9914203.0,4347826.0,-3.579856518363866
0,11,3,9623161.0,4347826.0,-3.4504559650889135
0,11,4,9010459.0,4347826.0,-3.1647475955488833
0,11,5,9617775.0,4347826.0,-3.4480245759500203
0,11,6,1.0839131E7,4347826.0,-3.9672230983638643
0,11,7,1.0936628E7,4347826.0,-4.006112849157698
0,11,8,9640771.0,4347826.0,-3.4583961176565907
0,11,9,9958383.0,4347826.0,-3.599166699556272
0,11,10,9288621.0,4347826.0,-3.296790875943827
0,11,11,1.0528772E7,4347826.0,-3.8410556586774454
0,11,12,1.0321143E7,4347826.0,-3.754556399699978
0,11,13,8886627.0,4347826.0,-3.1046479653357766
0,11,14,1.0115846E7,4347826.0,-3.6673005388323423
0,11,15,1.0292557E7,4347826.0,-3.7425112549488357
0,11,16,9173936.0,4347826.0,-3.242835507475612
0,11,17,9220412.0,4347826.0,-3.2647817197499625
0,11,18,1.152184E7,4347826.0,-4.232496847313299
0,11,19,9510755.0,4347826.0,-3.3994283896148754
0,11,20,8931319.0,4347826.0,-3.1264344604675722
0,11,21,1.0435094E7,4347826.0,-3.8022421027528868
0,11,22,9656398.0,4347826.0,-3.4654300212848947
0,12,0,9282363.0,4000000.0,-3.6559855679020803
0,12,1,9501315.0,4000000.0,-3.7572372529998113
0,12,2,9841511.0,4000000.0,-3.910017909025494
0,12,3,9004968.0,4000000.0,-3.52422182524079
0,12,4,1.0216876E7,4000000.0,-4.072581311474474
0,12,5,1.0194441E7,4000000.0,-4.063034254197147
0,12,6,9029027.0,4000000.0,-3.535809603920975
0,12,7,9591539.0,4000000.0,-3.7982830568448955
0,12,8,1.0784859E7,4000000.0,-4.3075448023185885
0,12,9,9033592.0,4000000.0,-3.5380048053500692
0,12,10,9353448.0,4000000.0,-3.689117448209821
0,12,11,1.1384429E7,4000000.0,-4.542512615970256
0,12,12,9536354.0,4000000.0,-3.773223728585779
0,12,13,1.0364293E7,4000000.0,-4.134796907245856
0,12,14,1.1641967E7,4000000.0,-4.639663725834303
0,12,15,9258493.0,4000000.0,-3.6448031122371654
0,12,16,9214628.0,4000000.0,-3.624178158550943
0,12,17,9930837.0,4000000.0,-3.9492586231971605
0,12,18,9748270.0,4000000.0,-3.8686755810206295
0,12,19,8898661.0,4000000.0,-3.4726467104050562
0,12,20,9414761.0,4000000.0,-3.717493083089874
0,12,21,1.0090654E7,4000000.0,-4.01859323510204
0,12,22,8949154.0,4000000.0,-3.497219903010587
0,12,23,1.0410566E7,4000000.0,-4.154143504779184
0,12,24,1.0283538E7,4000000.0,-4.100825658924078
0,13,0,9085611.0,4000000.0,-3.5629414725123927
0,13,1,1.086291E7,4000000.0,-4.3388619006222475
0,13,2,1.0227277E7,4000000.0,-4.0770002739973945
0,13,3,8837373.0,4000000.0,-3.4426319436859028
0,13,4,9338090.0,4000000.0,-3.6819806399342707
0,13,5,1.1598715E7,4000000.0,-4.623498858884576
0,13,6,9350420.0,4000000.0,-3.6877112752164147
0,13,7,9460326.0,4000000.0,-3.738461109894403
0,13,8,1.193154E7,4000000.0,-4.746365102081383
0,13,9,9511731.0,4000000.0,-3.7619956823183425
0,13,10,9067661.0,4000000.0,-3.554352840676958
0,13,11,1.0311066E7,4000000.0,-4.112435754090601
0,13,12,9603714.0,4000000.0,-3.803792268967529
0,13,13,8982615.0,4000000.0,-3.5134279464287603
0,13,14,9661523.0,4000000.0,-3.829856007563407
0,13,15,1.0003213E7,4000000.0,-3.980795250769627
0,13,16,1.8307512E7,4000000.0,-6.605693361474332
0,13,17,1.1569623E7,4000000.0,-4.61259216224718
0,13,18,8968688.0,4000000.0,-3.5066892484490335
0,13,19,1.0815077E7,4000000.0,-4.31969624500413
0,13,20,1.1108349E7,4000000.0,-4.435895245461866
0,13,21,9460041.0,4000000.0,-3.738330273185632
0,13,22,1.0775329E7,4000000.0,-4.303705478948972
0,13,23,1.0551454E7,4000000.0,-4.21252318605893
0,13,24,9753688.0,4000000.0,-3.8710886798115203
0,14,0,1.0363339E7,4347826.0,-3.772275494990022
0,14,1,1.0567503E7,4347826.0,-3.8570022449607073
0,14,2,9080150.0,4347826.0,-3.198208676336213
0,14,3,1.0066188E7,4347826.0,-3.6459288189118326
0,14,4,1.046882E7,4347826.0,-3.816255773499355
0,14,5,1.0300723E7,4347826.0,-3.74595553281531
0,14,6,1.1223395E7,4347826.0,-4.118520925987703
0,14,7,1.0398309E7,4347826.0,-3.7869056364841436
0,14,8,8966878.0,4347826.0,-3.1436910565376843
0,14,9,9121757.0,4347826.0,-3.2180634332921154
0,14,10,1.1506733E7,4347826.0,-4.226798806293325
0,14,11,9185055.0,4347826.0,-3.248096059032835
0,14,12,1.0159545E7,4347826.0,-3.686021030043266
0,14,13,1.1600949E7,4347826.0,-4.262213622584497
0,14,14,9677450.0,4347826.0,-3.4748878085255424
0,14,15,9110967.0,4347826.0,-3.212923183259501
0,14,16,1.0279879E7,4347826.0,-3.737158475007183
0,14,17,9885109.0,4347826.0,-3.567093072087666
0,14,18,8912277.0,4347826.0,-3.117165209287791
0,14,19,1.0191721E7,4347826.0,-3.6997537097625948
0,14,20,9825058.0,4347826.0,-3.540629675174203
0,14,21,9140471.0,4347826.0,-3.2269641980609745
0,14,22,9613890.0,4347826.0,-3.4462699342326806
0,15,0,1.0373564E7,5000000.0,-3.169579863455221
0,15,1,8951696.0,5000000.0,-2.5293532077450385
0,15,2,1.0358482E7,5000000.0,-3.163261113697935
0,15,3,1.0496509E7,5000000.0,-3.220748781501629
0,15,4,9721035.0,5000000.0,-2.88742502448181
0,15,5,1.0134143E7,5000000.0,-3.068170238673747
0,15,6,1.0605303E7,5000000.0,-3.2655307675307084
0,15,7,9174228.0,5000000.0,-2.635995247792649
0,15,8,8966488.0,5000000.0,-2.536523672604258
0,15,9,1.0767428E7,5000000.0,-3.3314197205336766
0,15,10,9280390.0,5000000.0,-2.6859622309932814
0,15,11,8926045.0,5000000.0,-2.516890676377303
0,15,12,9974401.0,5000000.0,-2.999168198016377
0,15,13,1.0149148E7,5000000.0,-3.0745958131919244
0,15,14,8914219.0,5000000.0,-2.511132950712191
0,15,15,9325317.0,5000000.0,-2.70693599577497
0,15,16,1.0165206E7,5000000.0,-3.0814617979463046
0,15,17,8974351.0,5000000.0,-2.54033047085918
0,15,18,1.0250832E7,5000000.0,-3.1178911162598895
0,15,19,1.0319485E7,5000000.0,-3.146880197730932
0,16,0,8879610.0,5882352.0,-1.7884288248099856
0,16,1,9194309.0,5882352.0,-1.9396808618352182
0,16,2,1.1564801E7,5882352.0,-2.935871549633478
0,16,3,9341258.0,5882352.0,-2.008543580663935
0,16,4,8948484.0,5882352.0,-1.821984567732917
0,16,5,1.0396148E7,5882352.0,-2.4732144437288293
0,16,6,9658383.0,5882352.0,-2.153534140759812
0,16,7,9032605.0,5882352.0,-1.8626200961423627
0,16,8,1.1022302E7,5882352.0,-2.7272129695030616
0,16,9,9817945.0,5882352.0,-2.2246958572403135
0,16,10,8893194.0,5882352.0,-1.795067571730221
0,16,11,9368984.0,5882352.0,-2.0214148814403936
0,16,12,1.0155975E7,5882352.0,-2.3717061400687927
0,16,13,8982410.0,5882352.0,-1.8384186531439808
0,16,14,1.0556706E7,5882352.0,-2.539774176626853
0,16,15,1.0261973E7,5882352.0,-2.4167985852578413
0,16,16,8943582.0,5882352.0,-1.8196048407594563
0,17,0,1.0194211E7,6666666.0,-1.8444492086743942
0,17,1,1.055507E7,6666666.0,-1.995524203289893
0,17,2,9318570.0,6666666.0,-1.4544057441440867
0,17,3,8951640.0,6666666.0,-1.2799391072869868
0,17,4,1.1564487E7,6666666.0,-2.3921767474000264
0,17,5,9282850.0,6666666.0,-1.437726353042086
0,17,6,8892212.0,6666666.0,-1.2510111068804335
0,17,7,1.1131714E7,6666666.0,-2.226533422404345
0,17,8,9488329.0,6666666.0,-1.53281037570174
0,17,9,8962985.0,6666666.0,-1.285439720954147
0,17,10,1.0531791E7,6666666.0,-1.985935345705733
0,17,11,9832376.0,6666666.0,-1.6874978054120195
0,17,12,9013658.0,6666666.0,-1.309923783489405
0,17,13,1.3570884E7,6666666.0,-3.0869944077255336
0,17,14,1.0033535E7,6666666.0,-1.7754527244638934
0,18,0,9204616.0,6666666.0,-1.400969777195535
0,18,1,1.1003589E7,6666666.0,-2.1762566297726456
0,18,2,9724315.0,6666666.0,-1.6395032099724087
0,18,3,8856075.0,6666666.0,-1.2333258830839735
0,18,4,9277936.0,6666666.0,-1.4354267487753967
0,18,5,1.0161052E7,6666666.0,-1.8302997639201593
0,18,6,8952606.0,6666666.0,-1.2804077430172214
0,18,7,9164736.0,6666666.0,-1.382112616475713
0,18,8,1.0665012E7,6666666.0,-2.0405265092794913
0,18,9,9324157.0,6666666.0,-1.4570088003847694
0,18,10,9150674.0,6666666.0,-1.3754438602704235
0,18,11,1.0164441E7,6666666.0,-1.8317480181030317
0,18,12,9683713.0,6666666.0,-1.6213321208967526
0,18,13,8902185.0,6666666.0,-1.255879177792325
0,18,14,9667500.0,6666666.0,-1.614054832302347
0,19,0,1.0822663E7,5555555.0,-2.8960668397128533
0,19,1,1.0460596E7,5555555.0,-2.7482897801021555
0,19,2,1.0707899E7,5555555.0,-2.8497681467582296
0,19,3,1.2881353E7,5555555.0,-3.652340303122537
0,19,4,1.4194847E7,5555555.0,-4.074032643510374
0,19,5,1.175806E7,5555555.0,-3.2560822054523673
0,19,6,9858005.0,5555555.0,-2.49061582626554
0,19,7,1.0147013E7,5555555.0,-2.616107653106432
0,19,8,1.131222E7,5555555.0,-3.088203912247015
0,19,9,1.1949441E7,5555555.0,-3.3262013780906754
0,19,10,1.5228034E7,5555555.0,-4.379163863359673
0,19,11,1.0715576E7,5555555.0,-2.8528806939806417
0,19,12,9129020.0,5555555.0,-2.1569670707078137
0,19,13,9909638.0,5555555.0,-2.5133033848988386
0,19,14,9913051.0,5555555.0,-2.5147988904595446
0,19,15,8858161.0,5555555.0,-2.0261611799878696
0,19,16,9329156.0,5555555.0,-2.251149038416683
0,19,17,1.0251551E7,5555555.0,-2.6606212512293763
0,20,0,8955768.0,4761904.0,-2.7432219883495272
0,20,1,1.0189353E7,4761904.0,-3.3036597242269323
0,20,2,1.1818299E7,4761904.0,-3.947743375451294
0,20,3,9109582.0,4761904.0,-2.8171781372331473
0,20,4,9776149.0,4761904.0,-3.123871763282642
0,20,5,1.0548026E7,4761904.0,-3.4539055584325515
0,20,6,9217375.0,4761904.0,-2.8682662092194224
0,20,7,9113010.0,4761904.0,-2.818812110601509
0,20,8,1.0629153E7,4761904.0,-3.487180227159267
0,20,9,9292921.0,4761904.0,-2.9037160940825526
0,20,10,8930020.0,4761904.0,-2.7307179577251235
0,20,11,9890578.0,4761904.0,-3.1744103649320583
0,20,12,9567203.0,4761904.0,-3.030043532818654
0,20,13,8934414.0,4761904.0,-2.7328543702103616
0,20,14,9334276.0,4761904.0,-2.9230000237130103
0,20,15,1.038854E7,4761904.0,-3.3877388054651374
0,20,16,8948910.0,4761904.0,-2.7398950458571276
0,20,17,1.0199652E7,4761904.0,-3.3080471862433813
0,20,18,1.0471774E7,4761904.0,-3.4223962499712215
0,20,19,8994402.0,4761904.0,-2.7619165844697706
0,20,20,1.0093406E7,4761904.0,-3.2625710700894723
0,21,0,1.0757807E7,4166666.0,-4.119350597719137
0,21,1,9247744.0,4166666.0,-3.4624711011620644
0,21,2,8898549.0,4166666.0,-3.295305074315525
0,21,3,9987732.0,4166666.0,-3.796781916458913
0,21,4,9639826.0,4166666.0,-3.642805061055174
0,21,5,8997634.0,4166666.0,-3.3433963443445562
0,21,6,9708043.0,4166666.0,-3.6734300249082237
0,21,7,1.0024634E7,4166666.0,-3.8127983666231913
0,21,8,8985151.0,4166666.0,-3.3373669124313414
0,21,9,9858108.0,4166666.0,-3.7400488293456924
0,21,10,1.0307798E7,4166666.0,-3.9337721037281037
0,21,11,9203484.0,4166666.0,-3.4416357284303163
0,21,12,9302112.0,4166666.0,-3.4879287543132658
0,21,13,1.0432673E7,4166666.0,-3.9860690633875784
0,21,14,9086535.0,4166666.0,-3.386096149636628
0,21,15,9006515.0,4166666.0,-3.347680878544544
0,21,16,1.0312171E7,4166666.0,-3.9356141722567575
0,21,17,9589707.0,4166666.0,-3.6201664931546906
0,21,18,9004493.0,4166666.0,-3.346705759943634
0,21,19,9917872.0,4166666.0,-3.7662981018785873
0,21,20,9998527.0,4166666.0,-3.8014733490957497
0,21,21,8759859.0,4166666.0,-3.22708426954164
0,21,22,1.0401148E7,4166666.0,-3.9729258728116457
0,21,23,1.104791E7,4166666.0,-4.234914388744287
0,22,0,8967335.0,4000000.0,-3.5060340302491793
0,22,1,1.0315212E7,4000000.0,-4.114181667673479
0,22,2,1.1189408E7,4000000.0,-4.467471185127696
0,22,3,8817041.0,4000000.0,-3.432628689757517
0,22,4,1.1141643E7,4000000.0,-4.448892473750743
0,22,5,1.0399067E7,4000000.0,-4.149343849969608
0,22,6,8866653.0,4000000.0,-3.456997211816572
0,22,7,8840906.0,4000000.0,-3.4443678167592844
0,22,8,1.0620695E7,4000000.0,-4.240929458307588
0,22,9,9297029.0,4000000.0,-3.662841943174768
0,22,10,8940512.0,4000000.0,-3.4930239910192142
0,22,11,9913344.0,4000000.0,-3.94160185435417
0,22,12,9704951.0,4000000.0,-3.849333556624331
0,22,13,9028834.0,4000000.0,-3.5357167702957626
0,22,14,9950410.0,4000000.0,-3.9578098460058646
0,22,15,1.0131115E7,4000000.0,-4.035972538052142
0,22,16,8918418.0,4000000.0,-3.4822783224058886
0,22,17,1.0288199E7,4000000.0,-4.10279364696008
0,22,18,1.0749368E7,4000000.0,-4.29322939697509
0,22,19,8892757.0,4000000.0,-3.4697643378867142
0,22,20,1.1387129E7,4000000.0,-4.543542492895351
0,22,21,1.0611196E7,4000000.0,-4.23704345158417
0,22,22,8943569.0,4000000.0,-3.4945087061064566
0,22,23,9022202.0,4000000.0,-3.532525550541308
0,22,24,1.0659967E7,4000000.0,-4.256958689216824
0,23,0,9418750.0,4000000.0,-3.719332783307446
0,23,1,8928484.0,4000000.0,-3.4871773336946834
0,23,2,9933393.0,4000000.0,-3.9503762670241516
0,23,3,9798381.0,4000000.0,-3.890943312163718
0,23,4,9188674.0,4000000.0,-3.611928523723296
0,23,5,1.0324292E7,4000000.0,-4.118002877863496
0,23,6,1.0110279E7,4000000.0,-4.027031490789216
0,23,7,8793177.0,4000000.0,-3.4208582393745086
0,23,8,9722621.0,4000000.0,-3.857233654085124
0,23,9,1.0370792E7,4000000.0,-4.13751932669127
0,23,10,8867419.0,4000000.0,-3.457372387437089
0,23,11,9004468.0,4000000.0,-3.523980676943856
0,23,12,1.1635039E7,4000000.0,-4.637078520280401
0,23,13,1.4614836E7,4000000.0,-5.627339549686642
0,23,14,1.2395158E7,4000000.0,-4.911920757251156
0,23,15,1.048366E7,4000000.0,-4.184529363874403
0,23,16,9871621.0,4000000.0,-3.923284818636059
0,23,17,1.1061067E7,4000000.0,-4.417370316498517
0,23,18,9854203.0,4000000.0,-3.915615133200551
0,23,19,8519064.0,4000000.0,-3.283318895930159
0,23,20,1.0767373E7,4000000.0,-4.300497666804412
0,23,21,1.1325401E7,4000000.0,-4.51993596752412
0,23,22,8427703.0,4000000.0,-3.2364923094105205
0,23,23,9676654.0,4000000.0,-3.8366522129623926
0,23,24,1.0174523E7,4000000.0,-4.0545406653747476
0,24,0,8744829.0,4545454.0,-2.8417405446150505
0,24,1,8545080.0,4545454.0,-2.7413886592711907
0,24,2,9858427.0,4545454.0,-3.362303578464974
0,24,3,9268442.0,4545454.0,-3.0942946949094163
0,24,4,8435109.0,4545454.0,-2.6851343193058335
0,24,5,8838004.0,4545454.0,-2.8877692672158757
0,24,6,1.0021495E7,4545454.0,-3.4335524706549903
0,24,7,8447071.0,4545454.0,-2.6912887750241388
0,24,8,9180074.0,4545454.0,-3.0526891497344435
0,24,9,1.0589883E7,4545454.0,-3.67313894864194
0,24,10,1.2029527E7,4545454.0,-4.22671284190238
0,24,11,8959568.0,4545454.0,-2.947098028966373
0,24,12,1.0351029E7,4545454.0,-3.574062582675304
0,24,13,9144905.0,4545454.0,-3.0360193119283903
0,24,14,8329447.0,4545454.0,-2.630389020729418
0,24,15,1.050403E7,4545454.0,-3.6377868638605424
0,24,16,1.117121E7,4545454.0,-3.9052294883406353
0,24,17,8880048.0,4545454.0,-2.908380462475435
0,24,18,9232206.0,4545454.0,-3.0772821935417993
0,24,19,1.0134424E7,4545454.0,-3.4822180311207984
0,24,20,8406696.0,4545454.0,-2.670480758335253
0,24,21,8452265.0,4545454.0,-2.6939583776760223
0,25,0,1.1563265E7,5263157.0,-3.418341534414187
0,25,1,1.171402E7,5263157.0,-3.4745963597067444
0,25,2,8566371.0,5263157.0,-2.1155055406171774
0,25,3,1.0160562E7,5263157.0,-2.8567140504857518
0,25,4,8827679.0,5263157.0,-2.246002073532453
0,25,5,1.1328146E7,5263157.0,-3.3291251246137286
0,25,6,1.1520998E7,5263157.0,-3.402437760159028
0,25,7,8890219.0,5263157.0,-2.2766613421431
0,25,8,8995939.0,5263157.0,-2.3280017667619215
0,25,9,1.0207751E7,5263157.0,-2.876837424447691
0,25,10,9551556.0,5263157.0,-2.588278010439417
0,25,11,8418922.0,5263157.0,-2.0401016065029403
0,25,12,9304242.0,5263157.0,-2.474346724940256
0,25,13,1.0120704E7,5263157.0,-2.8396439802592677
0,25,14,8535482.0,5263157.0,-2.09981725603271
0,25,15,9049533.0,5263157.0,-2.3537984285483047
0,25,16,1.0029904E7,5263157.0,-2.8005045102666637
0,25,17,9123719.0,5263157.0,-2.3892557582539817
0,25,18,8550956.0,5263157.0,-2.1076834650696314
0,26,0,9230137.0,6250000.0,-1.6932812982511538
0,26,1,9733828.0,6250000.0,-1.9240365050230102
0,26,2,8537582.0,6250000.0,-1.3545487058727022
0,26,3,1.0281409E7,6250000.0,-2.1617261861802235
0,26,4,1.0086763E7,6250000.0,-2.078717993599115
0,26,5,8619189.0,6250000.0,-1.3958638660191658
0,26,6,8504857.0,6250000.0,-1.3378699847247075
0,26,7,1.1322504E7,6250000.0,-2.5806246543795615
0,26,8,9066143.0,6250000.0,-1.6154254754637742
0,26,9,8520490.0,6250000.0,-1.3458455373447873
0,26,10,1.0132008E7,6250000.0,-2.098155066834841
0,26,11,9936858.0,6250000.0,-2.0136906635173832
0,26,12,8543301.0,6250000.0,-1.3574569047460463
0,26,13,9257871.0,6250000.0,-1.7063110764684226
0,26,14,9908133.0,6250000.0,-2.0011181028090888
0,26,15,8477034.0,6250000.0,-1.3236390770102107
0,27,0,8441890.0,6666666.0,-1.0253099137148456
0,27,1,9827910.0,6666666.0,-1.6855247321926972
0,27,2,1.6439332E7,6666666.0,-3.9197546881519685
0,27,3,1.0402612E7,6666666.0,-1.9323370281842942
0,27,4,9871769.0,6666666.0,-1.7048628677568773
0,27,5,9439613.0,6666666.0,-1.5104549218471433
0,27,6,9828283.0,6666666.0,-1.685689557438124
0,27,7,1.0269637E7,6666666.0,-1.8764639538298433
0,27,8,9056352.0,6666666.0,-1.3304459670550965
0,27,9,9691129.0,6666666.0,-1.624656770496561
0,27,10,1.0827811E7,6666666.0,-2.1063196901715733
0,27,11,9169662.0,6666666.0,-1.3844463005915832
0,27,12,8962403.0,6666666.0,-1.2851577082149455
0,27,13,1.059577E7,6666666.0,-2.0122382507984655
0,27,14,9501373.0,6666666.0,-1.5387767022011325
0,28,0,9317980.0,6250000.0,-1.7344175660468417
0,28,1,9933485.0,6250000.0,-2.012216229682467
0,28,2,9652417.0,6250000.0,-1.8875605852083024
0,28,3,8881872.0,6250000.0,-1.5262449275745902
0,28,4,9478567.0,6250000.0,-1.808626669313147
0,28,5,1.0063125E7,6250000.0,-2.068528500066979
0,28,6,8833976.0,6250000.0,-1.502761976958289
0,28,7,1.0194015E7,6250000.0,-2.12465250952408
0,28,8,1.0593297E7,6250000.0,-2.291511312487902
0,28,9,9322914.0,6250000.0,-1.7367166070947138
0,28,10,9262719.0,6250000.0,-1.7085847186108762
0,28,11,1.034129E7,6250000.0,-2.1869469984105314
0,28,12,9063434.0,6250000.0,-1.6141275921648623
0,28,13,8886258.0,6250000.0,-1.528389008731489
0,28,14,1.0202491E7,6250000.0,-2.128262029939497
0,28,15,9443293.0,6250000.0,-1.7924344754160837
0,29,0,8803149.0,5555555.0,-1.9991060121604463
0,29,1,9450446.0,5555555.0,-2.3072485341961437
0,29,2,1.2433035E7,5555555.0,-3.4984970475784976
0,29,3,1.1909407E7,5555555.0,-3.311626859148314
0,29,4,1.2330342E7,5555555.0,-3.4624767108574366
0,29,5,1.0234492E7,5555555.0,-2.6533883939331204
0,29,6,1.0992829E7,5555555.0,-2.9638202084554943
0,29,7,1.0577584E7,5555555.0,-2.7965903142208504
0,29,8,9074614.0,5555555.0,-2.131007093775123
0,29,9,1.0267294E7,5555555.0,-2.667285465877124
0,29,10,1.0571713E7,5555555.0,-2.794179129613865
0,29,11,9202187.0,5555555.0,-2.191636029606573
0,29,12,8896992.0,5555555.0,-2.0451574859215134
0,29,13,1.081757E7,5555555.0,-2.8940226271231175
0,29,14,9126484.0,5555555.0,-2.155760452897435
0,29,15,8841990.0,5555555.0,-2.0182256793010827
0,29,16,9949142.0,5555555.0,-2.5305817794860004
0,29,17,9865802.0,5555555.0,-2.494049437486523
0,30,0,8906020.0,4761904.0,-2.7190303030031133
0,30,1,9518832.0,4761904.0,-3.0080302614808025
0,30,2,1.0097169E7,4761904.0,-3.2641898948671955
0,30,3,9060536.0,4761904.0,-2.793732544979379
0,30,4,9402182.0,4761904.0,-2.9544801788360213
0,30,5,1.0275199E7,4761904.0,-3.3400960584116817
0,30,6,8941430.0,4761904.0,-2.736263451472753
0,30,7,9647804.0,4761904.0,-3.0664783619548737
0,30,8,1.0367299E7,4761904.0,-3.3788498828728097
0,30,9,9165119.0,4761904.0,-2.8435747243993554
0,30,10,9991638.0,4761904.0,-3.21856055254617
0,30,11,1.0466777E7,4761904.0,-3.420323356228697
0,30,12,9268406.0,4761904.0,-2.8922441390713844
0,30,13,8962146.0,4761904.0,-2.746313788346521
0,30,14,1.0316966E7,4761904.0,-3.357713635291504
0,30,15,9619466.0,4761904.0,-3.0537032818294514
0,30,16,8860005.0,4761904.0,-2.696533311952029
0,30,17,1.0633518E7,4761904.0,-3.4889633478595194
0,30,18,9726687.0,4761904.0,-3.1018430493872
0,30,19,8912753.0,4761904.0,-2.722312352654703
0,30,20,9268677.0,4761904.0,-2.8923711210831766
0,31,0,1.0169807E7,4166666.0,-3.8752402226991496
0,31,1,8971304.0,4166666.0,-3.3306688454877835
0,31,2,1.0179683E7,4166666.0,-3.8794556528057713
0,31,3,1.0346722E7,4166666.0,-3.950140916390323
0,31,4,8783426.0,4166666.0,-3.2387525793385885
0,31,5,9849345.0,4166666.0,-3.7361866125531544
0,31,6,1.130945E7,4166666.0,-4.336527960735113
0,31,7,8913399.0,4166666.0,-3.302546589449638
0,31,8,8983075.0,4166666.0,-3.336363368343636
0,31,9,1.0580491E7,4166666.0,-4.047171333064727
0,31,10,9777524.0,4166666.0,-3.7044020184742
0,31,11,8942454.0,4166666.0,-3.316680260138594
0,31,12,1.0917367E7,4166666.0,-4.183292210645655
0,31,13,9579980.0,4166666.0,-3.6157591360726213
0,31,14,9003508.0,4166666.0,-3.3462306599421385
0,31,15,1.1521585E7,4166666.0,-4.417235393661091
0,31,16,9741003.0,4166666.0,-3.688149882969072
0,31,17,9039466.0,4166666.0,-3.363540867954132
0,31,18,9826069.0,4166666.0,-3.7259112068347076
0,31,19,9697070.0,4166666.0,-3.6685184185106126
0,31,20,9018113.0,4166666.0,-3.3532698405983146
0,31,21,9640194.0,4166666.0,-3.64297084964809
0,31,22,1.2665032E7,4166666.0,-4.828176026332989
0,31,23,1.3515949E7,4166666.0,-5.110578555726465
0,32,0,1.1774072E7,4000000.0,-4.688666959242274
0,32,1,9074030.0,4000000.0,-3.5574021944211918
0,32,2,8909373.0,4000000.0,-3.4778715017000987
0,32,3,1.0113804E7,4000000.0,-4.0285454166015375
0,32,4,9461177.0,4000000.0,-3.7388517602611833
0,32,5,8902556.0,4000000.0,-3.4745472288179355
0,32,6,9754523.0,4000000.0,-3.8714604575133404
0,32,7,9881238.0,4000000.0,-3.92751368531553
0,32,8,8921538.0,4000000.0,-3.483797383100155
0,32,9,9349785.0,4000000.0,-3.6874163297908273
0,32,10,1.0063006E7,4000000.0,-4.0066774030712375
0,32,11,8889271.0,4000000.0,-3.468061550574368
0,32,12,1.0920661E7,4000000.0,-4.361889345833012
0,32,13,1.0112637E7,4000000.0,-4.028044268959258
0,32,14,8920702.0,4000000.0,-3.4833904048427877
0,32,15,9121685.0,4000000.0,-3.580150793040034
0,32,16,1.0743353E7,4000000.0,-4.290798544802535
0,32,17,9072210.0,4000000.0,-3.556531032175223
0,32,18,8865885.0,4000000.0,-3.456621024084945
0,32,19,9872986.0,4000000.0,-3.923885298522787
0,32,20,9763273.0,4000000.0,-3.8753544186667765
0,32,21,8907990.0,4000000.0,-3.477197295006686
0,32,22,9522126.0,4000000.0,-3.7667393258039645
0,32,23,1.0220489E7,4000000.0,-4.074116838172229
0,32,24,8858205.0,4000000.0,-3.452857353476453
0,33,0,1.0647056E7,4166666.0,-4.074408495176066
0,33,1,1.0132079E7,4166666.0,-3.859098785322326
0,33,2,8949563.0,4166666.0,-3.3201314078032977
0,33,3,1.0887659E7,4166666.0,-4.171458215628669
0,33,4,1.0255213E7,4166666.0,-3.9115599626040103
0,33,5,8861762.0,4166666.0,-3.2773139322080835
0,33,6,9782344.0,4166666.0,-3.7065424208993543
0,33,7,1.0685491E7,4166666.0,-4.090057940573911
0,33,8,9236983.0,4166666.0,-3.45741455534701
0,33,9,8935164.0,4166666.0,-3.313138393488849
0,33,10,1.0851802E7,4166666.0,-4.157131723026722
0,33,11,9327731.0,4166666.0,-3.4998732428903616
0,33,12,8801610.0,4166666.0,-3.247734322308819
0,33,13,1.0405537E7,4166666.0,-3.974758090206531
0,33,14,9699991.0,4166666.0,-3.669826425111436
0,33,15,1.1179503E7,4166666.0,-4.286338080268378
0,33,16,1.2840762E7,4166666.0,-4.888021077178463
0,33,17,9775146.0,4166666.0,-3.7033456386723023
0,33,18,8992830.0,4166666.0,-3.341076948090349
0,33,19,9614379.0,4166666.0,-3.6313254927057144
0,33,20,9900837.0,4166666.0,-3.7588322186859107
0,33,21,8797715.0,4166666.0,-3.245812001953201
0,33,22,9620798.0,4166666.0,-3.6342240741773804
0,33,23,1.0364087E7,4166666.0,-3.95742361157184
0,34,0,9065964.0,4545454.0,-2.9983672312542797
0,34,1,1.0035848E7,4545454.0,-3.4397680793353262
0,34,2,1.0461713E7,4545454.0,-3.6202553463298153
0,34,3,8642440.0,4545454.0,-2.7905910608003714
0,34,4,9363000.0,4545454.0,-3.138377563225423
0,34,5,1.0491051E7,4545454.0,-3.632417312012976
0,34,6,8813571.0,4545454.0,-2.8757464037000946
0,34,7,8557143.0,4545454.0,-2.7475152256292694
0,34,8,9302536.0,4545454.0,-3.1102409231599886
0,34,9,9657049.0,4545454.0,-3.2726716796461295
0,34,10,8541501.0,4545454.0,-2.7395692900557074
0,34,11,9373326.0,4545454.0,-3.14316454790339
0,34,12,1.0266848E7,4545454.0,-3.5385986530637323
0,34,13,8908655.0,4545454.0,-2.9223487354336957
0,34,14,1.121645E7,4545454.0,-3.9227815765040006
0,34,15,1.0041644E7,4545454.0,-3.442275534835282
0,34,16,8948067.0,4545454.0,-2.941519602196885
0,34,17,9355565.0,4545454.0,-3.134927534184458
0,34,18,1.0835846E7,4545454.0,-3.772855571110188
0,34,19,9442006.0,4545454.0,-3.1748700500885443
0,34,20,8998811.0,4545454.0,-2.966078634600387
0,34,21,1.0946981E7,4545454.0,-3.8171709724435567
0,35,0,9363201.0,5263157.0,-2.501780212752183
0,35,1,8998446.0,5263157.0,-2.329211895669552
0,35,2,1.1841202E7,5263157.0,-3.5214946462513055
0,35,3,9225176.0,5263157.0,-2.4372833526165696
0,35,4,8907444.0,5263157.0,-2.2850677545877818
0,35,5,1.0116559E7,5263157.0,-2.8378649346910385
0,35,6,9637974.0,5263157.0,-2.6273942516977593
0,35,7,9139159.0,5263157.0,-2.3965990788392495
0,35,8,9459449.0,5263157.0,-2.546195148602995
0,35,9,1.0072589E7,5263157.0,-2.818947882260999
0,35,10,8893183.0,5263157.0,-2.2781090391093843
0,35,11,9405284.0,5263157.0,-2.5212558873316224
0,35,12,1.02973E7,5263157.0,-2.914770403795595
0,35,13,8842018.0,5263157.0,-2.2530506946185858
0,35,14,1.0805428E7,5263157.0,-3.1239564862658273
0,35,15,1.0256569E7,5263157.0,-2.8975578082518627
0,35,16,8971449.0,5263157.0,-2.316162674236741
0,35,17,9706620.0,5263157.0,-2.6582170274497523
0,35,18,1.0660603E7,5263157.0,-3.065354453426859
0,36,0,9134973.0,6250000.0,-1.6482725071357385
0,36,1,8789772.0,6250000.0,-1.4809759260727307
0,36,2,1.0528432E7,6250000.0,-2.264836791544372
0,36,3,9431496.0,6250000.0,-1.7870056754754353
0,36,4,8940018.0,6250000.0,-1.5545837586938211
0,36,5,1.0714252E7,6250000.0,-2.3408183945124823
0,36,6,1.0330516E7,6250000.0,-2.182419973368109
0,36,7,8839535.0,6250000.0,-1.5054940239233967
0,36,8,9357041.0,6250000.0,-1.7525851509679502
0,36,9,1.0303292E7,6250000.0,-2.1709599076004045
0,36,10,8935662.0,6250000.0,-1.5524671546814246
0,36,11,1.0210503E7,6250000.0,-2.1316711991850155
0,36,12,9967055.0,6250000.0,-2.0268683743844766
0,36,13,8649729.0,6250000.0,-1.411224836874122
0,36,14,1.0616849E7,6250000.0,-2.301156232274644
0,36,15,1.0715447E7,6250000.0,-2.341302752138235
0,37,0,8831411.0,6666666.0,-1.2212139910443045
0,37,1,1.0828419E7,6666666.0,-2.1065635470617767
0,37,2,1.0308594E7,6666666.0,-1.892907379256722
0,37,3,9063613.0,6666666.0,-1.3339265614181497
0,37,4,8868328.0,6666666.0,-1.239330498454624
0,37,5,1.0421826E7,6666666.0,-1.9403512051270049
0,37,6,9453742.0,6666666.0,-1.516950483782743
0,37,7,8962544.0,6666666.0,-1.2852260325697673
0,37,8,9905507.0,6666666.0,-1.7196801170520315
0,37,9,9811570.0,6666666.0,-1.678298091292107
0,37,10,8897611.0,6666666.0,-1.2536471713087118
0,37,11,9478375.0,6666666.0,-1.5282518950403063
0,37,12,1.004828E7,6666666.0,-1.781830308647834
0,37,13,8905728.0,6666666.0,-1.2576072919960344
0,37,14,1.0334633E7,6666666.0,-1.9038636120316943
0,38,0,1.0220998E7,6250000.0,-2.1361328596263602
0,38,1,9158412.0,6250000.0,-1.6594015944334797
0,38,2,1.0831042E7,6250000.0,-2.387902225759262
0,38,3,1.0994312E7,6250000.0,-2.4528804000418365
0,38,4,9194007.0,6250000.0,-1.6762481272718928
0,38,5,1.0915712E7,6250000.0,-2.4217205138511515
0,38,6,1.0278075E7,6250000.0,-2.1603176510094406
0,38,7,8851302.0,6250000.0,-1.5112714146960269
0,38,8,8843022.0,6250000.0,-1.5072068812641386
0,38,9,1.0492075E7,6250000.0,-2.2498136903189665
0,38,10,9253870.0,6250000.0,-1.7044337681707842
0,38,11,8935018.0,6250000.0,-1.5521541440444846
0,38,12,9884315.0,6250000.0,-1.990665599952255
0,38,13,9747129.0,6250000.0,-1.9299669650116247
0,38,14,9045875.0,6250000.0,-1.6057056482933159
0,38,15,9346088.0,6250000.0,-1.7474984855184637
0,39,0,1.0003689E7,5555555.0,-2.5543273022343387
0,39,1,8889382.0,5555555.0,-2.0414411790351807
0,39,2,1.020243E7,5555555.0,-2.6397617224584016
0,39,3,1.037413E7,5555555.0,-2.71224234442964
0,39,4,8784295.0,5555555.0,-1.9897946064798129
0,39,5,1.5441054E7,5555555.0,-4.439494903071358
0,39,6,1.1579918E7,5555555.0,-3.189780325983013
0,39,7,1.1043931E7,5555555.0,-2.983962331340945
0,39,8,1.0469275E7,5555555.0,-2.751891562477671
0,39,9,9801579.0,5555555.0,-2.4656859317912057
0,39,10,8831261.0,5555555.0,-2.0129526867217877
0,39,11,9892513.0,5555555.0,-2.5057917818849216
0,39,12,9912706.0,5555555.0,-2.51464774203553
0,39,13,9383349.0,5555555.0,-2.276304181096459
0,39,14,9449406.0,5555555.0,-2.3067705767373923
0,39,15,1.0033661E7,5555555.0,-2.5673197228085316
0,39,16,9076087.0,5555555.0,-2.1317119875125585
0,39,17,9369937.0,5555555.0,-2.2700921939445773
0,40,0,1.0249996E7,4761904.0,-3.329430601320085
0,40,1,8816834.0,4761904.0,-2.6753202835882437
0,40,2,9190385.0,4761904.0,-2.8555306928215582
0,40,3,1.1567788E7,4761904.0,-3.8546968503648413
0,40,4,9011843.0,4761904.0,-2.770329812688858
0,40,5,8885357.0,4761904.0,-2.708942459982993
0,40,6,1.0897861E7,4761904.0,-3.5956062848669417
0,40,7,9457980.0,4761904.0,-2.9801775553516903
0,40,8,8875628.0,4761904.0,-2.7041845578316863
0,40,9,1.087658E7,4761904.0,-3.587117227616674
0,40,10,9919230.0,4761904.0,-3.1869732470886722
0,40,11,8839951.0,4761904.0,-2.6866922193902543
0,40,12,9420231.0,4761904.0,-2.962809167798723
0,40,13,9974507.0,4761904.0,-3.211108036704822
0,40,14,8851792.0,4761904.0,-2.6925056451539966
0,40,15,9720193.0,4761904.0,-3.098942523986402
0,40,16,1.0038477E7,4761904.0,-3.2388719250132967
0,40,17,8916420.0,4761904.0,-2.7240988156472334
0,40,18,9732606.0,4761904.0,-3.104485066358385
0,40,19,1.0495199E7,4761904.0,-3.4321004189720705
0,40,20,9062422.0,4761904.0,-2.794636458563273
0,41,0,8741051.0,4166666.0,-3.2177496535013668
0,41,1,9886690.0,4166666.0,-3.752622281403391
0,41,2,9880557.0,4166666.0,-3.7499273910699236
0,41,3,9344292.0,4166666.0,-3.50757712457559
0,41,4,9791500.0,4166666.0,-3.71060539449445
0,41,5,1.0131016E7,4166666.0,-3.8586431243932466
0,41,6,9249235.0,4166666.0,-3.4631712512502713
0,41,7,9461175.0,4166666.0,-3.561563867472068
0,41,8,1.0344828E7,4166666.0,-3.9493458539121393
0,41,9,9566954.0,4166666.0,-3.6098499698384474
0,41,10,9775055.0,4166666.0,-3.70330520860424
0,41,11,1.0312349E7,4166666.0,-3.935689135861031
0,41,12,8929099.0,4166666.0,-3.3101894936277754
0,41,13,9508151.0,4166666.0,-3.583073813884468
0,41,14,1.0490158E7,4166666.0,-4.009933406707785
0,41,15,8893311.0,4166666.0,-3.2927479110263222
0,41,16,8864405.0,4166666.0,-3.278609012327972
0,41,17,1.0253881E7,4166666.0,-3.9109958418771673
0,41,18,9443776.0,4166666.0,-3.5535698855526254
0,41,19,8791556.0,4166666.0,-3.242770579914321
0,41,20,9687935.0,4166666.0,-3.66442527498462
0,41,21,1.0236075E7,4166666.0,-3.9034477051301817
0,41,22,9212979.0,4166666.0,-3.446113924347788
0,41,23,9364662.0,4166666.0,-3.5170341814394805
0,42,0,9999073.0,4000000.0,-3.9789974770744063
0,42,1,8917067.0,4000000.0,-3.4816203847650855
0,42,2,1.0907583E7,4000000.0,-4.356685350574461
0,42,3,1.0196228E7,4000000.0,-4.063795469281505
0,42,4,8832666.0,4000000.0,-3.440318169308074
0,42,5,9728536.0,4000000.0,-3.859874989960046
0,42,6,1.0361951E7,4000000.0,-4.133815429192287
0,42,7,9152629.0,4000000.0,-3.594858673502557
0,42,8,9004249.0,4000000.0,-3.523875049772813
0,42,9,1.1824591E7,4000000.0,-4.707261365584181
0,42,10,9391734.0,4000000.0,-3.7068579232343386
0,42,11,8952931.0,4000000.0,-3.4990524608187834
0,42,12,9537755.0,4000000.0,-3.7738617102291054
0,42,13,9938848.0,4000000.0,-3.9527605743182175
0,42,14,8948967.0,4000000.0,-3.4971291526260986
0,42,15,9295516.0,4000000.0,-3.66213511411767
0,42,16,1.0155761E7,4000000.0,-4.046524805505134
0,42,17,9049312.0,4000000.0,-3.5455557064391257
0,42,18,9913081.0,4000000.0,-3.9414866349449746
0,42,19,1.0369497E7,4000000.0,-4.136976989643994
0,42,20,8979855.0,4000000.0,-3.51209332732628
0,42,21,9774200.0,4000000.0,-3.8802123000299966
0,42,22,1.048948E7,4000000.0,-4.186939679115284
0,42,23,9361537.0,4000000.0,-3.6928716679250657
0,42,24,8867735.0,4000000.0,-3.457527150182646
0,43,0,1.0121107E7,4166666.0,-3.8543932742767053
0,43,1,9855525.0,4166666.0,-3.738910751292625
0,43,2,8807938.0,4166666.0,-3.2508556012874488
0,43,3,9619483.0,4166666.0,-3.6336304266681863
0,43,4,1.0239693E7,4166666.0,-3.904982472912156
0,43,5,8893925.0,4166666.0,-3.293047740423081
0,43,6,9570477.0,4166666.0,-3.611448950889801
0,43,7,1.0403372E7,4166666.0,-3.9738543930865013
0,43,8,9064681.0,4166666.0,-3.375638364115673
0,43,9,9817697.0,4166666.0,-3.722209356972888
0,43,10,1.0751332E7,4166666.0,-4.116735842330492
0,43,11,9166396.0,4166666.0,-3.424099265883921
0,43,12,9601551.0,4166666.0,-3.625527042730669
0,43,13,1.0166662E7,4166666.0,-3.873896964775195
0,43,14,8971390.0,4166666.0,-3.330710477280026
0,43,15,8843215.0,4166666.0,-3.26821495094166
0,43,16,1.0082584E7,4166666.0,-3.8378316008661857
0,43,17,9630368.0,4166666.0,-3.638541940985215
0,43,18,8761334.0,4166666.0,-3.2278154804384327
0,43,19,1.4797642E7,4166666.0,-5.5040382740609575
0,43,20,9960654.0,4166666.0,-3.7849916561304364
0,43,21,1.3020044E7,4166666.0,-4.948237630902655
0,43,22,1.0443621E7,4166666.0,-3.990624140475255
0,43,23,9592014.0,4166666.0,-3.6212111516340646
0,44,0,9380498.0,4545454.0,-3.146486281301396
0,44,1,1.0239358E7,4545454.0,-3.5269546049552236
0,44,2,9111901.0,4545454.0,-3.0203172546301635
0,44,3,1.1512944E7,4545454.0,-4.036091251571502
0,44,4,1.0336276E7,4545454.0,-3.567868303064997
0,44,5,8857094.0,4545454.0,-2.8971398679053677
0,44,6,1.0828831E7,4545454.0,-3.770043088932841
0,44,7,1.0202712E7,4545454.0,-3.511383605900207
0,44,8,8975169.0,4545454.0,-2.954653679122968
0,44,9,9699287.0,4545454.0,-3.291625431474351
0,44,10,1.0592493E7,4545454.0,-3.6742091860916988
0,44,11,9153904.0,4545454.0,-3.040290864637327
0,44,12,8826077.0,4545454.0,-2.881904449144852
0,44,13,1.0084731E7,4545454.0,-3.4608705127475825
0,44,14,9491297.0,4545454.0,-3.197482964138125
0,44,15,8760381.0,4545454.0,-2.849457275302154
0,44,16,9444685.0,4545454.0,-3.176102108075644
0,44,17,9945927.0,4545454.0,-3.400680002594998
0,44,18,9043253.0,4545454.0,-2.9874741405706953
0,44,19,1.0211256E7,4545454.0,-3.515018971910429
0,44,20,9884020.0,4545454.0,-3.373563484495447
0,44,21,8790457.0,4545454.0,-2.864341867848145
0,45,0,1.0234344E7,5263157.0,-2.8881368530749985
0,45,1,1.0295794E7,5263157.0,-2.9141351932819024
0,45,2,8944828.0,5263157.0,-2.3032566872272584
0,45,3,9338265.0,5263157.0,-2.4901986890164136
0,45,4,1.0118784E7,5263157.0,-2.838820001502734
0,45,5,9270430.0,5263157.0,-2.458535537274072
0,45,6,8864798.0,5263157.0,-2.264225186696534
0,45,7,1.0765963E7,5263157.0,-3.1080655770047794
0,45,8,1.1880116E7,5263157.0,-3.5357435599321914
0,45,9,1.5906071E7,5263157.0,-4.803165914661749
0,45,10,1.4194703E7,5263157.0,-4.308799848669982
0,45,11,1.005171E7,5263157.0,-2.8099362513553383
0,45,12,1.1422217E7,5263157.0,-3.365040814440226
0,45,13,9244731.0,5263157.0,-2.4464795351061634
0,45,14,8980967.0,5263157.0,-2.320767753871773
0,45,15,9680504.0,5263157.0,-2.646516435293948
0,45,16,9977862.0,5263157.0,-2.777911678664215
0,45,17,8995274.0,5263157.0,-2.327680714667661
0,45,18,9562498.0,5263157.0,-2.5932503211172886
0,46,0,1.0280748E7,6250000.0,-2.1614469658118187
0,46,1,8993854.0,6250000.0,-1.580658159090834
0,46,2,1.0106589E7,6250000.0,-2.087245874621392
0,46,3,1.0417005E7,6250000.0,-2.2186285527205394
0,46,4,9016116.0,6250000.0,-1.591394732977704
0,46,5,1.0287194E7,6250000.0,-2.164169126659999
0,46,6,1.0447084E7,6250000.0,-2.2311506932954774
0,46,7,9245819.0,6250000.0,-1.7006536991171426
0,46,8,1.0739886E7,6250000.0,-2.351196541652996
0,46,9,1.0505373E7,6250000.0,-2.2553145957551672
0,46,10,9008609.0,6250000.0,-1.5877772033186899
0,46,11,1.0904124E7,6250000.0,-2.417107642398377
0,46,12,1.0382784E7,6250000.0,-2.204338018451117
0,46,13,8955231.0,6250000.0,-1.5619677560271785
0,46,14,9659839.0,6250000.0,-1.890898707697337
0,46,15,1.0608097E7,6250000.0,-2.297574649055501
0,47,0,9850144.0,6666666.0,-1.6953388201302402
0,47,1,9000589.0,6666666.0,-1.3036223315555424
0,47,2,1.0595537E7,6666666.0,-2.012142748794471
0,47,3,9440968.0,6666666.0,-1.5110782808677046
0,47,4,8873846.0,6666666.0,-1.242031900242713
0,47,5,9421337.0,6666666.0,-1.5020384121427814
0,47,6,9919364.0,6666666.0,-1.7257512986660632
0,47,7,9105426.0,6666666.0,-1.3539157168486373
0,47,8,9111563.0,6666666.0,-1.3568418484242422
0,47,9,1.0187715E7,6666666.0,-1.84168089615087
0,47,10,8822806.0,6666666.0,-1.2169803234591294
0,47,11,1.08143E7,6666666.0,-2.1008971567530033
0,47,12,1.0170871E7,6666666.0,-1.83449448554027
0,47,13,8859262.0,6666666.0,-1.2348884799781306
0,47,14,9792915.0,6666666.0,-1.6700328744243962
0,48,0,1.0964607E7,6250000.0,-2.441130527059354
0,48,1,9138547.0,6250000.0,-1.6499713243292664
0,48,2,8839466.0,6250000.0,-1.5054601234566776
0,48,3,1.0121178E7,6250000.0,-2.09351045468611
0,48,4,9418970.0,6250000.0,-1.7812339630084917
0,48,5,8728592.0,6250000.0,-1.4506417642483922
0,48,6,9545421.0,6250000.0,-1.8391507033006245
0,48,7,9991549.0,6250000.0,-2.037528052165791
0,48,8,8793925.0,6250000.0,-1.4830274002500687
0,48,9,9399803.0,6250000.0,-1.7723873445674414
0,48,10,1.0281087E7,6250000.0,-2.1615901688181443
0,48,11,9393197.0,6250000.0,-1.7693341338340645
0,48,12,1.0741223E7,6250000.0,-2.3517371578037314
0,48,13,1.0306446E7,6250000.0,-2.1722891479882405
0,48,14,8911408.0,6250000.0,-1.5406631052227384
0,48,15,9787453.0,6250000.0,-1.9478967221595687
0,49,0,1.0528213E7,5555555.0,-2.7762721125674874
0,49,1,9225384.0,5555555.0,-2.202570009367738
0,49,2,8930074.0,5555555.0,-2.0612760626324054
0,49,3,9997961.0,5555555.0,-2.551839868587268
0,49,4,9630215.0,5555555.0,-2.3890853163561863
0,49,5,8861043.0,5555555.0,-2.0275739259643624
0,49,6,9461101.0,5555555.0,-2.3121422726029603
0,49,7,1.1417169E7,5555555.0,-3.1283097817835737
0,49,8,1.2309601E7,5555555.0,-3.455165245910727
0,49,9,1.3533132E7,5555555.0,-3.86670866409542
0,49,10,1.0244805E7,5555555.0,-2.6577624497129406
0,49,11,1.0483822E7,5555555.0,-2.757921871833177
0,49,12,1.1049862E7,5555555.0,-2.9862940275182748
0,49,13,9452200.0,5555555.0,-2.308054508686111
0,49,14,8977702.0,5555555.0,-2.084377341491233
0,49,15,1.105988E7,5555555.0,-2.990229634200115
0,49,16,9780209.0,5555555.0,-2.4562068415643905
0,49,17,8997635.0,5555555.0,-2.0940092003611217
0,50,0,9808173.0,4545454.0,-3.340108504180406
0,50,1,1.0052519E7,4545454.0,-3.44697635561773
0,50,2,8960351.0,4545454.0,-2.9474775536501023
0,50,3,9540156.0,4545454.0,-3.219782092543522
0,50,4,1.025182E7,4545454.0,-3.532237052358428
0,50,5,8901465.0,4545454.0,-2.918842214989679
0,50,6,1.0132113E7,4545454.0,-3.4812275762127602
0,50,7,1.0687614E7,4545454.0,-3.7130349312354354
0,50,8,8973382.0,4545454.0,-2.9537888914955706
0,50,9,1.0048213E7,4545454.0,-3.4451156551540043
0,50,10,1.0475028E7,4545454.0,-3.625779254569532
0,50,11,9351444.0,4545454.0,-3.133014104208694
0,50,12,1.0783962E7,4545454.0,-3.752010817857476
0,50,13,1.0473103E7,4545454.0,-3.624981076555449
0,50,14,9032819.0,4545454.0,-2.9824604084640116
0,50,15,9623913.0,4545454.0,-3.2577442127279492
0,50,16,1.0539737E7,4545454.0,-3.6525250691902773
0,50,17,1.5403417E7,4545454.0,-5.300398056982627
0,50,18,1.2031302E7,4545454.0,-4.227353611766774
0,50,19,9394840.0,4545454.0,-3.153121211304721
0,50,20,8926912.0,4545454.0,-2.9312398653040916
0,50,21,9558378.0,4545454.0,-3.2280693427068785
0,51,0,1.0052152E7,4166666.0,-3.8247035819667974
0,51,1,1.0289839E7,4166666.0,-3.9261989082427178
0,51,2,9435290.0,4166666.0,-3.549665642385473
0,51,3,1.0111737E7,4166666.0,-3.8503707655415513
0,51,4,8946548.0,4166666.0,-3.318668075490119
0,51,5,9610769.0,4166666.0,-3.629694500738217
0,51,6,1.0405148E7,4166666.0,-3.974595730771001
0,51,7,8903243.0,4166666.0,-3.2975953812074374
0,51,8,1.0909631E7,4166666.0,-4.180213727518767
0,51,9,1.1154831E7,4166666.0,-4.2767430613921045
0,51,10,8752019.0,4166666.0,-3.223195630110047
0,51,11,9786048.0,4166666.0,-3.708186528172125
0,51,12,1.0236504E7,4166666.0,-3.903629716720186
0,51,13,9082322.0,4166666.0,-3.3840820629111383
0,51,14,9067084.0,4166666.0,-3.376789503727424
0,51,15,9909178.0,4166666.0,-3.7624894097457062
0,51,16,9654978.0,4166666.0,-3.649625997243455
0,51,17,8894277.0,4166666.0,-3.2932196202540496
0,51,18,9293898.0,4166666.0,-3.484092130105865
0,51,19,1.0012117E7,4166666.0,-3.8073722726051247
0,51,20,8888684.0,4166666.0,-3.2904877814816693
0,51,21,9527499.0,4166666.0,-3.59190223059674
0,51,22,1.051248E7,4166666.0,-4.019164937599505
0,51,23,8838491.0,4166666.0,-3.265894352260374
0,52,0,1.0849651E7,4000000.0,-4.333557771596357
0,52,1,1.036373E7,4000000.0,-4.134560987212989
0,52,2,8931703.0,4000000.0,-3.4887428200497634
0,52,3,1.0931823E7,4000000.0,-4.366325999742554
0,52,4,1.0206444E7,4000000.0,-4.068144657268174
0,52,5,8812823.0,4000000.0,-3.43055056350581
0,52,6,9605452.0,4000000.0,-3.804578147762691
0,52,7,1.0306463E7,4000000.0,-4.110496571627548
0,52,8,9204723.0,4000000.0,-3.619507323777342
0,52,9,8902703.0,4000000.0,-3.4746189394162945
0,52,10,9501249.0,4000000.0,-3.757207085033208
0,52,11,9877184.0,4000000.0,-3.9257315289729418
0,52,12,8930894.0,4000000.0,-3.488349434657818
0,52,13,9607469.0,4000000.0,-3.805490004916756
0,52,14,1.0147999E7,4000000.0,-4.043204244256621
0,52,15,8899237.0,4000000.0,-3.4729278150856913
0,52,16,1.0188085E7,4000000.0,-4.060325683319866
0,52,17,1.0178987E7,4000000.0,-4.056445683819529
0,52,18,8884065.0,4000000.0,-3.4655173606288803
0,52,19,8834369.0,4000000.0,-3.441155438838555
0,52,20,1.0760623E7,4000000.0,-4.297774247635333
0,52,21,9417582.0,4000000.0,-3.718794190172102
0,52,22,9407189.0,4000000.0,-3.7139987820271503
0,52,23,1.189458E7,4000000.0,-4.7328912029099595
0,52,24,9826186.0,4000000.0,-3.903249893144288
0,53,0,8979754.0,4166666.0,-3.3347575054911487
0,53,1,1.2311081E7,4166666.0,-4.705074999320628
0,53,2,9519929.0,4166666.0,-3.588450206101779
0,53,3,9013517.0,4166666.0,-3.351055933722395
0,53,4,1.1691367E7,4166666.0,-4.480766047256408
0,53,5,9138814.0,4166666.0,-3.4110114952816173
0,53,6,8783312.0,4166666.0,-3.238696211934535
0,53,7,9939259.0,4166666.0,-3.775653189152775
0,53,8,9782591.0,4166666.0,-3.706652077013249
0,53,9,8887651.0,4166666.0,-3.289983036043072
0,53,10,9511300.0,4166666.0,-3.5845119135814674
0,53,11,1.0195109E7,4166666.0,-3.886031845542285
0,53,12,9106972.0,4166666.0,-3.395853125089314
0,53,13,9517733.0,4166666.0,-3.587448286132311
0,53,14,1.0447463E7,4166666.0,-3.992221529503305
0,53,15,8943613.0,4166666.0,-3.3172430974635696
0,53,16,1.0719585E7,4166666.0,-4.103892835238833
0,53,17,1.0191148E7,4166666.0,-3.8843441983548033
0,53,18,2.0437257E7,4166666.0,-6.906339174508453
0,53,19,1.4700538E7,4166666.0,-5.4754454024321255
0,53,20,9837742.0,4166666.0,-3.7310673996833343
0,53,21,1.0348184E7,4166666.0,-3.9507545345759754
0,53,22,1.0238913E7,4166666.0,-3.904651640143511
0,53,23,8738314.0,4166666.0,-3.2163895766259376
0,54,0,9290783.0,4761904.0,-2.902716808249754
0,54,1,1.024098E7,4761904.0,-3.3256088221119846
0,54,2,9370765.0,4761904.0,-2.939944110017723
0,54,3,1.0004959E7,4761904.0,-3.2243467747210848
0,54,4,1.0271254E7,4761904.0,-3.33842833332827
0,54,5,8848024.0,4761904.0,-2.690656561940327
0,54,6,9853251.0,4761904.0,-3.1579891029368037
0,54,7,1.0787038E7,4761904.0,-3.551215728657644
0,54,8,9183961.0,4761904.0,-2.8524939503269753
0,54,9,8854785.0,4761904.0,-2.693973849196727
0,54,10,1.0046422E7,4761904.0,-3.2423078096933184
0,54,11,9736214.0,4761904.0,-3.1060947525218463
0,54,12,8806535.0,4761904.0,-2.670244296836448
0,54,13,9589638.0,4761904.0,-3.0402157748453504
0,54,14,9854212.0,4761904.0,-3.158412655169214
0,54,15,8724242.0,4761904.0,-2.6294706810236566
0,54,16,1.0412395E7,4761904.0,-3.397699991736509
0,54,17,1.0065292E7,4761904.0,-3.2504574276506193
0,54,18,8860369.0,4761904.0,-2.696711731652917
0,54,19,1.0874843E7,4761904.0,-3.5864235998786915
0,54,20,1.0251646E7,4761904.0,-3.3301296535195997
0,55,0,8859084.0,5555555.0,-2.0266136812736613
0,55,1,9724909.0,5555555.0,-2.4315809467623346
0,55,2,1.0483607E7,5555555.0,-2.7578328067278535
0,55,3,9169821.0,5555555.0,-2.1763340661597197
0,55,4,8944541.0,5555555.0,-2.0683060765841508
0,55,5,1.0017174E7,5555555.0,-2.5601776614062604
0,55,6,9522090.0,5555555.0,-2.3400483051462713
0,55,7,8751456.0,5555555.0,-1.9735286214494399
0,55,8,9588284.0,5555555.0,-2.370134376622298
0,55,9,9902022.0,5555555.0,-2.5099643543106835
0,55,10,8941571.0,5555555.0,-2.0668637792049243
0,55,11,9402636.0,5555555.0,-2.285221723206135
0,55,12,1.0392771E7,5555555.0,-2.7200390644231516
0,55,13,9308199.0,5555555.0,-2.24138208029062
0,55,14,9258047.0,5555555.0,-2.2179192975259188
0,55,15,1.0271421E7,5555555.0,-2.6690307876764052
0,55,16,9619784.0,5555555.0,-2.384378691504812
0,55,17,9033496.0,5555555.0,-2.1112840512288673
0,56,0,1.0759177E7,6250000.0,-2.358990348386688
0,56,1,9071549.0,6250000.0,-1.6180143341109403
0,56,2,8867984.0,6250000.0,-1.5194488352620814
0,56,3,9904594.0,6250000.0,-1.9995666069571527
0,56,4,9800959.0,6250000.0,-1.953885550863066
0,56,5,9048701.0,6250000.0,-1.6070622053254755
0,56,6,9748555.0,6250000.0,-1.93060228915034
0,56,7,1.0166875E7,6250000.0,-2.1130746666895446
0,56,8,8914913.0,6250000.0,-1.54237091939111
0,56,9,9481459.0,6250000.0,-1.8099515405463453
0,56,10,1.0123925E7,6250000.0,-2.0946890181630256
0,56,11,9020401.0,6250000.0,-1.5934582709545395
0,56,12,1.0756294E7,6250000.0,-2.3578264686846624
0,56,13,1.0460779E7,6250000.0,-2.2368400971147713
0,56,14,8944393.0,6250000.0,-1.5567085570964383
0,56,15,9740143.0,6250000.0,-1.9268531567981944
0,57,0,1.0631579E7,6666666.0,-2.0268907312889906
0,57,1,9405070.0,6666666.0,-1.4945333474798868
0,57,2,9111393.0,6666666.0,-1.356760818692375
0,57,3,1.0329252E7,6666666.0,-1.9016017540510244
0,57,4,9946499.0,6666666.0,-1.73761545789774
0,57,5,8969123.0,6666666.0,-1.288412823317828
0,57,6,9441536.0,6666666.0,-1.5113395589967022
0,57,7,1.0081097E7,6666666.0,-1.7959909601569253
0,57,8,8868559.0,6666666.0,-1.2394436209268203
0,57,9,9209188.0,6666666.0,-1.4031264140447863
0,57,10,1.034305E7,6666666.0,-1.9073992662498942
0,57,11,8884932.0,6666666.0,-1.2474541080678068
0,57,12,1.0085465E7,6666666.0,-1.7978722905756834
0,57,13,1.0463062E7,6666666.0,-1.9575010127079981
0,57,14,8822696.0,6666666.0,-1.216926176636885
0,58,0,9472120.0,6250000.0,-1.8056717404149536
0,58,1,1.0421046E7,6250000.0,-2.2203129559532324
0,58,2,9224523.0,6250000.0,-1.6906390070394883
0,58,3,8888232.0,6250000.0,-1.529353646603857
0,58,4,1.0175917E7,6250000.0,-2.1169353864609244
0,58,5,9645765.0,6250000.0,-1.884566596439789
0,58,6,8872741.0,6250000.0,-1.5217778707439191
0,58,7,1.0691437E7,6250000.0,-2.3315606384489858
0,58,8,1.0378336E7,6250000.0,-2.2024770958370556
0,58,9,9074003.0,6250000.0,-1.6191890117014462
0,58,10,9245240.0,6250000.0,-1.7003817228013416
0,58,11,1.025772E7,6250000.0,-2.151708228219454
0,58,12,8919378.0,6250000.0,-1.5445455221294113
0,58,13,1.0017121E7,6250000.0,-2.0486290244322816
0,58,14,1.0441478E7,6250000.0,-2.228819604229602
0,58,15,8812613.0,6250000.0,-1.4922468144537353
0,59,0,9670643.0,5263157.0,-2.6420902601873877
0,59,1,1.0480714E7,5263157.0,-2.991445448063212
0,59,2,9208671.0,5263157.0,-2.4295063190551054
0,59,3,8918726.0,5263157.0,-2.290564965709436
0,59,4,1.0282053E7,5263157.0,-2.908335129394926
0,59,5,9546873.0,5263157.0,-2.586148200600593
0,59,6,8952915.0,5263157.0,-2.307181360538489
0,59,7,9379428.0,5263157.0,-2.5093002872504537
0,59,8,1.0078972E7,5263157.0,-2.8216991349016234
0,59,9,8934117.0,5263157.0,-2.2980531041834364
0,59,10,1.4938974E7,5263157.0,-4.530744461953842
0,59,11,1.1305282E7,5263157.0,-3.3203507468111955
0,59,12,9221589.0,5263157.0,-2.435594368855763
0,59,13,1.1824312E7,5263157.0,-3.51529555415064
0,59,14,9809504.0,5263157.0,-2.704007233953794
0,59,15,8972548.0,5263157.0,-2.3166946511828006
0,59,16,1.0106963E7,5263157.0,-2.8337435060288003
0,59,17,9612207.0,5263157.0,-2.6157678959783857
0,59,18,9920886.0,5263157.0,-2.753041340064861
0,60,0,1.0133884E7,4545454.0,-3.4819866166186273
0,60,1,1.0429111E7,4545454.0,-3.6067002273997217
0,60,2,8940735.0,4545454.0,-2.937959556846032
0,60,3,9431710.0,4545454.0,-3.1701317182950195
0,60,4,1.0140838E7,4545454.0,-3.4849657784987103
0,60,5,8828193.0,4545454.0,-2.8829455198071994
0,60,6,9386199.0,4545454.0,-3.149124905367733
0,60,7,1.0227813E7,4545454.0,-3.522055119505721
0,60,8,8792841.0,4545454.0,-2.8655195286614936
0,60,9,9995579.0,4545454.0,-3.4223068889263297
0,60,10,1.0480119E7,4545454.0,-3.6278894695452326
0,60,11,9014807.0,4545454.0,-2.9737916618873017
0,60,12,9286564.0,4545454.0,-3.1027778903376113
0,60,13,1.0598411E7,4545454.0,-3.6766349012105257
0,60,14,9255455.0,4545454.0,-3.0882050655397535
0,60,15,8930889.0,4545454.0,-2.933174245895614
0,60,16,1.1139245E7,4545454.0,-3.892784889955812
0,60,17,9438111.0,4545454.0,-3.1730781363721072
0,60,18,8888818.0,4545454.0,-2.91266746977862
0,60,19,1.0089221E7,4545454.0,-3.4628036810786496
0,60,20,9979166.0,4545454.0,-3.415169799631122
0,60,21,9013187.0,4545454.0,-2.9730111456939006
0,61,0,9504827.0,4166666.0,-3.5815552775746333
0,61,1,1.014012E7,4166666.0,-3.862544057453019
0,61,2,8875772.0,4166666.0,-3.284174487860022
0,61,3,1.0190221E7,4166666.0,-3.8839491405105515
0,61,4,1.0294278E7,4166666.0,-3.928072035212462
0,61,5,8693487.0,4166666.0,-3.1940532022555495
0,61,6,1.0904745E7,4166666.0,-4.178268255529044
0,61,7,1.0290473E7,4166666.0,-3.926466486986533
0,61,8,8865166.0,4166666.0,-3.278981833645455
0,61,9,9668372.0,4166666.0,-3.6556466315767477
0,61,10,1.056346E7,4166666.0,-4.040175033346766
0,61,11,9667720.0,4166666.0,-3.65535374922771
0,61,12,9103008.0,4166666.0,-3.393962356012734
0,61,13,1.0337646E7,4166666.0,-3.9463296740350136
0,61,14,9680902.0,4166666.0,-3.6612713497123233
0,61,15,8919922.0,4166666.0,-3.30572367915917
0,61,16,9469688.0,4166666.0,-3.5654698163700713
0,61,17,1.0080045E7,4166666.0,-3.8367378211855883
0,61,18,9073086.0,4166666.0,-3.379663385918718
0,61,19,9198180.0,4166666.0,-3.4391321526712915
0,61,20,1.0265302E7,4166666.0,-3.915830418175878
0,61,21,8997591.0,4166666.0,-3.343375589213435
0,61,22,9373375.0,4166666.0,-3.5210730336346634
0,61,23,1.0400456E7,4166666.0,-3.97263692222727
0,62,0,8877578.0,4000000.0,-3.4623450545202945
0,62,1,9796302.0,4000000.0,-3.8900217374372836
0,62,2,1.0727025E7,4000000.0,-4.284193014459696
0,62,3,9128785.0,4000000.0,-3.5835298742111714
0,62,4,8842792.0,4000000.0,-3.445294183400442
0,62,5,1.0304279E7,4000000.0,-4.109576178609164
0,62,6,9383261.0,4000000.0,-3.7029380527949805
0,62,7,8911772.0,4000000.0,-3.4790407559409218
0,62,8,9725360.0,4000000.0,-3.858456950831247
0,62,9,1.0042395E7,4000000.0,-3.9977730825832136
0,62,10,8808313.0,4000000.0,-3.4283274739658935
0,62,11,9209201.0,4000000.0,-3.621619606556721
0,62,12,1.0161782E7,4000000.0,-4.049098824570418
0,62,13,8906824.0,4000000.0,-3.47662879357117
0,62,14,1.0884263E7,4000000.0,-4.347390359058849
0,62,15,1.0293157E7,4000000.0,-4.104886057278359
0,62,16,8890624.0,4000000.0,-3.468722522346304
0,62,17,9632379.0,4000000.0,-3.816735708717538
0,62,18,1.0558549E7,4000000.0,-4.215442484047781
0,62,19,8984909.0,4000000.0,-3.5145369156411013
0,62,20,8883719.0,4000000.0,-3.46534821641736
0,62,21,9670387.0,4000000.0,-3.833838631688355
0,62,22,9914427.0,4000000.0,-3.942076280777966
0,62,23,8915338.0,4000000.0,-3.4807782155102225
0,62,24,1.0190218E7,4000000.0,-4.061234836680951
0,63,0,1.0472594E7,4166666.0,-4.002655783936555
0,63,1,8936272.0,4166666.0,-3.3136769045369436
0,63,2,9412602.0,4166666.0,-3.5392100668075366
0,63,3,1.0175322E7,4166666.0,-3.877594726449272
0,63,4,3.902451E7,4166666.0,-9.715487698740645
0,63,5,9704681.0,4166666.0,-3.671925755787871
0,63,6,1.0404721E7,4166666.0,-3.9744175040423277
0,63,7,9191557.0,4166666.0,-3.436003959507894
0,63,8,9122931.0,4166666.0,-3.4034570134997546
0,63,9,3.0800823E7,4166666.0,-8.687736322311004
0,63,10,1.1907859E7,4166666.0,-4.560449947578558
0,63,11,9466116.0,4166666.0,-3.5638313330949396
0,63,12,9095105.0,4166666.0,-3.3901902841432507
0,63,13,1.2130511E7,4166666.0,-4.6409040718532495
0,63,14,9498635.0,4166666.0,-3.578725107443409
0,63,15,8987870.0,4166666.0,-3.338680933825189
0,63,16,1.0474707E7,4166666.0,-4.003531948596979
0,63,17,1.239119E7,4166666.0,-4.733243274711984
0,63,18,1.2809229E7,4166666.0,-4.877343011212019
0,63,19,1.0786517E7,4166666.0,-4.130925434744554
0,63,20,8963245.0,4166666.0,-3.326765787245024
0,63,21,1.004466E7,4166666.0,-3.821465521712117
0,63,22,1.0306994E7,4166666.0,-3.9334333442939777
0,63,23,8955759.0,4166666.0,-3.3231370937298395
0,64,0,9562341.0,4761904.0,-3.027835911124712
0,64,1,1.2221826E7,4761904.0,-4.093554606742519
0,64,2,9129795.0,4761904.0,-2.826803902363568
0,64,3,8876119.0,4761904.0,-2.7044248030207028
0,64,4,1.0827391E7,4761904.0,-3.567431845761147
0,64,5,9095706.0,4761904.0,-2.8105577845116048
0,64,6,8788285.0,4761904.0,-2.6612349666618678
0,64,7,9742356.0,4761904.0,-3.1088335950511023
0,64,8,9516847.0,4761904.0,-3.007124515434442
0,64,9,8395004.0,4761904.0,-2.4624027162512903
0,64,10,9242006.0,4761904.0,-2.879856103520126
0,64,11,1.0002229E7,4761904.0,-3.2231615767382853
0,64,12,8712869.0,4761904.0,-2.6238054858625146
0,64,13,1.0827136E7,4761904.0,-3.567329562212871
0,64,14,1.0135376E7,4761904.0,-3.2805922891225214
0,64,15,8379935.0,4761904.0,-2.454600142056377
0,64,16,8470536.0,4761904.0,-2.501302567804549
0,64,17,1.0279262E7,4761904.0,-3.341812998109546
0,64,18,9416726.0,4761904.0,-2.961192980877832
0,64,19,8886988.0,4761904.0,-2.709739579667506
0,64,20,9460154.0,4761904.0,-2.981175704754601
0,65,0,1.0326036E7,5555555.0,-2.692061833417809
0,65,1,8790942.0,5555555.0,-1.9930796325182651
0,65,2,9299246.0,5555555.0,-2.237202851173962
0,65,3,1.0292513E7,5555555.0,-2.677939727400211
0,65,4,8816609.0,5555555.0,-2.005741296099667
0,65,5,9297572.0,5555555.0,-2.23642098734686
0,65,6,1.0184876E7,5555555.0,-2.632282944027067
0,65,7,9143461.0,5555555.0,-2.163831653485505
0,65,8,9742211.0,5555555.0,-2.4393007996264955
0,65,9,1.0607439E7,5555555.0,-2.808830914894802
0,65,10,9232934.0,5555555.0,-2.2061227962698053
0,65,11,8982223.0,5555555.0,-2.086563815426014
0,65,12,9914639.0,5555555.0,-2.515494543497026
0,65,13,9667040.0,5555555.0,-2.405660641405753
0,65,14,8917387.0,5555555.0,-2.055101632532808
0,65,15,1.172244E7,5555555.0,-3.2429056706152775
0,65,16,9773164.0,5555555.0,-2.4530773510591963
0,65,17,8837100.0,5555555.0,-2.0158231799974806
0,66,0,9396563.0,6250000.0,-1.7708901252269555
0,66,1,9964779.0,6250000.0,-2.0258765396691087
0,66,2,8798182.0,6250000.0,-1.4851292424518558
0,66,3,9493339.0,6250000.0,-1.8153897213577173
0,66,4,1.0246212E7,6250000.0,-2.146833200910023
0,66,5,8835001.0,6250000.0,-1.503265856548432
0,66,6,1.07908E7,6250000.0,-2.3717362592143494
0,66,7,1.0544161E7,6250000.0,-2.271320112485913
0,66,8,9073113.0,6250000.0,-1.6187630243553537
0,66,9,1.125678E7,6250000.0,-2.555341610733181
0,66,10,1.0137426E7,6250000.0,-2.1004767967450015
0,66,11,8908099.0,6250000.0,-1.5390501756875548
0,66,12,1.0844881E7,6250000.0,-2.393447735541413
0,66,13,1.0282345E7,6250000.0,-2.1621215416540753
0,66,14,8906095.0,6250000.0,-1.538073060309328
0,66,15,9651950.0,6250000.0,-1.8873504612264194
0,67,0,1.0512195E7,6666666.0,-1.9778471088790868
0,67,1,9404688.0,6666666.0,-1.494356949152901
0,67,2,8940096.0,6666666.0,-1.2743348482091654
0,67,3,1.1860693E7,6666666.0,-2.50201367338276
0,67,4,9274417.0,6666666.0,-1.4337792140393488
0,67,5,8963093.0,6666666.0,-1.2854920512006693
0,67,6,1.1035608E7,6666666.0,-2.1888756782793446
0,67,7,9464508.0,6666666.0,-1.5218934514429718
0,67,8,8842938.0,6666666.0,-1.2268788256616145
0,67,9,9484990.0,6666666.0,-1.531281798345248
0,67,10,9974805.0,6666666.0,-1.7499571679361627
0,67,11,8901696.0,6666666.0,-1.2556406118283046
0,67,12,9327853.0,6666666.0,-1.4587299579716713
0,67,13,1.0354838E7,6666666.0,-1.912346112909991
0,67,14,8895775.0,6666666.0,-1.2527509229256286
0,68,0,1.0772336E7,6250000.0,-2.364298736885794
0,68,1,1.0287355E7,6250000.0,-2.164237095500131
0,68,2,8932474.0,6250000.0,-1.550917434192394
0,68,3,1.0740235E7,6250000.0,-2.3513376663460996
0,68,4,1.0367609E7,6250000.0,-2.19798592676999
0,68,5,8986788.0,6250000.0,-1.5772447937982066
0,68,6,9663526.0,6250000.0,-1.8925560212907089
0,68,7,1.4746094E7,6250000.0,-3.7279698067215556
0,68,8,8961883.0,6250000.0,-1.5651925242865703
0,68,9,1.0522075E7,6250000.0,-2.262213757234192
0,68,10,1.0279882E7,6250000.0,-2.1610811219426855
0,68,11,8776194.0,6250000.0,-1.4742619751864419
0,68,12,1.1231555E7,6250000.0,-2.545598708112286
0,68,13,1.0005411E7,6250000.0,-2.0435491584463907
0,68,14,8854549.0,6250000.0,-1.5128642827242822
0,68,15,1.0741289E7,6250000.0,-2.351763843170699
0,69,0,1.0276808E7,5263157.0,-2.9061191753038877
0,69,1,8930182.0,5263157.0,-2.2961398482376767
0,69,2,8870486.0,5263157.0,-2.2670108957923247
0,69,3,1.0824992E7,5263157.0,-3.1318125885152064
0,69,4,9127105.0,5263157.0,-2.390867215503908
0,69,5,8988011.0,5263157.0,-2.3241727004271406
0,69,6,9817752.0,5263157.0,-2.7076573224812943
0,69,7,9643267.0,5263157.0,-2.629778663313647
0,69,8,1.6162569E7,5263157.0,-4.872640667319995
0,69,9,1.2272423E7,5263157.0,-3.6768399070004647
0,69,10,9380157.0,5263157.0,-2.50963782209194
0,69,11,1.0863025E7,5263157.0,-3.147044537994161
0,69,12,1.2726822E7,5263157.0,-3.8347364480169754
0,69,13,9030249.0,5263157.0,-2.3445340049341996
0,69,14,9395955.0,5263157.0,-2.516946029290694
0,69,15,1.0275808E7,5263157.0,-2.905696558073802
0,69,16,9360609.0,5263157.0,-2.5005777958249826
0,69,17,1.0283575E7,5263157.0,-2.9089779458483433
0,69,18,1.0238553E7,5263157.0,-2.8899225754376756
0,70,0,8949894.0,4545454.0,-2.9424062462354916
0,70,1,1.0299528E7,4545454.0,-3.55240055536662
0,70,2,1.0897021E7,4545454.0,-3.7973052077832326
0,70,3,8994026.0,4545454.0,-2.963768716331359
0,70,4,9831098.0,4545454.0,-3.350247582682595
0,70,5,1.0404834E7,4545454.0,-3.596578887529409
0,70,6,9033444.0,4545454.0,-2.9827608956774423
0,70,7,8879108.0,4545454.0,-2.9079207144858694
0,70,8,1.020918E7,4545454.0,-3.514135939493749
0,70,9,9552403.0,4545454.0,-3.2253536927144233
0,70,10,8837093.0,4545454.0,-2.8873215839320276
0,70,11,9506086.0,4545454.0,-3.2042447190496532
0,70,12,9949994.0,4545454.0,-3.4024555179707394
0,70,13,8844385.0,4545454.0,-2.8909037228703918
0,70,14,9352086.0,4545454.0,-3.133312247989565
0,70,15,1.0155411E7,4545454.0,-3.4912023738148195
0,70,16,8795432.0,4545454.0,-2.866799082385445
0,70,17,9490869.0,4545454.0,-3.197287119218966
0,70,18,1.1679276E7,4545454.0,-4.098386545709097
0,70,19,9130433.0,4545454.0,-3.029141068630379
0,70,20,9854855.0,4545454.0,-3.3607297158211624
0,70,21,1.0604578E7,4545454.0,-3.679161237610948
0,71,0,9295514.0,4166666.0,-3.484847204967323
0,71,1,8906939.0,4166666.0,-3.2993978921847615
0,71,2,1.1859445E7,4166666.0,-4.542756765273665
0,71,3,9378397.0,4166666.0,-3.5233992425286953
0,71,4,8898773.0,4166666.0,-3.295414396340436
0,71,5,1.171053E7,4166666.0,-4.4878786219480045
0,71,6,9561167.0,4166666.0,-3.607222150573342
0,71,7,8936380.0,4166666.0,-3.313729391212168
0,71,8,9470562.0,4166666.0,-3.5658706277399874
0,71,9,1.0294601E7,4166666.0,-3.9282083001520602
0,71,10,8932014.0,4166666.0,-3.3116070630994967
0,71,11,9821521.0,4166666.0,-3.7239006077342838
0,71,12,1.0187158E7,4166666.0,-3.882643531964832
0,71,13,9078863.0,4166666.0,-3.3824277384482047
0,71,14,9874324.0,4166666.0,-3.747186845484729
0,71,15,1.0368286E7,4166666.0,-3.9591827951968366
0,71,16,8920741.0,4166666.0,-3.306122416785602
0,71,17,9637204.0,4166666.0,-3.641623634104474
0,71,18,1.048756E7,4166666.0,-4.008857696690373
0,71,19,9191391.0,4166666.0,-3.4359255249891234
0,71,20,8923318.0,4166666.0,-3.3073768139915796
0,71,21,1.1692998E7,4166666.0,-4.481371865974284
0,71,22,9574027.0,4166666.0,-3.6130595911324805
0,71,23,8869379.0,4166666.0,-3.2810452445609055
0,72,0,9506825.0,4000000.0,-3.7597550823742916
0,72,1,1.012536E7,4000000.0,-4.03350481865812
0,72,2,8948941.0,4000000.0,-3.49711653477542
0,72,3,9387986.0,4000000.0,-3.705124419497557
0,72,4,1.0279304E7,4000000.0,-4.099037187406021
0,72,5,9344112.0,4000000.0,-3.6847804399370765
0,72,6,1.0012771E7,4000000.0,-3.9849429229235813
0,72,7,1.0223561E7,4000000.0,-4.075422012693371
0,72,8,8916295.0,4000000.0,-3.481244375642141
0,72,9,9279903.0,4000000.0,-3.654834453666634
0,72,10,1.0538923E7,4000000.0,-4.207362401315129
0,72,11,9114625.0,4000000.0,-3.576788139964475
0,72,12,8874207.0,4000000.0,-3.460695635359243
0,72,13,1.0951896E7,4000000.0,-4.374293197256035
0,72,14,9459657.0,4000000.0,-3.7381539817024656
0,72,15,8885591.0,4000000.0,-3.466263276454165
0,72,16,1.0307792E7,4000000.0,-4.111056550503573
0,72,17,1.0174388E7,4000000.0,-4.054483040910168
0,72,18,8844335.0,4000000.0,-3.4460519281571536
0,72,19,9437361.0,4000000.0,-3.7279057676596623
0,72,20,1.0158088E7,4000000.0,-4.047519794946879
0,72,21,8838236.0,4000000.0,-3.443056026542884
0,72,22,9475384.0,4000000.0,-3.7453682791391625
0,72,23,1.0294699E7,4000000.0,-4.105536617581818
0,72,24,9355650.0,4000000.0,-3.6901397491818577
0,73,0,1.0055019E7,4166666.0,-3.8259420677667695
0,73,1,1.0114402E7,4166666.0,-3.8515152200525877
0,73,2,9233915.0,4166666.0,-3.4559718366630214
0,73,3,9657112.0,4166666.0,-3.650585794373806
0,73,4,1.0660649E7,4166666.0,-4.079949557147154
0,73,5,9340236.0,4166666.0,-3.5056916089807952
0,73,6,8931137.0,4166666.0,-3.311180625164851
0,73,7,1.1659512E7,4166666.0,-4.468916849371347
0,73,8,9361589.0,4166666.0,-3.515608816634888
0,73,9,8965400.0,4166666.0,-3.3278098199792416
0,73,10,9563230.0,4166666.0,-3.6081591207895967
0,73,11,1.0155699E7,4166666.0,-3.8692113174068044
0,73,12,9019331.0,4166666.0,-3.353856365695509
0,73,13,9874768.0,4166666.0,-3.7473821220574424
0,73,14,9997000.0,4166666.0,-3.8008100330699652
0,73,15,8860248.0,4166666.0,-3.2765718923974734
0,73,16,1.0217442E7,4166666.0,-3.8955349228738116
0,73,17,1.0096139E7,4166666.0,-3.8436663234972155
0,73,18,1.1316819E7,4166666.0,-4.339356810821088
0,73,19,1.6674716E7,4166666.0,-6.022697570446946
0,73,20,1.1930334E7,4166666.0,-4.56863913488222
0,73,21,1.364382E7,4166666.0,-5.151472924176415
0,73,22,1.1243501E7,4166666.0,-4.311128740541435
0,73,23,9776346.0,4166666.0,-3.7038787472237504
0,74,0,9987879.0,4761904.0,-3.216926365917197
0,74,1,9327680.0,4761904.0,-2.919930027704103
0,74,2,1.1292725E7,4761904.0,-3.750181165680408
0,74,3,8918162.0,4761904.0,-2.724947213428444
0,74,4,9862485.0,4761904.0,-3.1620571991408952
0,74,5,8727928.0,4761904.0,-2.63130519155627
0,74,6,9274194.0,4761904.0,-2.8949554056067113
0,74,7,1.0463839E7,4761904.0,-3.4191041305774195
0,74,8,8556645.0,4761904.0,-2.54522878477573
0,74,9,8425861.0,4761904.0,-2.4783365458854862
0,74,10,9271637.0,4761904.0,-2.893757841585704
0,74,11,9644614.0,4761904.0,-3.065042150682759
0,74,12,8456193.0,4761904.0,-2.493942507576966
0,74,13,1.0273461E7,4761904.0,-3.339361408258
0,74,14,1.0133027E7,4761904.0,-3.279585640752092
0,74,15,8537138.0,4761904.0,-2.535316659254965
0,74,16,9271470.0,4761904.0,-2.8936796160990266
0,74,17,1.0551415E7,4761904.0,-3.455300689243674
0,74,18,8269745.0,4761904.0,-2.397114823829844
0,74,19,8988726.0,4761904.0,-2.7591750641278807
0,74,20,9826766.0,4761904.0,-3.1462997875289433
0,75,0,9772333.0,5555555.0,-2.452708060153287
0,75,1,9287403.0,5555555.0,-2.231668394430049
0,75,2,9500033.0,5555555.0,-2.3299766242086846
0,75,3,1.0110226E7,5555555.0,-2.6003341227963213
0,75,4,8752131.0,5555555.0,-1.9738635799644346
0,75,5,1.0071599E7,5555555.0,-2.583709745727807
0,75,6,1.0089516E7,5555555.0,-2.5914288190833554
0,75,7,8489336.0,5555555.0,-1.8414627142532023
0,75,8,8353119.0,5555555.0,-1.7712121701813268
0,75,9,1.1240668E7,5555555.0,-3.0606466938266568
0,75,10,9117804.0,5555555.0,-2.1516280072932594
0,75,11,8408258.0,5555555.0,-1.79978577701523
0,75,12,9185584.0,5555555.0,-2.1837932157683673
0,75,13,9390180.0,5555555.0,-2.2794646585291316
0,75,14,8396098.0,5555555.0,-1.793500475963873
0,75,15,9389289.0,5555555.0,-2.2790525527516294
0,75,16,9439220.0,5555555.0,-2.3020865684654455
0,75,17,8390473.0,5555555.0,-1.790589927344814
0,76,0,8437224.0,6250000.0,-1.3031956200759738
0,76,1,1.0118913E7,6250000.0,-2.0925384462049053
0,76,2,9206872.0,6250000.0,-1.6823208800138136
0,76,3,8485577.0,6250000.0,-1.3280136135395173
0,76,4,9078353.0,6250000.0,-1.6212704836959821
0,76,5,9617443.0,6250000.0,-1.871796036957266
0,76,6,8498587.0,6250000.0,-1.3346670729793515
0,76,7,1.037791E7,6250000.0,-2.202298827137294
0,76,8,1.0039788E7,6250000.0,-2.0584452500653527
0,76,9,8643108.0,6250000.0,-1.4078992241881416
0,76,10,8464699.0,6250000.0,-1.3173150210463103
0,76,11,1.0885649E7,6250000.0,-2.4097430934644706
0,76,12,9092492.0,6250000.0,-1.6280291027023177
0,76,13,8552003.0,6250000.0,-1.3618782720501132
0,76,14,9044806.0,6250000.0,-1.6051923886745154
0,76,15,9785341.0,6250000.0,-1.9469594722714436
0,77,0,8737948.0,6666666.0,-1.1750075835647753
0,77,1,1.018858E7,6666666.0,-1.8420496233675419
0,77,2,9903898.0,6666666.0,-1.718974613961031
0,77,3,8509287.0,6666666.0,-1.0598447421035073
0,77,4,9225604.0,6666666.0,-1.4108611149292791
0,77,5,1.0136675E7,6666666.0,-1.8198682494207696
0,77,6,8872671.0,6666666.0,-1.2414568059670508
0,77,7,8436989.0,6666666.0,-1.022787853670899
0,77,8,9150379.0,6666666.0,-1.375303849887226
0,77,9,9464451.0,6666666.0,-1.5218672959787771
0,77,10,8326316.0,6666666.0,-0.9654419167485739
0,77,11,1.0199802E7,6666666.0,-1.8468304374292768
0,77,12,1.0011173E7,6666666.0,-1.7657626883373427
0,77,13,9389701.0,6666666.0,-1.487430655587437
0,77,14,1.0518732E7,6666666.0,-1.9805469262667175
0,78,0,1.0512294E7,5882352.0,-2.5214648927518484
0,78,1,8975648.0,5882352.0,-1.8351480328737675
0,78,2,9816893.0,5882352.0,-2.224230482587974
0,78,3,1.042584E7,5882352.0,-2.4856004661366775
0,78,4,9689564.0,5882352.0,-2.1675322646578237
0,78,5,8986372.0,5882352.0,-1.8403338355588885
0,78,6,1.0874156E7,5882352.0,-2.6684454993877713
0,78,7,9637997.0,5882352.0,-2.1443577764863475
0,78,8,8971850.0,5882352.0,-1.8333099488501439
0,78,9,9580967.0,5882352.0,-2.11858335180895
0,78,10,9820550.0,5882352.0,-2.2258480200022697
0,78,11,9349448.0,5882352.0,-2.012349613495906
0,78,12,9515393.0,5882352.0,-2.088757208722211
0,78,13,1.0070374E7,5882352.0,-2.3349459082517665
0,78,14,9581408.0,5882352.0,-2.118783247559403
0,78,15,1.0763108E7,5882352.0,-2.623866889937125
0,78,16,1.0103987E7,5882352.0,-2.3494176964070963
0,79,0,8938315.0,5263157.0,-2.300093305839886
0,79,1,9355091.0,5263157.0,-2.4980169116255357
0,79,2,1.0204581E7,5263157.0,-2.8754885207372265
0,79,3,9245799.0,5263157.0,-2.4469812259794783
0,79,4,1.3200528E7,5263157.0,-3.9934497742059683
0,79,5,1.0010844E7,5263157.0,-2.792243685550098
0,79,6,8745101.0,5263157.0,-2.205185044339988
0,79,7,9959394.0,5263157.0,-2.769865884613336
0,79,8,1.0021235E7,5263157.0,-2.7967492132751066
0,79,9,9039353.0,5263157.0,-2.3489102134392885
0,79,10,9603981.0,5263157.0,-2.612049669838679
0,79,11,2.0304508E7,5263157.0,-5.863461453154865
0,79,12,1.3357225E7,5263157.0,-4.04469916427888
0,79,13,1.4094365E7,5263157.0,-4.277991889594243
0,79,14,1.8264707E7,5263157.0,-5.40366384492407
0,79,15,1.0987028E7,5263157.0,-3.1963390608215523
0,79,16,8972743.0,5263157.0,-2.3167890351902543
0,79,17,1.1643001E7,5263157.0,-3.4481860954348176
0,79,18,9695921.0,5263157.0,-2.6534274309398587
0,80,0,9133269.0,4545454.0,-3.0304898194592926
0,80,1,1.0877668E7,4545454.0,-3.7895853240949826
0,80,2,1.0491485E7,4545454.0,-3.6325969698056975
0,80,3,8926515.0,4545454.0,-2.9310467204144928
0,80,4,8867185.0,4545454.0,-2.902085023745439
0,80,5,1.0657541E7,4545454.0,-3.700797450087233
0,80,6,9662728.0,4545454.0,-3.275224875196745
0,80,7,8966385.0,4545454.0,-2.9504011567006168
0,80,8,9910922.0,4545454.0,-3.3853679114497064
0,80,9,9940679.0,4545454.0,-3.398387829165368
0,80,10,8932581.0,4545454.0,-2.9339969598090674
0,80,11,9585889.0,4545454.0,-3.240551287004939
0,80,12,1.038238E7,4545454.0,-3.5871965315394383
0,80,13,9067648.0,4545454.0,-2.9991738569939583
0,80,14,1.0181096E7,4545454.0,-3.5021726546983354
0,80,15,1.0337455E7,4545454.0,-3.568363649739208
0,80,16,8981486.0,4545454.0,-2.9577093020720713
0,80,17,1.0425513E7,4545454.0,-3.6052016709535435
0,80,18,1.0512E7,4545454.0,-3.6410808515325277
0,80,19,8978399.0,4545454.0,-2.9562163447632264
0,80,20,1.1007931E7,4545454.0,-3.841284315894149
0,80,21,1.044895E7,4545454.0,-3.6149538394757825
0,81,0,8962706.0,4000000.0,-3.503791593434457
0,81,1,9779622.0,4000000.0,-3.882620775203014
0,81,2,1.0094067E7,4000000.0,-4.020061917360132
0,81,3,9035992.0,4000000.0,-3.5391584641865945
0,81,4,9716040.0,4000000.0,-3.8542930275732457
0,81,5,1.1978733E7,4000000.0,-4.763508934859486
0,81,6,9211910.0,4000000.0,-3.6228969494487515
0,81,7,8863604.0,4000000.0,-3.4555035347780767
0,81,8,9905762.0,4000000.0,-3.9382789790212183
0,81,9,9691453.0,4000000.0,-3.843289026037084
0,81,10,8913297.0,4000000.0,-3.4797838656439124
0,81,11,9384452.0,4000000.0,-3.703489259783963
0,81,12,9873436.0,4000000.0,-3.924083240729117
0,81,13,8836008.0,4000000.0,-3.4419610907585803
0,81,14,9603070.0,4000000.0,-3.8035010326559733
0,81,15,1.0170521E7,4000000.0,-4.05283209542622
0,81,16,8907037.0,4000000.0,-3.4767326505897573
0,81,17,9274946.0,4000000.0,-3.6525139844480385
0,81,18,1.0221347E7,4000000.0,-4.074481408816168
0,81,19,9136428.0,4000000.0,-3.5871644476693842
0,81,20,8977543.0,4000000.0,-3.5109750262809856
0,81,21,1.0137297E7,4000000.0,-4.038621792044394
0,81,22,9782991.0,4000000.0,-3.884116626625312
0,81,23,9070449.0,4000000.0,-3.55568794452745
0,81,24,9420680.0,4000000.0,-3.720222606781942
0,82,0,9943895.0,4000000.0,-3.9549653850902953
0,82,1,8929083.0,4000000.0,-3.4874686862566056
0,82,2,9279825.0,4000000.0,-3.6547979499316785
0,82,3,1.0256197E7,4000000.0,-4.089263628116057
0,82,4,8896304.0,4000000.0,-3.4714962365492976
0,82,5,1.0279119E7,4000000.0,-4.098959025302679
0,82,6,1.0301904E7,4000000.0,-4.108575071903387
0,82,7,8917020.0,4000000.0,-3.481597493948584
0,82,8,9674477.0,4000000.0,-3.8356750513783053
0,82,9,1.0587698E7,4000000.0,-4.227415538056876
0,82,10,9137074.0,4000000.0,-3.587471508938129
0,82,11,8888534.0,4000000.0,-3.4677014667132324
0,82,12,1.016676E7,4000000.0,-4.051225802465958
0,82,13,9571074.0,4000000.0,-3.7890068271875332
0,82,14,8868939.0,4000000.0,-3.4581167653010327
0,82,15,9440605.0,4000000.0,-3.729398355699244
0,82,16,1.0038592E7,4000000.0,-3.996128121671259
0,82,17,8873348.0,4000000.0,-3.4602752293255707
0,82,18,1.0560238E7,4000000.0,-4.216137148359229
0,82,19,1.0152643E7,4000000.0,-4.0451912391596805
0,82,20,8907986.0,4000000.0,-3.477195344871675
0,82,21,1.0122694E7,4000000.0,-4.032361173846184
0,82,22,1.0174047E7,4000000.0,-4.054337482376214
0,82,23,8852611.0,4000000.0,-3.4501138961308895
0,82,24,9784530.0,4000000.0,-3.8847997782713772
0,83,0,1.0869581E7,4166666.0,-4.164241144483033
0,83,1,9345897.0,4166666.0,-3.5083230160646144
0,83,2,9015862.0,4166666.0,-3.352185668213867
0,83,3,1.0296535E7,4166666.0,-3.9290241128692123
0,83,4,9925415.0,4166666.0,-3.769599856708603
0,83,5,8904385.0,4166666.0,-3.298152405757831
0,83,6,9562691.0,4166666.0,-3.607914338093059
0,83,7,1.0091114E7,4166666.0,-3.8415042365439915
0,83,8,8900072.0,4166666.0,-3.296048312229915
0,83,9,9212996.0,4166666.0,-3.446121938041709
0,83,10,1.0293759E7,4166666.0,-3.9278530742341466
0,83,11,9050835.0,4166666.0,-3.3689995881985273
0,83,12,1.0839286E7,4166666.0,-4.152119867154162
0,83,13,1.0213382E7,4166666.0,-3.893808868535781
0,83,14,8883468.0,4166666.0,-3.2879385346795376
0,83,15,1.0948958E7,4166666.0,-4.195841010248132
0,83,16,1.0193051E7,4166666.0,-3.8851550836895306
0,83,17,8795928.0,4166666.0,-3.2449297693856427
0,83,18,9720361.0,4166666.0,-3.67893705486797
0,83,19,1.0532404E7,4166666.0,-4.027388205394827
0,83,20,1.1809781E7,4166666.0,-4.524531553513295
0,83,21,1.3387373E7,4166666.0,-5.069066751013248
0,83,22,1.0910551E7,4166666.0,-4.180579948958706
0,83,23,1.0424251E7,4166666.0,-3.9825617117518473
0,84,0,9910457.0,5000000.0,-2.9712367719285755
0,84,1,1.0513316E7,5000000.0,-3.227697139152727
0,84,2,9006007.0,5000000.0,-2.5556227585032136
0,84,3,9517083.0,5000000.0,-2.7953385254345697
0,84,4,1.1594024E7,5000000.0,-3.6526419070311373
0,84,5,8966451.0,5000000.0,-2.536505751508524
0,84,6,1.0162193E7,5000000.0,-3.08017434421594
0,84,7,1.0244556E7,5000000.0,-3.1152313644624434
0,84,8,9022599.0,5000000.0,-2.5636165169536818
0,84,9,9667954.0,5000000.0,-2.86364571036986
0,84,10,1.0655162E7,5000000.0,-3.2859005273355675
0,84,11,9243940.0,5000000.0,-2.668871135881579
0,84,12,8873361.0,5000000.0,-2.4911814619213373
0,84,13,1.0324158E7,5000000.0,-3.1488463799097244
0,84,14,9365276.0,5000000.0,-2.725505764687493
0,84,15,8774047.0,5000000.0,-2.4422995212748004
0,84,16,1.124285E7,5000000.0,-3.519064120909872
0,84,17,1.019986E7,5000000.0,-3.096242064803367
0,84,18,8972856.0,5000000.0,-2.539606937384643
0,84,19,9662906.0,5000000.0,-2.8613775044085306
0,85,0,1.0301631E7,5882352.0,-2.4335498044665695
0,85,1,8901967.0,5882352.0,-1.7993497086531896
0,85,2,9803553.0,5882352.0,-2.218324919298225
0,85,3,1.0157494E7,5882352.0,-2.3723556532752674
0,85,4,8938408.0,5882352.0,-1.817091653231587
0,85,5,1.0604346E7,5882352.0,-2.5593288037527024
0,85,6,1.0443516E7,5882352.0,-2.492957273024061
0,85,7,8866326.0,5882352.0,-1.781926864050983
0,85,8,1.0740571E7,5882352.0,-2.614763612007512
0,85,9,1.0185759E7,5882352.0,-2.3844238720895854
0,85,10,8881328.0,5882352.0,-1.789269003321095
0,85,11,8850797.0,5882352.0,-1.7743137084200882
0,85,12,1.0901474E7,5882352.0,-2.679342141992942
0,85,13,9083189.0,5882352.0,-1.8868734180409354
0,85,14,8931366.0,5882352.0,-1.8136687762552204
0,85,15,1.0165399E7,5882352.0,-2.3757342057801547
0,85,16,9832874.0,5882352.0,-2.2312946494511623
0,86,0,8841887.0,6666666.0,-1.2263626277337105
0,86,1,1.1273235E7,6666666.0,-2.281398628122032
0,86,2,9887159.0,6666666.0,-1.7116282078887952
0,86,3,8936812.0,6666666.0,-1.2727392444340457
0,86,4,9256760.0,6666666.0,-1.4255030640812463
0,86,5,1.0193981E7,6666666.0,-1.844351222809986
0,86,6,8880259.0,6666666.0,-1.2451693500139913
0,86,7,9931649.0,6666666.0,-1.7311266499303044
0,86,8,1.0262373E7,6666666.0,-1.8733909811903726
0,86,9,8928700.0,6666666.0,-1.2687953361046214
0,86,10,8811793.0,6666666.0,-1.2115558896503447
0,86,11,1.1483111E7,6666666.0,-2.361508653814297
0,86,12,8967824.0,6666666.0,-1.2877837881392344
0,86,13,1.0458735E7,6666666.0,-1.9557046161078508
0,86,14,1.0820736E7,6666666.0,-2.1034810390890253
0,87,0,9276868.0,6666666.0,-1.4349267957635674
0,87,1,8966545.0,6666666.0,-1.2871643488455564
0,87,2,9802066.0,6666666.0,-1.6740892489550148
0,87,3,9696769.0,6666666.0,-1.6271835229552636
0,87,4,8949471.0,6666666.0,-1.2788866756967265
0,87,5,9582450.0,6666666.0,-1.5756786432430536
0,87,6,1.0022157E7,6666666.0,-1.7705250429406338
0,87,7,8897590.0,6666666.0,-1.253636921147312
0,87,8,1.0549185E7,6666666.0,-1.9931021105960287
0,87,9,1.0757008E7,6666666.0,-2.077827940957352
0,87,10,8907832.0,6666666.0,-1.2586332021388396
0,87,11,1.0906696E7,6666666.0,-2.137845107923528
0,87,12,1.0132248E7,6666666.0,-1.8179711365826008
0,87,13,8793499.0,6666666.0,-1.2025302101995041
0,87,14,1.0782775E7,6666666.0,-2.088218455340087
0,88,0,1.0167411E7,5882352.0,-2.3765937038037346
0,88,1,8853482.0,5882352.0,-1.7756309952667884
0,88,2,9005795.0,5882352.0,-1.8497104770704673
0,88,3,1.1742772E7,5882352.0,-3.002196194806112
0,88,4,9304698.0,5882352.0,-1.9915127278548985
0,88,5,8753296.0,5882352.0,-1.7262060561108727
0,88,6,1.023867E7,5882352.0,-2.4069253645295334
0,88,7,9625653.0,5882352.0,-2.138791923890009
0,88,8,9062688.0,5882352.0,-1.8770601971514786
0,88,9,9608510.0,5882352.0,-2.1310503733222212
0,88,10,9930205.0,5882352.0,-2.2740720506569305
0,88,11,8874199.0,5882352.0,-1.7857815421740828
0,88,12,9217582.0,5882352.0,-1.9506600066284687
0,88,13,1.0293781E7,5882352.0,-2.430239152707785
0,88,14,8806025.0,5882352.0,-1.752289049376471
0,88,15,1.0729742E7,5882352.0,-2.6103827021033794
0,88,16,1.0339644E7,5882352.0,-2.4495457686730835
0,89,0,8817717.0,5000000.0,-2.4638615192445408
0,89,1,9714565.0,5000000.0,-2.884533541428331
0,89,2,1.0499543E7,5000000.0,-3.2220039217225294
0,89,3,9260846.0,5000000.0,-2.676806579775736
0,89,4,9087707.0,5000000.0,-2.5948431201348376
0,89,5,9725127.0,5000000.0,-2.8892527713103906
0,89,6,1.0132721E7,5000000.0,-3.0675608037317845
0,89,7,8998097.0,5000000.0,-2.551806662381036
0,89,8,9844337.0,5000000.0,-2.942164680997906
0,89,9,1.0390931E7,5000000.0,-3.176844566040982
0,89,10,8980292.0,5000000.0,-2.5432045392671694
0,89,11,1.0815022E7,5000000.0,-3.3505740288512786
0,89,12,1.0274736E7,5000000.0,-3.1280066755357976
0,89,13,9786012.0,5000000.0,-2.9163573963752123
0,89,14,1.4495713E7,5000000.0,-4.62269577504018
0,89,15,1.134839E7,5000000.0,-3.55964248055467
0,89,16,1.0490808E7,5000000.0,-3.218389344226032
0,89,17,1.1689987E7,5000000.0,-3.6884402386334028
0,89,18,1.0104051E7,5000000.0,-3.0552552530969956
0,89,19,8903555.0,5000000.0,-2.5059344147918168
0,90,0,9769940.0,4347826.0,-3.516197413036346
0,90,1,1.1701E7,4347826.0,-4.29950824049932
0,90,2,8899972.0,4347826.0,-3.1111648502652773
0,90,3,1.0033678E7,4347826.0,-3.6318800427471887
0,90,4,9888995.0,4347826.0,-3.5688000201025054
0,90,5,8923274.0,4347826.0,-3.1225207343542265
0,90,6,1.029581E7,4347826.0,-3.7438836415605454
0,90,7,1.0237972E7,4347826.0,-3.719417821601275
0,90,8,8959615.0,4347826.0,-3.1401719287365513
0,90,9,9238517.0,4347826.0,-3.2733010700506027
0,90,10,1.02122E7,4347826.0,-3.708471563239282
0,90,11,8860561.0,4347826.0,-3.0918906450151136
0,90,12,1.0090743E7,4347826.0,-3.656509900206678
0,90,13,1.0539995E7,4347826.0,-3.845682495579113
0,90,14,1.0095036E7,4347826.0,-3.6583571672741715
0,90,15,1.0264301E7,4347826.0,-3.7305722391625467
0,90,16,1.0019831E7,4347826.0,-3.625882412460464
0,90,17,8682548.0,4347826.0,-3.0037503761660322
0,90,18,9466230.0,4347826.0,-3.379048969712435
0,90,19,1.1209177E7,4347826.0,-4.113015717070474
0,90,20,8668296.0,4347826.0,-2.9966157764334564
0,90,21,8671512.0,4347826.0,-2.9982267412951384
0,90,22,1.2080797E7,4347826.0,-4.438234314127853
0,91,0,9741631.0,4000000.0,-3.865716837231346
0,91,1,9011354.0,4000000.0,-3.527300594234355
0,91,2,1.2496785E7,4000000.0,-4.947383067721954
0,91,3,9413695.0,4000000.0,-3.717001319008737
0,91,4,9042608.0,4000000.0,-3.542337131141492
0,91,5,1.1902137E7,4000000.0,-4.73564953592713
0,91,6,9250369.0,4000000.0,-3.640990658940406
0,91,7,8722212.0,4000000.0,-3.3856664699559906
0,91,8,9610249.0,4000000.0,-3.806746489862693
0,91,9,9662073.0,4000000.0,-3.8301032306631972
0,91,10,8352407.0,4000000.0,-3.1975165735075795
0,91,11,1.0167177E7,4000000.0,-4.051403929111062
0,91,12,1.0557307E7,4000000.0,-4.214931594271732
0,91,13,8994338.0,4000000.0,-3.519092126485343
0,91,14,1.0679403E7,4000000.0,-4.264869841124662
0,91,15,1.0230624E7,4000000.0,-4.078421322661087
0,91,16,9927177.0,4000000.0,-3.947657740226926
0,91,17,9949226.0,4000000.0,-3.9572930479426436
0,91,18,1.0336963E7,4000000.0,-4.1233297043995325
0,91,19,9101290.0,4000000.0,-3.57042961452043
0,91,20,9739660.0,4000000.0,-3.8648380510905795
0,91,21,1.0610314E7,4000000.0,-4.23668245207635
0,91,22,9388666.0,4000000.0,-3.705438980632123
0,91,23,9024598.0,4000000.0,-3.5336787406744663
0,91,24,1.0506845E7,4000000.0,-4.194123341396893
0,92,0,9439066.0,4000000.0,-3.728690314537796
0,92,1,8989546.0,4000000.0,-3.5167776773857664
0,92,2,9692859.0,4000000.0,-3.8439190386396738
0,92,3,9978680.0,4000000.0,-3.970131044051989
0,92,4,8928994.0,4000000.0,-3.4874253980471415
0,92,5,1.1266153E7,4000000.0,-4.497156535479839
0,92,6,1.0034828E7,4000000.0,-3.994499416200001
0,92,7,9001325.0,4000000.0,-3.5224645120401665
0,92,8,1.0423944E7,4000000.0,-4.159720782456839
0,92,9,1.0126946E7,4000000.0,-4.034185028654658
0,92,10,8894752.0,4000000.0,-3.4707385243172366
0,92,11,1.0142301E7,4000000.0,-4.040765039293722
0,92,12,1.0233819E7,4000000.0,-4.079777402453686
0,92,13,8822027.0,4000000.0,-3.435083912838965
0,92,14,9724204.0,4000000.0,-3.857940698208133
0,92,15,1.0426777E7,4000000.0,-4.16090093951213
0,92,16,9098085.0,4000000.0,-3.5688999863558486
0,92,17,8953030.0,4000000.0,-3.499100484104112
0,92,18,9687782.0,4000000.0,-3.841643661746763
0,92,19,9717777.0,4000000.0,-3.855069374821009
0,92,20,8872164.0,4000000.0,-3.4596956972530823
0,92,21,9334612.0,4000000.0,-3.6803627956335077
0,92,22,1.0271337E7,4000000.0,-4.0956698721863525
0,92,23,8826827.0,4000000.0,-3.437446234567656
0,92,24,1.0680615E7,4000000.0,-4.265362691751129
0,93,0,1.0771115E7,4347826.0,-3.939885074520548
0,93,1,8741808.0,4347826.0,-3.0332910836978817
0,93,2,1.0952584E7,4347826.0,-4.0124443735457085
0,93,3,1.0382077E7,4347826.0,-3.7801209025874782
0,93,4,8864002.0,4347826.0,-3.0935769007845826
0,93,5,9653766.0,4347826.0,-3.4642461234335373
0,93,6,1.0542054E7,4347826.0,-3.846530811927379
0,93,7,9784119.0,4347826.0,-3.5224957089944042
0,93,8,8895380.0,4347826.0,-3.1089235006081717
0,93,9,1.0189388E7,4347826.0,-3.698759446858937
0,93,10,9815749.0,4347826.0,-3.536512891546355
0,93,11,8799574.0,4347826.0,-3.0618949254370746
0,93,12,9550350.0,4347826.0,-3.417471325472643
0,93,13,1.0157891E7,4347826.0,-3.6853139299203423
0,93,14,8867570.0,4347826.0,-3.0953247015236767
0,93,15,9286029.0,4347826.0,-3.295578803248622
0,93,16,1.0181072E7,4347826.0,-3.6952135346781207
0,93,17,9026781.0,4347826.0,-3.1726075081169443
0,93,18,1.0784463E7,4347826.0,-3.945263694834418
0,93,19,1.0313031E7,4347826.0,-3.751141679034448
0,93,20,8883062.0,4347826.0,-3.1029053801405526
0,93,21,1.4154852E7,4347826.0,-5.126331775413514
0,93,22,1.3511639E7,4347826.0,-4.924358780691026
0,94,0,9730268.0,5000000.0,-2.8915479783554607
0,94,1,1.1969662E7,5000000.0,-3.7911188261112554
0,94,2,9984173.0,5000000.0,-3.0034209327220536
0,94,3,8943633.0,5000000.0,-2.525439653940529
0,94,4,9984539.0,5000000.0,-3.003580133556232
0,94,5,9880661.0,5000000.0,-2.958159948113374
0,94,6,9318194.0,5000000.0,-2.703617436577491
0,94,7,9570716.0,5000000.0,-2.8197442489508258
0,94,8,1.0451933E7,5000000.0,-3.2022661277135978
0,94,9,9016088.0,5000000.0,-2.5604813758045823
0,94,10,9510073.0,5000000.0,-2.7921384628967063
0,94,11,1.0563695E7,5000000.0,-3.248458492241248
0,94,12,8909709.0,5000000.0,-2.5089351544069265
0,94,13,1.0947565E7,5000000.0,-3.4034752811298286
0,94,14,1.0170299E7,5000000.0,-3.0836371674220855
0,94,15,8959974.0,5000000.0,-2.5333674509475457
0,94,16,1.1067268E7,5000000.0,-3.450704224182453
0,94,17,1.0023737E7,5000000.0,-3.020596589027527
0,94,18,9066247.0,5000000.0,-2.584575424267759
0,94,19,8890260.0,5000000.0,-2.4994445797436686
0,95,0,1.0220167E7,5882352.0,-2.3990698319891623
0,95,1,9508734.0,5882352.0,-2.0857168935759733
0,95,2,8755910.0,5882352.0,-1.7275027977039854
0,95,3,9599353.0,5882352.0,-2.126909532800749
0,95,4,1.0128706E7,5882352.0,-2.360029561707962
0,95,5,8851358.0,5882352.0,-1.7745889734422613
0,95,6,9149710.0,5882352.0,-1.9185632018915086
0,95,7,1.0328011E7,5882352.0,-2.4446568267573148
0,95,8,8842854.0,5882352.0,-1.7704144551777954
0,95,9,1.0555166E7,5882352.0,-2.539140586670154
0,95,10,1.0382168E7,5882352.0,-2.467370430409221
0,95,11,8791996.0,5882352.0,-1.7453647269457928
0,95,12,1.0813247E7,5882352.0,-2.644051142767193
0,95,13,1.0271067E7,5882352.0,-2.420645530743426
0,95,14,8927418.0,5882352.0,-1.8117486067268964
0,95,15,9630361.0,5882352.0,-2.140915580905985
0,95,16,1.0477477E7,5882352.0,-2.5070570701560713
0,96,0,9033485.0,6666666.0,-1.3194663023878386
0,96,1,8856168.0,6666666.0,-1.2333714892636283
0,96,2,9790959.0,6666666.0,-1.669165344323429
0,96,3,9640208.0,6666666.0,-1.6017770695618851
0,96,4,8870778.0,6666666.0,-1.2405301321762205
0,96,5,9145535.0,6666666.0,-1.373004186126788
0,96,6,1.0373608E7,6666666.0,-1.9202113524492816
0,96,7,8901630.0,6666666.0,-1.255608411737371
0,96,8,1.0205725E7,6666666.0,-1.8493516428738166
0,96,9,1.0209063E7,6666666.0,-1.85077186334685
0,96,10,8819301.0,6666666.0,-1.2152546767672705
0,96,11,8845993.0,6666666.0,-1.2283789385349206
0,96,12,1.0405674E7,6666666.0,-1.9336151821977348
0,96,13,9309831.0,6666666.0,-1.450330998538417
0,96,14,8748481.0,6666666.0,-1.1802395544047124
0,97,0,9630535.0,6666666.0,-1.5974171641070027
0,97,1,9864232.0,6666666.0,-1.701545805025445
0,97,2,8886228.0,6666666.0,-1.2480875452205238
0,97,3,9375004.0,6666666.0,-1.4806276418382749
0,97,4,1.0346148E7,6666666.0,-1.9086998911605282
0,97,5,8954562.0,6666666.0,-1.2813565027652527
0,97,6,1.0458474E7,6666666.0,-1.955596235625749
0,97,7,9900595.0,6666666.0,-1.7175259783539225
0,97,8,8974999.0,6666666.0,-1.2912571134612836
0,97,9,9526658.0,6666666.0,-1.5503187713078916
0,97,10,1.0234375E7,6666666.0,-1.8615262849302752
0,97,11,9104482.0,6666666.0,-1.3534654411072287
0,97,12,8960969.0,6666666.0,-1.2844627739264889
0,97,13,9946270.0,6666666.0,-1.7375154683624872
0,97,14,9895829.0,6666666.0,-1.7154348455910147
0,98,0,8653378.0,5882352.0,-1.6763466600404955
0,98,1,1.0634882E7,5882352.0,-2.5718166638922484
0,98,2,9794554.0,5882352.0,-2.2143365582618033
0,98,3,8813435.0,5882352.0,-1.7559419675710488
0,98,4,9418402.0,5882352.0,-2.044262140984317
0,98,5,1.0232197E7,5882352.0,-2.4041788386739817
0,98,6,8929586.0,5882352.0,-1.8128031514213956
0,98,7,9914852.0,5882352.0,-2.2673522669738437
0,98,8,1.0203278E7,5882352.0,-2.391887105297568
0,98,9,8956062.0,5882352.0,-1.8256608226688198
0,98,10,9627794.0,5882352.0,-2.139757802352798
0,98,11,1.0560781E7,5882352.0,-2.541450275715465
0,98,12,9208436.0,5882352.0,-1.9463486490061168
0,98,13,9661555.0,5882352.0,-2.1549602137720285
0,98,14,1.1273405E7,5882352.0,-2.825041002890897
0,98,15,9231433.0,5882352.0,-1.9571811287578122
0,98,16,8808933.0,5882352.0,-1.7537229765704476
0,99,0,9415346.0,5000000.0,-2.748662799879532
0,99,1,9731391.0,5000000.0,-2.8920491819822622
0,99,2,8865293.0,5000000.0,-2.4872308937197047
0,99,3,9233366.0,5000000.0,-2.6639004649916225
0,99,4,1.0175915E7,5000000.0,-3.086034662968244
0,99,5,8798692.0,5000000.0,-2.4544811106375324
0,99,6,9597967.0,5000000.0,-2.8320924805945227
0,99,7,1.0453564E7,5000000.0,-3.2029437813483534
0,99,8,9004515.0,5000000.0,-2.5549032153733897
0,99,9,8888500.0,5000000.0,-2.498584724173712
0,99,10,9892845.0,5000000.0,-2.963512003168442
0,99,11,9804301.0,5000000.0,-2.9244663164185773
0,99,12,8808597.0,5000000.0,-2.45936736802449
0,99,13,9352891.0,5000000.0,-2.7197586870561303
0,99,14,9994739.0,5000000.0,-3.0080145321368756
0,99,15,8866268.0,5000000.0,-2.487708502115584
0,99,16,1.1366501E7,5000000.0,-3.5665679014413425
0,99,17,1.2874916E7,5000000.0,-4.107743999127061
0,99,18,1.0727441E7,5000000.0,-3.3152613029307703
0,99,19,1.1932497E7,5000000.0,-3.777613295144471
