 Number of tacts (im units) = 1
 Number of massive (im units) = 100
 Trajectory File: sinus.txt
 Coef Load Impact: 10
 Command Line: curl 192.168.222.7:9000 > /dev/null 2>&1
cycle , cPeriod , count , procDur , procTime , spb
0,0,0,1.9533826E7,5000000.0,-5.918173105315152
0,0,1,8879182.0,5000000.0,-2.4940295364419955
0,0,2,8334007.0,5000000.0,-2.218838565632698
0,0,3,1.3175906E7,5000000.0,-4.208104834781593
0,0,4,1.1372929E7,5000000.0,-3.569023235637523
0,0,5,9745257.0,5000000.0,-2.898232923972632
0,0,6,8110284.0,5000000.0,-2.100660579482971
0,0,7,9402040.0,5000000.0,-2.7425209018078878
0,0,8,1.059782E7,5000000.0,-3.262465345759579
0,0,9,1.0059747E7,5000000.0,-3.036170541288607
0,0,10,9936879.0,5000000.0,-2.9827999717249605
0,0,11,1.0723583E7,5000000.0,-3.313699132165171
0,0,12,9712992.0,5000000.0,-2.883830266980054
0,0,13,1.2070435E7,5000000.0,-3.827529173516724
0,0,14,1.0712429E7,5000000.0,-3.309179521811962
0,0,15,1.1060382E7,5000000.0,-3.4480012241811675
0,0,16,1.2341668E7,5000000.0,-3.924038550566151
0,0,17,1.0029797E7,5000000.0,-3.0232213878689143
0,0,18,9949853.0,5000000.0,-2.988466601523764
0,0,19,1.0692509E7,5000000.0,-3.301096201433271
0,1,0,1.08561E7,4347826.0,-3.9740167983859793
0,1,1,1.0895131E7,4347826.0,-3.9896030115221848
0,1,2,1.1225311E7,4347826.0,-4.119262267808783
0,1,3,1.0323988E7,4347826.0,-3.7557533577709497
0,1,4,9437861.0,4347826.0,-3.366014215059713
0,1,5,9998751.0,4347826.0,-3.6167359793491167
0,1,6,1.1459193E7,4347826.0,-4.208818787408292
0,1,7,1.26236E7,4347826.0,-4.629110694356685
0,1,8,1.1888534E7,4347826.0,-4.368561488626482
0,1,9,9964883.0,4347826.0,-3.6020004861779316
0,1,10,9646158.0,4347826.0,-3.4608221590806574
0,1,11,1.0906835E7,4347826.0,-3.9942658782604252
0,1,12,1.1981331E7,4347826.0,-4.402329109910664
0,1,13,1.3089867E7,4347826.0,-4.786630786140906
0,1,14,1.1335363E7,4347826.0,-4.16163277094793
0,1,15,9995428.0,4347826.0,-3.6152923986182928
0,1,16,1.4403355E7,4347826.0,-5.201915095956772
0,1,17,1.0118536E7,4347826.0,-3.668455258717735
0,1,18,9569612.0,4347826.0,-3.4262217436381874
0,1,19,1.0746733E7,4347826.0,-3.9300430377243067
0,1,20,1.0360985E7,4347826.0,-3.7712888966191436
0,1,21,9373755.0,4347826.0,-3.3364144296612923
0,1,22,1.0393225E7,4347826.0,-3.78478174010401
0,2,0,1.0300588E7,4000000.0,-4.108020254030907
0,2,1,9370086.0,4000000.0,-3.696835855954663
0,2,2,1.2168995E7,4000000.0,-4.831947213329154
0,2,3,1.0118593E7,4000000.0,-4.030601363124015
0,2,4,2.087741E7,4000000.0,-7.17616628841505
0,2,5,1.3559792E7,4000000.0,-5.301930364077235
0,2,6,1.3697965E7,4000000.0,-5.345960608710526
0,2,7,1.2071711E7,4000000.0,-4.797088384376126
0,2,8,9585466.0,4000000.0,-3.7955323974204793
0,2,9,9811698.0,4000000.0,-3.8968418100785414
0,2,10,1.4253039E7,4000000.0,-5.51847482154526
0,2,11,9589668.0,4000000.0,-3.797435805701401
0,2,12,9949039.0,4000000.0,-3.9572114196518173
0,2,13,1.0518147E7,4000000.0,-4.198792448245778
0,2,14,9359608.0,4000000.0,-3.691976686278852
0,2,15,9774559.0,4000000.0,-3.8803718106352694
0,2,16,1.0791115E7,4000000.0,-4.310063294744401
0,2,17,9332148.0,4000000.0,-3.6792162639272825
0,2,18,1.0154357E7,4000000.0,-4.045924366400287
0,2,19,1.0818774E7,4000000.0,-4.321180573166718
0,2,20,9809929.0,4000000.0,-3.8960587282876498
0,2,21,1.0085692E7,4000000.0,-4.016457100776577
0,2,22,1.0763048E7,4000000.0,-4.2987528577646845
0,2,23,9734469.0,4000000.0,-3.8625227509208466
0,2,24,1.0132835E7,4000000.0,-4.036709794619265
0,3,0,1.0772221E7,4000000.0,-4.302452633721448
0,3,1,9669735.0,4000000.0,-3.833545810368708
0,3,2,1.0264744E7,4000000.0,-4.0928813132421595
0,3,3,1.0841424E7,4000000.0,-4.330263383582905
0,3,4,9344287.0,4000000.0,-3.684861775459007
0,3,5,1.0252042E7,4000000.0,-4.087503853815593
0,3,6,1.0388962E7,4000000.0,-4.145121664128623
0,3,7,8682036.0,4000000.0,-3.365615909774063
0,3,8,8996394.0,4000000.0,-3.5200847592016555
0,3,9,1.0918819E7,4000000.0,-4.361156754729595
0,3,10,9015967.0,4000000.0,-3.529523221200111
0,3,11,8909839.0,4000000.0,-3.478098651170696
0,3,12,1.0921335E7,4000000.0,-4.362157374891249
0,3,13,9768597.0,4000000.0,-3.8777220198016584
0,3,14,8737365.0,4000000.0,-3.393204872446028
0,3,15,9958511.0,4000000.0,-3.9613441608912057
0,3,16,1.1108078E7,4000000.0,-4.435789293407018
0,3,17,9410822.0,4000000.0,-3.715675677499639
0,3,18,9781713.0,4000000.0,-3.8835492494253696
0,3,19,1.0592481E7,4000000.0,-4.229377023408112
0,3,20,9221165.0,4000000.0,-3.6272580186331016
0,3,21,9804255.0,4000000.0,-3.893546070142854
0,3,22,1.0673746E7,4000000.0,-4.262568724842841
0,3,23,9656897.0,4000000.0,-3.82777607937913
0,3,24,9776917.0,4000000.0,-3.8814193697999007
0,4,0,1.0653819E7,4347826.0,-3.892331588935213
0,4,1,9436767.0,4347826.0,-3.3655107686726007
0,4,2,1.0488649E7,4347826.0,-3.8244739680259867
0,4,3,1.103728E7,4347826.0,-4.0458990482358255
0,4,4,9374465.0,4347826.0,-3.336743366576156
0,4,5,1.0156929E7,4347826.0,-3.684902613165477
0,4,6,1.0818675E7,4347826.0,-3.959019192055356
0,4,7,9460124.0,4347826.0,-3.3762467372290903
0,4,8,9544635.0,4347826.0,-3.4148716973103936
0,4,9,1.1438261E7,4347826.0,-4.200878468255313
0,4,10,9578192.0,4347826.0,-3.4301138316333684
0,4,11,1.2410799E7,4347826.0,-4.555275867276702
0,4,12,1.1184875E7,4347826.0,-4.103589795721091
0,4,13,9299491.0,4347826.0,-3.301870231562527
0,4,14,1.0434012E7,4347826.0,-3.8017917656566635
0,4,15,1.0658535E7,4347826.0,-3.8942536035658675
0,4,16,9545769.0,4347826.0,-3.41538765280621
0,4,17,9790358.0,4347826.0,-3.5252641746492963
0,4,18,1.0681482E7,4347826.0,-3.9035935767414265
0,4,19,9702007.0,4347826.0,-3.485894283371964
0,4,20,1.126626E7,4347826.0,-4.135076142605772
0,4,21,1.1116579E7,4347826.0,-4.076990033518568
0,4,22,9936427.0,4347826.0,-3.589580909578033
0,5,0,1.0320339E7,5000000.0,-3.1472395878960397
0,5,1,1.0605914E7,5000000.0,-3.2657809690429707
0,5,2,9880611.0,5000000.0,-2.958137971062408
0,5,3,9969530.0,5000000.0,-2.997046802326217
0,5,4,1.1440485E7,5000000.0,-3.5947443169082476
0,5,5,1.2453883E7,5000000.0,-3.9633477701940696
0,5,6,1.0050839E7,5000000.0,-3.032323119340968
0,5,7,1.0868891E7,5000000.0,-3.372152290647998
0,5,8,9375337.0,5000000.0,-2.730168832221309
0,5,9,1.0362657E7,5000000.0,-3.165011190743876
0,5,10,1.0697937E7,5000000.0,-3.3033003167643593
0,5,11,1.0143288E7,5000000.0,-3.0720875231722378
0,5,12,1.0171758E7,5000000.0,-3.0842601483233607
0,5,13,1.1845267E7,5000000.0,-3.745748501123632
0,5,14,9566394.0,5000000.0,-2.8177825935256346
0,5,15,9859863.0,5000000.0,-2.949008762484606
0,5,16,1.1274012E7,5000000.0,-3.531084884091944
0,5,17,9305484.0,5000000.0,-2.697689623905937
0,5,18,1.0367052E7,5000000.0,-3.1668527257857457
0,5,19,1.1542883E7,5000000.0,-3.633442892858598
0,6,0,9308660.0,5882352.0,-1.9933615879727642
0,6,1,1.0520089E7,5882352.0,-2.5246840483191817
0,6,2,1.1205409E7,5882352.0,-2.7987670387403623
0,6,3,9472619.0,5882352.0,-2.0691906068138737
0,6,4,1.0620572E7,5882352.0,-2.565968983598068
0,6,5,1.111852E7,5882352.0,-2.764959724810097
0,6,6,2.5130386E7,5882352.0,-6.30648150225285
0,6,7,1.2329255E7,5882352.0,-3.213858258419782
0,6,8,1.013886E7,5882352.0,-2.3643811711100966
0,6,9,1.1940759E7,5882352.0,-3.074809239431096
0,6,10,9993455.0,5882352.0,-2.301646520669656
0,6,11,9084287.0,5882352.0,-1.887398373011797
0,6,12,1.2487604E7,5882352.0,-3.269281090314103
0,6,13,9836698.0,5882352.0,-2.2329832902814974
0,6,14,1.0889263E7,5882352.0,-2.6744747797980573
0,6,15,1.0894048E7,5882352.0,-2.676382753410822
0,6,16,9792556.0,5882352.0,-2.2134505466165404
0,7,0,1.0052671E7,6666666.0,-1.7837277184772204
0,7,1,1.0777399E7,6666666.0,-2.086052640552971
0,7,2,9758126.0,6666666.0,-1.6545772404488288
0,7,3,1.058182E7,6666666.0,-2.0065167226181484
0,7,4,1.0567994E7,6666666.0,-2.0008386052010056
0,7,5,9556004.0,6666666.0,-1.5636762535216862
0,7,6,9250501.0,6666666.0,-1.422565569153321
0,7,7,1.2065102E7,6666666.0,-2.576223003295966
0,7,8,1.0354136E7,6666666.0,-1.9120516756033312
0,7,9,9498348.0,6666666.0,-1.5373937968217768
0,7,10,1.0556878E7,6666666.0,-1.9962680516786824
0,7,11,1.0254983E7,6666666.0,-1.8702624724682415
0,7,12,1.1124772E7,6666666.0,-2.223824214498711
0,7,13,1.0750578E7,6666666.0,-2.075231170123251
0,7,14,9613258.0,6666666.0,-1.5896190052099226
0,8,0,9141439.0,6666666.0,-1.3710586808424
0,8,1,1.082749E7,6666666.0,-2.106190937836336
0,8,2,1.0350493E7,6666666.0,-1.9105233846941816
0,8,3,9497388.0,6666666.0,-1.536954832305759
0,8,4,1.2199907E7,6666666.0,-2.624478225417847
0,8,5,1.01322E7,6666666.0,-1.817950562486399
0,8,6,1.0340282E7,6666666.0,-1.906236854765048
0,8,7,1.2229545E7,6666666.0,-2.635016019036618
0,8,8,9475349.0,6666666.0,-1.526865175350387
0,8,9,1.2113294E7,6666666.0,-2.5935356053296994
0,8,10,1.0959426E7,6666666.0,-2.158791110531306
0,8,11,9650422.0,6666666.0,-1.6063760735889092
0,8,12,9559526.0,6666666.0,-1.5652766121647077
0,8,13,1.1369045E7,6666666.0,-2.318152879600884
0,8,14,9397982.0,6666666.0,-1.4912591136655706
0,9,0,1.0585591E7,5882352.0,-2.551641008234447
0,9,1,1.0907873E7,5882352.0,-2.681890636883179
0,9,2,8626069.0,5882352.0,-1.6626191861451343
0,9,3,9537642.0,5882352.0,-2.0989000781599754
0,9,4,9506299.0,5882352.0,-2.0846046082917824
0,9,5,9077490.0,5882352.0,-1.8841477002044924
0,9,6,8945082.0,5882352.0,-1.8203331698558955
0,9,7,9363462.0,5882352.0,-2.018854431834897
0,9,8,9835775.0,5882352.0,-2.232575762659433
0,9,9,9331885.0,5882352.0,-2.0041836906114128
0,9,10,8758393.0,5882352.0,-1.7287341949292023
0,9,11,9959694.0,5882352.0,-2.2869498630185134
0,9,12,9467405.0,5882352.0,-2.0667994678313186
0,9,13,1.0974115E7,5882352.0,-2.7081849781017846
0,9,14,1.0726603E7,5882352.0,-2.6091119820544426
0,9,15,9356429.0,5882352.0,-2.015591172198468
0,9,16,1.0405369E7,5882352.0,-2.4770647683757634
0,10,0,1.076628E7,5000000.0,-3.330956660418161
0,10,1,9438942.0,5000000.0,-2.759533131281116
0,10,2,9502624.0,5000000.0,-2.7887354109664884
0,10,3,1.1214379E7,5000000.0,-3.5080522504615086
0,10,4,1.0426477E7,5000000.0,-3.1916758521039656
0,10,5,1.0856147E7,5000000.0,-3.3670571101358093
0,10,6,1.1064476E7,5000000.0,-3.449608467607728
0,10,7,9628323.0,5000000.0,-2.8458064672737033
0,10,8,9729799.0,5000000.0,-2.8913386428870353
0,10,9,1.0744632E7,5000000.0,-3.322215413075247
0,10,10,9886322.0,5000000.0,-2.96064747099865
0,10,11,1.0594714E7,5000000.0,-3.2611923326593524
0,10,12,1.1330985E7,5000000.0,-3.552976602909021
0,10,13,9739503.0,5000000.0,-2.8956679136553247
0,10,14,1.1168428E7,5000000.0,-3.490220444312987
0,10,15,1.1222292E7,5000000.0,-3.5111156036459326
0,10,16,9481790.0,5000000.0,-2.7792032812222507
0,10,17,1.0651267E7,5000000.0,-3.2843126713641544
0,10,18,1.0790736E7,5000000.0,-3.3408106313073067
0,10,19,9373721.0,5000000.0,-2.7294201867325674
0,11,0,1.1100648E7,4347826.0,-4.070761761577156
0,11,1,1.0772315E7,4347826.0,-3.94036889105192
0,11,2,9719243.0,4347826.0,-3.4936028517239874
0,11,3,1.0619346E7,4347826.0,-3.878256159369708
0,11,4,1.0644456E7,4347826.0,-3.8885131581035974
0,11,5,1.0356885E7,4347826.0,-3.7695699869058883
0,11,6,1.0351355E7,4347826.0,-3.767250476853838
0,11,7,1.087619E7,4347826.0,-3.982046305287288
0,11,8,9474566.0,4347826.0,-3.382871701381039
0,11,9,1.0286963E7,4347826.0,-3.7401502247677603
0,11,10,1.2852415E7,4347826.0,-4.70712585026796
0,11,11,9272396.0,4347826.0,-3.2891981564676573
0,11,12,9863647.0,4347826.0,-3.557653660471053
0,11,13,1.0879448E7,4347826.0,-3.9833470544839953
0,11,14,9751764.0,4347826.0,-3.5081102718891795
0,11,15,9772591.0,4347826.0,-3.5173756787160446
0,11,16,1.1983497E7,4347826.0,-4.403114161946392
0,11,17,1.3771104E7,4347826.0,-5.0069660281725605
0,11,18,1.1797384E7,4347826.0,-4.335135604571788
0,11,19,1.6582867E7,4347826.0,-5.8138746227113085
0,11,20,1.2059103E7,4347826.0,-4.430428493037649
0,11,21,1.0828195E7,4347826.0,-3.962839128826143
0,11,22,9764153.0,4347826.0,-3.513624207062258
0,12,0,1.6374524E7,4000000.0,-6.1210869277536695
0,12,1,9941996.0,4000000.0,-3.9541359274374885
0,12,2,1.077202E7,4000000.0,-4.302371597503123
0,12,3,1.0613992E7,4000000.0,-4.238187646281927
0,12,4,1.0533147E7,4000000.0,-4.204981538884151
0,12,5,9593322.0,4000000.0,-3.7990903048759996
0,12,6,1.1123601E7,4000000.0,-4.441854111397749
0,12,7,1.2205514E7,4000000.0,-4.844960818691896
0,12,8,1.0423701E7,4000000.0,-4.159619539789758
0,12,9,1.0943663E7,4000000.0,-4.371027195563164
0,12,10,9349353.0,4000000.0,-3.6872156625555617
0,12,11,1.0380808E7,4000000.0,-4.141711672215017
0,12,12,1.1257022E7,4000000.0,-4.49363523519113
0,12,13,1.0166941E7,4000000.0,-4.051303119724854
0,12,14,9506892.0,4000000.0,-3.759785689467358
0,12,15,1.1501405E7,4000000.0,-4.586909052409399
0,12,16,9388422.0,4000000.0,-3.7053261113165084
0,12,17,9759603.0,4000000.0,-3.873721605174174
0,12,18,1.1368602E7,4000000.0,-4.536470713356316
0,12,19,9338089.0,4000000.0,-3.6819801748557532
0,12,20,1.0184066E7,4000000.0,-4.058612138642711
0,12,21,1.0799527E7,4000000.0,-4.313447432526524
0,12,22,9461287.0,4000000.0,-3.7389022530437406
0,12,23,1.0371016E7,4000000.0,-4.137613129472541
0,12,24,1.1207105E7,4000000.0,-4.47433449554196
0,13,0,9411631.0,4000000.0,-3.716049002098804
0,13,1,1.1239294E7,4000000.0,-4.486790404091737
0,13,2,1.0660942E7,4000000.0,-4.257355892844635
0,13,3,9763074.0,4000000.0,-3.87526589765268
0,13,4,1.1558946E7,4000000.0,-4.60858243513205
0,13,5,1.0601408E7,4000000.0,-4.233035575238054
0,13,6,9367607.0,4000000.0,-3.6956867112580136
0,13,7,1.1988952E7,4000000.0,-4.767212300937184
0,13,8,1.0591357E7,4000000.0,-4.228916156025991
0,13,9,9287412.0,4000000.0,-3.6583472043711964
0,13,10,1.0707788E7,4000000.0,-4.276397728173404
0,13,11,9906359.0,4000000.0,-3.938540711529085
0,13,12,8407148.0,4000000.0,-3.2258870150582504
0,13,13,9354877.0,4000000.0,-3.6897809034532454
0,13,14,1.2211503E7,4000000.0,-4.847091291635646
0,13,15,1.0067482E7,4000000.0,-4.0086087046204435
0,13,16,1.015594E7,4000000.0,-4.046601351248165
0,13,17,1.0957011E7,4000000.0,-4.376321063196857
0,13,18,9328005.0,4000000.0,-3.677287788776955
0,13,19,1.1092037E7,4000000.0,-4.42951318267821
0,13,20,1.0434491E7,4000000.0,-4.1641127747525335
0,13,21,9261348.0,4000000.0,-3.646142120229357
0,13,22,1.077595E7,4000000.0,-4.303955762816891
0,13,23,1.0955173E7,4000000.0,-4.375592488391525
0,13,24,9810602.0,4000000.0,-3.8963566612910276
0,14,0,1.0939335E7,4347826.0,-4.0071876682808725
0,14,1,1.0752901E7,4347826.0,-3.932534920551587
0,14,2,9320166.0,4347826.0,-3.3115149227655998
0,14,3,1.0799388E7,4347826.0,-3.951269894724809
0,14,4,9617623.0,4347826.0,-3.447955939198911
0,14,5,8580828.0,4347826.0,-2.9525704146605802
0,14,6,8036834.0,4347826.0,-2.668128428150385
0,14,7,9168907.0,4347826.0,-3.2404541241707285
0,14,8,9105170.0,4347826.0,-3.2101590349699025
0,14,9,7853895.0,4347826.0,-2.5681293552310978
0,14,10,9503348.0,4347826.0,-3.3960447754731233
0,14,11,9911005.0,4347826.0,-3.5784553993792145
0,14,12,9099890.0,4347826.0,-3.207639872793294
0,14,13,8482005.0,4347826.0,-2.902263688365779
0,14,14,1.1230696E7,4347826.0,-4.121345163338587
0,14,15,1.4688673E7,4347826.0,-5.287104073549327
0,14,16,8714031.0,4347826.0,-3.019469453003478
0,14,17,1.036257E7,4347826.0,-3.771953219661362
0,14,18,8474293.0,4347826.0,-2.8983132042738164
0,14,19,8459892.0,4347826.0,-2.8909266352224208
0,14,20,1.1174884E7,4347826.0,-4.099708683713159
0,14,21,1.0187484E7,4347826.0,-3.697947843688489
0,14,22,8773453.0,4347826.0,-3.048983985828699
0,15,0,1.0329371E7,5000000.0,-3.1510387192259155
0,15,1,9405822.0,5000000.0,-2.74426751367977
0,15,2,8086313.0,5000000.0,-2.0878054338906353
0,15,3,8888128.0,5000000.0,-2.498402960177421
0,15,4,1.1190981E7,5000000.0,-3.4989815406121134
0,15,5,8735413.0,5000000.0,-2.4231343839803223
0,15,6,9705349.0,5000000.0,-2.8804115270407413
0,15,7,1.20068E7,5000000.0,-3.8045727221595667
0,15,8,8925298.0,5000000.0,-2.516527210190842
0,15,9,1.0613193E7,5000000.0,-3.268760575732144
0,15,10,1.047072E7,5000000.0,-3.2100654183908666
0,15,11,9794210.0,5000000.0,-2.9199940725790725
0,15,12,9343978.0,5000000.0,-2.715618029055664
0,15,13,1.080763E7,5000000.0,-3.3476046382924407
0,15,14,9304470.0,5000000.0,-2.6972163560998097
0,15,15,8927094.0,5000000.0,-2.5174010347092923
0,15,16,1.6138533E7,5000000.0,-5.088940502779838
0,15,17,1.983157E7,5000000.0,-5.983870928922931
0,15,18,1.2576702E7,5000000.0,-4.00596766265919
0,15,19,9920669.0,5000000.0,-2.975709554403165
0,16,0,1.0893029E7,5882352.0,-2.675976507013123
0,16,1,1.2584119E7,5882352.0,-3.3027180734640806
0,16,2,1.0019277E7,5882352.0,-2.3128537444859756
0,16,3,1.2058223E7,5882352.0,-3.1173230213912646
0,16,4,1.0536279E7,5882352.0,-2.5313625306173737
0,16,5,9549734.0,5882352.0,-2.1044026570138783
0,16,6,1.1264227E7,5882352.0,-2.8215038478115644
0,16,7,9650975.0,5882352.0,-2.1502018148691384
0,16,8,8691173.0,5882352.0,-1.6952738561652696
0,16,9,9333195.0,5882352.0,-2.0047933057560865
0,16,10,1.0714121E7,5882352.0,-2.6040553763768375
0,16,11,9324636.0,5882352.0,-2.0008087839417863
0,16,12,9084283.0,5882352.0,-1.8873964607226879
0,16,13,9915783.0,5882352.0,-2.267760048331273
0,16,14,8719016.0,5882352.0,-1.7091646549019803
0,16,15,9480359.0,5882352.0,-2.072737742759261
0,16,16,1.0385998E7,5882352.0,-2.4689722549367663
0,17,0,9100416.0,6666666.0,-1.351525478144755
0,17,1,8330947.0,6666666.0,-0.9678567405975003
0,17,2,1.0520997E7,6666666.0,-1.9814819924981422
0,17,3,1.0004655E7,6666666.0,-1.762934195273649
0,17,4,8697943.0,6666666.0,-1.1550785977322313
0,17,5,9725211.0,6666666.0,-1.6399033511954506
0,17,6,1.0538771E7,6666666.0,-1.988812701890699
0,17,7,8551746.0,6666666.0,-1.0814609566380136
0,17,8,1.0268197E7,6666666.0,-1.8758549470037433
0,17,9,1.0181683E7,6666666.0,-1.8391087392403755
0,17,10,8925048.0,6666666.0,-1.2670186296449684
0,17,11,8755790.0,6666666.0,-1.183866393309013
0,17,12,1.1379917E7,6666666.0,-2.3223039700697385
0,17,13,9412909.0,6666666.0,-1.4981516261914996
0,17,14,8551496.0,6666666.0,-1.081333994018314
0,18,0,9485067.0,6666666.0,-1.5313170546179167
0,18,1,9773745.0,6666666.0,-1.6615230644907104
0,18,2,8283684.0,6666666.0,-0.9431482587001129
0,18,3,9347919.0,6666666.0,-1.4680624304684395
0,18,4,1.0488196E7,6666666.0,-1.9679209719720188
0,18,5,8713897.0,6666666.0,-1.1630372466783578
0,18,6,8432803.0,6666666.0,-1.0206325731095753
0,18,7,1.1612914E7,6666666.0,-2.410325123467286
0,18,8,9582482.0,6666666.0,-1.5756931462148571
0,18,9,8526924.0,6666666.0,-1.0688369464308687
0,18,10,1.0008523E7,6666666.0,-1.7646129402255182
0,18,11,9883745.0,6666666.0,-1.710128345893659
0,18,12,8337309.0,6666666.0,-0.9711720024077835
0,18,13,9342678.0,6666666.0,-1.4656268341744192
0,18,14,1.0032826E7,6666666.0,-1.775145827973994
0,19,0,9186390.0,5555555.0,-2.1841742759120826
0,19,1,1.0087251E7,5555555.0,-2.590453759991239
0,19,2,1.0287917E7,5555555.0,-2.6760000036218368
0,19,3,9336573.0,5555555.0,-2.2546004571550684
0,19,4,8555185.0,5555555.0,-1.8750195383131896
0,19,5,1.0339152E7,5555555.0,-2.6975746864240477
0,19,6,9465458.0,5555555.0,-2.314141813133363
0,19,7,8853842.0,5555555.0,-2.024043161032569
0,19,8,9306326.0,5555555.0,-2.240508103041832
0,19,9,1.0165336E7,5555555.0,-2.6239428669955958
0,19,10,8752926.0,5555555.0,-1.9742580535309597
0,19,11,9891854.0,5555555.0,-2.5055024624806883
0,19,12,1.0325183E7,5555555.0,-2.6917030621575995
0,19,13,8840777.0,5555555.0,-2.017629845846539
0,19,14,8759307.0,5555555.0,-1.9774229648380084
0,19,15,1.037931E7,5555555.0,-2.714410317992553
0,19,16,9077370.0,5555555.0,-2.1323258648817114
0,19,17,8550398.0,5555555.0,-1.872588790715586
0,20,0,1.034851E7,4761904.0,-3.3709718789213166
0,20,1,1.1919707E7,4761904.0,-3.98484944302513
0,20,2,8369119.0,4761904.0,-2.4489910733063214
0,20,3,1.0006498E7,4761904.0,-3.2250147712682296
0,20,4,9956566.0,4761904.0,-3.2032894115818378
0,20,5,8448804.0,4761904.0,-2.490145994473603
0,20,6,1.0416669E7,4761904.0,-3.3994822846342654
0,20,7,1.0200152E7,4761904.0,-3.3082600777407656
0,20,8,9045292.0,4761904.0,-2.7864195553205304
0,20,9,9827089.0,4761904.0,-3.1464425352165266
0,20,10,1.0174727E7,4761904.0,-3.297421296382868
0,20,11,9441848.0,4761904.0,-2.9727636886397963
0,20,12,8385758.0,4761904.0,-2.457616894026973
0,20,13,9909849.0,4761904.0,-3.1828640125259517
0,20,14,9647416.0,4761904.0,-3.066303700811854
0,20,15,9073917.0,4761904.0,-2.800141666354064
0,20,16,1.0193573E7,4761904.0,-3.3054580163267193
0,20,17,9828547.0,4761904.0,-3.1470868301716997
0,20,18,8693693.0,4761904.0,-2.6142366412462636
0,20,19,1.0245275E7,4761904.0,-3.327429842915546
0,20,20,1.023581E7,4761904.0,-3.3234158001401326
0,21,0,8936104.0,4166666.0,-3.3135952573368606
0,21,1,8702063.0,4166666.0,-3.19833534312324
0,21,2,1.1533476E7,4166666.0,-4.421715274362537
0,21,3,9212275.0,4166666.0,-3.445782050154457
0,21,4,8642443.0,4166666.0,-3.1684783509531345
0,21,5,1.1797058E7,4166666.0,-4.5198502582087805
0,21,6,9594049.0,4166666.0,-3.6221324342067183
0,21,7,8907835.0,4166666.0,-3.2998347519014364
0,21,8,1.0791606E7,4166666.0,-4.132973921222624
0,21,9,1.0314586E7,4166666.0,-3.936631124343397
0,21,10,8574966.0,4166666.0,-3.1344371792617136
0,21,11,1.6374019E7,4166666.0,-5.943666011969598
0,21,12,1.7637218E7,4166666.0,-6.266413941185826
0,21,13,2.0655505E7,4166666.0,-6.952471285714794
0,21,14,1.0181615E7,4166666.0,-3.88027982122721
0,21,15,1.1317755E7,4166666.0,-4.339715995522592
0,21,16,1.0894679E7,4166666.0,-4.174257499496647
0,21,17,1.082445E7,4166666.0,-4.146171498931074
0,21,18,9617975.0,4166666.0,-3.632949550764466
0,21,19,1.0553526E7,4166666.0,-4.036088956194014
0,21,20,9321905.0,4166666.0,-3.4971598390106555
0,21,21,1.0711506E7,4166666.0,-4.100618465972701
0,21,22,1.0716651E7,4166666.0,-4.102703988448882
0,21,23,1.0138744E7,4166666.0,-3.8619546859694722
0,22,0,1.0796186E7,4000000.0,-4.312103667793574
0,22,1,1.1952244E7,4000000.0,-4.753894591718027
0,22,2,9626528.0,4000000.0,-3.8140968703953053
0,22,3,1.054171E7,4000000.0,-4.208510733747193
0,22,4,1.0598424E7,4000000.0,-4.231812985603798
0,22,5,9407638.0,4000000.0,-3.7142060634679113
0,22,6,1.0158685E7,4000000.0,-4.04777502623363
0,22,7,1.0687969E7,4000000.0,-4.268351941526413
0,22,8,9697426.0,4000000.0,-3.8459648290295814
0,22,9,9667440.0,4000000.0,-3.832514940202153
0,22,10,1.0689621E7,4000000.0,-4.2690231626374295
0,22,11,9523339.0,4000000.0,-3.7672925275317892
0,22,12,9283042.0,4000000.0,-3.656303240426158
0,22,13,1.1697471E7,4000000.0,-4.660319858484515
0,22,14,9762876.0,4000000.0,-3.8751778196770426
0,22,15,9433412.0,4000000.0,-3.726088111399295
0,22,16,1.1817656E7,4000000.0,-4.7047135262706155
0,22,17,1.213801E7,4000000.0,-4.820874996237367
0,22,18,1.4700925E7,4000000.0,-5.652846706145719
0,22,19,1.121117E7,4000000.0,-4.475909466933189
0,22,20,9041388.0,4000000.0,-3.541751155266773
0,22,21,1.1115775E7,4000000.0,-4.438797560930085
0,22,22,1.0090452E7,4000000.0,-4.018506294886427
0,22,23,8989081.0,4000000.0,-3.5165530251538346
0,22,24,9892658.0,4000000.0,-3.932530039740321
0,23,0,1.0648065E7,4000000.0,-4.252107022520262
0,23,1,9444897.0,4000000.0,-3.7313723481813286
0,23,2,1.0865963E7,4000000.0,-4.340082305437514
0,23,3,1.0689103E7,4000000.0,-4.268812706165219
0,23,4,9541453.0,4000000.0,-3.775545240294074
0,23,5,1.0689749E7,4000000.0,-4.269075165754158
0,23,6,1.084447E7,4000000.0,-4.331483403380638
0,23,7,9448764.0,4000000.0,-3.7331501050543565
0,23,8,1.0641779E7,4000000.0,-4.249542442721016
0,23,9,1.1821027E7,4000000.0,-4.705952179632496
0,23,10,9387725.0,4000000.0,-3.7050036774816797
0,23,11,1.0025616E7,4000000.0,-3.990510749699388
0,23,12,1.1058352E7,4000000.0,-4.416304185851696
0,23,13,9637432.0,4000000.0,-3.8190133543751474
0,23,14,9882025.0,4000000.0,-3.9278595692492093
0,23,15,1.1033013E7,4000000.0,-4.406341385723284
0,23,16,8861607.0,4000000.0,-3.4545249443578774
0,23,17,1.0010386E7,4000000.0,-3.983908328484514
0,23,18,1.1305605E7,4000000.0,-4.512338164972612
0,23,19,9548694.0,4000000.0,-3.778839847186598
0,23,20,1.1563182E7,4000000.0,-4.610173699955013
0,23,21,1.0934193E7,4000000.0,-4.367267440493483
0,23,22,9235521.0,4000000.0,-3.6340140883192333
0,23,23,9373401.0,4000000.0,-3.698372054872741
0,23,24,9897347.0,4000000.0,-3.934588055252447
0,24,0,9772147.0,4545454.0,-3.324127242729888
0,24,1,8698053.0,4545454.0,-2.8184478256916528
0,24,2,1.2047061E7,4545454.0,-4.233038423244648
0,24,3,9928473.0,4545454.0,-3.3930519204029244
0,24,4,8611662.0,4545454.0,-2.775097087550948
0,24,5,1.1477315E7,4545454.0,-4.022630341467513
0,24,6,1.0202794E7,4545454.0,-3.5114185103495417
0,24,7,8610105.0,4545454.0,-2.774311806330774
0,24,8,1.0309909E7,4545454.0,-3.5567756495508247
0,24,9,1.0039252E7,4545454.0,-3.441240887371717
0,24,10,8881744.0,4545454.0,-2.9092098421276087
0,24,11,9280012.0,4545454.0,-3.0997127074373827
0,24,12,1.0233348E7,4545454.0,-3.524404761362279
0,24,13,9115163.0,4545454.0,-3.0218717217841644
0,24,14,9538943.0,4545454.0,-3.219229866039264
0,24,15,1.5259511E7,4545454.0,-5.259633495574328
0,24,16,1.0722754E7,4545454.0,-3.727290755140229
0,24,17,9169999.0,4545454.0,-3.0479202124720786
0,24,18,1.0464257E7,4545454.0,-3.6213113023188614
0,24,19,8584057.0,4545454.0,-2.761153257145565
0,24,20,9742368.0,4545454.0,-3.31087263156961
0,24,21,1.0541416E7,4545454.0,-3.65321685339834
0,25,0,8752335.0,5263157.0,-2.208776069289114
0,25,1,1.1230278E7,5263157.0,-3.291441819233935
0,25,2,1.060838E7,5263157.0,-3.04402742871056
0,25,3,8856873.0,5263157.0,-2.2603409209311733
0,25,4,9780493.0,5263157.0,-2.691144213683816
0,25,5,1.0433601E7,5263157.0,-2.971878992708848
0,25,6,9789514.0,5263157.0,-2.695148065903937
0,25,7,8705190.0,5263157.0,-2.185319292771496
0,25,8,1.0105979E7,5263157.0,-2.8333206623175484
0,25,9,1.0138046E7,5263157.0,-2.847079322266862
0,25,10,2.2134529E7,5263157.0,-6.238239598564133
0,25,11,1.1993631E7,5263157.0,-3.577043578431853
0,25,12,1.3041057E7,5263157.0,-3.940664679167974
0,25,13,1.1586308E7,5263157.0,-3.4269874399362212
0,25,14,9334176.0,5263157.0,-2.4882966022299153
0,25,15,1.0524629E7,5263157.0,-3.009604703981943
0,25,16,1.2406417E7,5263157.0,-3.7240004920618404
0,25,17,9019202.0,5263157.0,-2.3392178856343473
0,25,18,1.0536545E7,5263157.0,-3.0145190108468407
0,26,0,1.0534029E7,6250000.0,-2.267144922842445
0,26,1,9477696.0,6250000.0,-1.808227571142791
0,26,2,9888605.0,6250000.0,-1.992550120151193
0,26,3,1.0698475E7,6250000.0,-2.334418588190845
0,26,4,9345975.0,6250000.0,-1.7474459763048413
0,26,5,9500025.0,6250000.0,-1.8184473082348427
0,26,6,1.1692499E7,6250000.0,-2.720273240934689
0,26,7,9591827.0,6250000.0,-1.860213198002073
0,26,8,1.0039904E7,6250000.0,-2.05849542828512
0,26,9,1.0567128E7,6250000.0,-2.2807695073579066
0,26,10,9598112.0,6250000.0,-1.8630579604751145
0,26,11,9663249.0,6250000.0,-1.8924315312280933
0,26,12,1.1120965E7,6250000.0,-2.50262456591844
0,26,13,1.0367683E7,6250000.0,-2.198016924926814
0,26,14,9316034.0,6250000.0,-1.7335104753203279
0,26,15,1.1171145E7,6250000.0,-2.5221767159041555
0,27,0,9840397.0,6666666.0,-1.691039224033963
0,27,1,9460547.0,6666666.0,-1.5200755011459317
0,27,2,1.1931136E7,6666666.0,-2.5277309863188657
0,27,3,1.0393096E7,6666666.0,-1.9283624132510135
0,27,4,8252550.0,6666666.0,-0.9267946676991795
0,27,5,1.0928943E7,6666666.0,-2.1466946338586057
0,27,6,9299123.0,6666666.0,-1.4453329467129477
0,27,7,9115680.0,6666666.0,-1.358803736365718
0,27,8,8871408.0,6666666.0,-1.2408385558661919
0,27,9,9911537.0,6666666.0,-1.7223230902489428
0,27,10,8687176.0,6666666.0,-1.1496992278418074
0,27,11,9847838.0,6666666.0,-1.6943219818776276
0,27,12,1.0105866E7,6666666.0,-1.806648378432706
0,27,13,8521499.0,6666666.0,-1.0660729985351034
0,27,14,8382993.0,6666666.0,-0.9949040599770199
0,28,0,1.0946152E7,6250000.0,-2.4338145718622934
0,28,1,9337440.0,6250000.0,-1.7434780682314075
0,28,2,8243955.0,6250000.0,-1.2025559515356286
0,28,3,8530982.0,6250000.0,-1.3511900827062555
0,28,4,1.017574E7,6250000.0,-2.1168598445792006
0,28,5,8236149.0,6250000.0,-1.1984417748541385
0,28,6,8450956.0,6250000.0,-1.3102582320801195
0,28,7,1.1172392E7,6250000.0,-2.5226614782043195
0,28,8,9020165.0,6250000.0,-1.593344645364594
0,28,9,8022590.0,6250000.0,-1.084345805062496
0,28,10,8540362.0,6250000.0,-1.3559626215880305
0,28,11,9596648.0,6250000.0,-1.8623954805871255
0,28,12,8482346.0,6250000.0,-1.3263596627430776
0,28,13,8665900.0,6250000.0,-1.4193365584969206
0,28,14,1.060522E7,6250000.0,-2.2963966482439395
0,28,15,8988518.0,6250000.0,-1.578080751145483
0,29,0,8376197.0,5555555.0,-1.783194315071276
0,29,1,9200932.0,5555555.0,-2.191043695692269
0,29,2,9867029.0,5555555.0,-2.4945895316372124
0,29,3,8500297.0,5555555.0,-1.847066487420757
0,29,4,1.0331397E7,5555555.0,-2.6943159883941337
0,29,5,1.0143714E7,5555555.0,-2.6146954439643704
0,29,6,8931557.0,5555555.0,-2.0619972271421223
0,29,7,8341829.0,5555555.0,-1.7653383148711745
0,29,8,1.1095283E7,5555555.0,-3.0041093250239985
0,29,9,9193915.0,5555555.0,-2.187730328065637
0,29,10,8460286.0,5555555.0,-1.8265759314652827
0,29,11,9623248.0,5555555.0,-2.3859422664150056
0,29,12,1.0104467E7,5555555.0,-2.59785958411404
0,29,13,8412142.0,5555555.0,-1.8017914365687382
0,29,14,9076697.0,5555555.0,-2.132003865203673
0,29,15,1.0253663E7,5555555.0,-2.661515882174484
0,29,16,8696523.0,5555555.0,-1.946181984224061
0,29,17,8537736.0,5555555.0,-1.866152701513239
0,30,0,1.0804183E7,4761904.0,-3.5581129582837563
0,30,1,9139849.0,4761904.0,-2.8315838500865045
0,30,2,8451434.0,4761904.0,-2.491497684901425
0,30,3,1.0125106E7,4761904.0,-3.276189427718576
0,30,4,9572187.0,4761904.0,-3.0323053852044746
0,30,5,7989946.0,4761904.0,-2.2476320836841603
0,30,6,9574243.0,4761904.0,-3.0332381015993586
0,30,7,9562502.0,4761904.0,-3.0279090321553923
0,30,8,9270763.0,4761904.0,-2.8933484303148176
0,30,9,8094329.0,4761904.0,-2.30400216856367
0,30,10,9702455.0,4761904.0,-3.0910100137934475
0,30,11,9314264.0,4761904.0,-2.9136790747186176
0,30,12,8704730.0,4761904.0,-2.61974669102462
0,30,13,9791707.0,4761904.0,-3.1307777370114085
0,30,14,9781696.0,4761904.0,-3.1263352571447838
0,30,15,8604481.0,4761904.0,-2.569440441567061
0,30,16,8138973.0,4761904.0,-2.327889719883969
0,30,17,9329586.0,4761904.0,-2.9208173659511836
0,30,18,1.434521E7,4761904.0,-4.789262745007687
0,30,19,1.7926722E7,4761904.0,-5.757202479013572
0,30,20,2.0331711E7,4761904.0,-6.303932921257346
0,31,0,1.1971788E7,4166666.0,-4.583703288184892
0,31,1,1.0060422E7,4166666.0,-3.828275094561611
0,31,2,9555405.0,4166666.0,-3.604604102860072
0,31,3,1.0036754E7,4166666.0,-3.818045909575916
0,31,4,2.0025238E7,4166666.0,-6.8178899757660005
0,31,5,1.569303E7,4166666.0,-5.7591811617726805
0,31,6,1.0914861E7,4166666.0,-4.182295205689103
0,31,7,1.0946439E7,4166666.0,-4.194841724594859
0,31,8,1.0840529E7,4166666.0,-4.152617867752043
0,31,9,9683794.0,4166666.0,-3.6625685347040235
0,31,10,9646630.0,4166666.0,-3.6458693251972836
0,31,11,1.2234128E7,4166666.0,-4.677843312057696
0,31,12,1.028585E7,4166666.0,-3.9245149785235074
0,31,13,2.5916598E7,4166666.0,-7.937893035055068
0,31,14,1.1658171E7,4166666.0,-4.468417323838836
0,31,15,1.272828E7,4166666.0,-4.84981031664831
0,31,16,1.1115854E7,4166666.0,-4.261541451469235
0,31,17,9602680.0,4166666.0,-3.6260376786115156
0,31,18,1.0786558E7,4166666.0,-4.13094194242717
0,31,19,9942472.0,4166666.0,-3.7770568779789664
0,31,20,9190110.0,4166666.0,-3.4353202085547165
0,31,21,1.0959675E7,4166666.0,-4.200089868982308
0,31,22,1.0080331E7,4166666.0,-3.8368610413297293
0,31,23,9483797.0,4166666.0,-3.571935605618839
0,32,0,1.0667575E7,4000000.0,-4.26005713587183
0,32,1,1.0209462E7,4000000.0,-4.0694286568672435
0,32,2,9490203.0,4000000.0,-3.7521551096623313
0,32,3,1.2214719E7,4000000.0,-4.848234891380111
0,32,4,9821727.0,4000000.0,-3.9012786719483747
0,32,5,9550685.0,4000000.0,-3.779745301040989
0,32,6,1.2889415E7,4000000.0,-5.081732155493141
0,32,7,9766649.0,4000000.0,-3.8768558872189898
0,32,8,9059065.0,4000000.0,-3.5502338446196635
0,32,9,1.1773527E7,4000000.0,-4.688465927712325
0,32,10,1.0184619E7,4000000.0,-4.0588479563683535
0,32,11,9334692.0,4000000.0,-3.6804000156161623
0,32,12,1.1652707E7,4000000.0,-4.643668352012917
0,32,13,9871968.0,4000000.0,-3.923437475972307
0,32,14,9019511.0,4000000.0,-3.531230012296721
0,32,15,1.0792095E7,4000000.0,-4.310457683338644
0,32,16,1.0178759E7,4000000.0,-4.056348404737769
0,32,17,9041422.0,4000000.0,-3.541767486813015
0,32,18,1.0230486E7,4000000.0,-4.078362740659911
0,32,19,1.0339245E7,4000000.0,-4.124288352147444
0,32,20,9450421.0,4000000.0,-3.7339116468439704
0,32,21,9817128.0,4000000.0,-3.8992446222455963
0,32,22,9788985.0,4000000.0,-3.88677671695642
0,32,23,9538788.0,4000000.0,-3.774332053519548
0,32,24,1.0229745E7,4000000.0,-4.078048167269971
0,33,0,1.2008176E7,4166666.0,-4.596883557960899
0,33,1,9819827.0,4166666.0,-3.723151479055165
0,33,2,9526058.0,4166666.0,-3.5912453261146893
0,33,3,1.1378315E7,4166666.0,-4.362892639094532
0,33,4,9412818.0,4166666.0,-3.539309727381479
0,33,5,9603729.0,4166666.0,-3.626512077456161
0,33,6,1.1295478E7,4166666.0,-4.331159252395152
0,33,7,9204025.0,4166666.0,-3.441891008288962
0,33,8,1.072032E7,4166666.0,-4.104190603763762
0,33,9,1.0932838E7,4166666.0,-4.189442240864903
0,33,10,3.9276015E7,4166666.0,-9.743387284168689
0,33,11,1.5439722E7,4166666.0,-5.6885078757714425
0,33,12,1.2227891E7,4166666.0,-4.6756286994843625
0,33,13,9160501.0,4166666.0,-3.4213053765974646
0,33,14,8906853.0,4166666.0,-3.2993559591415957
0,33,15,9567823.0,4166666.0,-3.610244436839587
0,33,16,9343657.0,4166666.0,-3.5072819857178006
0,33,17,8403384.0,4166666.0,-3.046655206625428
0,33,18,1.0662138E7,4166666.0,-4.080556104954066
0,33,19,9907134.0,4166666.0,-3.7615934832744657
0,33,20,8290742.0,4166666.0,-2.988047117230707
0,33,21,9752022.0,4166666.0,-3.6930598355349886
0,33,22,9835587.0,4166666.0,-3.73011595459517
0,33,23,9275020.0,4166666.0,-3.475261659688605
0,34,0,9875629.0,4545454.0,-3.3698749926434903
0,34,1,1.0293924E7,4545454.0,-3.550036904690996
0,34,2,9191142.0,4545454.0,-3.0579220879430684
0,34,3,1.0279423E7,4545454.0,-3.543914706562524
0,34,4,1.1223647E7,4545454.0,-3.9255673198039758
0,34,5,9455164.0,4545454.0,-3.1809179903001077
0,34,6,9782561.0,4545454.0,-3.32875297599281
0,34,7,1.1343689E7,4545454.0,-3.971770442677813
0,34,8,9085159.0,4545454.0,-3.007552652660659
0,34,9,1.1288209E7,4545454.0,-3.9504777467484113
0,34,10,1.0856552E7,4545454.0,-3.7811464979808678
0,34,11,9183569.0,4545454.0,-3.0543422631527104
0,34,12,1.038189E7,4545454.0,-3.5869915599260156
0,34,13,1.119411E7,4545454.0,-3.914123031657791
0,34,14,9245921.0,4545454.0,-3.0837291130949502
0,34,15,1.1409707E7,4545454.0,-3.996972248652233
0,34,16,1.0482295E7,4545454.0,-3.628791106919645
0,34,17,9237646.0,4545454.0,-3.079840483721787
0,34,18,1.1562786E7,4545454.0,-4.054852208844802
0,34,19,1.0717354E7,4545454.0,-3.725103088686434
0,34,20,9185552.0,4545454.0,-3.0552799301874694
0,34,21,1.0409955E7,4545454.0,-3.598715850903575
0,35,0,1.4410926E7,5263157.0,-4.374455628674843
0,35,1,2.1382441E7,5263157.0,-6.088109571485125
0,35,2,1.1635821E7,5263157.0,-3.445507064271689
0,35,3,1.0470939E7,5263157.0,-2.9873930433497287
0,35,4,9858717.0,5263157.0,-2.7257407490916696
0,35,5,1.0611506E7,5263157.0,-3.0453069874793965
0,35,6,1.2372184E7,5263157.0,-3.712000450204766
0,35,7,1.0909453E7,5263157.0,-3.1655665039075247
0,35,8,1.0593763E7,5263157.0,-3.0380392760528756
0,35,9,9505561.0,5263157.0,-2.5673142796906685
0,35,10,1.1987618E7,5263157.0,-3.5748656995612316
0,35,11,1.0101637E7,5263157.0,-2.8314543296740102
0,35,12,9232191.0,5263157.0,-2.440584555802531
0,35,13,9987266.0,5263157.0,-2.782002917758552
0,35,14,1.0240082E7,5263157.0,-2.890571091575654
0,35,15,9292897.0,5263157.0,-2.469047983549557
0,35,16,9685311.0,5263157.0,-2.6486724546686915
0,35,17,1.0931311E7,5263157.0,-3.1742592510611582
0,35,18,9075791.0,5263157.0,-2.3663816104914277
0,36,0,1.0254228E7,6250000.0,-2.1502295228859016
0,36,1,1.0987819E7,6250000.0,-2.4503147942295462
0,36,2,8916060.0,6250000.0,-1.542929650281937
0,36,3,1.0676528E7,6250000.0,-2.3255002602319634
0,36,4,1.061424E7,6250000.0,-2.3000888595091777
0,36,5,9530876.0,6250000.0,-1.8325280191776199
0,36,6,1.1015903E7,6250000.0,-2.461400857626156
0,36,7,1.0896015E7,6250000.0,-2.4138767509658265
0,36,8,9474689.0,6250000.0,-1.8068494611919417
0,36,9,1.03163E7,6250000.0,-2.1764394567302157
0,36,10,1.0581643E7,6250000.0,-2.2867308801436996
0,36,11,9579037.0,6250000.0,-1.8544183342466745
0,36,12,1.1317722E7,6250000.0,-2.5787900470365557
0,36,13,1.1173457E7,6250000.0,-2.5230754464751834
0,36,14,9440345.0,6250000.0,-1.7910784865509597
0,36,15,1.0190643E7,6250000.0,-2.1232157024838685
0,37,0,1.1027268E7,6666666.0,-2.185592320160855
0,37,1,1.0186943E7,6666666.0,-1.8413517859982578
0,37,2,1.0673733E7,6666666.0,-2.044076373517105
0,37,3,1.1635977E7,6666666.0,-2.4189415662229177
0,37,4,9470863.0,6666666.0,-1.5248085689087132
0,37,5,9875648.0,6666666.0,-1.7065690436248093
0,37,6,1.0633386E7,6666666.0,-2.0276288186836218
0,37,7,9122868.0,6666666.0,-1.3622269352931158
0,37,8,1.0256129E7,6666666.0,-1.8707477718286847
0,37,9,9853679.0,6666666.0,-1.6968971278860496
0,37,10,8709752.0,6666666.0,-1.160970916414877
0,37,11,9597281.0,6666666.0,-1.582395132379302
0,37,12,1.0994411E7,6666666.0,-2.1726327048829375
0,37,13,1.0053876E7,6666666.0,-1.784248270167493
0,37,14,1.0773986E7,6666666.0,-2.0846770936179344
0,38,0,1.1758223E7,6250000.0,-2.744616751777306
0,38,1,1.0524149E7,6250000.0,-2.263069708171883
0,38,2,9486335.0,6250000.0,-1.8121843989803907
0,38,3,1.1020429E7,6250000.0,-2.4631848358787374
0,38,4,9964129.0,6250000.0,-2.025593241243186
0,38,5,9051360.0,6250000.0,-1.6083382110093105
0,38,6,1.098892E7,6250000.0,-2.4507499436163362
0,38,7,1.0746209E7,6250000.0,-2.353752654421134
0,38,8,9161382.0,6250000.0,-1.6608097485017548
0,38,9,1.2100691E7,6250000.0,-2.869301537094346
0,38,10,9712962.0,6250000.0,-1.9147167230568993
0,38,11,9566240.0,6250000.0,-1.848612550070661
0,38,12,1.0679455E7,6250000.0,-2.3266907275183355
0,38,13,9990343.0,6250000.0,-2.037003818378709
0,38,14,9592539.0,6250000.0,-1.8605355622347584
0,38,15,9517934.0,6250000.0,-1.8266267161044896
0,39,0,1.0030713E7,5555555.0,-2.5660435303473426
0,39,1,8631877.0,5555555.0,-1.913777917690259
0,39,2,1.0064101E7,5555555.0,-2.580475350920751
0,39,3,1.0131652E7,5555555.0,-2.6095281284557768
0,39,4,8475248.0,5555555.0,-1.83424963780228
0,39,5,1.0211781E7,5555555.0,-2.6437404096428456
0,39,6,1.0385336E7,5555555.0,-2.716931004953861
0,39,7,8437166.0,5555555.0,-1.8146914240407086
0,39,8,1.1886492E7,5555555.0,-3.3032625093676717
0,39,9,9877397.0,5555555.0,-2.499150581527686
0,39,10,8827548.0,5555555.0,-2.0111263626077767
0,39,11,8456094.0,5555555.0,-1.8244235058217302
0,39,12,1.122823E7,5555555.0,-3.0558384871067066
0,39,13,9160258.0,5555555.0,-2.1718025434016934
0,39,14,1.7964527E7,5555555.0,-5.0968833539520295
0,39,15,9551250.0,5555555.0,-2.3533276122409044
0,39,16,9502354.0,5555555.0,-2.331037540921423
0,39,17,9471727.0,5555555.0,-2.3170172058662395
0,40,0,1.1063354E7,4761904.0,-3.661061731854498
0,40,1,9387013.0,4761904.0,-2.9474678353830446
0,40,2,1.0116233E7,4761904.0,-3.272381878045349
0,40,3,1.1571603E7,4761904.0,-3.8561288962328364
0,40,4,9469601.0,4761904.0,-2.985510446869486
0,40,5,1.0035559E7,4761904.0,-3.237609327589322
0,40,6,1.1137505E7,4761904.0,-3.6900727623539376
0,40,7,9391605.0,4761904.0,-2.949591825871216
0,40,8,1.0500675E7,4761904.0,-3.4343658132460373
0,40,9,1.07862E7,4761904.0,-3.550878330279137
0,40,10,9302723.0,4761904.0,-2.9082945371909243
0,40,11,1.6212534E7,4761904.0,-5.320702640917075
0,40,12,1.7450862E7,4761904.0,-5.640362483871454
0,40,13,1.8600167E7,4761904.0,-5.917362077321242
0,40,14,1.2342569E7,4761904.0,-4.136249280028671
0,40,15,1.2024686E7,4761904.0,-4.022931087057643
0,40,16,1.1829394E7,4761904.0,-3.951818612414393
0,40,17,1.1186172E7,4761904.0,-3.70900857031669
0,40,18,1.1461421E7,4761904.0,-3.81457829513915
0,40,19,1.077299E7,4761904.0,-3.5455562093423927
0,40,20,9167206.0,4761904.0,-2.844563548880317
0,41,0,1.0019688E7,4166666.0,-3.8106550957746292
0,41,1,1.0622701E7,4166666.0,-4.064462686458526
0,41,2,9646489.0,4166666.0,-3.645805846065734
0,41,3,9725856.0,4166666.0,-3.68139146360112
0,41,4,1.1001335E7,4166666.0,-4.2165670071639845
0,41,5,9642603.0,4166666.0,-3.6440559779231507
0,41,6,1.0414014E7,4166666.0,-3.978294683792569
0,41,7,1.1048419E7,4166666.0,-4.2351144725603165
0,41,8,9323185.0,4166666.0,-3.4977561321234374
0,41,9,1.0259756E7,4166666.0,-3.9134834360087596
0,41,10,1.1588977E7,4166666.0,-4.4425641214389175
0,41,11,9577515.0,4166666.0,-3.6146415203260958
0,41,12,9965866.0,4166666.0,-3.7872635459449144
0,41,13,1.1208097E7,4166666.0,-4.297431920758806
0,41,14,9483133.0,4166666.0,-3.5716315273772876
0,41,15,1.0375048E7,4166666.0,-3.9620142584424785
0,41,16,1.1048403E7,4166666.0,-4.235108183229018
0,41,17,9422097.0,4166666.0,-3.5435888216312765
0,41,18,1.0128687E7,4166666.0,-3.8576446182919395
0,41,19,1.1027795E7,4166666.0,-4.2269999543729835
0,41,20,9418419.0,4166666.0,-3.541893183226541
0,41,21,1.1264028E7,4166666.0,-4.319050325626729
0,41,22,1.1103927E7,4166666.0,-4.256879091580862
0,41,23,9803907.0,4166666.0,-3.7161049407473152
0,42,0,1.0500548E7,4000000.0,-4.191519731863381
0,42,1,1.0914549E7,4000000.0,-4.359458036088137
0,42,2,9536627.0,4000000.0,-3.7733480535600106
0,42,3,1.083082E7,4000000.0,-4.3260134692190695
0,42,4,1.0723849E7,4000000.0,-4.282906988272974
0,42,5,9752467.0,4000000.0,-3.8705449811040133
0,42,6,9417465.0,4000000.0,-3.7187402349530014
0,42,7,1.1099798E7,4000000.0,-4.432550840097225
0,42,8,9724779.0,4000000.0,-3.858197492434512
0,42,9,1.0587468E7,4000000.0,-4.227321193832285
0,42,10,1.6211114E7,4000000.0,-6.077528685192797
0,42,11,9621489.0,4000000.0,-3.8118229634839547
0,42,12,1.2255308E7,4000000.0,-4.862642390720113
0,42,13,9918043.0,4000000.0,-3.9436599552914924
0,42,14,9177743.0,4000000.0,-3.606759008578118
0,42,15,1.0160563E7,4000000.0,-4.048577816808691
0,42,16,1.0316721E7,4000000.0,-4.114816945399866
0,42,17,9313190.0,4000000.0,-3.6703847183417966
0,42,18,9687444.0,4000000.0,-3.8414921367685273
0,42,19,1.0557921E7,4000000.0,-4.2151841672602535
0,42,20,2.0069175E7,4000000.0,-7.004695286277947
0,42,21,1.4892947E7,4000000.0,-5.709206526431924
0,42,22,9043440.0,4000000.0,-3.542736702135883
0,42,23,1.2143881E7,4000000.0,-4.822975115172042
0,42,24,9879353.0,4000000.0,-3.9266851219381786
0,43,0,8789273.0,4166666.0,-3.2416426532303655
0,43,1,1.2025812E7,4166666.0,-4.603257214182712
0,43,2,1.1905113E7,4166666.0,-4.559448331608412
0,43,3,9132653.0,4166666.0,-3.4080826791067445
0,43,4,1.1471716E7,4166666.0,-4.398396980266744
0,43,5,1.0602159E7,4166666.0,-4.056056242286223
0,43,6,9150131.0,4166666.0,-3.4163862298865992
0,43,7,1.1013652E7,4166666.0,-4.22142661093458
0,43,8,9894579.0,4166666.0,-3.756086315333043
0,43,9,9270251.0,4166666.0,-3.47302804398156
0,43,10,1.1143446E7,4166666.0,-4.272308240615482
0,43,11,1.2586451E7,4166666.0,-4.801146006078222
0,43,12,1.4389628E7,4166666.0,-5.382608779195216
0,43,13,1.1573925E7,4166666.0,-4.436919749708847
0,43,14,9362754.0,4166666.0,-3.51614923941188
0,43,15,9404819.0,4166666.0,-3.535617529716084
0,43,16,1.0641488E7,4166666.0,-4.072136708312318
0,43,17,9189860.0,4166666.0,-3.435202065140464
0,43,18,1.0619395E7,4166666.0,-4.06311086357931
0,43,19,1.0713453E7,4166666.0,-4.1014077989731454
0,43,20,9388462.0,4166666.0,-3.5280576399509385
0,43,21,9891679.0,4166666.0,-3.754813256014259
0,43,22,1.4935985E7,4166666.0,-5.544451799841199
0,43,23,2.2871808E7,4166666.0,-7.395118078294186
0,44,0,2.9864798E7,4545454.0,-8.175823145425857
0,44,1,5.9089243E7,4545454.0,-11.139311591495932
0,44,2,2.2212526E7,4545454.0,-6.890206820975532
0,44,3,1.1018333E7,4545454.0,-3.8453862657632665
0,44,4,1.1591769E7,4545454.0,-4.065724508954101
0,44,5,9619528.0,4545454.0,-3.2557649603311383
0,44,6,1.1751417E7,4545454.0,-4.125129704539673
0,44,7,1.2674825E7,4545454.0,-4.453647047252479
0,44,8,1.0554963E7,4545454.0,-3.6587944818198084
0,44,9,1.0647056E7,4545454.0,-3.6965227125642524
0,44,10,9078585.0,4545454.0,-3.0044089703353674
0,44,11,1.0399794E7,4545454.0,-3.594474697796614
0,44,12,1.0732285E7,4545454.0,-3.7311492994936577
0,44,13,9659574.0,4545454.0,-3.273807068138261
0,44,14,8991093.0,4545454.0,-2.962352227814698
0,44,15,1.1253678E7,4545454.0,-3.9371721752273214
0,44,16,1.0021872E7,4545454.0,-3.433715845421013
0,44,17,1.0236751E7,4545454.0,-3.525848725200003
0,44,18,1.1051077E7,4545454.0,-3.858273378694766
0,44,19,9550237.0,4545454.0,-3.2243688216685014
0,44,20,1.0550713E7,4545454.0,-3.6570454247670634
0,44,21,1.0555803E7,4545454.0,-3.659140094447025
0,45,0,9902363.0,5263157.0,-2.744925174012018
0,45,1,1.036301E7,5263157.0,-2.9423959201896195
0,45,2,1.0882394E7,5263157.0,-3.1547812038588843
0,45,3,9773755.0,5263157.0,-2.688151230946887
0,45,4,1.0423768E7,5263157.0,-2.9677841157788483
0,45,5,1.0523828E7,5263157.0,-3.0092741620517938
0,45,6,9851562.0,5263157.0,-2.7225876966620124
0,45,7,9627105.0,5263157.0,-2.62249383345952
0,45,8,1.0996721E7,5263157.0,-3.200168814050523
0,45,9,1.0124177E7,5263157.0,-2.841134040635959
0,45,10,9857401.0,5263157.0,-2.7251609883709915
0,45,11,1.0820243E7,5263157.0,-3.129906890076125
0,45,12,9880340.0,5263157.0,-2.7352556447003895
0,45,13,9212699.0,5263157.0,-2.4314055678091195
0,45,14,1.1505301E7,5263157.0,-3.3965165988482706
0,45,15,1.0041338E7,5263157.0,-2.8054526082899445
0,45,16,8957237.0,5263157.0,-2.309277401696846
0,45,17,1.0446645E7,5263157.0,-2.9773051145647624
0,45,18,1.030486E7,5263157.0,-2.917957706904159
0,46,0,9271845.0,6250000.0,-1.7128614545105032
0,46,1,1.1954295E7,6250000.0,-2.816439515110711
0,46,2,9776107.0,6250000.0,-1.9428592895612815
0,46,3,9586522.0,6250000.0,-1.8578105591875866
0,46,4,1.1491887E7,6250000.0,-2.64511329568792
0,46,5,1.0112767E7,6250000.0,-2.0898998378759055
0,46,6,9220743.0,6250000.0,-1.6888590021704069
0,46,7,1.0181843E7,6250000.0,-2.1194637875939084
0,46,8,1.0950086E7,6250000.0,-2.4353751271596837
0,46,9,9414292.0,6250000.0,-1.7790764720458259
0,46,10,1.1294199E7,6250000.0,-2.5697541824737375
0,46,11,1.032886E7,6250000.0,-2.181723735820981
0,46,12,9112111.0,6250000.0,-1.6373898415649824
0,46,13,1.0144077E7,6250000.0,-2.1033251977759133
0,46,14,1.0443378E7,6250000.0,-2.229609803135348
0,46,15,8786738.0,6250000.0,-1.4794765960337395
0,47,0,9671981.0,6666666.0,-1.6160673719441645
0,47,1,1.0929722E7,6666666.0,-2.1470041819499883
0,47,2,9768490.0,6666666.0,-1.659187387371476
0,47,3,1.0297072E7,6666666.0,-1.8880505194570805
0,47,4,1.0831738E7,6666666.0,-2.1078944916128424
0,47,5,9234891.0,6666666.0,-1.4152307628652514
0,47,6,9492569.0,6666666.0,-1.5347506512713136
0,47,7,1.0543086E7,6666666.0,-1.9905905155961818
0,47,8,9616195.0,6666666.0,-1.5909456398295017
0,47,9,9265254.0,6666666.0,-1.4294863216124014
0,47,10,1.0988243E7,6666666.0,-2.170195575649428
0,47,11,1.002659E7,6666666.0,-1.7724455893664546
0,47,12,9257211.0,6666666.0,-1.4257146521963804
0,47,13,1.2069479E7,6666666.0,-2.5777982591233877
0,47,14,9887081.0,6666666.0,-1.7115939461729583
0,48,0,9221688.0,6250000.0,-1.6893040717881356
0,48,1,1.1593293E7,6250000.0,-2.683267946850802
0,48,2,1.0012645E7,6250000.0,-2.046688011109053
0,48,3,9423698.0,6250000.0,-1.7834134254429326
0,48,4,1.0191328E7,6250000.0,-2.1235076190214945
0,48,5,1.0387239E7,6250000.0,-2.206201070741959
0,48,6,9519642.0,6250000.0,-1.8274059907107536
0,48,7,1.0029452E7,6250000.0,-2.0539718687496364
0,48,8,1.0616269E7,6250000.0,-2.300918970088688
0,48,9,9087005.0,6250000.0,-1.625407496730971
0,48,10,9821311.0,6250000.0,-1.9628944621308861
0,48,11,1.4337946E7,6250000.0,-3.606069230561872
0,48,12,9498994.0,6250000.0,-1.817975960097045
0,48,13,1.1944508E7,6250000.0,-2.8128824831271473
0,48,14,1.0080673E7,6250000.0,-2.076095098477313
0,48,15,9283491.0,6250000.0,-1.7183130337224122
0,49,0,1.0327769E7,5555555.0,-2.6927906408592506
0,49,1,1.055055E7,5555555.0,-2.785476485208758
0,49,2,8995946.0,5555555.0,-2.0931938836300175
0,49,3,9857146.0,5555555.0,-2.490237377264372
0,49,4,1.0243418E7,5555555.0,-2.657174437324243
0,49,5,9648168.0,5555555.0,-2.3971740560471666
0,49,6,9641187.0,5555555.0,-2.394030550304716
0,49,7,1.0961908E7,5555555.0,-2.951587013811437
0,49,8,9709789.0,5555555.0,-2.4248234104309594
0,49,9,2.4297687E7,5555555.0,-6.408374817628573
0,49,10,1.2753068E7,5555555.0,-3.6088722390573604
0,49,11,1.1937551E7,5555555.0,-3.3218778853576456
0,49,12,9963214.0,5555555.0,-2.5367200716767666
0,49,13,9448573.0,5555555.0,-2.3063877132537787
0,49,14,1.0480829E7,5555555.0,-2.756681838413906
0,49,15,1.2707354E7,5555555.0,-3.5932767714880303
0,49,16,9541077.0,5555555.0,-2.3486994931200513
0,49,17,1.0748604E7,5555555.0,-2.866246114387314
0,50,0,1.0016465E7,4545454.0,-3.431372107694033
0,50,1,1.0360234E7,4545454.0,-3.5779229759010973
0,50,2,1.1133057E7,4545454.0,-3.890371655505986
0,50,3,1.2792866E7,4545454.0,-4.493905837923
0,50,4,1.5020737E7,4545454.0,-5.191139750052116
0,50,5,1.1392462E7,4545454.0,-3.990403215883175
0,50,6,9014646.0,4545454.0,-2.973714098345481
0,50,7,1.0348157E7,4545454.0,-3.572857420539914
0,50,8,1.0715067E7,4545454.0,-3.7241762391402418
0,50,9,9140572.0,4545454.0,-3.0339610686292855
0,50,10,9429628.0,4545454.0,-3.169172930413699
0,50,11,1.0762182E7,4545454.0,-3.7432306509397693
0,50,12,9404151.0,4545454.0,-3.157423267996659
0,50,13,1.0865122E7,4545454.0,-3.7845734013613597
0,50,14,1.0762467E7,4545454.0,-3.743345657625685
0,50,15,9298236.0,4545454.0,-3.108232978215069
0,50,16,1.0235176E7,4545454.0,-3.5251804795479473
0,50,17,1.1147719E7,4545454.0,-3.896087458773167
0,50,18,1.0038038E7,4545454.0,-3.4407156835203274
0,50,19,8747862.0,4545454.0,-2.8432465623876313
0,50,20,1.038072E7,4545454.0,-3.5865020987798832
0,50,21,8707498.0,4545454.0,-2.8231611631599063
0,51,0,8859533.0,4166666.0,-3.276221413399196
0,51,1,1.0219727E7,4166666.0,-3.896506058254924
0,51,2,9304863.0,4166666.0,-3.4892129438480204
0,51,3,8535020.0,4166666.0,-3.1141585432721532
0,51,4,9123193.0,4166666.0,-3.4035817360482437
0,51,5,1.0224489E7,4166666.0,-3.898529232301046
0,51,6,9126387.0,4166666.0,-3.405101920720288
0,51,7,9715930.0,4166666.0,-3.6769568839776996
0,51,8,1.1157902E7,4166666.0,-4.277938538756842
0,51,9,9265407.0,4166666.0,-3.470758124544946
0,51,10,1.0749131E7,4166666.0,-4.115846668773617
0,51,11,1.0758473E7,4166666.0,-4.1196194547195475
0,51,12,9763325.0,4166666.0,-3.6980905747556143
0,51,13,1.0486531E7,4166666.0,-4.0084315623494495
0,51,14,9849796.0,4166666.0,-3.7363854707788735
0,51,15,9137824.0,4166666.0,-3.4105410022538467
0,51,16,8452637.0,4166666.0,-3.0720352972104816
0,51,17,1.0753253E7,4166666.0,-4.11751175100481
0,51,18,9091516.0,4166666.0,-3.3884761857235555
0,51,19,8444972.0,4166666.0,-3.0680952516902997
0,51,20,9901974.0,4166666.0,-3.7593309285170218
0,51,21,9527832.0,4166666.0,-3.592054020206156
0,51,22,8736428.0,4166666.0,-3.2154521328616177
0,51,23,9263504.0,4166666.0,-3.469866045780072
0,52,0,1.1263561E7,4000000.0,-4.496157240680039
0,52,1,9446399.0,4000000.0,-3.7320629416834294
0,52,2,1.0272822E7,4000000.0,-4.096297717119553
0,52,3,1.1923324E7,4000000.0,-4.743373541446701
0,52,4,9372887.0,4000000.0,-3.698133898536132
0,52,5,1.1428478E7,4000000.0,-4.559284052778226
0,52,6,1.0856078E7,4000000.0,-4.3361296370395905
0,52,7,9487356.0,4000000.0,-3.7508520586226757
0,52,8,9581534.0,4000000.0,-3.793750537007479
0,52,9,1.1023014E7,4000000.0,-4.402403676704298
0,52,10,9588972.0,4000000.0,-3.7971205915261126
0,52,11,1.1282383E7,4000000.0,-4.503408471888079
0,52,12,1.0508716E7,4000000.0,-4.1948966397902
0,52,13,9577787.0,4000000.0,-3.7920518322940517
0,52,14,1.1873747E7,4000000.0,-4.72527799626023
0,52,15,1.1048698E7,4000000.0,-4.41251111604382
0,52,16,9670815.0,4000000.0,-3.8340308410849424
0,52,17,9325040.0,4000000.0,-3.6759071207415883
0,52,18,1.0451839E7,4000000.0,-4.1713271991196805
0,52,19,8920961.0,4000000.0,-3.4835164942895176
0,52,20,8359903.0,4000000.0,-3.201412470190515
0,52,21,9646668.0,4000000.0,-3.823173407622704
0,52,22,9733028.0,4000000.0,-3.8618798142869637
0,52,23,8780307.0,4000000.0,-3.4144970978030753
0,52,24,8904194.0,4000000.0,-3.4753462228661074
0,53,0,1.0064309E7,4166666.0,-3.829952734548103
0,53,1,8836312.0,4166666.0,-3.2648235310683504
0,53,2,9428363.0,4166666.0,-3.5464760608008605
0,53,3,1.0465527E7,4166666.0,-3.9997241367078895
0,53,4,8836352.0,4166666.0,-3.264843190559729
0,53,5,8619422.0,4166666.0,-3.1568945514097537
0,53,6,9544841.0,4166666.0,-3.5998000941843333
0,53,7,9710362.0,4166666.0,-3.6744673180415384
0,53,8,8641035.0,4166666.0,-3.1677707542160984
0,53,9,9061689.0,4166666.0,-3.3742046417524465
0,53,10,1.0305141E7,4166666.0,-3.932652495849957
0,53,11,8506837.0,4166666.0,-3.0997942254145228
0,53,12,1.0929798E7,4166666.0,-4.188234467718523
0,53,13,1.0464025E7,4166666.0,-3.9991007976962005
0,53,14,8731980.0,4166666.0,-3.2132404351530974
0,53,15,9784281.0,4166666.0,-3.707402281416121
0,53,16,1.0859169E7,4166666.0,-4.160079032542242
0,53,17,1.4597422E7,4166666.0,-5.4448747451509405
0,53,18,2.8939873E7,4166666.0,-8.417079321241031
0,53,19,1.6551292E7,4166666.0,-5.990432118222415
0,53,20,1.3334307E7,4166666.0,-5.051817610036556
0,53,21,8526835.0,4166666.0,-3.109991703726199
0,53,22,1.4373819E7,4166666.0,-5.377834829705954
0,53,23,1.0091158E7,4166666.0,-3.8415231729226154
0,54,0,9898222.0,4761904.0,-3.1777655427950746
0,54,1,1.2305435E7,4761904.0,-4.123163349425482
0,54,2,9690105.0,4761904.0,-3.0854784722366873
0,54,3,9386323.0,4761904.0,-2.947148591970315
0,54,4,1.1555649E7,4761904.0,-3.850137060053293
0,54,5,1.0398217E7,4761904.0,-3.391782406884045
0,54,6,1.0140898E7,4761904.0,-3.2829577870324034
0,54,7,1.095051E7,4761904.0,-3.6165371034037
0,54,8,9581476.0,4761904.0,-3.0365178032246467
0,54,9,1.0580818E7,4761904.0,-3.4673860839975457
0,54,10,1.067815E7,4761904.0,-3.5071538148415042
0,54,11,9532570.0,4761904.0,-3.0142936730937944
0,54,12,9920519.0,4761904.0,-3.18753757437725
0,54,13,1.1127048E7,4761904.0,-3.685993257383689
0,54,14,9566584.0,4761904.0,-3.0297625343060313
0,54,15,9259755.0,4761904.0,-2.8881886023821615
0,54,16,1.2023046E7,4761904.0,-4.0223387293655115
0,54,17,1.0098541E7,4761904.0,-3.264779972690741
0,54,18,1.0203102E7,4761904.0,-3.309515925195826
0,54,19,1.0860291E7,4761904.0,-3.5806082649054183
0,54,20,1.0055288E7,4761904.0,-3.2461387824078116
0,55,0,9357397.0,5555555.0,-2.264276039208374
0,55,1,1.1320346E7,5555555.0,-3.091322495541185
0,55,2,9965393.0,5555555.0,-2.537669789516893
0,55,3,9074869.0,5555555.0,-2.131129130411531
0,55,4,1.2443356E7,5555555.0,-3.502100748456903
0,55,5,1.004369E7,5555555.0,-2.5716584821610677
0,55,6,9167273.0,5555555.0,-2.175127132992434
0,55,7,1.1779519E7,5555555.0,-3.2640010554489898
0,55,8,9893553.0,5555555.0,-2.506248331723172
0,55,9,9232874.0,5555555.0,-2.206094573655431
0,55,10,1.1131772E7,5555555.0,-3.0183685110350074
0,55,11,1.0014828E7,5555555.0,-2.5591604342122904
0,55,12,9186427.0,5555555.0,-2.1841917679448293
0,55,13,1.2378146E7,5555555.0,-3.4792814941503347
0,55,14,9017757.0,5555555.0,-2.1037107679971685
0,55,15,8130679.0,5555555.0,-1.6539936394721573
0,55,16,9426705.0,5555555.0,-2.2963246498335437
0,55,17,9912177.0,5555555.0,-2.514415970901264
0,56,0,8300880.0,6250000.0,-1.232441182712044
0,56,1,9692004.0,6250000.0,-1.9053356735968985
0,56,2,9707050.0,6250000.0,-1.912072492912933
0,56,3,9217471.0,6250000.0,-1.6873176255927145
0,56,4,8374053.0,6250000.0,-1.270556879016906
0,56,5,1.0212078E7,6250000.0,-2.1323410594836263
0,56,6,9668725.0,6250000.0,-1.8948919076454307
0,56,7,8408554.0,6250000.0,-1.2884130023567628
0,56,8,8956537.0,6250000.0,-1.5626010699405466
0,56,9,9599981.0,6250000.0,-1.8639035615348054
0,56,10,8690731.0,6250000.0,-1.4317629028000134
0,56,11,1.302955E7,6250000.0,-3.190493994512699
0,56,12,9909294.0,6250000.0,-2.0016269639181186
0,56,13,8944778.0,6250000.0,-1.556895489599413
0,56,14,8428053.0,6250000.0,-1.298472406711482
0,56,15,1.0405896E7,6250000.0,-2.213994637535341
0,57,0,9549673.0,6666666.0,-1.5607980320741386
0,57,1,8265510.0,6666666.0,-0.9336095813638694
0,57,2,1.1008549E7,6666666.0,-2.178213823268977
0,57,3,1.1530936E7,6666666.0,-2.3795586417152443
0,57,4,8504481.0,6666666.0,-1.0573911770430897
0,57,5,8879757.0,6666666.0,-1.2449238369131317
0,57,6,9902083.0,6666666.0,-1.7181786478466934
0,57,7,8764520.0,6666666.0,-1.1881943888077149
0,57,8,8688122.0,6666666.0,-1.1501721320536216
0,57,9,1.3417335E7,6666666.0,-3.037575657302025
0,57,10,1.3235325E7,6666666.0,-2.9782591257082895
0,57,11,1.1905613E7,6666666.0,-2.5184306389454045
0,57,12,9679702.0,6666666.0,-1.6195328977826187
0,57,13,8686762.0,6666666.0,-1.1494922535616614
0,57,14,1.0082965E7,6666666.0,-1.796795621533701
0,58,0,1.014937E7,6250000.0,-2.1055906785932827
0,58,1,8319691.0,6250000.0,-1.2422717920061876
0,58,2,9388389.0,6250000.0,-1.767110585817828
0,58,3,1.0022694E7,6250000.0,-2.0510445389567824
0,58,4,8845602.0,6250000.0,-1.508473774348933
0,58,5,8359603.0,6250000.0,-1.2630563581225362
0,58,6,1.1507134E7,6250000.0,-2.6508715311672804
0,58,7,1.2235329E7,6250000.0,-2.917356343955117
0,58,8,8290713.0,6250000.0,-1.2271186406870802
0,58,9,1.1247761E7,6250000.0,-2.5518606224810894
0,58,10,9521176.0,6250000.0,-1.828105758689925
0,58,11,8570614.0,6250000.0,-1.3713191861179441
0,58,12,1.1225601E7,6250000.0,-2.543295843576956
0,58,13,9077895.0,6250000.0,-1.6210513779944584
0,58,14,1.113232E7,6250000.0,-2.507056643492609
0,58,15,9768505.0,6250000.0,-1.9394808578810614
0,59,0,9503425.0,5263157.0,-2.5663382644342523
0,59,1,8534071.0,5263157.0,-2.0990992647468674
0,59,2,9225258.0,5263157.0,-2.437321955662456
0,59,3,1.2480476E7,5263157.0,-3.749848242503881
0,59,4,1.5800606E7,5263157.0,-4.7742741853536135
0,59,5,2.0282469E7,5263157.0,-5.858744956517335
0,59,6,1.3865078E7,5263157.0,-4.206759918900199
0,59,7,9816855.0,5263157.0,-2.707260510718739
0,59,8,9420699.0,5263157.0,-2.528368026904573
0,59,9,8402219.0,5263157.0,-2.03147671819674
0,59,10,1.330666E7,5263157.0,-4.028227350961079
0,59,11,8950433.0,5263157.0,-2.3059772070907774
0,59,12,8551613.0,5263157.0,-2.108017135964046
0,59,13,8982133.0,5263157.0,-2.321331562308636
0,59,14,9434913.0,5263157.0,-2.5349157464218037
0,59,15,8296606.0,5263157.0,-1.976541410235881
0,59,16,9890540.0,5263157.0,-2.7397367847492187
0,59,17,1.6446248E7,5263157.0,-4.948205096674549
0,59,18,1.0425757E7,5263157.0,-2.96861273103711
0,60,0,1.5033275E7,4545454.0,-5.194763349144309
0,60,1,8931822.0,4545454.0,-2.9336279247934978
0,60,2,8274648.0,4545454.0,-2.6017226107604294
0,60,3,9742452.0,4545454.0,-3.3109100768593076
0,60,4,9596339.0,4545454.0,-3.2452831437890994
0,60,5,8211280.0,4545454.0,-2.568335945158319
0,60,6,9230525.0,4545454.0,-3.0764913581815305
0,60,7,9795406.0,4545454.0,-3.3344517427958085
0,60,8,8473681.0,4545454.0,-2.7049484347018025
0,60,9,8296945.0,4545454.0,-2.6134094412377578
0,60,10,9923226.0,4545454.0,-3.390756153980503
0,60,11,9172983.0,4545454.0,-3.0493332158162794
0,60,12,8442637.0,4545454.0,-2.6890084966711933
0,60,13,8710207.0,4545454.0,-2.8245120917247912
0,60,14,9817160.0,4545454.0,-3.3440860211801766
0,60,15,8424444.0,4545454.0,-2.6796398067676823
0,60,16,8631372.0,4545454.0,-2.7850256743257407
0,60,17,1.0768202E7,4545454.0,-3.745659267957644
0,60,18,9320817.0,4545454.0,-3.1187671428731796
0,60,19,8497198.0,4545454.0,-2.7169847115125116
0,60,20,8757692.0,4545454.0,-2.848124003233919
0,60,21,9835851.0,4545454.0,-3.3523467407296046
0,61,0,8309806.0,4166666.0,-2.998021961004131
0,61,1,1.8241267E7,4166666.0,-6.412663114191133
0,61,2,1.2521605E7,4166666.0,-4.778713108374064
0,61,3,8848967.0,4166666.0,-3.2710388671187864
0,61,4,1.0231637E7,4166666.0,-3.901564349588642
0,61,5,9362982.0,4166666.0,-3.5162549966882595
0,61,6,8315518.0,4166666.0,-3.0010061917815154
0,61,7,9288333.0,4166666.0,-3.4814908828562263
0,61,8,9816834.0,4166666.0,-3.7218275845352133
0,61,9,8148721.0,4166666.0,-2.9130075966484155
0,61,10,1.118012E7,4166666.0,-4.286577762033498
0,61,11,9671983.0,4166666.0,-3.6572683571266413
0,61,12,8570523.0,4166666.0,-3.13218635932151
0,61,13,8191783.0,4166666.0,-2.9358975053961585
0,61,14,1.1708709E7,4166666.0,-4.48720323684848
0,61,15,9105713.0,4166666.0,-3.3952526900040016
0,61,16,8287906.0,4166666.0,-2.986561279347314
0,61,17,1.055313E7,4166666.0,-4.0359259928000455
0,61,18,9414991.0,4166666.0,-3.540312203998238
0,61,19,8654653.0,4166666.0,-3.1746097113905303
0,61,20,9493383.0,4166666.0,-3.5763231355443734
0,61,21,1.0003301E7,4166666.0,-3.803546481507424
0,61,22,8783021.0,4166666.0,-3.2385523234015716
0,61,23,8404810.0,4166666.0,-3.0473921137942535
0,62,0,1.0307826E7,4000000.0,-4.111070875577296
0,62,1,9218146.0,4000000.0,-3.6258359101252715
0,62,2,8406268.0,4000000.0,-3.225432402926577
0,62,3,8736548.0,4000000.0,-3.3927987600978975
0,62,4,9531474.0,4000000.0,-3.7710007621126596
0,62,5,8242059.0,4000000.0,-3.139757277277171
0,62,6,9625257.0,4000000.0,-3.8135234292444715
0,62,7,9516150.0,4000000.0,-3.7640128773491854
0,62,8,9153041.0,4000000.0,-3.595054164109101
0,62,9,8269352.0,4000000.0,-3.1541148752925627
0,62,10,9701586.0,4000000.0,-3.847827465201373
0,62,11,9587000.0,4000000.0,-3.7962273604332304
0,62,12,8378445.0,4000000.0,-3.211034317671917
0,62,13,9677743.0,4000000.0,-3.8371409356968615
0,62,14,9971122.0,4000000.0,-3.9668403869805418
0,62,15,8900024.0,4000000.0,-3.4733118644655847
0,62,16,9719146.0,4000000.0,-3.855681147730445
0,62,17,1.0025181E7,4000000.0,-3.990322310207773
0,62,18,9072163.0,4000000.0,-3.5565085328134103
0,62,19,8172992.0,4000000.0,-3.1032108248897132
0,62,20,9654825.0,4000000.0,-3.826844149880604
0,62,21,9439329.0,4000000.0,-3.7288113200033006
0,62,22,8737270.0,4000000.0,-3.3931576520310887
0,62,23,8786505.0,4000000.0,-3.417561691777817
0,62,24,1.0108696E7,4000000.0,-4.026351448238833
0,63,0,8455684.0,4166666.0,-3.0736005564703257
0,63,1,1.0172327E7,4166666.0,-3.8763162377327682
0,63,2,1.0111972E7,4166666.0,-3.8504716957945058
0,63,3,8959602.0,4166666.0,-3.32500029226606
0,63,4,8687572.0,4166666.0,-3.1910972811466842
0,63,5,9455148.0,4166666.0,-3.5587964237875824
0,63,6,1.0289955E7,4166666.0,-3.9262478671000336
0,63,7,8231687.0,4166666.0,-2.9570015974159287
0,63,8,9267755.0,4166666.0,-3.4718585557060884
0,63,9,1.0000953E7,4166666.0,-3.802526974908286
0,63,10,8263169.0,4166666.0,-2.9735794632439525
0,63,11,1.0964561E7,4166666.0,-4.202025592419794
0,63,12,1.0108782E7,4166666.0,-3.8491014210671
0,63,13,9141251.0,4166666.0,-3.412169451403402
0,63,14,8512021.0,4166666.0,-3.10243997598582
0,63,15,1.7083583E7,4166666.0,-6.127902732154435
0,63,16,1.8168494E7,4166666.0,-6.39530241005594
0,63,17,1.1547568E7,4166666.0,-4.427018395486026
0,63,18,1.0499543E7,4166666.0,-4.013817077070004
0,63,19,9585358.0,4166666.0,-3.6181964902011843
0,63,20,1.0931987E7,4166666.0,-4.189104177693315
0,63,21,9296930.0,4166666.0,-3.485508722073481
0,63,22,1.0789758E7,4166666.0,-4.132230153400981
0,63,23,1.1010841E7,4166666.0,-4.2203180253292185
0,64,0,9657104.0,4761904.0,-3.0706627268781848
0,64,1,1.0992462E7,4761904.0,-3.633143371965395
0,64,2,1.0904781E7,4761904.0,-3.5983631231580877
0,64,3,9385075.0,4761904.0,-2.946571118183638
0,64,4,1.1217757E7,4761904.0,-3.721253922726703
0,64,5,1.1241223E7,4761904.0,-3.730329275232347
0,64,6,9368813.0,4761904.0,-2.939039348094332
0,64,7,1.0210427E7,4761904.0,-3.312632688805369
0,64,8,1.0995315E7,4761904.0,-3.634270400099093
0,64,9,9396110.0,4761904.0,-2.9516745662986406
0,64,10,9597203.0,4761904.0,-3.0436404531713412
0,64,11,1.0928816E7,4761904.0,-3.6079247836476327
0,64,12,9784776.0,4761904.0,-3.1277025215298107
0,64,13,9546295.0,4761904.0,-3.020542150445422
0,64,14,1.084297E7,4761904.0,-3.573676204033878
0,64,15,1.0285305E7,4761904.0,-3.344365389929595
0,64,16,9209359.0,4761904.0,-2.864487672245328
0,64,17,1.0419499E7,4761904.0,-3.400662015371073
0,64,18,1.0125312E7,4761904.0,-3.276277786055945
0,64,19,9158156.0,4761904.0,-2.840274012465431
0,64,20,9702456.0,4761904.0,-3.0910104614064067
0,65,0,1.0364115E7,5555555.0,-2.7080477179562985
0,65,1,9366735.0,5555555.0,-2.2686078204714315
0,65,2,9712997.0,5555555.0,-2.426258031304211
0,65,3,1.0900006E7,5555555.0,-2.9269928553449693
0,65,4,9479066.0,5555555.0,-2.320380956778432
0,65,5,1.0296405E7,5555555.0,-2.6795816535506773
0,65,6,1.1240707E7,5555555.0,-3.0606617618416636
0,65,7,9178082.0,5555555.0,-2.180244820383168
0,65,8,1.0434714E7,5555555.0,-2.7375309873116365
0,65,9,1.1025531E7,5555555.0,-2.976720632092852
0,65,10,9610748.0,5555555.0,-2.380297384521432
0,65,11,1.0280394E7,5555555.0,-2.6728230801174697
0,65,12,1.0828599E7,5555555.0,-2.8984481993852547
0,65,13,9513680.0,5555555.0,-2.3362108803082515
0,65,14,1.0450132E7,5555555.0,-2.7439432477021675
0,65,15,9957879.0,5555555.0,-2.5343939331297047
0,65,16,8866270.0,5555555.0,-2.0301350104588867
0,65,17,8393382.0,5555555.0,-1.7920953772673818
0,66,0,1.0454029E7,6250000.0,-2.2340368317397052
0,66,1,1.0406276E7,6250000.0,-2.214153229250941
0,66,2,8365076.0,6250000.0,-1.2658987370815593
0,66,3,9064295.0,6250000.0,-1.614540139758882
0,66,4,1.0867453E7,6250000.0,-2.402477532685313
0,66,5,8387649.0,6250000.0,-1.2776023080203915
0,66,6,1.0257711E7,6250000.0,-2.1517044177702975
0,66,7,9986623.0,6250000.0,-2.035386380083671
0,66,8,8888537.0,6250000.0,-1.5295026723542546
0,66,9,8417575.0,6250000.0,-1.2930697726651545
0,66,10,9743194.0,6250000.0,-1.9282133267476418
0,66,11,9607853.0,6250000.0,-1.8674633240285368
0,66,12,8210500.0,6250000.0,-1.1848958808583339
0,66,13,1.0216875E7,6250000.0,-2.1343806262377125
0,66,14,9916006.0,6250000.0,-2.004567635357045
0,66,15,8667751.0,6250000.0,-1.4202640942931108
0,67,0,8389608.0,6666666.0,-0.9983297160773994
0,67,1,1.0253419E7,6666666.0,-1.8696000741292451
0,67,2,9212083.0,6666666.0,-1.404491447473219
0,67,3,8584966.0,6666666.0,-1.0982988200051484
0,67,4,1.0327938E7,6666666.0,-1.9010492462317221
0,67,5,9432044.0,6666666.0,-1.506971205383043
0,67,6,8807757.0,6666666.0,-1.2095662672597403
0,67,7,8818742.0,6666666.0,-1.2149793960964328
0,67,8,1.0549622E7,6666666.0,-1.9932820133636304
0,67,9,8483840.0,6666666.0,-1.0468377188029907
0,67,10,1.1290287E7,6666666.0,-2.287962843509393
0,67,11,1.0251289E7,6666666.0,-1.8686977962233309
0,67,12,8757786.0,6666666.0,-1.1848563131170882
0,67,13,8841969.0,6666666.0,-1.226402904184182
0,67,14,9767940.0,6666666.0,-1.658942857572418
0,68,0,9659172.0,6250000.0,-1.8905988223465344
0,68,1,8308874.0,6250000.0,-1.236621558118438
0,68,2,1.0609938E7,6250000.0,-2.298328287310119
0,68,3,1.0061363E7,6250000.0,-2.0677680068021873
0,68,4,8388664.0,6250000.0,-1.2781278214626715
0,68,5,9326046.0,6250000.0,-1.7381753590359583
0,68,6,9562472.0,6250000.0,-1.8469015915607756
0,68,7,9012445.0,6250000.0,-1.589626100345182
0,68,8,8550289.0,6250000.0,-1.3610077679744323
0,68,9,1.0564381E7,6250000.0,-2.2796403812282886
0,68,10,9290016.0,6250000.0,-1.7213644462650164
0,68,11,8185366.0,6250000.0,-1.1715808585735394
0,68,12,8852320.0,6250000.0,-1.5117708738271185
0,68,13,9761897.0,6250000.0,-1.9365420366054669
0,68,14,8829750.0,6250000.0,-1.5006839006616564
0,68,15,1.0266873E7,6250000.0,-2.155581725400494
0,69,0,1.0948662E7,5263157.0,-3.1811472350043646
0,69,1,8829456.0,5263157.0,-2.246876214549042
0,69,2,8440980.0,5263157.0,-2.051465460394378
0,69,3,1.0204595E7,5263157.0,-2.8754944789618477
0,69,4,8985023.0,5263157.0,-2.3227286794300377
0,69,5,8689134.0,5263157.0,-2.177301695557748
0,69,6,1.3175485E7,5263157.0,-3.985202856843235
0,69,7,1.0640781E7,5263157.0,-3.057271797666014
0,69,8,1.712987E7,5263157.0,-5.125077418641765
0,69,9,1.0486646E7,5263157.0,-2.9939028246097923
0,69,10,9054102.0,5263157.0,-2.3559905756281
0,69,11,9722342.0,5263157.0,-2.6652456884094367
0,69,12,1.0378371E7,5263157.0,-2.9488286632708993
0,69,13,9275559.0,5263157.0,-2.460937670106643
0,69,14,8595629.0,5263157.0,-2.1303133721771763
0,69,15,9326762.0,5263157.0,-2.4848456937512022
0,69,16,9853489.0,5263157.0,-2.723437108794257
0,69,17,8264180.0,5263157.0,-1.9595344265498933
0,69,18,9345371.0,5263157.0,-2.493502218090957
0,70,0,1.0057557E7,4545454.0,-3.449152354997943
0,70,1,8260675.0,4545454.0,-2.59438268974395
0,70,2,1.0873461E7,4545454.0,-3.7879053405795067
0,70,3,1.0190366E7,4545454.0,-3.5061251546466687
0,70,4,9013421.0,4545454.0,-2.9731238955897994
0,70,5,8436775.0,4545454.0,-2.6859920001779907
0,70,6,1.0222324E7,4545454.0,-3.5197237488470168
0,70,7,9274257.0,4545454.0,-3.097018594483103
0,70,8,8318637.0,4545454.0,-2.624749063591799
0,70,9,9220376.0,4545454.0,-3.071713645546941
0,70,10,9595216.0,4545454.0,-3.2447748861687717
0,70,11,8774454.0,4545454.0,-2.8564283446690277
0,70,12,1.0335295E7,4545454.0,-3.5674561013150017
0,70,13,1.0399695E7,4545454.0,-3.5944333552869887
0,70,14,8973466.0,4545454.0,-2.953829545694548
0,70,15,8521359.0,4545454.0,-2.729315952083422
0,70,16,1.0224581E7,4545454.0,-3.5206825273512816
0,70,17,9099164.0,4545454.0,-3.0142422560312627
0,70,18,8406596.0,4545454.0,-2.6704290974847895
0,70,19,9279592.0,4545454.0,-3.0995161475512663
0,70,20,9900726.0,4545454.0,-3.3808977462939085
0,70,21,8319171.0,4545454.0,-2.625027842206646
0,71,0,1.067569E7,4166666.0,-4.086072654820445
0,71,1,1.0424526E7,4166666.0,-3.9826762805656735
0,71,2,8441292.0,4166666.0,-3.066202347826301
0,71,3,8857766.0,4166666.0,-3.2753551432616677
0,71,4,1.1187903E7,4166666.0,-4.289600035471847
0,71,5,9322938.0,4166666.0,-3.497641072561687
0,71,6,8190185.0,4166666.0,-2.9350502291906584
0,71,7,9577922.0,4166666.0,-3.614826071432042
0,71,8,9581450.0,4166666.0,-3.616425488103394
0,71,9,8393277.0,4166666.0,-3.041428673973061
0,71,10,9465117.0,4166666.0,-3.5633729792330184
0,71,11,9939186.0,4166666.0,-3.775621291791407
0,71,12,8808378.0,4166666.0,-3.251072547409529
0,71,13,8311504.0,4166666.0,-2.998909294232183
0,71,14,1.1225706E7,4166666.0,-4.3042497510682
0,71,15,9537292.0,4166666.0,-3.596363906820039
0,71,16,8394703.0,4166666.0,-3.042166468433959
0,71,17,9840730.0,4166666.0,-3.73238627436212
0,71,18,9771670.0,4166666.0,-3.701801031473863
0,71,19,8665574.0,4166666.0,-3.180086464859662
0,71,20,9310416.0,4166666.0,-3.491803973861099
0,71,21,1.0096784E7,4166666.0,-3.8439437671748076
0,71,22,8634587.0,4166666.0,-3.164528809064311
0,71,23,8830952.0,4166666.0,-3.2621883539470704
0,72,0,1.018016E7,4000000.0,-4.056946124656108
0,72,1,8966872.0,4000000.0,-3.505809790231022
0,72,2,8346779.0,4000000.0,-3.194589233891514
0,72,3,8833343.0,4000000.0,-3.4406510315458236
0,72,4,1.0261067E7,4000000.0,-4.0913253203247155
0,72,5,8337080.0,4000000.0,-3.189539775424506
0,72,6,1.1131152E7,4000000.0,-4.444801219153738
0,72,7,1.0007299E7,4000000.0,-3.982568845845775
0,72,8,8672298.0,4000000.0,-3.3607420147474443
0,72,9,8419629.0,4000000.0,-3.232329639718561
0,72,10,9442906.0,4000000.0,-3.7304567516805904
0,72,11,1.0022905E7,4000000.0,-3.9893362268030454
0,72,12,8256801.0,4000000.0,-3.1475182631344256
0,72,13,9397294.0,4000000.0,-3.7094282290424556
0,72,14,9898339.0,4000000.0,-3.9350233219326807
0,72,15,8880607.0,4000000.0,-3.4638266000706337
0,72,16,8598088.0,4000000.0,-3.3234189440753026
0,72,17,1.0333269E7,4000000.0,-4.121777439448437
0,72,18,9320790.0,4000000.0,-3.6739273198101703
0,72,19,8409414.0,4000000.0,-3.2270574223055215
0,72,20,9491647.0,4000000.0,-3.7528158684746478
0,72,21,9562484.0,4000000.0,-3.7851073017044117
0,72,22,8846367.0,4000000.0,-3.447049612015158
0,72,23,9280781.0,4000000.0,-3.655245333519334
0,72,24,1.0384132E7,4000000.0,-4.143102087858094
0,73,0,8946427.0,4166666.0,-3.31860933776505
0,73,1,8358733.0,4166666.0,-3.0235176413900766
0,73,2,1.0482435E7,4166666.0,-4.006734892880387
0,73,3,9324378.0,4166666.0,-3.498311822234384
0,73,4,8471008.0,4166666.0,-3.081464030867875
0,73,5,8903604.0,4166666.0,-3.297771471121602
0,73,6,9737953.0,4166666.0,-3.6867898530161014
0,73,7,8452983.0,4166666.0,-3.0722130675504737
0,73,8,9071706.0,4166666.0,-3.3790027816128854
0,73,9,1.0505852E7,4166666.0,-4.016425896345927
0,73,10,8788374.0,4166666.0,-3.241198417731073
0,73,11,8416808.0,4166666.0,-3.0535873157985693
0,73,12,9162219.0,4166666.0,-3.422119794895726
0,73,13,9614628.0,4166666.0,-3.6314379679115323
0,73,14,8153311.0,4166666.0,-2.9154531957303123
0,73,15,9494635.0,4166666.0,-3.5768958511296765
0,73,16,9832366.0,4166666.0,-3.7286934755616716
0,73,17,8988788.0,4166666.0,-3.339124489390115
0,73,18,8210591.0,4166666.0,-2.945857300478984
0,73,19,9335865.0,4166666.0,-3.5036587422544274
0,73,20,9564895.0,4166666.0,-3.608915180585521
0,73,21,1.8669354E7,4166666.0,-6.513406018800435
0,73,22,1.4192202E7,4166666.0,-5.322610951168352
0,73,23,1.0934958E7,4166666.0,-4.1902843049709695
0,74,0,1.1056361E7,4761904.0,-3.6583157458296967
0,74,1,9308902.0,4761904.0,-2.911178224888559
0,74,2,8264526.0,4761904.0,-2.394373145075059
0,74,3,8924284.0,4761904.0,-2.727927467282145
0,74,4,1.1592473E7,4761904.0,-3.863954572758655
0,74,5,8491236.0,4761904.0,-2.511902757735708
0,74,6,9280812.0,4761904.0,-2.8980533954463397
0,74,7,1.0060796E7,4761904.0,-3.2485170724031236
0,74,8,8912656.0,4761904.0,-2.7222650869064164
0,74,9,8501336.0,4761904.0,-2.517065454452566
0,74,10,9158726.0,4761904.0,-2.8405443072183973
0,74,11,9458902.0,4761904.0,-2.980600901559201
0,74,12,8803064.0,4761904.0,-2.6685322349476923
0,74,13,9183136.0,4761904.0,-2.85210380380811
0,74,14,1.0108829E7,4761904.0,-3.269202143429303
0,74,15,8627522.0,4761904.0,-2.58105439627791
0,74,16,8971447.0,4761904.0,-2.7508186004478734
0,74,17,1.0079132E7,4761904.0,-3.256424971398962
0,74,18,9062028.0,4761904.0,-2.794447639563637
0,74,19,8380790.0,4761904.0,-2.455043227641695
0,74,20,9509967.0,4761904.0,-3.0039837414028874
0,75,0,9658532.0,5555555.0,-2.4018367155827574
0,75,1,8348696.0,5555555.0,-1.768911959649283
0,75,2,1.0362174E7,5555555.0,-2.707234291498877
0,75,3,9869064.0,5555555.0,-2.4954851387604715
0,75,4,8600156.0,5555555.0,-1.8977887760477858
0,75,5,8409880.0,5555555.0,-1.8006234745675158
0,75,6,9762921.0,5555555.0,-2.448523236162821
0,75,7,9450726.0,5555555.0,-2.307377206063626
0,75,8,8273464.0,5555555.0,-1.7295993004480308
0,75,9,9143869.0,5555555.0,-2.1640254402752066
0,75,10,9614365.0,5555555.0,-2.381931542052343
0,75,11,8536164.0,5555555.0,-1.8653529885859277
0,75,12,8412972.0,5555555.0,-1.8022199203463485
0,75,13,1.0230755E7,5555555.0,-2.651802330987571
0,75,14,9205856.0,5555555.0,-2.1933672581518384
0,75,15,8399903.0,5555555.0,-1.7954681949845033
0,75,16,8819666.0,5555555.0,-2.0072468728095725
0,75,17,9902070.0,5555555.0,-2.5099854066620173
0,76,0,8654881.0,6250000.0,-1.413810835907761
0,76,1,1.1131285E7,6250000.0,-2.506652850136507
0,76,2,1.0368214E7,6250000.0,-2.1982393511569813
0,76,3,8351687.0,6250000.0,-1.2589419236583135
0,76,4,1.0961797E7,6250000.0,-2.440017378272322
0,76,5,9807798.0,6250000.0,-1.9569149525555518
0,76,6,8832020.0,6250000.0,-1.5018002649664215
0,76,7,8617249.0,6250000.0,-1.394886249531989
0,76,8,9393719.0,6250000.0,-1.7695754738385783
0,76,9,9962130.0,6250000.0,-2.024721873795602
0,76,10,8323829.0,6250000.0,-1.2444313238878384
0,76,11,9445942.0,6250000.0,-1.7936525724857677
0,76,12,1.0230173E7,6250000.0,-2.1400296067992155
0,76,13,8477945.0,6250000.0,-1.3241057744604348
0,76,14,9421686.0,6250000.0,-1.7824860890714265
0,76,15,1.0452796E7,6250000.0,-2.233524573090381
0,77,0,9282898.0,6666666.0,-1.437748809595015
0,77,1,8253575.0,6666666.0,-0.9273340454689749
0,77,2,1.0792406E7,6666666.0,-2.0920957719966973
0,77,3,9720423.0,6666666.0,-1.637764668526245
0,77,4,8390716.0,6666666.0,-0.9989032428896925
0,77,5,9473149.0,6666666.0,-1.5258567071705027
0,77,6,9785132.0,6666666.0,-1.6665799108773038
0,77,7,8493611.0,6666666.0,-1.0518366928553433
0,77,8,8597148.0,6666666.0,-1.1044570567215606
0,77,9,1.0114713E7,6666666.0,-1.810448668747406
0,77,10,9095229.0,6666666.0,-1.3490494070424086
0,77,11,8476664.0,6666666.0,-1.0431627131686025
0,77,12,8832272.0,6666666.0,-1.2216373767552173
0,77,13,9868547.0,6666666.0,-1.7034451631637813
0,77,14,8612672.0,6666666.0,-1.1122921059732995
0,78,0,8745061.0,5882352.0,-1.722118340535625
0,78,1,9890453.0,5882352.0,-2.2566517436296234
0,78,2,9219117.0,5882352.0,-1.9513831751645083
0,78,3,8414386.0,5882352.0,-1.5547142174875899
0,78,4,9353514.0,5882352.0,-2.0142379148154914
0,78,5,9682225.0,5882352.0,-2.164241616225533
0,78,6,8470729.0,5882352.0,-1.5836977865223338
0,78,7,9266907.0,5882352.0,-1.9738379545449447
0,78,8,1.0509459E7,5882352.0,-2.5202935110277265
0,78,9,8600374.0,5882352.0,-1.6496632845832595
0,78,10,1.0472318E7,5882352.0,-2.5049181229468704
0,78,11,1.0098869E7,5882352.0,-2.3472172954282158
0,78,12,8922350.0,5882352.0,-1.8092824631967066
0,78,13,8290386.0,5882352.0,-1.4902374261800466
0,78,14,1.0947455E7,5882352.0,-2.697621595464721
0,78,15,9853441.0,5882352.0,-2.240369113472523
0,78,16,8199306.0,5882352.0,-1.4422608555087646
0,79,0,1.0497309E7,5263157.0,-2.998316561161481
0,79,1,9697153.0,5263157.0,-2.653979226702021
0,79,2,8832783.0,5263157.0,-2.2485123579149895
0,79,3,9322746.0,5263157.0,-2.48297526728603
0,79,4,1.0231635E7,5263157.0,-2.8869871365055175
0,79,5,8945855.0,5263157.0,-2.3037552936062373
0,79,6,8945963.0,5263157.0,-2.3038077240568997
0,79,7,1.1295014E7,5263157.0,-3.31640448341092
0,79,8,9006852.0,5263157.0,-2.3332670128690713
0,79,9,8448804.0,5263157.0,-2.0554891000921547
0,79,10,9132689.0,5263157.0,-2.393523434366558
0,79,11,9651834.0,5263157.0,-2.6336351873825836
0,79,12,8581707.0,5263157.0,-2.1232735738045285
0,79,13,9251298.0,5263157.0,-2.449563453262325
0,79,14,9880112.0,5263157.0,-2.735155425189339
0,79,15,2.5656798E7,5263157.0,-6.879561297172697
0,79,16,1.1283135E7,5263157.0,-3.311834591852007
0,79,17,1.179444E7,5263157.0,-3.504310001924335
0,79,18,1.0665295E7,5263157.0,-3.0672654723597725
0,80,0,1.0801023E7,4545454.0,-3.758876238147346
0,80,1,9060441.0,4545454.0,-2.9957206959950495
0,80,2,1.4499767E7,4545454.0,-5.037837564533975
0,80,3,1.0125863E7,4545454.0,-3.4785478014929003
0,80,4,1.1531275E7,4545454.0,-4.043000623355333
0,80,5,1.0483266E7,4545454.0,-3.629193385630174
0,80,6,1.015345E7,4545454.0,-3.490363674410004
0,80,7,9678073.0,4545454.0,-3.2821162652928977
0,80,8,1.0851003E7,4545454.0,-3.7789261648916987
0,80,9,1.0088635E7,4545454.0,-3.4625514277505784
0,80,10,9203409.0,4545454.0,-3.0637145546352706
0,80,11,1.1355922E7,4545454.0,-3.976451337792211
0,80,12,1.0297918E7,4545454.0,-3.5517216225345702
0,80,13,9274643.0,4545454.0,-3.0971993466247816
0,80,14,1.1148422E7,4545454.0,-3.8963613259153593
0,80,15,9698095.0,4545454.0,-3.291091669729513
0,80,16,9191639.0,4545454.0,-3.0581569211356725
0,80,17,9654525.0,4545454.0,-3.2715364440837
0,80,18,9461193.0,4545454.0,-3.183686347357499
0,80,19,8350727.0,4545454.0,-2.641470190013166
0,80,20,9037756.0,4545454.0,-2.984833450728028
0,80,21,1.056316E7,4545454.0,-3.6621659102814568
0,81,0,8445994.0,4000000.0,-3.2459077723999155
0,81,1,1.0193231E7,4000000.0,-4.0625187501967694
0,81,2,1.0065803E7,4000000.0,-4.0078843514542255
0,81,3,8883864.0,4000000.0,-3.465419101354131
0,81,4,8261773.0,4000000.0,-3.15013266826314
0,81,5,9266035.0,4000000.0,-3.6483394497497796
0,81,6,9964913.0,4000000.0,-3.9641352005928536
0,81,7,8343822.0,4000000.0,-3.1930503932033636
0,81,8,9006206.0,4000000.0,-3.5248188508088547
0,81,9,9969891.0,4000000.0,-3.9663041890372357
0,81,10,8877772.0,4000000.0,-3.4624399590189303
0,81,11,8487242.0,4000000.0,-3.2670659423106843
0,81,12,1.0534843E7,4000000.0,-4.205680764052664
0,81,13,9083543.0,4000000.0,-3.5619528508160228
0,81,14,8248434.0,4000000.0,-3.1431151240802424
0,81,15,1.0843203E7,4000000.0,-4.330975971247003
0,81,16,1.0132021E7,4000000.0,-4.036360899262239
0,81,17,8842007.0,4000000.0,-3.4449086306231465
0,81,18,9663225.0,4000000.0,-3.8306210050786245
0,81,19,1.0723447E7,4000000.0,-4.282744183244549
0,81,20,8362446.0,4000000.0,-3.202733350260645
0,81,21,8877342.0,4000000.0,-3.462229600890838
0,81,22,9976911.0,4000000.0,-3.9693610674168704
0,81,23,8861969.0,4000000.0,-3.454702351673953
0,81,24,8501745.0,4000000.0,-3.27448083338227
0,82,0,9071975.0,4000000.0,-3.5564185342005246
0,82,1,9367967.0,4000000.0,-3.6958536087477882
0,82,2,8311322.0,4000000.0,-3.176101168895393
0,82,3,9283637.0,4000000.0,-3.656581594155246
0,82,4,1.038277E7,4000000.0,-4.1425324226425495
0,82,5,8603256.0,4000000.0,-3.3260285470807505
0,82,6,8329953.0,4000000.0,-3.1858255967087388
0,82,7,1.1060495E7,4000000.0,-4.417145724361936
0,82,8,9380777.0,4000000.0,-3.701788207010881
0,82,9,8525666.0,4000000.0,-3.2866832347174704
0,82,10,9069334.0,4000000.0,-3.5551540480106807
0,82,11,9983942.0,4000000.0,-3.972420580583515
0,82,12,8414452.0,4000000.0,-3.229658460218246
0,82,13,1.0674321E7,4000000.0,-4.262802675136471
0,82,14,1.0137099E7,4000000.0,-4.038536965539654
0,82,15,8630633.0,4000000.0,-3.339826581908902
0,82,16,8486642.0,4000000.0,-3.2667589098256617
0,82,17,1.0827629E7,4000000.0,-4.324733752742805
0,82,18,9607661.0,4000000.0,-3.805576795420415
0,82,19,8295465.0,4000000.0,-3.1678074397201197
0,82,20,1.1224825E7,4000000.0,-4.48119587556594
0,82,21,9699072.0,4000000.0,-3.8467019195280097
0,82,22,8643442.0,4000000.0,-3.346267307722903
0,82,23,8671695.0,4000000.0,-3.3604400317234733
0,82,24,1.0136874E7,4000000.0,-4.03844056977309
0,83,0,8952783.0,4166666.0,-3.321693692709208
0,83,1,9606757.0,4166666.0,-3.6278811669233346
0,83,2,9570370.0,4166666.0,-3.6114003955572556
0,83,3,9053596.0,4166666.0,-3.3703242220120186
0,83,4,8402194.0,4166666.0,-3.046040160318388
0,83,5,9182875.0,4166666.0,-3.4318998381152017
0,83,6,4.967083E7,4166666.0,-10.763127283191437
0,83,7,1.003867E7,4166666.0,-3.818874891548952
0,83,8,1.549251E7,4166666.0,-5.703330963459844
0,83,9,1.2010989E7,4166666.0,-4.597900804299962
0,83,10,1.1306286E7,4166666.0,-4.335312782286173
0,83,11,1.0191936E7,4166666.0,-3.8846799905753624
0,83,12,1.0084272E7,4166666.0,-3.838558624540242
0,83,13,1.491286E7,4166666.0,-5.5377225197612825
0,83,14,9644389.0,4166666.0,-3.6448603023578743
0,83,15,1.0418462E7,4166666.0,-3.9801492323204153
0,83,16,1.0287614E7,4166666.0,-3.9252597198737775
0,83,17,9423916.0,4166666.0,-3.5444271757861157
0,83,18,9677903.0,4166666.0,-3.659925761323322
0,83,19,1.6653475E7,4166666.0,-6.017161806241132
0,83,20,2.4150949E7,4166666.0,-7.631455120156878
0,83,21,1.0914679E7,4166666.0,-4.182222788592171
0,83,22,1.5348447E7,4166666.0,-5.662757500704934
0,83,23,1.4226536E7,4166666.0,-5.333104783791386
0,84,0,1.0998713E7,5000000.0,-3.423718653950631
0,84,1,1.4595242E7,5000000.0,-4.652412959741948
0,84,2,9201279.0,5000000.0,-2.6487819518728
0,84,3,1.0570667E7,5000000.0,-3.25132387444457
0,84,4,1.060819E7,5000000.0,-3.266712853080689
0,84,5,9102776.0,5000000.0,-2.6020385146109737
0,84,6,9794108.0,5000000.0,-2.9199488435429153
0,84,7,1.0706457E7,5000000.0,-3.30675772759434
0,84,8,9822601.0,5000000.0,-2.9325649876423205
0,84,9,1.0020032E7,5000000.0,-3.0189910416139867
0,84,10,1.0353035E7,5000000.0,-3.1609767787576537
0,84,11,9571337.0,5000000.0,-2.8200260336406457
0,84,12,9710080.0,5000000.0,-2.882528036786213
0,84,13,1.1031013E7,5000000.0,-3.4364539206693245
0,84,14,9677227.0,5000000.0,-2.867809241369269
0,84,15,9848160.0,5000000.0,-2.9438509149226073
0,84,16,1.6096813E7,5000000.0,-5.077698944583728
0,84,17,1.8353975E7,5000000.0,-5.647601314789941
0,84,18,1.2195461E7,5000000.0,-3.8722821736760924
0,84,19,9531747.0,5000000.0,-2.8020250206583066
0,85,0,9757342.0,5882352.0,-2.197805183735171
0,85,1,1.0819694E7,5882352.0,-2.6466396919688213
0,85,2,9277611.0,5882352.0,-1.9788514994109314
0,85,3,9922018.0,5882352.0,-2.27049001440345
0,85,4,1.0628701E7,5882352.0,-2.56929180788068
0,85,5,9168092.0,5882352.0,-1.9272795357028458
0,85,6,1.0508017E7,5882352.0,-2.5196975758698734
0,85,7,1.0600926E7,5882352.0,-2.5579279378350313
0,85,8,9592381.0,5882352.0,-2.123754110512143
0,85,9,1.0680916E7,5882352.0,-2.5905749043870157
0,85,10,1.0774454E7,5882352.0,-2.6284426219976975
0,85,11,1.0254117E7,5882352.0,-2.4134725932032275
0,85,12,1.0494409E7,5882352.0,-2.5140697687425035
0,85,13,1.0939266E7,5882352.0,-2.694371736631812
0,85,14,9372181.0,5882352.0,-2.022896581721153
0,85,15,1.0590297E7,5882352.0,-2.553571307323188
0,85,16,1.1120946E7,5882352.0,-2.765907228151478
0,86,0,8350973.0,6666666.0,-0.9782838203011022
0,86,1,8578899.0,6666666.0,-1.095228573610826
0,86,2,1.1053579E7,6666666.0,-2.195942219801433
0,86,3,8918607.0,6666666.0,-1.2638832956795523
0,86,4,8406215.0,6666666.0,-1.0069179594892606
0,86,5,9473796.0,6666666.0,-1.5261533128025984
0,86,6,9822655.0,6666666.0,-1.683201931238317
0,86,7,8671492.0,6666666.0,-1.1418513025197645
0,86,8,9954656.0,6666666.0,-1.7411755932640194
0,86,9,1.0460658E7,6666666.0,-1.9565030602032913
0,86,10,8617091.0,6666666.0,-1.114519817820074
0,86,11,8357357.0,6666666.0,-0.9816025674259077
0,86,12,9229896.0,6666666.0,-1.4128811002452362
0,86,13,1.1716458E7,6666666.0,-2.4488764253335735
0,86,14,8786256.0,6666666.0,-1.1989515538298174
0,87,0,9328010.0,6666666.0,-1.458803054813838
0,87,1,9499232.0,6666666.0,-1.5377979707452762
0,87,2,8370861.0,6666666.0,-0.988614329177898
0,87,3,9196906.0,6666666.0,-1.397330501431919
0,87,4,9979264.0,6666666.0,-1.7518981446131912
0,87,5,8805904.0,6666666.0,-1.2086524905293543
0,87,6,8183315.0,6666666.0,-0.8902057126220547
0,87,7,9249960.0,6666666.0,-1.4223115718991157
0,87,8,9877656.0,6666666.0,-1.7074519980132656
0,87,9,8185732.0,6666666.0,-0.8914882427172875
0,87,10,9562407.0,6666666.0,-1.5665852689954065
0,87,11,1.0204567E7,6666666.0,-1.8488588395267764
0,87,12,8435892.0,6666666.0,-1.0222231355918474
0,87,13,8345283.0,6666666.0,-0.9753237127204608
0,87,14,1.0162114E7,6666666.0,-1.8307536506228517
0,88,0,8950094.0,5882352.0,-1.822765874625286
0,88,1,8380107.0,5882352.0,-1.5369855474780836
0,88,2,8532834.0,5882352.0,-1.6154228770098291
0,88,3,1.0029438E7,5882352.0,-2.317255888571969
0,88,4,8724766.0,5882352.0,-1.7120277878640742
0,88,5,8309618.0,5882352.0,-1.5003005023250158
0,88,6,1.08503E7,5882352.0,-2.658907370262935
0,88,7,9038976.0,5882352.0,-1.8656822413512781
0,88,8,8751994.0,5882352.0,-1.7255600212077313
0,88,9,1.0624966E7,5882352.0,-2.5677653984318005
0,88,10,1.0064536E7,5882352.0,-2.332427485019281
0,88,11,8635423.0,5882352.0,-1.6673260689353016
0,88,12,8673804.0,5882352.0,-1.6865859513419412
0,88,13,9977503.0,5882352.0,-2.294708579035922
0,88,14,8430798.0,5882352.0,-1.5631767469467572
0,88,15,9999759.0,5882352.0,-2.304385242422594
0,88,16,1.0011701E7,5882352.0,-2.3095686176671215
0,89,0,9191216.0,5000000.0,-2.6440296811151134
0,89,1,8379691.0,5000000.0,-2.2425800003779877
0,89,2,1.1490218E7,5000000.0,-3.613582641519983
0,89,3,9336869.0,5000000.0,-2.712312611885996
0,89,4,1.0339038E7,5000000.0,-3.15510127194848
0,89,5,1.0917425E7,5000000.0,-3.3915021277230983
0,89,6,1.0046591E7,5000000.0,-3.030487180132224
0,89,7,8293236.0,5000000.0,-2.1975401990791945
0,89,8,1.0240412E7,5000000.0,-3.1134742551932892
0,89,9,1.6019756E7,5000000.0,-5.056858926393792
0,89,10,2.2277014E7,5000000.0,-6.488869734479651
0,89,11,1.2379684E7,5000000.0,-3.937395548224098
0,89,12,9853224.0,5000000.0,-2.9460835167588972
0,89,13,1.0175379E7,5000000.0,-3.085805899291247
0,89,14,9026885.0,5000000.0,-2.565679053682625
0,89,15,1.2777954E7,5000000.0,-4.074913160243435
0,89,16,1.0296503E7,5000000.0,-3.1371974603161084
0,89,17,8928217.0,5000000.0,-2.5179473289786225
0,89,18,8427293.0,5000000.0,-2.26718089391925
0,89,19,1.1012282E7,5000000.0,-3.429073198414833
0,90,0,9220183.0,4347826.0,-3.264673856162739
0,90,1,8767441.0,4347826.0,-3.04600696706621
0,90,2,9238219.0,4347826.0,-3.273160980636955
0,90,3,9837332.0,4347826.0,-3.5460517333912027
0,90,4,8248822.0,4347826.0,-2.7811977683786586
0,90,5,9276403.0,4347826.0,-3.291074523790476
0,90,6,1.0289973E7,4347826.0,-3.741420799162172
0,90,7,8514089.0,4347826.0,-2.9186603036217926
0,90,8,8365586.0,4347826.0,-2.8422421291314355
0,90,9,9290592.0,4347826.0,-3.2977123298579865
0,90,10,9847983.0,4347826.0,-3.5507513493009704
0,90,11,8247731.0,4347826.0,-2.780623326820538
0,90,12,9841658.0,4347826.0,-3.5479611382529126
0,90,13,1.0127655E7,4347826.0,-3.672367433257904
0,90,14,8564714.0,4347826.0,-2.944407099272964
0,90,15,1.0182454E7,4347826.0,-3.6958030150803967
0,90,16,9629477.0,4347826.0,-3.4533054489322224
0,90,17,9388719.0,4347826.0,-3.3433418572543983
0,90,18,8340896.0,4347826.0,-2.8294055085135215
0,90,19,9896621.0,4347826.0,-3.5721478358925203
0,90,20,9999888.0,4347826.0,-3.6172298057804615
0,90,21,8727621.0,4347826.0,-3.0262372330319476
0,90,22,8682803.0,4347826.0,-3.003877923363774
0,91,0,1.0033504E7,4000000.0,-3.993926368180989
0,91,1,8807506.0,4000000.0,-3.427929563829395
0,91,2,9888157.0,4000000.0,-3.9305536201673332
0,91,3,1.03063E7,4000000.0,-4.110427886026738
0,91,4,8767259.0,4000000.0,-3.408038452262993
0,91,5,8468084.0,4000000.0,-3.2572516606801165
0,91,6,9513292.0,4000000.0,-3.7627083581324774
0,91,7,9489636.0,4000000.0,-3.7518956290931733
0,91,8,8726975.0,4000000.0,-3.388037405253641
0,91,9,9299780.0,4000000.0,-3.664126834715495
0,91,10,1.0646433E7,4000000.0,-4.2514413401493005
0,91,11,8320131.0,4000000.0,-3.1807017295906466
0,91,12,9836140.0,4000000.0,-3.907647101940613
0,91,13,9703273.0,4000000.0,-3.8485825902891846
0,91,14,9369370.0,4000000.0,-3.696503984155189
0,91,15,8581067.0,4000000.0,-3.314813015791451
0,91,16,1.0242691E7,4000000.0,-4.083540798544675
0,91,17,9635788.0,4000000.0,-3.8182724505407286
0,91,18,8338860.0,4000000.0,-3.19046691258226
0,91,19,9940783.0,4000000.0,-3.953606022430546
0,91,20,9753540.0,4000000.0,-3.8710227805629716
0,91,21,8654801.0,4000000.0,-3.3519709525716808
0,91,22,8573823.0,4000000.0,-3.311145222627054
0,91,23,1.1270391E7,4000000.0,-4.4987899181635385
0,91,24,8800800.0,4000000.0,-3.4246216034424632
0,92,0,7918170.0,4000000.0,-2.965648303202728
0,92,1,8850579.0,4000000.0,-3.449116916048652
0,92,2,9616498.0,4000000.0,-3.809569542886665
0,92,3,8526827.0,4000000.0,-3.287274603843695
0,92,4,1.0362846E7,4000000.0,-4.134190529186314
0,92,5,1.0011144E7,4000000.0,-3.984237169704381
0,92,6,8913806.0,4000000.0,-3.4800318654354085
0,92,7,8197564.0,4000000.0,-3.1162482464940773
0,92,8,9847338.0,4000000.0,-3.9125885356984242
0,92,9,9491181.0,4000000.0,-3.7526026428913912
0,92,10,8441226.0,4000000.0,-3.243455366207849
0,92,11,8796398.0,4000000.0,-3.4224487980342215
0,92,12,9932085.0,4000000.0,-3.9498043631584094
0,92,13,8674509.0,4000000.0,-3.3618491062193074
0,92,14,8241322.0,4000000.0,-3.1393689163779404
0,92,15,9305415.0,4000000.0,-3.666757551007751
0,92,16,9432042.0,4000000.0,-3.7254573463604537
0,92,17,8677333.0,4000000.0,-3.3632627286205756
0,92,18,8898940.0,4000000.0,-3.472782872756893
0,92,19,1.0078935E7,4000000.0,-4.0135465307729215
0,92,20,8554384.0,4000000.0,-3.3012875018996852
0,92,21,8406164.0,4000000.0,-3.225378672893802
0,92,22,1.0149368E7,4000000.0,-4.043790082948535
0,92,23,9291709.0,4000000.0,-3.6603560867311447
0,92,24,8197719.0,4000000.0,-3.1163303623620338
0,93,0,9015332.0,4347826.0,-3.1670956945164885
0,93,1,9798689.0,4347826.0,-3.528958185436929
0,93,2,8480974.0,4347826.0,-2.901735765043592
0,93,3,1.0889113E7,4347826.0,-3.987203493541593
0,93,4,9935574.0,4347826.0,-3.589208070231566
0,93,5,8813501.0,4347826.0,-3.068763028264131
0,93,6,8284899.0,4347826.0,-2.800150630701792
0,93,7,1.125729E7,4347826.0,-4.131616988335132
0,93,8,9249035.0,4347826.0,-3.278242676006325
0,93,9,8459683.0,4347826.0,-2.890819342283062
0,93,10,9363361.0,4347826.0,-3.3315961243170458
0,93,11,9483091.0,4347826.0,-3.386777627844195
0,93,12,8446316.0,4347826.0,-2.8839517025188384
0,93,13,1.0490178E7,4347826.0,-3.825107021784432
0,93,14,1.0140124E7,4347826.0,-3.677711105673169
0,93,15,8537648.0,4347826.0,-2.930660899466541
0,93,16,8717029.0,4347826.0,-3.0209633551179618
0,93,17,1.1338917E7,4347826.0,-4.162994210077485
0,93,18,8883962.0,4347826.0,-3.1033453694533915
0,93,19,8375086.0,4347826.0,-2.84717120010417
0,93,20,2.517679E7,4347826.0,-7.627282021609919
0,93,21,1.6029223E7,4347826.0,-5.666403155921876
0,93,22,1.0550439E7,4347826.0,-3.849983755515023
0,94,0,9904990.0,5000000.0,-2.968840370784753
0,94,1,9741601.0,5000000.0,-2.896603332743028
0,94,2,1.1179673E7,5000000.0,-3.494590964977053
0,94,3,1.0786789E7,5000000.0,-3.3392217926066756
0,94,4,9596890.0,5000000.0,-2.831605125927071
0,94,5,1.1394746E7,5000000.0,-3.5773464444076506
0,94,6,9147532.0,5000000.0,-2.6233393307915676
0,94,7,1.0812161E7,5000000.0,-3.3494249966171936
0,94,8,1.0721257E7,5000000.0,-3.312757023043473
0,94,9,9684277.0,5000000.0,-2.8709719876442845
0,94,10,1.060514E7,5000000.0,-3.26546401739206
0,94,11,1.0705685E7,5000000.0,-3.3064445638387707
0,94,12,9696933.0,5000000.0,-2.8766439056970987
0,94,13,9468745.0,5000000.0,-2.773224165159002
0,94,14,1.0889406E7,5000000.0,-3.3803418598375274
0,94,15,9396588.0,5000000.0,-2.7400018099021137
0,94,16,1.1221053E7,5000000.0,-3.5106360932488636
0,94,17,1.0861096E7,5000000.0,-3.3690364805633948
0,94,18,9567801.0,5000000.0,-2.818421295427794
0,94,19,1.0999547E7,5000000.0,-3.424047954175359
0,95,0,1.1156478E7,5882352.0,-2.779761042323673
0,95,1,9791896.0,5882352.0,-2.213157830375959
0,95,2,9585893.0,5882352.0,-2.120815678507177
0,95,3,1.0448845E7,5882352.0,-2.4951727769053633
0,95,4,1.0016271E7,5882352.0,-2.311550571523202
0,95,5,1.0670089E7,5882352.0,-2.586170327873068
0,95,6,1.0622062E7,5882352.0,-2.5665782289290346
0,95,7,9648955.0,5882352.0,-2.1492927184562
0,95,8,1.0537589E7,5882352.0,-2.531902465452332
0,95,9,1.7150075E7,5882352.0,-4.647150144870384
0,95,10,1.9683271E7,5882352.0,-5.245462627659415
0,95,11,1.2342939E7,5882352.0,-3.218675735373589
0,95,12,9080284.0,5882352.0,-1.8854842283406106
0,95,13,9940940.0,5882352.0,-2.2787644342279627
0,95,14,1.0588496E7,5882352.0,-2.552832677540278
0,95,15,9530504.0,5882352.0,-2.0956485883123226
0,95,16,9991860.0,5882352.0,-2.30095331198107
0,96,0,1.0891636E7,6666666.0,-2.1318442121319765
0,96,1,9335722.0,6666666.0,-1.4623921325342617
0,96,2,1.0058839E7,6666666.0,-1.786391594484905
0,96,3,9319987.0,6666666.0,-1.4550660906312562
0,96,4,8973710.0,6666666.0,-1.2906333297806458
0,96,5,8256718.0,6666666.0,-0.9289875443779412
0,96,6,9838302.0,6666666.0,-1.6901145217017355
0,96,7,9310261.0,6666666.0,-1.4505315846872406
0,96,8,8717893.0,6666666.0,-1.1650283683934362
0,96,9,8741375.0,6666666.0,-1.176710541063247
0,96,10,1.0320709E7,6666666.0,-1.8980083545568869
0,96,11,8413672.0,6666666.0,-1.0107687988721112
0,96,12,9210225.0,6666666.0,-1.4036154235243061
0,96,13,1.216294E7,6666666.0,-2.6112986685018287
0,96,14,9700606.0,6666666.0,-1.6289016811584194
0,97,0,9343397.0,6666666.0,-1.4659610485374062
0,97,1,1.0773524E7,6666666.0,-2.084490859523443
0,97,2,9769241.0,6666666.0,-1.6595212594634499
0,97,3,9489726.0,6666666.0,-1.533449755651176
0,97,4,1.0200261E7,6666666.0,-1.8470258693426258
0,97,5,1.0546697E7,6666666.0,-1.9920777166636159
0,97,6,9146812.0,6666666.0,-1.3736105534281426
0,97,7,9936635.0,6666666.0,-1.7333063976450311
0,97,8,1.0848545E7,6666666.0,-2.114627972739023
0,97,9,9186930.0,6666666.0,-1.3926170975735155
0,97,10,9946734.0,6666666.0,-1.737718064852831
0,97,11,1.0730497E7,6666666.0,-2.0671113995516857
0,97,12,9174880.0,6666666.0,-1.3869169522630047
0,97,13,1.034891E7,6666666.0,-1.9098591257624695
0,97,14,1.0588844E7,6666666.0,-2.0093985259974083
0,98,0,1.0017556E7,5882352.0,-2.3121076976379586
0,98,1,9982307.0,5882352.0,-2.296799130730903
0,98,2,1.0660426E7,5882352.0,-2.582235506922231
0,98,3,9649797.0,5882352.0,-2.149671681773615
0,98,4,1.0084456E7,5882352.0,-2.3410146628771664
0,98,5,1.1152816E7,5882352.0,-2.77833528101808
0,98,6,9301140.0,5882352.0,-1.9898517225452244
0,98,7,9378575.0,5882352.0,-2.025858466591205
0,98,8,1.0554964E7,5882352.0,-2.5390574725582575
0,98,9,9715256.0,5882352.0,-2.179032397458761
0,98,10,9206666.0,5882352.0,-1.9455137894051913
0,98,11,1.0658469E7,5882352.0,-2.5814381726293685
0,98,12,9766855.0,5882352.0,-2.2020373103965505
0,98,13,9109411.0,5882352.0,-1.899392879570057
0,98,14,1.0082059E7,5882352.0,-2.339982254572584
0,98,15,1.0683822E7,5882352.0,-2.5917563462302953
0,98,16,8971082.0,5882352.0,-1.832938172194796
0,99,0,1.0268699E7,5000000.0,-3.125454195035122
0,99,1,1.0181218E7,5000000.0,-3.0882973231273416
0,99,2,9035847.0,5000000.0,-2.5699886425822434
0,99,3,9733986.0,5000000.0,-2.893207129436571
0,99,4,1.0980207E7,5000000.0,-3.4164052321979894
0,99,5,9081323.0,5000000.0,-2.5917911838602334
0,99,6,1.0252417E7,5000000.0,-3.1185625774075225
0,99,7,1.0590413E7,5000000.0,-3.259428925159054
0,99,8,1.3881166E7,5000000.0,-4.4345594349012
0,99,9,2.2079044E7,5000000.0,-6.450102606218162
0,99,10,1.1335432E7,5000000.0,-3.5546807166079826
0,99,11,1.0476557E7,5000000.0,-3.2124857587114537
0,99,12,1.0780244E7,5000000.0,-3.3365858644553015
0,99,13,9052438.0,5000000.0,-2.577955546874036
0,99,14,9802357.0,5000000.0,-2.923605110520473
0,99,15,1.3931215E7,5000000.0,-4.450189903926667
0,99,16,9169776.0,5000000.0,-2.6338872248425944
0,99,17,1.0974994E7,5000000.0,-3.4143428715056805
0,99,18,1.037869E7,5000000.0,-3.171725359129582
0,99,19,9162483.0,5000000.0,-2.6304317752729474
