 Number of tacts (im units) = 1
 Number of massive (im units) = 100
 Trajectory File: sinus.txt
 Coef Load Impact: 10
 Command Line: curl 192.168.222.19:9000 > /dev/null 2>&1
cycle , cPeriod , count , procDur , procTime , spb
0,0,0,6.0697026E7,5000000.0,-10.841974079347738
0,0,1,1.5946348E7,5000000.0,-5.036912332107698
0,0,2,1.0176054E7,5000000.0,-3.086093985909415
0,0,3,1.0203648E7,5000000.0,-3.097854638010239
0,0,4,1.0162655E7,5000000.0,-3.0803717814126896
0,0,5,1.0134376E7,5000000.0,-3.068270088706488
0,0,6,1.0085886E7,5000000.0,-3.0474405071744117
0,0,7,1.0282104E7,5000000.0,-3.1311198795882578
0,0,8,1.008117E7,5000000.0,-3.0454093402911644
0,0,9,1.0700998E7,5000000.0,-3.304542785530373
0,0,10,9193974.0,5000000.0,-2.645332669215943
0,0,11,8044057.0,5000000.0,-2.065051350001428
0,0,12,7885220.0,5000000.0,-1.9784381044407626
0,0,13,8067925.0,5000000.0,-2.077918479913304
0,0,14,7927117.0,5000000.0,-2.0014526385856626
0,0,15,7949141.0,5000000.0,-2.013501961297627
0,0,16,7776820.0,5000000.0,-1.9183204268244363
0,0,17,7811032.0,5000000.0,-1.9373841267780876
0,0,18,7859888.0,5000000.0,-1.9644635323919981
0,0,19,7869774.0,5000000.0,-1.9699225636329802
0,1,0,7807283.0,4347826.0,-2.5422776674920042
0,1,1,8062978.0,4347826.0,-2.682233195230965
0,1,2,7828619.0,4347826.0,-2.554130022178116
0,1,3,7816101.0,4347826.0,-2.547180074228055
0,1,4,7901162.0,4347826.0,-2.5941881106702076
0,1,5,8131484.0,4347826.0,-2.7189765649649473
0,1,6,8132416.0,4347826.0,-2.7194743083814426
0,1,7,8109737.0,4347826.0,-2.7073461490714203
0,1,8,7823837.0,4347826.0,-2.551476385870721
0,1,9,7817022.0,4347826.0,-2.5476917892811453
0,1,10,7995526.0,4347826.0,-2.6457488456599694
0,1,11,7905799.0,4347826.0,-2.596736131849423
0,1,12,8065296.0,4347826.0,-2.683481555242685
0,1,13,7975396.0,4347826.0,-2.6348010086469027
0,1,14,7967799.0,4347826.0,-2.6306621451020096
0,1,15,7943076.0,4347826.0,-2.6171656263783145
0,1,16,8017933.0,4347826.0,-2.6579026755190145
0,1,17,7827093.0,4347826.0,-2.5532833875677152
0,1,18,7800929.0,4347826.0,-2.5387416990025287
0,1,19,7807502.0,4347826.0,-2.5423994885629235
0,1,20,7817169.0,4347826.0,-2.5477734580913087
0,1,21,7837350.0,4347826.0,-2.558970866066022
0,1,22,7955144.0,4347826.0,-2.6237589013666387
0,2,0,8118426.0,4000000.0,-3.0741184508360537
0,2,1,7925920.0,4000000.0,-2.96989693155965
0,2,2,7925314.0,4000000.0,-2.969564865985246
0,2,3,7774454.0,4000000.0,-2.886099069350847
0,2,4,7826248.0,4000000.0,-2.914936144811409
0,2,5,8494514.0,4000000.0,-3.27078545125363
0,2,6,1.2362324E7,4000000.0,-4.900401303552987
0,2,7,1.3378736E7,4000000.0,-5.243550926452356
0,2,8,1.1192092E7,4000000.0,-4.468512801100723
0,2,9,1.0175133E7,4000000.0,-4.054801033052747
0,2,10,8663018.0,4000000.0,-3.356092254481122
0,2,11,9507192.0,4000000.0,-3.759922733507535
0,2,12,8921222.0,4000000.0,-3.483643553696749
0,2,13,1.17431E7,4000000.0,-4.677227678643135
0,2,14,9833835.0,4000000.0,-3.906629257448824
0,2,15,8835408.0,4000000.0,-3.4416661775617636
0,2,16,1.0163518E7,4000000.0,-4.049840693297982
0,2,17,7979353.0,4000000.0,-2.9990768700004047
0,2,18,9217316.0,4000000.0,-3.6254448546472764
0,2,19,9937207.0,4000000.0,-3.952043452891031
0,2,20,9284864.0,4000000.0,-3.657155554681269
0,2,21,9666251.0,4000000.0,-3.8319807678709266
0,2,22,8760523.0,4000000.0,-3.404700428348595
0,2,23,8879480.0,4000000.0,-3.4632754204713874
0,2,24,1.1427821E7,4000000.0,-4.559034378520212
0,3,0,9622661.0,4000000.0,-3.812351948275094
0,3,1,8498459.0,4000000.0,-3.272801922134726
0,3,2,9357489.0,4000000.0,-3.6909933393302463
0,3,3,8667266.0,4000000.0,-3.3582213401857466
0,3,4,9268756.0,4000000.0,-3.649614581790651
0,3,5,8090373.0,4000000.0,-3.059085535361569
0,3,6,8741890.0,4000000.0,-3.395453460929363
0,3,7,1.1033578E7,4000000.0,-4.4065637819985675
0,3,8,9283523.0,4000000.0,-3.65652826389802
0,3,9,9216402.0,4000000.0,-3.62501418172846
0,3,10,9021203.0,4000000.0,-3.5320446433202326
0,3,11,7879073.0,4000000.0,-2.944151329297526
0,3,12,8578289.0,4000000.0,-3.313406820732303
0,3,13,1.0036444E7,4000000.0,-3.9951987439598686
0,3,14,1.0744571E7,4000000.0,-4.291290887086997
0,3,15,9633411.0,4000000.0,-3.8172009810014695
0,3,16,8953402.0,4000000.0,-3.4992809304904062
0,3,17,9325056.0,4000000.0,-3.675914572404797
0,3,18,8005630.0,4000000.0,-3.0133552291082593
0,3,19,8714338.0,4000000.0,-3.38174409427622
0,3,20,1.0509687E7,4000000.0,-4.195297907138845
0,3,21,9068399.0,4000000.0,-3.554706290464642
0,3,22,1.2462932E7,4000000.0,-4.935602341112692
0,3,23,1.0129022E7,4000000.0,-4.035075230838615
0,3,24,9146033.0,4000000.0,-3.5917277270686556
0,4,0,8090939.0,4347826.0,-2.6972677161287213
0,4,1,8928125.0,4347826.0,-3.124881067663196
0,4,2,1.0906899E7,4347826.0,-3.994291362065116
0,4,3,9207234.0,4347826.0,-3.2585702550212376
0,4,4,1.4875345E7,4347826.0,-5.341948916996154
0,4,5,8753604.0,4347826.0,-3.039147405898024
0,4,6,7977353.0,4347826.0,-2.635866548266874
0,4,7,8782222.0,4347826.0,-3.053322558544964
0,4,8,9461895.0,4347826.0,-3.377059690148857
0,4,9,8759879.0,4347826.0,-3.04225952013659
0,4,10,9561550.0,4347826.0,-3.4225614512624696
0,4,11,9112593.0,4347826.0,-3.2136981831271982
0,4,12,8963386.0,4347826.0,-3.1419994402291005
0,4,13,7979664.0,4347826.0,-2.637124495857824
0,4,14,8779798.0,4347826.0,-3.052123687537166
0,4,15,9580343.0,4347826.0,-3.431089028781271
0,4,16,9487610.0,4347826.0,-3.3888466887617037
0,4,17,1.0671282E7,4347826.0,-3.8994444145511302
0,4,18,8960371.0,4347826.0,-3.140538364992153
0,4,19,8170280.0,4347826.0,-2.73964785002265
0,4,20,1.0349262E7,4347826.0,-3.766372263075262
0,4,21,9705471.0,4347826.0,-3.487444609592907
0,4,22,8258419.0,4347826.0,-2.7862475821087873
0,5,0,9563099.0,5000000.0,-2.8162864740706928
0,5,1,1.0396496E7,5000000.0,-3.179169864741518
0,5,2,9635329.0,5000000.0,-2.8489654396994575
0,5,3,8075642.0,5000000.0,-2.08207053722768
0,5,4,8138673.0,5000000.0,-2.1158359517749097
0,5,5,1.1067403E7,5000000.0,-3.4507571996751163
0,5,6,9376059.0,5000000.0,-2.730503271978316
0,5,7,1.0023611E7,5000000.0,-3.0205419971635856
0,5,8,9091015.0,5000000.0,-2.5964237000699875
0,5,9,9514495.0,5000000.0,-2.794157378893707
0,5,10,8029520.0,5000000.0,-2.0571957984900853
0,5,11,8310650.0,5000000.0,-2.2066498820543696
0,5,12,1.3870066E7,5000000.0,-4.431085233102731
0,5,13,9316239.0,5000000.0,-2.7027061711633666
0,5,14,1.0813274E7,5000000.0,-3.349872034800504
0,5,15,1.0192794E7,5000000.0,-3.0932324271839184
0,5,16,9429802.0,5000000.0,-2.7553256950309213
0,5,17,7992758.0,5000000.0,-2.03726659521426
0,5,18,8015958.0,5000000.0,-2.0498542868615046
0,5,19,1.1367281E7,5000000.0,-3.5668659158201352
0,6,0,8418687.0,5882352.0,-1.556933539660451
0,6,1,8030165.0,5882352.0,-1.3517345991161251
0,6,2,9887622.0,5882352.0,-2.2554084601587454
0,6,3,9038337.0,5882352.0,-1.8653752110154627
0,6,4,7911080.0,5882352.0,-1.2868476715992192
0,6,5,9115587.0,5882352.0,-1.9023363123461876
0,6,6,9692873.0,5882352.0,-2.1690151333544474
0,6,7,8478578.0,5882352.0,-1.5877201074728347
0,6,8,7968595.0,5882352.0,-1.3183074544383717
0,6,9,8593154.0,5882352.0,-1.646015858245105
0,6,10,9348707.0,5882352.0,-2.0120053953511117
0,6,11,8124603.0,5882352.0,-1.4025113970133236
0,6,12,7979464.0,5882352.0,-1.3242271057948616
0,6,13,1.0599917E7,5882352.0,-2.557514555091174
0,6,14,8632891.0,5882352.0,-1.666052483527879
0,6,15,8159993.0,5882352.0,-1.4213877706255709
0,6,16,9323958.0,5882352.0,-2.0004929942807963
0,7,0,9354250.0,6666666.0,-1.471002750887911
0,7,1,1.3164229E7,6666666.0,-2.954867309974192
0,7,2,1.02268E7,6666666.0,-1.858310652542874
0,7,3,1.0377524E7,6666666.0,-1.921850489255237
0,7,4,9607303.0,6666666.0,-1.5869279040266786
0,7,5,9775529.0,6666666.0,-1.662315709125868
0,7,6,9607510.0,6666666.0,-1.5870214765821418
0,7,7,9221478.0,6666666.0,-1.408918369662343
0,7,8,9757206.0,6666666.0,-1.654167766581157
0,7,9,9509264.0,6666666.0,-1.5423820710833183
0,7,10,8276199.0,6666666.0,-0.9392222715196258
0,7,11,8580953.0,6666666.0,-1.0962682572515585
0,7,12,1.1395472E7,6666666.0,-2.3282362083435824
0,7,13,8675467.0,6666666.0,-1.1438416462979228
0,7,14,8034101.0,6666666.0,-0.8102858961030334
0,8,0,9949259.0,6666666.0,-1.738820390906819
0,8,1,9317060.0,6666666.0,-1.453701947525342
0,8,2,8151948.0,6666666.0,-0.8735270319583148
0,8,3,1.0095151E7,6666666.0,-1.8020412184961523
0,8,4,9599192.0,6666666.0,-1.5832598086744312
0,8,5,8075173.0,6666666.0,-0.8324313777812365
0,8,6,7940451.0,6666666.0,-0.7593647257580884
0,8,7,1.0067342E7,6666666.0,-1.790061248652615
0,8,8,9486416.0,6666666.0,-1.5319346797736038
0,8,9,8090753.0,6666666.0,-0.8408024542329761
0,8,10,7999539.0,6666666.0,-0.7915626253645985
0,8,11,9091792.0,6666666.0,-1.3474079395892489
0,8,12,8826607.0,6666666.0,-1.218850927712353
0,8,13,8081861.0,6666666.0,-0.8360267922129471
0,8,14,9487883.0,6666666.0,-1.5326062302811843
0,9,0,1.0293657E7,5882352.0,-2.430186836809365
0,9,1,8221909.0,5882352.0,-1.4542165656969344
0,9,2,8083393.0,5882352.0,-1.3804268479227848
0,9,3,8848797.0,5882352.0,-1.7733322294466118
0,9,4,9051551.0,5882352.0,-1.8717199360956411
0,9,5,7918519.0,5882352.0,-1.2909295398622227
0,9,6,1.0122089E7,5882352.0,-2.3571914245493697
0,9,7,9364271.0,5882352.0,-2.0192296446127362
0,9,8,8161346.0,5882352.0,-1.4221078101215472
0,9,9,8499184.0,5882352.0,-1.5982622230806958
0,9,10,1.072418E7,5882352.0,-2.6081308565317727
0,9,11,8468966.0,5882352.0,-1.5827938019177
0,9,12,8151355.0,5882352.0,-1.4167879839183415
0,9,13,8655226.0,5882352.0,-1.6772740325837774
0,9,14,9554519.0,5882352.0,-2.1065781926282394
0,9,15,7955403.0,5882352.0,-1.311111756327972
0,9,16,8012856.0,5882352.0,-1.3423632891813368
0,10,0,8927308.0,5000000.0,-2.5175051423899992
0,10,1,8773558.0,5000000.0,-2.442057471146928
0,10,2,7906626.0,5000000.0,-1.9902119190707284
0,10,3,9162163.0,5000000.0,-2.630280095143112
0,10,4,9692884.0,5000000.0,-2.874830109947726
0,10,5,7988930.0,5000000.0,-2.0351861149689707
0,10,6,7905714.0,5000000.0,-1.9897109475915733
0,10,7,8547663.0,5000000.0,-2.328773870074985
0,10,8,9137128.0,5000000.0,-2.6183970455345804
0,10,9,7904756.0,5000000.0,-1.9891846455725033
0,10,10,8090113.0,5000000.0,-2.089845833990866
0,10,11,1.0420741E7,5000000.0,-3.1892859761876116
0,10,12,8417615.0,5000000.0,-2.2621905402072215
0,10,13,7867179.0,5000000.0,-1.9684902734167562
0,10,14,8598834.0,5000000.0,-2.354695606636704
0,10,15,9326332.0,5000000.0,-2.7074086713004073
0,10,16,8041565.0,5000000.0,-2.0637057236307963
0,10,17,8028254.0,5000000.0,-2.0565110001921036
0,10,18,1.0784087E7,5000000.0,-3.3381337851504744
0,10,19,8430813.0,5000000.0,-2.2689945218541037
0,11,0,8223589.0,4347826.0,-2.7678924164986602
0,11,1,9026535.0,4347826.0,-3.1724891515307583
0,11,2,9393320.0,4347826.0,-3.3454696229897447
0,11,3,8058641.0,4347826.0,-2.679896537587024
0,11,4,8013984.0,4347826.0,-2.655763157277095
0,11,5,8928537.0,4347826.0,-3.1250814739055004
0,11,6,8823274.0,4347826.0,-3.0735761082133384
0,11,7,8156264.0,4347826.0,-2.7321911917688024
0,11,8,9641847.0,4347826.0,-3.458880803774434
0,11,9,9405423.0,4347826.0,-3.3510617701250323
0,11,10,8074385.0,4347826.0,-2.6883729814899477
0,11,11,8105507.0,4347826.0,-2.705080298862663
0,11,12,8865110.0,4347826.0,-3.0941197348380594
0,11,13,9017647.0,4347826.0,-3.168210753466126
0,11,14,8057315.0,4347826.0,-2.679181873828569
0,11,15,8288235.0,4347826.0,-2.801899010231212
0,11,16,1.0732361E7,4347826.0,-3.9242311713342133
0,11,17,8383042.0,4347826.0,-2.8512948673271636
0,11,18,8020520.0,4347826.0,-2.659303708192711
0,11,19,8593529.0,4347826.0,-2.958993915954087
0,11,20,9154636.0,4347826.0,-3.23368925582141
0,11,21,8125964.0,4347826.0,-2.716027386677886
0,11,22,8318346.0,4347826.0,-2.8176482550344266
0,12,0,1.0026648E7,4000000.0,-3.9909577734426622
0,12,1,8503617.0,4000000.0,-3.2754370015290073
0,12,2,8096702.0,4000000.0,-3.062481639865973
0,12,3,8992323.0,4000000.0,-3.5181190683010626
0,12,4,9608651.0,4000000.0,-3.8060242814286194
0,12,5,8114176.0,4000000.0,-3.0718443217835905
0,12,6,8130824.0,4000000.0,-3.080745690901263
0,12,7,1.230132E7,4000000.0,-4.878917248234317
0,12,8,8768116.0,4000000.0,-3.408462954586197
0,12,9,8131377.0,4000000.0,-3.081041056637531
0,12,10,9219248.0,4000000.0,-3.626355064317699
0,12,11,1.0532106E7,4000000.0,-4.204552300691732
0,12,12,8945750.0,4000000.0,-3.4955676578415384
0,12,13,9919108.0,4000000.0,-3.944126275907464
0,12,14,9522511.0,4000000.0,-3.7669149168383917
0,12,15,8141751.0,4000000.0,-3.0865782484614845
0,12,16,8019746.0,4000000.0,-3.021006222747476
0,12,17,8850977.0,4000000.0,-3.4493122087153836
0,12,18,9060015.0,4000000.0,-3.5506892537885464
0,12,19,8157036.0,4000000.0,-3.0947238768471053
0,12,20,7947621.0,4000000.0,-2.981771573044326
0,12,21,1.1157067E7,4000000.0,-4.454900497674262
0,12,22,1.2150188E7,4000000.0,-4.825230065019184
0,12,23,9280668.0,4000000.0,-3.6551924548066257
0,12,24,1.1679E7,4000000.0,-4.65345667109862
0,13,0,9814234.0,4000000.0,-3.8979641728914123
0,13,1,9207543.0,4000000.0,-3.6208376439547103
0,13,2,1.1212872E7,4000000.0,-4.476568731850387
0,13,3,9021634.0,4000000.0,-3.532252128342389
0,13,4,7913536.0,4000000.0,-2.9631059105046647
0,13,5,8820236.0,4000000.0,-3.4342021422636586
0,13,6,9505082.0,4000000.0,-3.7589587653251093
0,13,7,9214573.0,4000000.0,-3.6241522364325562
0,13,8,9209688.0,4000000.0,-3.621849263636186
0,13,9,9340728.0,4000000.0,-3.6832073437341344
0,13,10,7997099.0,4000000.0,-3.0087248106638915
0,13,11,7964573.0,4000000.0,-2.991025058569309
0,13,12,8757423.0,4000000.0,-3.403163361265555
0,13,13,9087475.0,4000000.0,-3.5638323777962904
0,13,14,7882750.0,4000000.0,-2.9461776188186395
0,13,15,9016620.0,4000000.0,-3.5298377565430505
0,13,16,9733190.0,4000000.0,-3.861952099212644
0,13,17,8175552.0,4000000.0,-3.1045709385276736
0,13,18,7927051.0,4000000.0,-2.970516609801497
0,13,19,8717034.0,4000000.0,-3.383087485872185
0,13,20,9334564.0,4000000.0,-3.6803404634908023
0,13,21,7922728.0,4000000.0,-2.9681475482621233
0,13,22,7985913.0,4000000.0,-3.0026458327243803
0,13,23,9082561.0,4000000.0,-3.561483320110215
0,13,24,8881522.0,4000000.0,-3.4642740458146584
0,14,0,7928475.0,4347826.0,-2.6091750581986672
0,14,1,9216961.0,4347826.0,-3.263155945541727
0,14,2,9689540.0,4347826.0,-3.480310046021677
0,14,3,8045630.0,4347826.0,-2.6728790119461565
0,14,4,7877136.0,4347826.0,-2.5809618840050756
0,14,5,8876455.0,4347826.0,-3.0996740042260926
0,14,6,9060976.0,4347826.0,-3.1890282478481375
0,14,7,7945829.0,4347826.0,-2.618670591913252
0,14,8,1.004217E7,4347826.0,-3.635554138068376
0,14,9,9428101.0,4347826.0,-3.3615207102794975
0,14,10,8079192.0,4347826.0,-2.690957738582613
0,14,11,7971620.0,4347826.0,-2.632744327955901
0,14,12,9036014.0,4347826.0,-3.1770473982897007
0,14,13,8750102.0,4347826.0,-3.0374096032910582
0,14,14,7999720.0,4347826.0,-2.64802631122548
0,14,15,1.0271825E7,4347826.0,-3.7337545646196935
0,14,16,1.212936E7,4347826.0,-4.455657308296434
0,14,17,8037754.0,4347826.0,-2.6686255493503657
0,14,18,8725444.0,4347826.0,-3.0251538025949367
0,14,19,1.0627793E7,4347826.0,-3.8817093166930627
0,14,20,8155389.0,4347826.0,-2.731725257786477
0,14,21,8181060.0,4347826.0,-2.7453742249781006
0,14,22,8633757.0,4347826.0,-2.979276658312103
0,15,0,9079057.0,5000000.0,-2.590707383520043
0,15,1,7789818.0,5000000.0,-1.925573066717117
0,15,2,7822400.0,5000000.0,-1.9437001558374158
0,15,3,9084333.0,5000000.0,-2.5932304122618866
0,15,4,8992304.0,5000000.0,-2.5490097619443866
0,15,5,7873730.0,5000000.0,-1.97210513875294
0,15,6,9636701.0,5000000.0,-2.849583799083682
0,15,7,9447712.0,5000000.0,-2.76356641624524
0,15,8,7960974.0,5000000.0,-2.0199620120916144
0,15,9,7836644.0,5000000.0,-1.9516011392006718
0,15,10,8806009.0,5000000.0,-2.45809120649439
0,15,11,8777017.0,5000000.0,-2.4437693519626316
0,15,12,7890137.0,5000000.0,-1.981145397894306
0,15,13,9005921.0,5000000.0,-2.5555812867346788
0,15,14,9902478.0,5000000.0,-2.9677388188404157
0,15,15,8343298.0,5000000.0,-2.2236775134708613
0,15,16,7914772.0,5000000.0,-1.9946840436733668
0,15,17,1.0073933E7,5000000.0,-3.0422905377719145
0,15,18,9147615.0,5000000.0,-2.6233787362601313
0,15,19,7902297.0,5000000.0,-1.987833438437796
0,16,0,7957236.0,5882352.0,-1.312112296576324
0,16,1,9839734.0,5882352.0,-2.2343234906364415
0,16,2,8448478.0,5882352.0,-1.5722746836687873
0,16,3,7909732.0,5882352.0,-1.2861075971162883
0,16,4,9508116.0,5882352.0,-2.085434623915214
0,16,5,9435555.0,5882352.0,-2.0521644134923127
0,16,6,7936436.0,5882352.0,-1.3007450928480964
0,16,7,7951358.0,5882352.0,-1.3089029833198593
0,16,8,9059507.0,5882352.0,-1.8755355576018848
0,16,9,8717429.0,5882352.0,-1.7083740977159443
0,16,10,7955879.0,5882352.0,-1.3113716023585407
0,16,11,9983911.0,5882352.0,-2.2974969177133664
0,16,12,9366768.0,5882352.0,-2.0203875444257005
0,16,13,7889536.0,5882352.0,-1.2750045306528892
0,16,14,7868571.0,5882352.0,-1.2634485878164168
0,16,15,8888182.0,5882352.0,-1.79261929775981
0,16,16,9006878.0,5882352.0,-1.850232710416365
0,17,0,7847210.0,6666666.0,-0.7080657744951103
0,17,1,8952165.0,6666666.0,-1.2801938068919756
0,17,2,1.3730805E7,6666666.0,-3.1378730198040627
0,17,3,8354513.0,6666666.0,-0.980124416245392
0,17,4,9020733.0,6666666.0,-1.3133313103829891
0,17,5,9731803.0,6666666.0,-1.6428461144932962
0,17,6,8303302.0,6666666.0,-0.95342136451782
0,17,7,8061455.0,6666666.0,-0.8250473652874973
0,17,8,8521285.0,6666666.0,-1.0659639329984725
0,17,9,9540766.0,6666666.0,-1.5567454681378126
0,17,10,8070132.0,6666666.0,-0.8297194085066819
0,17,11,7972196.0,6666666.0,-0.7766926996868279
0,17,12,1.0855053E7,6666666.0,-2.1172325073170577
0,17,13,8510594.0,6666666.0,-1.0605117536871524
0,17,14,7984511.0,6666666.0,-0.7833962602730187
0,18,0,9027484.0,6666666.0,-1.3165802985617878
0,18,1,9480604.0,6666666.0,-1.5292730918089958
0,18,2,7897025.0,6666666.0,-0.7355481536774789
0,18,3,7865181.0,6666666.0,-0.7180002390047407
0,18,4,1.213295E7,6666666.0,-2.600577103556285
0,18,5,8353207.0,6666666.0,-0.9794454623312483
0,18,6,7882154.0,6666666.0,-0.7273621825917811
0,18,7,8950623.0,6666666.0,-1.2794456752682852
0,18,8,1.6443727E7,6666666.0,-3.9209156046344225
0,18,9,1.0950103E7,6666666.0,-2.1550950678649725
0,18,10,1.2303637E7,6666666.0,-2.6612481193675737
0,18,11,1.0098546E7,6666666.0,-1.8035015056144084
0,18,12,1.0633545E7,6666666.0,-2.027693757835043
0,18,13,9809682.0,6666666.0,-1.6774623158947328
0,18,14,8433981.0,6666666.0,-1.0212392079019743
0,19,0,8431536.0,5555555.0,-1.8117924718582559
0,19,1,1.0105731E7,5555555.0,-2.5984028229539975
0,19,2,8968244.0,5555555.0,-2.0797996417810665
0,19,3,8274999.0,5555555.0,-1.7304049849779277
0,19,4,1.0349741E7,5555555.0,-2.702020303374588
0,19,5,9473189.0,5555555.0,-2.3176875055221497
0,19,6,7852699.0,5555555.0,-1.5029149946217442
0,19,7,7873258.0,5555555.0,-1.5142703167050218
0,19,8,8920391.0,5555555.0,-2.056564393910341
0,19,9,8703567.0,5555555.0,-1.949698253964784
0,19,10,7886433.0,5555555.0,-1.521531666095747
0,19,11,9066873.0,5555555.0,-2.127300811276396
0,19,12,9611524.0,5555555.0,-2.3806480324762
0,19,13,8229541.0,5555555.0,-1.7064816178558704
0,19,14,7832334.0,5555555.0,-1.49163747662884
0,19,15,8760705.0,5555555.0,-1.978116050763965
0,19,16,9237362.0,5555555.0,-2.208205119154841
0,19,17,7843613.0,5555555.0,-1.4978870618139395
0,20,0,7813788.0,4761904.0,-2.150809881971946
0,20,1,9090846.0,4761904.0,-2.808236650486538
0,20,2,8641699.0,4761904.0,-2.588184994992347
0,20,3,7928288.0,4761904.0,-2.2139878200237466
0,20,4,1.0296952E7,4761904.0,-3.349280524718394
0,20,5,9534994.0,4761904.0,-3.01539788318566
0,20,6,8655609.0,4761904.0,-2.5951699403324016
0,20,7,7815802.0,4761904.0,-2.151929129618742
0,20,8,8651345.0,4761904.0,-2.5930299546268816
0,20,9,8839761.0,4761904.0,-2.686598874033085
0,20,10,7848060.0,4761904.0,-2.1698167887444604
0,20,11,7927626.0,4761904.0,-2.2136251755906504
0,20,12,9361079.0,4761904.0,-2.9354527457648154
0,20,13,8517832.0,4761904.0,-2.525484343104418
0,20,14,7918516.0,4761904.0,-2.2086316280558345
0,20,15,8969183.0,4761904.0,-2.749722493218363
0,20,16,9257405.0,4761904.0,-2.8870862821149585
0,20,17,7854018.0,4761904.0,-2.1731125648160847
0,20,18,7801365.0,4761904.0,-2.143899617964969
0,20,19,8819014.0,4761904.0,-2.6763939625804554
0,20,20,8778561.0,4761904.0,-2.6564269550548234
0,21,0,7863929.0,4166666.0,-2.758508949842255
0,21,1,8894856.0,4166666.0,-3.2935023282478686
0,21,2,9576854.0,4166666.0,-3.614341778107856
0,21,3,8247698.0,4166666.0,-2.965440615179879
0,21,4,7806185.0,4166666.0,-2.7265015067881593
0,21,5,8820074.0,4166666.0,-3.2568354005581406
0,21,6,9214814.0,4166666.0,-3.446978846562756
0,21,7,7915552.0,4166666.0,-2.7869251747162957
0,21,8,7779879.0,4166666.0,-2.7118415368443833
0,21,9,9138133.0,4166666.0,-3.410687858579806
0,21,10,8741814.0,4166666.0,-3.218128729459343
0,21,11,8065025.0,4166666.0,-2.8681702915374245
0,21,12,9621761.0,4166666.0,-3.6346587622938853
0,21,13,9690547.0,4166666.0,-3.665596034586534
0,21,14,8010700.0,4166666.0,-2.838817789501876
0,21,15,7955849.0,4166666.0,-2.8089784293002373
0,21,16,8818996.0,4166666.0,-3.2563045682046496
0,21,17,8650102.0,4166666.0,-3.172325397937137
0,21,18,7854383.0,4166666.0,-2.7532338597003236
0,21,19,8992213.0,4166666.0,-3.3407789674900923
0,21,20,9535578.0,4166666.0,-3.5955833418143675
0,21,21,8329508.0,4166666.0,-3.0083066084135153
0,21,22,7834218.0,4166666.0,-2.742069635369202
0,21,23,1.0854566E7,4166666.0,-4.158237748645074
0,22,0,8817596.0,4000000.0,-3.432902053408309
0,22,1,7849216.0,4000000.0,-2.927662891271499
0,22,2,9030625.0,4000000.0,-3.5365781708722017
0,22,3,9868436.0,4000000.0,-3.9218833759382337
0,22,4,8304966.0,4000000.0,-3.172778674892389
0,22,5,8342798.0,4000000.0,-3.1925173702783765
0,22,6,9729875.0,4000000.0,-3.8604726958181312
0,22,7,9145544.0,4000000.0,-3.5914955218282856
0,22,8,7856725.0,4000000.0,-2.9318156096767014
0,22,9,1.1160073E7,4000000.0,-4.456070440794658
0,22,10,9700119.0,4000000.0,-3.8471707084821407
0,22,11,7925777.0,4000000.0,-2.9698185751402537
0,22,12,8019865.0,4000000.0,-3.021070664513984
0,22,13,9834744.0,4000000.0,-3.907030683179002
0,22,14,8706038.0,4000000.0,-3.377605671003888
0,22,15,7753282.0,4000000.0,-2.874255889547954
0,22,16,8850082.0,4000000.0,-3.448873033226918
0,22,17,9649157.0,4000000.0,-3.8242938147278185
0,22,18,8438179.0,4000000.0,-3.2418874255123886
0,22,19,7915563.0,4000000.0,-2.9642181847024944
0,22,20,8619841.0,4000000.0,-3.334392636545826
0,22,21,9276857.0,4000000.0,-3.653408708004398
0,22,22,7920520.0,4000000.0,-2.9669370360966245
0,22,23,8041994.0,4000000.0,-3.0330375341905134
0,22,24,9191278.0,4000000.0,-3.613159106739446
0,23,0,8801107.0,4000000.0,-3.4247730965800627
0,23,1,8007505.0,4000000.0,-3.0143722718763244
0,23,2,9873379.0,4000000.0,-3.924058168548648
0,23,3,9371131.0,4000000.0,-3.697320176406275
0,23,4,7843763.0,4000000.0,-2.9246447161944373
0,23,5,7809030.0,4000000.0,-2.9053709993600183
0,23,6,9023701.0,4000000.0,-3.533247052180622
0,23,7,8793501.0,4000000.0,-3.4210182598310745
0,23,8,7862473.0,4000000.0,-2.9349917574588504
0,23,9,8954928.0,4000000.0,-3.500021070281205
0,23,10,9473746.0,4000000.0,-3.744617453783983
0,23,11,8370655.0,4000000.0,-3.2069945134341102
0,23,12,8120277.0,4000000.0,-3.075108528786841
0,23,13,8773649.0,4000000.0,-3.4112026463424816
0,23,14,9059024.0,4000000.0,-3.5502141890436723
0,23,15,7995838.0,4000000.0,-3.008039951662928
0,23,16,7782930.0,4000000.0,-2.8908313307552467
0,23,17,1.3614614E7,4000000.0,-5.3194534145441725
0,23,18,9650669.0,4000000.0,-3.824974290560068
0,23,19,1.3557782E7,4000000.0,-5.3012865513894
0,23,20,1.1166252E7,4000000.0,-4.458474334558808
0,23,21,9278127.0,4000000.0,-3.6540032156502993
0,23,22,1.1118127E7,4000000.0,-4.439716392564089
0,23,23,9530384.0,4000000.0,-3.7705040833672925
0,23,24,8860366.0,4000000.0,-3.4539167057007902
0,24,0,7971390.0,4545454.0,-2.4395679043087255
0,24,1,9051265.0,4545454.0,-2.991320131512714
0,24,2,1.0582132E7,4545454.0,-3.6699590749458184
0,24,3,7963298.0,4545454.0,-2.435157009975989
0,24,4,9062839.0,4545454.0,-2.9968699782151353
0,24,5,9571709.0,4545454.0,-3.2341221961783977
0,24,6,7964292.0,4545454.0,-2.4356990740491757
0,24,7,7907140.0,4545454.0,-2.404421612113616
0,24,8,1.0063451E7,4545454.0,-3.451696692487945
0,24,9,9133634.0,4545454.0,-3.0306633765049678
0,24,10,7920836.0,4545454.0,-2.4119375430307373
0,24,11,9855885.0,4545454.0,-3.3611836037185903
0,24,12,9345148.0,4545454.0,-3.1300891666998494
0,24,13,7840006.0,4545454.0,-2.367391279900844
0,24,14,7980513.0,4545454.0,-2.4445354232190035
0,24,15,1.1763305E7,4545454.0,-4.12952090528678
0,24,16,9034140.0,4545454.0,-2.9830954937726317
0,24,17,7858104.0,4545454.0,-2.3774050522794794
0,24,18,8937467.0,4545454.0,-2.936371841948675
0,24,19,9339676.0,4545454.0,-3.1275454344464286
0,24,20,7787450.0,4545454.0,-2.3381800418823313
0,24,21,7871763.0,4545454.0,-2.3849474298714695
0,25,0,9835338.0,5263157.0,-2.715429642047545
0,25,1,8702480.0,5263157.0,-2.1839670864676473
0,25,2,8075878.0,5263157.0,-1.8594342434040811
0,25,3,8835122.0,5263157.0,-2.249662256331476
0,25,4,9501100.0,5263157.0,-2.5652756389011615
0,25,5,8151864.0,5263157.0,-1.9001060037618525
0,25,6,7888494.0,5263157.0,-1.7574777432714737
0,25,7,8860809.0,5263157.0,-2.262270499652465
0,25,8,9150743.0,5263157.0,-2.4021003307880666
0,25,9,7795464.0,5263157.0,-1.7059564506366363
0,25,10,7793414.0,5263157.0,-1.7048142212946225
0,25,11,1.1119621E7,5263157.0,-3.248436598334616
0,25,12,8575807.0,5263157.0,-2.1202867337014384
0,25,13,7974717.0,5263157.0,-1.8046895491097072
0,25,14,9692250.0,5263157.0,-2.6517828249972775
0,25,15,9355486.0,5263157.0,-2.4982002799100913
0,25,16,7788287.0,5263157.0,-1.7019562176799021
0,25,17,7837439.0,5263157.0,-1.7292784845369664
0,25,18,8953038.0,5263157.0,-2.3072410258590392
0,26,0,8726240.0,6250000.0,-1.4494713598267182
0,26,1,7896133.0,6250000.0,-1.0153443749982967
0,26,2,1.0296428E7,6250000.0,-2.168065695995481
0,26,3,9904195.0,6250000.0,-1.999391650781586
0,26,4,7872994.0,6250000.0,-1.0025990312272723
0,26,5,7828084.0,6250000.0,-0.9777545990514193
0,26,6,8761759.0,6250000.0,-1.4671128600509151
0,26,7,8937211.0,6250000.0,-1.5532199403741913
0,26,8,7874433.0,6250000.0,-1.0033927478912052
0,26,9,9012436.0,6250000.0,-1.5896217633952325
0,26,10,9840141.0,6250000.0,-1.9712130416482954
0,26,11,8285957.0,6250000.0,-1.2246265785146329
0,26,12,7833315.0,6250000.0,-0.9806557377291536
0,26,13,9742706.0,6250000.0,-1.9279957995025945
0,26,14,9077568.0,6250000.0,-1.6208949355004303
0,26,15,7906645.0,6250000.0,-1.0211222252814998
0,27,0,7844631.0,6666666.0,-0.7066382230957386
0,27,1,9063946.0,6666666.0,-1.3340861196493383
0,27,2,8780876.0,6666666.0,-1.1962914674984941
0,27,3,7863221.0,6666666.0,-0.716917843998641
0,27,4,1.0044583E7,6666666.0,-1.7802321424554755
0,27,5,9721317.0,6666666.0,-1.6381640764671965
0,27,6,8055126.0,6666666.0,-0.821636406204725
0,27,7,7936387.0,6666666.0,-0.7571413953783208
0,27,8,8627188.0,6666666.0,-1.1196056458618338
0,27,9,8795993.0,6666666.0,-1.2037617755512777
0,27,10,7757035.0,6666666.0,-0.6578705348488925
0,27,11,8958178.0,6666666.0,-1.2831099015952399
0,27,12,9997170.0,6666666.0,-1.759683797523658
0,27,13,8357191.0,6666666.0,-0.9815163037901837
0,27,14,8001441.0,6666666.0,-0.7925950972612827
0,28,0,8640875.0,6250000.0,-1.4067770527725763
0,28,1,9418138.0,6250000.0,-1.780850323429445
0,28,2,7907317.0,6250000.0,-1.0214913242992094
0,28,3,7921529.0,6250000.0,-1.0292899911576343
0,28,4,1.0785379E7,6250000.0,-2.3695539354248245
0,28,5,8425762.0,6250000.0,-1.2972917023259538
0,28,6,7917219.0,6250000.0,-1.0269264088047818
0,28,7,8556707.0,6250000.0,-1.3642664372529278
0,28,8,1.0046935E7,6250000.0,-2.0615357519786275
0,28,9,7958977.0,6250000.0,-1.0497723232744565
0,28,10,7846532.0,6250000.0,-0.9879773289753084
0,28,11,8868770.0,6250000.0,-1.5198337483786517
0,28,12,8863109.0,6250000.0,-1.5170607301941919
0,28,13,7931948.0,6250000.0,-1.0349984106525085
0,28,14,9031898.0,6250000.0,-1.5989900697946944
0,28,15,9959347.0,6250000.0,-2.0235084682323503
0,29,0,8188260.0,5555555.0,-1.684641727983306
0,29,1,7924669.0,5555555.0,-1.5425368005653972
0,29,2,8894512.0,5555555.0,-2.043946739126756
0,29,3,9261952.0,5555555.0,-2.2197507446841667
0,29,4,7947269.0,5555555.0,-1.5549046184390602
0,29,5,7824658.0,5555555.0,-1.4873791303127972
0,29,6,9111920.0,5555555.0,-2.1488244664165475
0,29,7,1.2558876E7,5555555.0,-3.5422332098797766
0,29,8,7909849.0,5555555.0,-1.5344074137395844
0,29,9,8528737.0,5555555.0,-1.8615727084416123
0,29,10,9474305.0,5555555.0,-2.318199101031682
0,29,11,7799105.0,5555555.0,-1.4731731585617827
0,29,12,7880954.0,5555555.0,-1.5185134113118417
0,29,13,1.288069E7,5555555.0,-3.652116767091978
0,29,14,8151056.0,5555555.0,-1.6648642540328011
0,29,15,8053610.0,5555555.0,-1.6126314339084589
0,29,16,1.4193402E7,5555555.0,-4.073590520062117
0,29,17,1.3078895E7,5555555.0,-3.7184360172020554
0,30,0,1.2458623E7,4761904.0,-4.17689408426304
0,30,1,1.0618873E7,4761904.0,-3.48297790961475
0,30,2,8908860.0,4761904.0,-2.7204149840551928
0,30,3,1.0233807E7,4761904.0,-3.322565865478406
0,30,4,9129565.0,4761904.0,-2.82669449247095
0,30,5,8952902.0,4761904.0,-2.74183194878125
0,30,6,7937274.0,4761904.0,-2.2189073692104513
0,30,7,9182913.0,4761904.0,-2.8519983400042515
0,30,8,1.054617E7,4761904.0,-3.4531413192451543
0,30,9,7894158.0,4761904.0,-2.1952517868507906
0,30,10,8960776.0,4761904.0,-2.7456498525872
0,30,11,9414178.0,4761904.0,-2.9600176975811374
0,30,12,7871892.0,4761904.0,-2.1829849129501335
0,30,13,7840379.0,4761904.0,-2.1655642099097707
0,30,14,8850371.0,4761904.0,-2.691808405545357
0,30,15,8681409.0,4761904.0,-2.6080958147871747
0,30,16,7887081.0,4761904.0,-2.1913566525657586
0,30,17,8945704.0,4761904.0,-2.7383388813890046
0,30,18,9841166.0,4761904.0,-3.1526592173427845
0,30,19,8298955.0,4761904.0,-2.412427739096589
0,30,20,7924072.0,4761904.0,-2.211677772082779
0,31,0,8528061.0,4166666.0,-3.1106160933861893
0,31,1,9368635.0,4166666.0,-3.518876304587874
0,31,2,7890263.0,4166666.0,-2.773027906496097
0,31,3,7843245.0,4166666.0,-2.7470709250822045
0,31,4,1.0532714E7,4166666.0,-4.027516029306755
0,31,5,8497734.0,4166666.0,-3.0951444367824994
0,31,6,8384311.0,4166666.0,-3.0367869046133347
0,31,7,9721861.0,4166666.0,-3.6796071858068595
0,31,8,9431361.0,4166666.0,-3.547856796667105
0,31,9,7925216.0,4166666.0,-2.792224188493666
0,31,10,7901482.0,4166666.0,-2.77919866294156
0,31,11,9176909.0,4166666.0,-3.429077363765578
0,31,12,8737180.0,4166666.0,-3.2158259416944506
0,31,13,7858662.0,4166666.0,-2.7555992142627295
0,31,14,9980505.0,4166666.0,-3.7936382775309907
0,31,15,9368612.0,4166666.0,-3.5188656426447573
0,31,16,1.2097338E7,4166666.0,-4.6290112621769195
0,31,17,8520507.0,4166666.0,-3.106767487766069
0,31,18,1.3578053E7,4166666.0,-5.13048810747192
0,31,19,8058198.0,4166666.0,-2.8644924554060913
0,31,20,9965811.0,4166666.0,-3.7872395778698698
0,31,21,9358169.0,4166666.0,-3.5140219508809247
0,31,22,7873329.0,4166666.0,-2.7636971072905085
0,31,23,7842886.0,4166666.0,-2.7468721358217674
0,32,0,1.2708806E7,4000000.0,-5.020447589137279
0,32,1,8453942.0,4000000.0,-3.249992726090455
0,32,2,8036510.0,4000000.0,-3.0300749811680268
0,32,3,8597433.0,4000000.0,-3.3230880871204196
0,32,4,9622524.0,4000000.0,-3.8122901163477603
0,32,5,7908262.0,4000000.0,-2.960210576886586
0,32,6,8051957.0,4000000.0,-3.0384145562479636
0,32,7,9020274.0,4000000.0,-3.5315973855108584
0,32,8,8778637.0,4000000.0,-3.413670998252937
0,32,9,7854664.0,4000000.0,-2.9306762057292373
0,32,10,7888733.0,4000000.0,-2.949472659633599
0,32,11,9669491.0,4000000.0,-3.8334362218530247
0,32,12,8567908.0,4000000.0,-3.3081480317804406
0,32,13,7847185.0,4000000.0,-2.9265390003901843
0,32,14,9157628.0,4000000.0,-3.597230063668163
0,32,15,9477023.0,4000000.0,-3.746119432971616
0,32,16,7916658.0,4000000.0,-2.964818924748307
0,32,17,7877279.0,4000000.0,-2.943162363953389
0,32,18,8817750.0,4000000.0,-3.432977902615027
0,32,19,8690935.0,4000000.0,-3.3700651049433574
0,32,20,7857708.0,4000000.0,-2.9323589464630393
0,32,21,7941261.0,4000000.0,-2.978294785876514
0,32,22,9443359.0,4000000.0,-3.730665088692
0,32,23,8362431.0,4000000.0,-3.202725560167805
0,32,24,7843083.0,4000000.0,-2.924268196595941
0,33,0,9319448.0,4166666.0,-3.496015006285032
0,33,1,9271329.0,4166666.0,-3.473533038110452
0,33,2,7908402.0,4166666.0,-2.7830004846458714
0,33,3,7964786.0,4166666.0,-2.8138542275236715
0,33,4,8762933.0,4166666.0,-3.228608023577031
0,33,5,8920607.0,4166666.0,-3.3060571801671843
0,33,6,7965086.0,4166666.0,-2.8140178049141076
0,33,7,7814434.0,4166666.0,-2.7310883871342457
0,33,8,9104357.0,4166666.0,-3.3946059013661216
0,33,9,8641919.0,4166666.0,-3.168215025863569
0,33,10,7833399.0,4166666.0,-2.7416155941694424
0,33,11,9985367.0,4166666.0,-3.7957534266341724
0,33,12,9486384.0,4166666.0,-3.573120117070415
0,33,13,7897587.0,4166666.0,-2.777057300002663
0,33,14,7908992.0,4166666.0,-2.7833244744819234
0,33,15,8577103.0,4166666.0,-3.135519366270907
0,33,16,9043425.0,4166666.0,-3.365442523924216
0,33,17,7879972.0,4166666.0,-2.767359855071802
0,33,18,7850620.0,4166666.0,-2.751152675549418
0,33,19,8991791.0,4166666.0,-3.340575150507626
0,33,20,8591210.0,4166666.0,-3.1426564607950374
0,33,21,7820380.0,4166666.0,-2.7343916756976934
0,33,22,9922542.0,4166666.0,-3.7683425705756046
0,33,23,9716070.0,4166666.0,-3.6770194624333064
0,34,0,7948982.0,4545454.0,-2.427342464881973
0,34,1,7923700.0,4545454.0,-2.4135075724840673
0,34,2,8477190.0,4545454.0,-2.7067465008410196
0,34,3,8980734.0,4545454.0,-2.9573456616639455
0,34,4,8011418.0,4545454.0,-2.461321248110498
0,34,5,7875618.0,4545454.0,-2.387073758384359
0,34,6,9058575.0,4545454.0,-2.994826173349784
0,34,7,8654925.0,4545454.0,-2.7968604174892864
0,34,8,7953066.0,4545454.0,-2.4295731947893264
0,34,9,9899125.0,4545454.0,-3.380195412254079
0,34,10,9518756.0,4545454.0,-3.2100292736853246
0,34,11,8030378.0,4545454.0,-2.4715872148527067
0,34,12,7855860.0,4545454.0,-2.376164681836966
0,34,13,8587147.0,4545454.0,-2.7627163041672724
0,34,14,9002733.0,4545454.0,-2.9679710311470107
0,34,15,8490487.0,4545454.0,-2.7135533429420766
0,34,16,1.3625374E7,4545454.0,-4.767711649069254
0,34,17,1.2167632E7,4545454.0,-4.2762879930249795
0,34,18,9549773.0,4545454.0,-3.2241578137793505
0,34,19,1.0029942E7,4545454.0,-3.4372115457683066
0,34,20,1.09379E7,4545454.0,-3.8135668144711996
0,34,21,8384822.0,4545454.0,-2.659165804117549
0,35,0,1.0987241E7,5263157.0,-3.1964232544979367
0,35,1,9189588.0,5263157.0,-2.420497157296739
0,35,2,8519364.0,5263157.0,-2.091608491739754
0,35,3,7940884.0,5263157.0,-1.7862252670016023
0,35,4,1.1606795E7,5263157.0,-3.4346598875296657
0,35,5,8757031.0,5263157.0,-2.211105619012293
0,35,6,7778716.0,5263157.0,-1.6966159052125023
0,35,7,9650730.0,5263157.0,-2.633138402490644
0,35,8,9522106.0,5263157.0,-2.574866865106401
0,35,9,2.1225292E7,5263157.0,-6.056073484040187
0,35,10,1.3142624E7,5263157.0,-3.9743575803940203
0,35,11,8166749.0,5263157.0,-1.9080288280312647
0,35,12,9970489.0,5263157.0,-2.774701334750694
0,35,13,9295166.0,5263157.0,-2.4701082491450985
0,35,14,7816964.0,5263157.0,-1.7179178665848127
0,35,15,7854386.0,5263157.0,-1.7386591543396466
0,35,16,8790323.0,5263157.0,-2.2275850827992105
0,35,17,8830915.0,5263157.0,-2.2475937936424124
0,35,18,7963441.0,5263157.0,-1.7985444156570232
0,36,0,8971531.0,6250000.0,-1.5698654477641092
0,36,1,9990466.0,6250000.0,-2.0370572879066695
0,36,2,8276051.0,6250000.0,-1.2194314093651542
0,36,3,8067563.0,6250000.0,-1.1086234817228011
0,36,4,8743482.0,6250000.0,-1.4580440296017307
0,36,5,9411221.0,6250000.0,-1.7776595455952635
0,36,6,8426226.0,6250000.0,-1.2975308582518352
0,36,7,7928940.0,6250000.0,-1.0333511411966911
0,36,8,9161572.0,6250000.0,-1.6608998168952733
0,36,9,8733214.0,6250000.0,-1.452940849626199
0,36,10,7862848.0,6250000.0,-0.9969986287524566
0,36,11,8956933.0,6250000.0,-1.5627930825599459
0,36,12,9436679.0,6250000.0,-1.7893916490593371
0,36,13,8175785.0,6250000.0,-1.1664944488133169
0,36,14,7969432.0,6250000.0,-1.055473519747203
0,36,15,9607839.0,6250000.0,-1.8674569957394
0,37,0,9298700.0,6666666.0,-1.4451353896484713
0,37,1,7944730.0,6666666.0,-0.7617044487149895
0,37,2,8808175.0,6666666.0,-1.2097723705683476
0,37,3,1.0536028E7,6666666.0,-1.9876821859881866
0,37,4,8322408.0,6666666.0,-0.9634030543511313
0,37,5,7911549.0,6666666.0,-0.7435282470494814
0,37,6,9964372.0,6666666.0,-1.7454123517251454
0,37,7,9244870.0,6666666.0,-1.4199211103823588
0,37,8,7945520.0,6666666.0,-0.7621362765855215
0,37,9,9759723.0,6666666.0,-1.6552879420114315
0,37,10,9620744.0,6666666.0,-1.5929996107185318
0,37,11,8213473.0,6666666.0,-0.906181363163291
0,37,12,7972940.0,6666666.0,-0.7770979832727071
0,37,13,8749228.0,6666666.0,-1.180610366352927
0,37,14,9194910.0,6666666.0,-1.3963878519520823
0,38,0,7882889.0,6250000.0,-1.0080539390396779
0,38,1,7858703.0,6250000.0,-0.9947085866704763
0,38,2,9112532.0,6250000.0,-1.6375904907375491
0,38,3,8706454.0,6250000.0,-1.4396129245111153
0,38,4,7897923.0,6250000.0,-1.0163287796704532
0,38,5,1.0301879E7,6250000.0,-2.1703642725494827
0,38,6,9418211.0,6250000.0,-1.7808839854699812
0,38,7,7838646.0,6250000.0,-0.9836103443317662
0,38,8,7787828.0,6250000.0,-0.9553633389172458
0,38,9,8525650.0,6250000.0,-1.3484748242039457
0,38,10,9007886.0,6250000.0,-1.5874286395047137
0,38,11,7844308.0,6250000.0,-0.9867462018537254
0,38,12,7928905.0,6250000.0,-1.0333319704873465
0,38,13,9262681.0,6250000.0,-1.7085669017860714
0,38,14,8974834.0,6250000.0,-1.5714640719868125
0,38,15,7870592.0,6250000.0,-1.001273824436868
0,39,0,1.0044972E7,5555555.0,-2.5722127903838414
0,39,1,9349166.0,5555555.0,-2.2604541953867825
0,39,2,7888693.0,5555555.0,-1.5227760371845314
0,39,3,7916363.0,5555555.0,-1.5379824883245476
0,39,4,8849676.0,5555555.0,-2.021999193449396
0,39,5,8795492.0,5555555.0,-1.9953268646026663
0,39,6,7852023.0,5555555.0,-1.5025411158992197
0,39,7,8978008.0,5555555.0,-2.0845253658372216
0,39,8,1.0008002E7,5555555.0,-2.556199320075762
0,39,9,8166355.0,5555555.0,-1.6730080376582372
0,39,10,7846287.0,5555555.0,-1.4993673815812456
0,39,11,8820826.0,5555555.0,-2.007818037831198
0,39,12,9309340.0,5555555.0,-2.2419144062918943
0,39,13,7904325.0,5555555.0,-1.531373372485698
0,39,14,8954957.0,5555555.0,-2.07336053323328
0,39,15,9237426.0,5555555.0,-2.2082352086441945
0,39,16,8731588.0,5555555.0,-1.963657838671704
0,39,17,7897856.0,5555555.0,-1.5278175960262652
0,40,0,9103843.0,4761904.0,-2.8144412372660836
0,40,1,9351868.0,4761904.0,-2.9311773242655903
0,40,2,7849539.0,4761904.0,-2.1706351578984124
0,40,3,7920719.0,4761904.0,-2.2098397050239478
0,40,4,1.2076534E7,4761904.0,-4.041616726236002
0,40,5,8415504.0,4761904.0,-2.4729949497427657
0,40,6,7872271.0,4761904.0,-2.183194003276083
0,40,7,9030739.0,4761904.0,-2.779426550096419
0,40,8,9517464.0,4761904.0,-3.0074060698289538
0,40,9,7889494.0,4761904.0,-2.192685144450727
0,40,10,7896363.0,4761904.0,-2.1964646908947043
0,40,11,8842746.0,4761904.0,-2.6880651469329573
0,40,12,8716967.0,4761904.0,-2.6258476609232946
0,40,13,7880373.0,4761904.0,-2.1876613856439504
0,40,14,7865126.0,4761904.0,-2.1792504867130744
0,40,15,9245139.0,4761904.0,-2.881328093516233
0,40,16,8514573.0,4761904.0,-2.5238223749515987
0,40,17,7962108.0,4761904.0,-2.2324742838672176
0,40,18,9868770.0,4761904.0,-3.164823917133315
0,40,19,1.0262656E7,4761904.0,-3.334791359976743
0,40,20,1.1702857E7,4761904.0,-3.905112625370943
0,41,0,1.1369751E7,4166666.0,-4.3596226484775435
0,41,1,9705560.0,4166666.0,-3.6723190995385786
0,41,2,1.0238387E7,4166666.0,-3.904428525868161
0,41,3,1.0404882E7,4166666.0,-3.9744847051432695
0,41,4,9418790.0,4166666.0,-3.5420642523618966
0,41,5,8112620.0,4166666.0,-2.8937244503826527
0,41,6,7865854.0,4166666.0,-2.7595719230337314
0,41,7,1.0623225E7,4166666.0,-4.064676911349043
0,41,8,8638326.0,4166666.0,-3.1664090096919626
0,41,9,9000672.0,4166666.0,-3.3448624674880922
0,41,10,8669252.0,4166666.0,-3.181929385150192
0,41,11,9138193.0,4166666.0,-3.410716373795517
0,41,12,7829729.0,4166666.0,-2.7395804185930785
0,41,13,7795527.0,4166666.0,-2.72056791269522
0,41,14,8798670.0,4166666.0,-3.246283406995345
0,41,15,8714318.0,4166666.0,-3.204447152177158
0,41,16,7878742.0,4166666.0,-2.7666819035412065
0,41,17,8951946.0,4166666.0,-3.321287649722891
0,41,18,9913333.0,4166666.0,-3.7643100606195894
0,41,19,8334231.0,4166666.0,-3.01076844833186
0,41,20,7866011.0,4166666.0,-2.759658605996827
0,41,21,1.0906324E7,4166666.0,-4.1788970655961934
0,41,22,8745440.0,4166666.0,-3.219929757584113
0,41,23,7867554.0,4166666.0,-2.7605104363197386
0,42,0,9052036.0,4000000.0,-3.5468628114985217
0,42,1,9611002.0,4000000.0,-3.8070867629750316
0,42,2,8323589.0,4000000.0,-3.1825063626174344
0,42,3,7957914.0,4000000.0,-2.9873925015151275
0,42,4,9760512.0,4000000.0,-3.8741260840251805
0,42,5,8996759.0,4000000.0,-3.5202609567651577
0,42,6,7827541.0,4000000.0,-2.91565359764839
0,42,7,7872354.0,4000000.0,-2.940446236672085
0,42,8,9044161.0,4000000.0,-3.543082935250621
0,42,9,8719872.0,4000000.0,-3.3845011859294365
0,42,10,7715152.0,4000000.0,-2.8528449540444765
0,42,11,9844668.0,4000000.0,-3.9114108331588375
0,42,12,9252641.0,4000000.0,-3.6420572065646506
0,42,13,7976048.0,4000000.0,-2.997277675754871
0,42,14,7873198.0,4000000.0,-2.9409118215472017
0,42,15,8469817.0,4000000.0,-3.258140356793956
0,42,16,9154279.0,4000000.0,-3.5956415319700614
0,42,17,7986430.0,4000000.0,-3.0029269815166684
0,42,18,7887878.0,4000000.0,-2.949001935239886
0,42,19,8996153.0,4000000.0,-3.51996841661809
0,42,20,8679889.0,4000000.0,-3.3645418004717835
0,42,21,7929340.0,4000000.0,-2.971770489169106
0,42,22,9959212.0,4000000.0,-3.961649858918977
0,42,23,9253068.0,4000000.0,-3.642257624439811
0,42,24,7928632.0,4000000.0,-2.9713826962112266
0,43,0,7869332.0,4166666.0,-2.7614917938667274
0,43,1,8541845.0,4166666.0,-3.117629976696036
0,43,2,8992074.0,4166666.0,-3.340711834516752
0,43,3,7916856.0,4166666.0,-2.7876405681115175
0,43,4,7871973.0,4166666.0,-2.7629490704234905
0,43,5,9003578.0,4166666.0,-3.346264425109622
0,43,6,8665033.0,4166666.0,-3.1798153222334564
0,43,7,7775959.0,4166666.0,-2.709652732351695
0,43,8,9953383.0,4166666.0,-3.7818202697176857
0,43,9,9200940.0,4166666.0,-3.4404350984415717
0,43,10,7963707.0,4166666.0,-2.813265843240626
0,43,11,7831897.0,4166666.0,-2.7407827847366457
0,43,12,8472560.0,4166666.0,-3.0822596425569815
0,43,13,8970939.0,4166666.0,-3.330492147974639
0,43,14,7842564.0,4166666.0,-2.7466938268498313
0,43,15,7831062.0,4166666.0,-2.740319735714129
0,43,16,9055324.0,4166666.0,-3.3711530520769886
0,43,17,8791119.0,4166666.0,-3.2425547007166107
0,43,18,7880560.0,4166666.0,-2.767683911589029
0,43,19,1.005494E7,4166666.0,-3.8259079461019057
0,43,20,9697852.0,4166666.0,-3.6688686321232606
0,43,21,7988784.0,4166666.0,-2.8269199010219905
0,43,22,7884733.0,4166666.0,-2.769983026379103
0,43,23,8591348.0,4166666.0,-3.142726220650938
0,44,0,9105415.0,4545454.0,-3.017224774784455
0,44,1,7826177.0,4545454.0,-2.3597239879380414
0,44,2,7954553.0,4545454.0,-2.4303851276077717
0,44,3,8825625.0,4545454.0,-2.88168203307884
0,44,4,8694961.0,4545454.0,-2.8169037131506176
0,44,5,7970048.0,4545454.0,-2.438836699010821
0,44,6,9943556.0,4545454.0,-3.3996445687212566
0,44,7,9360282.0,4545454.0,-3.1371166599178677
0,44,8,7804413.0,4545454.0,-2.347629766014795
0,44,9,7835584.0,4545454.0,-2.364941036879793
0,44,10,8518716.0,4545454.0,-2.7279687275848508
0,44,11,8980244.0,4545454.0,-2.9571086987366653
0,44,12,7942220.0,4545454.0,-2.423646458168478
0,44,13,7885594.0,4545454.0,-2.3925714603758466
0,44,14,9011673.0,4545454.0,-2.9722815734840213
0,44,15,8608988.0,4545454.0,-2.773748353961981
0,44,16,8042593.0,4545454.0,-2.478188244765277
0,44,17,9846441.0,4545454.0,-3.35702015885303
0,44,18,9274642.0,4545454.0,-3.0971988783647033
0,44,19,1.1318838E7,4545454.0,-3.962245770962522
0,44,20,8950655.0,4545454.0,-2.9427755065312815
0,44,21,1.0567597E7,4545454.0,-3.663989758470639
0,45,0,8112866.0,5263157.0,-1.8792797758915145
0,45,1,7898626.0,5263157.0,-1.763052252485049
0,45,2,9054372.0,5263157.0,-2.3561200835149845
0,45,3,8917081.0,5263157.0,-2.2897638643914444
0,45,4,7809177.0,5263157.0,-1.7135894128603466
0,45,5,7977073.0,5263157.0,-1.8059724117938367
0,45,6,9179815.0,5263157.0,-2.4158760377403783
0,45,7,1.0488068E7,5263157.0,-2.9944916924763225
0,45,8,1.091742E7,5263157.0,-3.1687369299149375
0,45,9,1.1612745E7,5263157.0,-3.4368856441328406
0,45,10,8333038.0,5263157.0,-1.995570370660917
0,45,11,7900684.0,5263157.0,-1.7641836665136514
0,45,12,8602665.0,5263157.0,-2.1338668596860537
0,45,13,9169151.0,5263157.0,-2.410827996475872
0,45,14,7634807.0,5263157.0,-1.6155173780016685
0,45,15,7808996.0,5263157.0,-1.7134887515330228
0,45,16,1.3775106E7,5263157.0,-4.178486242332505
0,45,17,9906654.0,5263157.0,-2.746806698623759
0,45,18,1.6659335E7,5263157.0,-5.004113362237379
0,46,0,1.3922664E7,6250000.0,-3.4784232495667227
0,46,1,3.8877429E7,6250000.0,-7.938175195677725
0,46,2,1.2982844E7,6250000.0,-3.1748982136168644
0,46,3,1.2073849E7,6250000.0,-2.8596572276068724
0,46,4,8800919.0,6250000.0,-1.4864800660042097
0,46,5,1.0139516E7,6250000.0,-2.1013720752050298
0,46,6,8761919.0,6250000.0,-1.4671921665950163
0,46,7,7713665.0,6250000.0,-0.9138075643787478
0,46,8,9068855.0,6250000.0,-1.616724407665147
0,46,9,9531629.0,6250000.0,-1.8328711259676704
0,46,10,8104215.0,6250000.0,-1.1283093673507731
0,46,11,7824191.0,6250000.0,-0.9755942633137558
0,46,12,1.0285863E7,6250000.0,-2.163607182019278
0,46,13,8757459.0,6250000.0,-1.464980954038119
0,46,14,8009640.0,6250000.0,-1.0773297944840412
0,46,15,9016801.0,6250000.0,-1.5917246759594712
0,47,0,9674095.0,6666666.0,-1.617016503476986
0,47,1,7990276.0,6666666.0,-0.7865308345203776
0,47,2,8001105.0,6666666.0,-0.7924127225992248
0,47,3,9875934.0,6666666.0,-1.7066948140282465
0,47,4,8655721.0,6666666.0,-1.133945518519191
0,47,5,7902322.0,6666666.0,-0.7384602461289391
0,47,6,9055288.0,6666666.0,-1.3299356992612617
0,47,7,9172747.0,6666666.0,-1.3859071757572228
0,47,8,8048205.0,6666666.0,-0.817903324776636
0,47,9,7776124.0,6666666.0,-0.6685447982598104
0,47,10,8580363.0,6666666.0,-1.0959696394247858
0,47,11,9177244.0,6666666.0,-1.3880358114870357
0,47,12,7879012.0,6666666.0,-0.7256306441000016
0,47,13,7873444.0,6666666.0,-0.7225604539328999
0,47,14,8787262.0,6666666.0,-1.1994487795409945
0,48,0,8995521.0,6250000.0,-1.581463044089234
0,48,1,7956793.0,6250000.0,-1.0485804247305213
0,48,2,1.0090538E7,6250000.0,-2.080343049089256
0,48,3,9478239.0,6250000.0,-1.8084763817698988
0,48,4,7948512.0,6250000.0,-1.044058168879912
0,48,5,7856214.0,6250000.0,-0.9933328759689868
0,48,6,8455407.0,6250000.0,-1.3125449980552892
0,48,7,9019632.0,6250000.0,-1.5930880139192163
0,48,8,7882074.0,6250000.0,-1.0076049053146174
0,48,9,7762057.0,6250000.0,-0.9409681027591879
0,48,10,9050212.0,6250000.0,-1.6077873527016524
0,48,11,1.4753381E7,6250000.0,-3.730115406908676
0,48,12,7856614.0,6250000.0,-0.9935539918531533
0,48,13,9010295.0,6250000.0,-1.5885899281088611
0,48,14,9146053.0,6250000.0,-1.6535369637901005
0,48,15,7893765.0,6250000.0,-1.014041758172201
0,49,0,8398871.0,5555555.0,-1.794934594251631
0,49,1,9637389.0,5555555.0,-2.3923193757204437
0,49,2,8014959.0,5555555.0,-1.5917385362350633
0,49,3,7806959.0,5555555.0,-1.4775444710834276
0,49,4,8627725.0,5555555.0,-1.9116884248692243
0,49,5,8886941.0,5555555.0,-2.0402484544914277
0,49,6,7828226.0,5555555.0,-1.4893590373232481
0,49,7,7863548.0,5555555.0,-1.5089109064734343
0,49,8,9024663.0,5555555.0,-2.107035419389271
0,49,9,8635160.0,5555555.0,-1.9154293750900078
0,49,10,7860712.0,5555555.0,-1.507344334610552
0,49,11,1.0004098E7,5555555.0,-2.5545048595455233
0,49,12,9491226.0,5555555.0,-2.325948632408558
0,49,13,8028860.0,5555555.0,-1.5992643367987123
0,49,14,7925216.0,5555555.0,-1.5428365618339435
0,49,15,8586980.0,5555555.0,-1.8911299991409634
0,49,16,9063880.0,5555555.0,-2.125866956437445
0,49,17,7850504.0,5555555.0,-1.5017008774840026
0,50,0,7820695.0,4545454.0,-2.356680820655522
0,50,1,9025012.0,4545454.0,-2.978705209701256
0,50,2,8686213.0,4545454.0,-2.812532076978645
0,50,3,7840999.0,4545454.0,-2.367941314061418
0,50,4,1.0265349E7,4545454.0,-3.537964519824577
0,50,5,9547122.0,4545454.0,-3.222952052655439
0,50,6,7885847.0,4545454.0,-2.3927107964123335
0,50,7,8096308.0,4545454.0,-2.507097541916816
0,50,8,8714256.0,4545454.0,-2.8265304705854515
0,50,9,8712788.0,4545454.0,-2.825798798247972
0,50,10,7945681.0,4545454.0,-2.425538581269752
0,50,11,7907287.0,4545454.0,-2.4045023501496403
0,50,12,9262782.0,4545454.0,-3.0916417596861305
0,50,13,8401325.0,4545454.0,-2.667705183814377
0,50,14,7957046.0,4545454.0,-2.4317460167958966
0,50,15,9140974.0,4545454.0,-3.034152066022781
0,50,16,9352448.0,4545454.0,-3.13348035119114
0,50,17,7856250.0,4545454.0,-2.376380279675802
0,50,18,7890723.0,4545454.0,-2.3953953089029274
0,50,19,8731954.0,4545454.0,-2.8353417211404546
0,50,20,8907746.0,4545454.0,-2.9219055778235896
0,50,21,7842461.0,4545454.0,-2.3687510059717254
0,51,0,7809712.0,4166666.0,-2.7284632982417256
0,51,1,9020567.0,4166666.0,-3.3544514776861343
0,51,2,8685138.0,4166666.0,-3.1898803463381604
0,51,3,7934695.0,4166666.0,-2.797415488601383
0,51,4,9981831.0,4166666.0,-3.7942152385478285
0,51,5,9592330.0,4166666.0,-3.621354223564274
0,51,6,7898730.0,4166666.0,-2.7776857991568416
0,51,7,7852904.0,4166666.0,-2.752415995303203
0,51,8,8558966.0,4166666.0,-3.1263261236905167
0,51,9,8955106.0,4166666.0,-3.322820420808896
0,51,10,7976758.0,4166666.0,-2.820377277630755
0,51,11,7768499.0,4166666.0,-2.705484253677523
0,51,12,9026803.0,4166666.0,-3.357452757647627
0,51,13,8669002.0,4166666.0,-3.1818041434499795
0,51,14,7832422.0,4166666.0,-2.7410738980663534
0,51,15,9983840.0,4166666.0,-3.7950892363384243
0,51,16,9553343.0,4166666.0,-3.6036668198678425
0,51,17,7972936.0,4166666.0,-2.8182958915657874
0,51,18,7963937.0,4166666.0,-2.8133912701158694
0,51,19,1.5778691E7,4166666.0,-5.782822825019665
0,51,20,9912305.0,4166666.0,-3.7638596794234873
0,51,21,1.267403E7,4166666.0,-4.831260419837706
0,51,22,1.0208278E7,4166666.0,-3.8916379979192017
0,51,23,9460708.0,4166666.0,-3.5613494960766943
0,52,0,9662325.0,4000000.0,-3.830216499091477
0,52,1,8998826.0,4000000.0,-3.5212586311370013
0,52,2,8828876.0,4000000.0,-3.438454259450511
0,52,3,7969971.0,4000000.0,-2.9939674982186526
0,52,4,8508236.0,4000000.0,-3.2777953645611904
0,52,5,9682866.0,4000000.0,-3.839439304185908
0,52,6,8414270.0,4000000.0,-3.229564523678431
0,52,7,8930394.0,4000000.0,-3.4881062861894567
0,52,8,9607746.0,4000000.0,-3.8056152177457525
0,52,9,8234271.0,4000000.0,-3.1356516473499263
0,52,10,7848408.0,4000000.0,-2.9272158045764836
0,52,11,8706073.0,4000000.0,-3.377623130468587
0,52,12,9194925.0,4000000.0,-3.6148819986234026
0,52,13,7843731.0,4000000.0,-2.9246269983570046
0,52,14,7894965.0,4000000.0,-2.9529021770405683
0,52,15,8737549.0,4000000.0,-3.393296329473712
0,52,16,8696136.0,4000000.0,-3.3726633179117744
0,52,17,7828720.0,4000000.0,-2.916307691489994
0,52,18,8969487.0,4000000.0,-3.5070761342847105
0,52,19,9594358.0,4000000.0,-3.7995592819317863
0,52,20,8173352.0,4000000.0,-3.1034021166103702
0,52,21,7885640.0,4000000.0,-2.947769551878075
0,52,22,9711623.0,4000000.0,-3.8523182365141064
0,52,23,9342083.0,4000000.0,-3.6838373014252017
0,52,24,7897535.0,4000000.0,-2.9543156794351786
0,53,0,9157749.0,4166666.0,-3.420000472009756
0,53,1,1.0844362E7,4166666.0,-4.154153177075452
0,53,2,8429541.0,4166666.0,-3.0601523854063655
0,53,3,7909235.0,4166666.0,-2.783457907336453
0,53,4,9820599.0,4166666.0,-3.7234928925664623
0,53,5,8940044.0,4166666.0,-3.315509674566351
0,53,6,7945792.0,4166666.0,-2.803485033760932
0,53,7,8855793.0,4166666.0,-3.27438767758598
0,53,8,9461589.0,4166666.0,-3.561753900931807
0,53,9,8482483.0,4166666.0,-3.087343091340873
0,53,10,8029044.0,4166666.0,-2.8487514909991067
0,53,11,8591293.0,4166666.0,-3.142698417944119
0,53,12,9182738.0,4166666.0,-3.4318350449127943
0,53,13,7953598.0,4166666.0,-2.8077494778661776
0,53,14,7941630.0,4166666.0,-2.801209606476341
0,53,15,1.0543142E7,4166666.0,-4.031813670386535
0,53,16,8507832.0,4166666.0,-3.1003021671323268
0,53,17,8075568.0,4166666.0,-2.8738438964339856
0,53,18,1.3804104E7,4166666.0,-5.202195338013693
0,53,19,1.1210047E7,4166666.0,-4.298187446498892
0,53,20,1.2090053E7,4166666.0,-4.626395159103764
0,53,21,9567576.0,4166666.0,-3.6101323192537076
0,53,22,8193362.0,4166666.0,-2.936734545274717
0,53,23,7875316.0,4166666.0,-2.7647930023851286
0,54,0,9074103.0,4761904.0,-2.80023068848831
0,54,1,9515260.0,4761904.0,-3.006400238984779
0,54,2,7834262.0,4761904.0,-2.162174557182589
0,54,3,7780231.0,4761904.0,-2.1321185588116696
0,54,4,8810380.0,4761904.0,-2.6721400456771875
0,54,5,8714292.0,4761904.0,-2.624514724790327
0,54,6,7828706.0,4761904.0,-2.1590934805403337
0,54,7,8873299.0,4761904.0,-2.70304480233643
0,54,8,9592744.0,4761904.0,-3.0416221889941046
0,54,9,8300775.0,4761904.0,-2.413380062972015
0,54,10,7864921.0,4761904.0,-2.179137288871014
0,54,11,9181078.0,4761904.0,-2.851130412790668
0,54,12,9281870.0,4761904.0,-2.8985484570568882
0,54,13,7906411.0,4761904.0,-2.2019875080181315
0,54,14,7961748.0,4761904.0,-2.232277916839644
0,54,15,1.0440289E7,4761904.0,-3.4093188485741015
0,54,16,8550653.0,4761904.0,-2.5421864660624163
0,54,17,7883253.0,4761904.0,-2.1892482897252803
0,54,18,9142980.0,4761904.0,-2.8330713398356373
0,54,19,9666977.0,4761904.0,-3.075100495269779
0,54,20,7908856.0,4761904.0,-2.2033303244457176
0,55,0,7900875.0,5555555.0,-1.529477393964245
0,55,1,8944978.0,5555555.0,-2.0685182529860198
0,55,2,8729239.0,5555555.0,-1.962489328446908
0,55,3,7878443.0,5555555.0,-1.5171294580383918
0,55,4,7912834.0,5555555.0,-1.5360460347545668
0,55,5,9204980.0,5555555.0,-2.1929539776615505
0,55,6,8472184.0,5555555.0,-1.8326792779895962
0,55,7,7865177.0,5555555.0,-1.5098104907862755
0,55,8,9479332.0,5555555.0,-2.3205028260758205
0,55,9,9332114.0,5555555.0,-2.2525258397686048
0,55,10,7876696.0,5555555.0,-1.5161663278965445
0,55,11,7895682.0,5555555.0,-1.5266219725888552
0,55,12,8509458.0,5555555.0,-1.8517444761788462
0,55,13,8967259.0,5555555.0,-2.0793226213539233
0,55,14,7875782.0,5555555.0,-1.5156623498469892
0,55,15,7944114.0,5555555.0,-1.5531801629798878
0,55,16,9032928.0,5555555.0,-2.111010970882915
0,55,17,8634353.0,5555555.0,-1.9150234856510282
0,56,0,7873264.0,6250000.0,-1.002747967577897
0,56,1,1.0286218E7,6250000.0,-2.1637570691805146
0,56,2,9522728.0,6250000.0,-1.8288136230410637
0,56,3,7760920.0,6250000.0,-0.9403318938325024
0,56,4,7830185.0,6250000.0,-0.9789200570109863
0,56,5,8751065.0,6250000.0,-1.4618089230425455
0,56,6,8753915.0,6250000.0,-1.4632230797960644
0,56,7,7821700.0,6250000.0,-0.9742113729899491
0,56,8,8996547.0,6250000.0,-1.581958358067501
0,56,9,9604090.0,6250000.0,-1.8657620383685691
0,56,10,8210934.0,6250000.0,-1.185125439135875
0,56,11,8016647.0,6250000.0,-1.0811274322383175
0,56,12,9377557.0,6250000.0,-1.762096952771639
0,56,13,9180552.0,6250000.0,-1.6698877751149337
0,56,14,7819679.0,6250000.0,-0.9730890817229053
0,56,15,7848672.0,6250000.0,-0.9891616273087765
0,57,0,9060790.0,6666666.0,-1.3325736745591157
0,57,1,8555641.0,6666666.0,-1.0834385550126133
0,57,2,7906231.0,6666666.0,-0.7406080165976971
0,57,3,1.4467001E7,6666666.0,-3.3646981396765656
0,57,4,1.0428309E7,6666666.0,-1.9430519370089938
0,57,5,8165920.0,6666666.0,-0.8809642339065759
0,57,6,1.2246127E7,6666666.0,-2.6409006151373706
0,57,7,1.0231007E7,6666666.0,-1.860096842930849
0,57,8,8871523.0,6666666.0,-1.2408948530646866
0,57,9,1.0211147E7,6666666.0,-1.851658308396562
0,57,10,9447767.0,6666666.0,-1.5142047669028833
0,57,11,8896147.0,6666666.0,-1.2529325306769343
0,57,12,8007048.0,6666666.0,-0.795637344733368
0,57,13,1.1170765E7,6666666.0,-2.2417421811661113
0,57,14,8439797.0,6666666.0,-1.0242330327665363
0,58,0,7832225.0,6250000.0,-0.9800513781143065
0,58,1,8763224.0,6250000.0,-1.4678389565241277
0,58,2,9176967.0,6250000.0,-1.6681915265778455
0,58,3,7857692.0,6250000.0,-0.9941498431140696
0,58,4,7879513.0,6250000.0,-1.0061935903525616
0,58,5,8554202.0,6250000.0,-1.3629948418222704
0,58,6,8842283.0,6250000.0,-1.5068439317732327
0,58,7,7841952.0,6250000.0,-0.9854416234429915
0,58,8,8991878.0,6250000.0,-1.5797038850032477
0,58,9,9495720.0,6250000.0,-1.8164788276339476
0,58,10,8332148.0,6250000.0,-1.2487695816740714
0,58,11,8001404.0,6250000.0,-1.0728618164203545
0,58,12,8549335.0,6250000.0,-1.3605231761071894
0,58,13,9192873.0,6250000.0,-1.675712430141001
0,58,14,7911595.0,6250000.0,-1.02384029980255
0,58,15,7959978.0,6250000.0,-1.0503185008055294
0,59,0,1.0166757E7,5263157.0,-2.8593611820614284
0,59,1,8825010.0,5263157.0,-2.244688809608716
0,59,2,7964869.0,5263157.0,-1.7993231203932063
0,59,3,9115718.0,5263157.0,-2.3854455634847147
0,59,4,9938949.0,5263157.0,-2.7609413688312068
0,59,5,7871822.0,5263157.0,-1.7482893992013204
0,59,6,7961842.0,5263157.0,-1.7976722969274574
0,59,7,8975172.0,5263157.0,-2.3179645492296097
0,59,8,8994501.0,5263157.0,-2.327307491951181
0,59,9,7838482.0,5263157.0,-1.7298564016434557
0,59,10,9863474.0,5263157.0,-2.727835789029654
0,59,11,9524930.0,5263157.0,-2.5761546745334227
0,59,12,8165577.0,5263157.0,-1.9074055326921142
0,59,13,7858228.0,5263157.0,-1.740783001374552
0,59,14,8439170.0,5263157.0,-2.050534102538841
0,59,15,9080392.0,5263157.0,-2.368582721764662
0,59,16,7794177.0,5263157.0,-1.7052393885830854
0,59,17,7788843.0,5263157.0,-1.702266246205106
0,59,18,9012304.0,5263157.0,-2.3358950755681125
0,60,0,8775770.0,4545454.0,-2.85707965434947
0,60,1,7939344.0,4545454.0,-2.422073526253702
0,60,2,9925666.0,4545454.0,-3.3918238997682093
0,60,3,9548879.0,4545454.0,-3.2237512308779968
0,60,4,7942844.0,4545454.0,-2.4239876588798475
0,60,5,7992018.0,4545454.0,-2.4507918629509655
0,60,6,8503945.0,4545454.0,-2.7204317562473634
0,60,7,9329637.0,4545454.0,-3.1228747936745407
0,60,8,8009741.0,4545454.0,-2.460412060643085
0,60,9,9103637.0,4545454.0,-3.0163766520032382
0,60,10,1.0364606E7,4545454.0,-3.5797553041632657
0,60,11,8119443.0,4545454.0,-2.519489702669537
0,60,12,7942264.0,4545454.0,-2.4236705180714675
0,60,13,8772061.0,4545454.0,-2.8552437599219855
0,60,14,9193353.0,4545454.0,-3.0589666911308284
0,60,15,7853290.0,4545454.0,-2.3747436796459516
0,60,16,7804010.0,4545454.0,-2.3474055016208255
0,60,17,8629436.0,4545454.0,-2.784051450963206
0,60,18,8912230.0,4545454.0,-2.9240911885089855
0,60,19,7912377.0,4545454.0,-2.4072970479247253
0,60,20,8962940.0,4545454.0,-2.9487322210228166
0,60,21,9529641.0,4545454.0,-3.214992731712866
0,61,0,8571311.0,4166666.0,-3.132585644546161
0,61,1,7871851.0,4166666.0,-2.762881762853496
0,61,2,9026959.0,4166666.0,-3.357527811189574
0,61,3,9349018.0,4166666.0,-3.509773071430592
0,61,4,8040109.0,4166666.0,-2.8547324773046907
0,61,5,7911005.0,4166666.0,-2.784429701994659
0,61,6,9082301.0,4166666.0,-3.3840720212118196
0,61,7,8657136.0,4166666.0,-3.175855513549926
0,61,8,7978712.0,4166666.0,-2.8214410023870693
0,61,9,9866657.0,4166666.0,-3.74381342046581
0,61,10,9343233.0,4166666.0,-3.507084905454194
0,61,11,7950450.0,4166666.0,-2.8060302186601103
0,61,12,8010043.0,4166666.0,-2.8384615869527545
0,61,13,8506499.0,4166666.0,-3.099621664859788
0,61,14,9032860.0,4166666.0,-3.360365903674239
0,61,15,7818704.0,4166666.0,-2.733460831468637
0,61,16,7816729.0,4166666.0,-2.7323636676020264
0,61,17,9092441.0,4166666.0,-3.388918028383112
0,61,18,8695049.0,4166666.0,-3.194833449635268
0,61,19,7958226.0,4166666.0,-2.8102757940432848
0,61,20,9878899.0,4166666.0,-3.7491985650813078
0,61,21,9403240.0,4166666.0,-3.5348883199783474
0,61,22,8039416.0,4166666.0,-2.8543581303309513
0,61,23,7906987.0,4166666.0,-2.782223359665217
0,62,0,8508254.0,4000000.0,-3.2778045524732384
0,62,1,9055727.0,4000000.0,-3.5486333018179566
0,62,2,7859179.0,4000000.0,-2.933171890126432
0,62,3,7888994.0,4000000.0,-2.949616344284483
0,62,4,8898607.0,4000000.0,-3.472620355908374
0,62,5,8602212.0,4000000.0,-3.3255015013303373
0,62,6,8477960.0,4000000.0,-3.2623137185726447
0,62,7,9969094.0,4000000.0,-3.9659569971392914
0,62,8,9388784.0,4000000.0,-3.705493563920978
0,62,9,7859958.0,4000000.0,-2.9336023404770835
0,62,10,7881012.0,4000000.0,-2.945219974555035
0,62,11,8676177.0,4000000.0,-3.3626841201179465
0,62,12,8713821.0,4000000.0,-3.3814864305181485
0,62,13,7808947.0,4000000.0,-2.9053248391665454
0,62,14,8968700.0,4000000.0,-3.50669505925469
0,62,15,9533126.0,4000000.0,-3.771753418329837
0,62,16,8295283.0,4000000.0,-3.167712155775466
0,62,17,8001944.0,4000000.0,-3.011355164028331
0,62,18,8783105.0,4000000.0,-3.415880833458363
0,62,19,9275309.0,4000000.0,-3.652683953968081
0,62,20,1.2017486E7,4000000.0,-4.777536335333597
0,62,21,9459648.0,4000000.0,-3.7381498497850005
0,62,22,1.2612787E7,4000000.0,-4.987510702637396
0,62,23,1.0590716E7,4000000.0,-4.228653308510561
0,62,24,9548505.0,4000000.0,-3.778753885201197
0,63,0,1.0187169E7,4166666.0,-3.88264822143438
0,63,1,8575916.0,4166666.0,-3.134918297093706
0,63,2,9018054.0,4166666.0,-3.3532414272725424
0,63,3,9971607.0,4166666.0,-3.789764649960972
0,63,4,8587253.0,4166666.0,-3.140655695889254
0,63,5,7877052.0,4166666.0,-2.7657502365274955
0,63,6,9510418.0,4166666.0,-3.5841091658030457
0,63,7,9275984.0,4166666.0,-3.4757130205755216
0,63,8,7952918.0,4166666.0,-2.8073781580273467
0,63,9,7889144.0,4166666.0,-2.7724119447859215
0,63,10,9008397.0,4166666.0,-3.3485882848287556
0,63,11,8802963.0,4166666.0,-3.248401876625725
0,63,12,7871328.0,4166666.0,-2.762593211203135
0,63,13,1.0449754E7,4166666.0,-3.993173779424456
0,63,14,9410726.0,4166666.0,-3.5383444000659825
0,63,15,7906761.0,4166666.0,-2.7820992264705864
0,63,16,7905671.0,4166666.0,-2.7815004811466224
0,63,17,8779221.0,4166666.0,-3.2366729288948943
0,63,18,8897814.0,4166666.0,-3.2949463420909906
0,63,19,7780055.0,4166666.0,-2.711939783827717
0,63,20,8886277.0,4166666.0,-3.289311579942514
0,63,21,9595132.0,4166666.0,-3.622622648900509
0,63,22,8271909.0,4166666.0,-2.9781705926300144
0,63,23,7902325.0,4166666.0,-2.7796619819995456
0,64,0,8702229.0,4761904.0,-2.618498718295191
0,64,1,8991216.0,4761904.0,-2.760377952620905
0,64,2,7887626.0,4761904.0,-2.1916567411730865
0,64,3,7887105.0,4761904.0,-2.1913698679133726
0,64,4,8731928.0,4761904.0,-2.63329510253607
0,64,5,8914437.0,4761904.0,-2.723132843051339
0,64,6,7939013.0,4761904.0,-2.219858773159057
0,64,7,8946049.0,4761904.0,-2.7385063681593333
0,64,8,9618774.0,4761904.0,-3.053390850150039
0,64,9,8333588.0,4761904.0,-2.4305139000999145
0,64,10,7996071.0,4761904.0,-2.250960059416732
0,64,11,8473143.0,4761904.0,-2.502639002144761
0,64,12,9350185.0,4761904.0,-2.9303956800097257
0,64,13,7959535.0,4761904.0,-2.231070609998051
0,64,14,7907642.0,4761904.0,-2.202663636406348
0,64,15,8910869.0,4761904.0,-2.721394233086242
0,64,16,8703993.0,4761904.0,-2.6193789730324912
0,64,17,8044305.0,4761904.0,-2.277078927426931
0,64,18,1.0421185E7,4761904.0,-3.401364699119923
0,64,19,9387538.0,4761904.0,-2.947710722260135
0,64,20,7848868.0,4761904.0,-2.1702638952632487
0,65,0,7833028.0,5555555.0,-1.492022275104149
0,65,1,8504411.0,5555555.0,-1.8491678907890587
0,65,2,9226686.0,5555555.0,-2.2031828960697464
0,65,3,7810616.0,5555555.0,-1.479578352719146
0,65,4,7761683.0,5555555.0,-1.4522844999239692
0,65,5,9015805.0,5555555.0,-2.102770584541469
0,65,6,8638210.0,5555555.0,-1.91696306328585
0,65,7,7795885.0,5555555.0,-1.471379725861151
0,65,8,9876517.0,5555555.0,-2.4987636413553966
0,65,9,9551805.0,5555555.0,-2.3535799629120655
0,65,10,7976948.0,5555555.0,-1.5710930952134747
0,65,11,7927799.0,5555555.0,-1.5442517912482638
0,65,12,8423861.0,5555555.0,-1.8078374058589501
0,65,13,9124962.0,5555555.0,-2.1550361308870163
0,65,14,9677436.0,5555555.0,-2.410328564040127
0,65,15,1.0036558E7,5555555.0,-2.5685734720803373
0,65,16,9654714.0,5555555.0,-2.400119618049275
0,65,17,8027367.0,5555555.0,-1.5984566730015444
0,66,0,7911240.0,6250000.0,-1.0236454238007449
0,66,1,8762072.0,6250000.0,-1.467268002123274
0,66,2,8704078.0,6250000.0,-1.43842756877884
0,66,3,7849182.0,6250000.0,-0.9894438189839555
0,66,4,9799725.0,6250000.0,-1.9533387134247635
0,66,5,9661661.0,6250000.0,-1.8917177792480695
0,66,6,8028014.0,6250000.0,-1.0872810383527967
0,66,7,7911444.0,6250000.0,-1.0237574099521622
0,66,8,9088205.0,6250000.0,-1.6259809738781852
0,66,9,9081863.0,6250000.0,-1.6229492893340456
0,66,10,7772044.0,6250000.0,-0.9465523326909338
0,66,11,7942121.0,6250000.0,-1.0405648200831747
0,66,12,9024793.0,6250000.0,-1.5955723201603098
0,66,13,8711719.0,6250000.0,-1.442238412863837
0,66,14,7894793.0,6250000.0,-1.0146073002920413
0,66,15,1.0238838E7,6250000.0,-2.143706542544162
0,67,0,1.1914182E7,6666666.0,-2.5215553254307137
0,67,1,8060846.0,6666666.0,-0.8247192665383112
0,67,2,9102488.0,6666666.0,-1.352514175520064
0,67,3,9687607.0,6666666.0,-1.6230781482560763
0,67,4,8310434.0,6666666.0,-0.9571500724197639
0,67,5,7872922.0,6666666.0,-0.7222725122965421
0,67,6,9357819.0,6666666.0,-1.4726594324923967
0,67,7,9215806.0,6666666.0,-1.4062462641840465
0,67,8,8141333.0,6666666.0,-0.8678682127460997
0,67,9,7931196.0,6666666.0,-0.7542998501524533
0,67,10,9048841.0,6666666.0,-1.3268425964191601
0,67,11,8682245.0,6666666.0,-1.147233393030393
0,67,12,7912792.0,6666666.0,-0.7442105225920976
0,67,13,9991330.0,6666666.0,-1.7571460584772238
0,67,14,9459833.0,6666666.0,-1.5197477209848287
0,68,0,7916262.0,6250000.0,-1.026401420244543
0,68,1,7926454.0,6250000.0,-1.0319892625945464
0,68,2,8437268.0,6250000.0,-1.3032182684107552
0,68,3,9052212.0,6250000.0,-1.6087469909990881
0,68,4,7821834.0,6250000.0,-0.974285774925696
0,68,5,7848439.0,6250000.0,-0.9890326983430697
0,68,6,9008272.0,6250000.0,-1.5876147365294402
0,68,7,8555372.0,6250000.0,-1.3635888069842539
0,68,8,7931893.0,6250000.0,-1.0349682966385003
0,68,9,9927268.0,6250000.0,-2.009497290594728
0,68,10,9565483.0,6250000.0,-1.8482688686124122
0,68,11,8119640.0,6250000.0,-1.1365675703510674
0,68,12,7920083.0,6250000.0,-1.0284971554000406
0,68,13,8898879.0,6250000.0,-1.5345528426971091
0,68,14,1.2759026E7,6250000.0,-3.099375050841261
0,68,15,8519751.0,6250000.0,-1.3454688482799702
0,69,0,1.2332418E7,5263157.0,-3.6980191124094297
0,69,1,9644179.0,5263157.0,-2.6301893725053067
0,69,2,8927404.0,5263157.0,-2.294788635279263
0,69,3,1.0899277E7,5263157.0,-3.161513648955794
0,69,4,9100418.0,5263157.0,-2.37815015557204
0,69,5,8044978.0,5263157.0,-1.8427853558691185
0,69,6,9962508.0,5263157.0,-2.771223579302991
0,69,7,9535866.0,5263157.0,-2.5811381442429115
0,69,8,8231543.0,5263157.0,-1.9423492598242154
0,69,9,8018847.0,5263157.0,-1.8286560197781065
0,69,10,1.0213417E7,5263157.0,-2.879247387088033
0,69,11,8646749.0,5263157.0,-2.1560652713227975
0,69,12,8028477.0,5263157.0,-1.8338684232452096
0,69,13,9286265.0,5263157.0,-2.4659474765123552
0,69,14,9255628.0,5263157.0,-2.45159566016795
0,69,15,8011237.0,5263157.0,-1.8245325463695259
0,69,16,7882468.0,5263157.0,-1.7541589112619747
0,69,17,8488695.0,5263157.0,-2.075946043835849
0,69,18,8960166.0,5263157.0,-2.310697304512924
0,70,0,7907977.0,4545454.0,-2.404881304548003
0,70,1,7829359.0,4545454.0,-2.3614894018599224
0,70,2,9014241.0,4545454.0,-2.973518978962681
0,70,3,8712577.0,4545454.0,-2.825693622676974
0,70,4,7844996.0,4545454.0,-2.3701545942285183
0,70,5,1.0052405E7,4545454.0,-3.446927104428382
0,70,6,9516547.0,4545454.0,-3.2090212975949726
0,70,7,7836078.0,4545454.0,-2.3652148323127618
0,70,8,7894166.0,4545454.0,-2.3972898751870564
0,70,9,9816128.0,4545454.0,-3.343629457912998
0,70,10,8894005.0,4545454.0,-2.915201022006541
0,70,11,7877744.0,4545454.0,-2.3882459654016692
0,70,12,7825529.0,4545454.0,-2.3593643813565808
0,70,13,9146192.0,4545454.0,-3.0366304693664947
0,70,14,8643489.0,4545454.0,-2.791118165721462
0,70,15,7955442.0,4545454.0,-2.430870467540076
0,70,16,9255164.0,4545454.0,-3.0880685172220073
0,70,17,9472663.0,4545454.0,-3.1889482003226766
0,70,18,7983079.0,4545454.0,-2.4459315997814732
0,70,19,7859308.0,4545454.0,-2.37807041698104
0,70,20,8676993.0,4545454.0,-2.807919800306351
0,70,21,9296659.0,4545454.0,-3.107496343348775
0,71,0,7949304.0,4166666.0,-2.8054041693802
0,71,1,8803593.0,4166666.0,-3.248712676220735
0,71,2,9695902.0,4166666.0,-3.6679952847119597
0,71,3,8358350.0,4166666.0,-3.0233186416164943
0,71,4,7989114.0,4166666.0,-2.827099295306581
0,71,5,8652723.0,4166666.0,-3.1736411204804487
0,71,6,9237098.0,4166666.0,-3.4574686244673303
0,71,7,7825656.0,4166666.0,-2.737320644764838
0,71,8,7836959.0,4166666.0,-2.7435888590842246
0,71,9,8758042.0,4166666.0,-3.2261833475916326
0,71,10,8837217.0,4166666.0,-3.265268305291389
0,71,11,8253862.0,4166666.0,-2.968685146376882
0,71,12,9000245.0,4166666.0,-3.3446564293803593
0,71,13,9347311.0,4166666.0,-3.5089800380146
0,71,14,8302773.0,4166666.0,-2.9943447555880374
0,71,15,7861911.0,4166666.0,-2.7573943432211885
0,71,16,9134484.0,4166666.0,-3.408953306177672
0,71,17,9559504.0,4166666.0,-3.6064667045691445
0,71,18,7754270.0,4166666.0,-2.697522300608704
0,71,19,7917444.0,4166666.0,-2.7879631149313666
0,71,20,8764332.0,4166666.0,-3.2293013182598846
0,71,21,8868806.0,4166666.0,-3.2807646625980755
0,71,22,7838185.0,4166666.0,-2.744268208550997
0,71,23,8881401.0,4166666.0,-3.286927903305734
0,72,0,9426258.0,4000000.0,-3.7227933105119466
0,72,1,8335763.0,4000000.0,-3.188853670680574
0,72,2,7844725.0,4000000.0,-2.9251773249354636
0,72,3,8505075.0,4000000.0,-3.2761815636107543
0,72,4,9687166.0,4000000.0,-3.8413675057530106
0,72,5,7870699.0,4000000.0,-2.9395331261461957
0,72,6,7854764.0,4000000.0,-2.9307314966643263
0,72,7,8801789.0,4000000.0,-3.425109619430401
0,72,8,8681204.0,4000000.0,-3.365199705184114
0,72,9,7920496.0,4000000.0,-2.966923876501854
0,72,10,8932968.0,4000000.0,-3.4893578691827987
0,72,11,9776620.0,4000000.0,-3.8812874392329295
0,72,12,8158671.0,4000000.0,-3.0955942914485544
0,72,13,7881221.0,4000000.0,-2.9453351454787526
0,72,14,9309503.0,4000000.0,-3.6686650489301824
0,72,15,8999011.0,4000000.0,-3.521347913509272
0,72,16,7970347.0,4000000.0,-2.9941723808630587
0,72,17,7790874.0,4000000.0,-2.8952618933377217
0,72,18,9021055.0,4000000.0,-3.531973393276781
0,72,19,8545075.0,4000000.0,-3.296558875419237
0,72,20,7844886.0,4000000.0,-2.925266455776998
0,72,21,1.0841293E7,4000000.0,-4.330210906232276
0,72,22,9344934.0,4000000.0,-3.6851624712770974
0,72,23,7828836.0,4000000.0,-2.916372041456108
0,72,24,7883260.0,4000000.0,-2.9464585905874605
0,73,0,8823958.0,4166666.0,-3.258747434944565
0,73,1,8880286.0,4166666.0,-3.2863826416445443
0,73,2,7948553.0,4166666.0,-2.804993856020164
0,73,3,9142579.0,4166666.0,-3.412800329149456
0,73,4,1.1905417E7,4166666.0,-4.559559228360819
0,73,5,7992676.0,4166666.0,-2.8290351948149013
0,73,6,8077578.0,4166666.0,-2.8749247161246276
0,73,7,8938687.0,4166666.0,-3.314850413444212
0,73,8,9043968.0,4166666.0,-3.365703282236643
0,73,9,7912559.0,4166666.0,-2.785282725532273
0,73,10,9302318.0,4166666.0,-3.4880249299695754
0,73,11,9547253.0,4166666.0,-3.6008974261961324
0,73,12,8291735.0,4166666.0,-2.988567249923844
0,73,13,8010756.0,4166666.0,-2.838848149402982
0,73,14,9901770.0,4166666.0,-3.7592414544516006
0,73,15,8977649.0,4166666.0,-3.3337393294346294
0,73,16,7869261.0,4166666.0,-2.7614526100486874
0,73,17,8667327.0,4166666.0,-3.180964930881446
0,73,18,9702721.0,4166666.0,-3.6710485469915315
0,73,19,8323013.0,4166666.0,-3.004918841716813
0,73,20,7990590.0,4166666.0,-2.8279015863341392
0,73,21,8502614.0,4166666.0,-3.0976377470722642
0,73,22,1.0868561E7,4166666.0,-4.163833584009956
0,73,23,9637350.0,4166666.0,-3.641689427579497
0,74,0,1.042782E7,4761904.0,-3.4041289020012657
0,74,1,9933299.0,4761904.0,-3.1931287249008635
0,74,2,8621424.0,4761904.0,-2.577983683596709
0,74,3,7869543.0,4761904.0,-2.181688769688019
0,74,4,8988074.0,4761904.0,-2.7588600358666495
0,74,5,8891764.0,4761904.0,-2.7120729161080663
0,74,6,7743349.0,4761904.0,-2.1114819798521376
0,74,7,9999873.0,4761904.0,-3.2221384864609774
0,74,8,9613208.0,4761904.0,-3.050877034201413
0,74,9,8460894.0,4761904.0,-2.4963561836572254
0,74,10,7956609.0,4761904.0,-2.2294738090789785
0,74,11,1.0233452E7,4761904.0,-3.3224152106778866
0,74,12,8738344.0,4761904.0,-2.636485016832955
0,74,13,7806281.0,4761904.0,-2.146635445960606
0,74,14,9271808.0,4761904.0,-2.893837939276729
0,74,15,9391513.0,4761904.0,-2.9495492822505716
0,74,16,7908997.0,4761904.0,-2.203407750278352
0,74,17,7852102.0,4761904.0,-2.172052967370688
0,74,18,8404765.0,4761904.0,-2.4674493914941236
0,74,19,8901549.0,4761904.0,-2.7168495104767554
0,74,20,7883340.0,4761904.0,-2.1892962184311533
0,75,0,7855349.0,5555555.0,-1.5043803331386134
0,75,1,9055563.0,5555555.0,-2.121880048606269
0,75,2,8559305.0,5555555.0,-1.877110507193952
0,75,3,7750986.0,5555555.0,-1.4462950099022907
0,75,4,9996275.0,5555555.0,-2.5511074370022606
0,75,5,9436846.0,5555555.0,-2.3009941638240607
0,75,6,7996868.0,5555555.0,-1.5819247594369936
0,75,7,7823458.0,5555555.0,-1.4867130394181418
0,75,8,1.0066774E7,5555555.0,-2.5816286730261746
0,75,9,8954737.0,5555555.0,-2.0732538370652445
0,75,10,7864146.0,5555555.0,-1.5092411622633843
0,75,11,9051267.0,5555555.0,-2.1198192470973747
0,75,12,9677577.0,5555555.0,-2.410391840176339
0,75,13,8170209.0,5555555.0,-1.6750571478191083
0,75,14,8064293.0,5555555.0,-1.6183884714456285
0,75,15,8554007.0,5555555.0,-1.8744214984986969
0,75,16,9220424.0,5555555.0,-2.2002344102092106
0,75,17,7821714.0,5555555.0,-1.4857448051544648
0,76,0,9655991.0,6250000.0,-1.8891683495522595
0,76,1,9680350.0,6250000.0,-1.9001104247679188
0,76,2,8254072.0,6250000.0,-1.2078823555040121
0,76,3,7883092.0,6250000.0,-1.0081657770278516
0,76,4,8672171.0,6250000.0,-1.4224781546004037
0,76,5,9350675.0,6250000.0,-1.749629452069688
0,76,6,7880424.0,6250000.0,-1.0066956764630004
0,76,7,7852845.0,6250000.0,-0.9914700805819889
0,76,8,9051151.0,6250000.0,-1.6082379292895845
0,76,9,8856776.0,6250000.0,-1.5139564357013133
0,76,10,7852075.0,6250000.0,-0.9910442181753886
0,76,11,1.0142781E7,6250000.0,-2.1027703108147957
0,76,12,9550040.0,6250000.0,-1.8412517327034084
0,76,13,7917117.0,6250000.0,-1.0268704569326539
0,76,14,7886090.0,6250000.0,-1.0098171180706943
0,76,15,8553812.0,6250000.0,-1.3627968353815791
0,77,0,9238354.0,6666666.0,-1.416859022338287
0,77,1,7897258.0,6666666.0,-0.7356762894267127
0,77,2,7780695.0,6666666.0,-0.6710969397148323
0,77,3,9153108.0,6666666.0,-1.376598892356343
0,77,4,8835744.0,6666666.0,-1.2233442695501733
0,77,5,7912106.0,6666666.0,-0.7438339943961219
0,77,6,9293177.0,6666666.0,-1.4425551138709278
0,77,7,9372725.0,6666666.0,-1.4795717730137012
0,77,8,7912475.0,6666666.0,-0.7440365332991752
0,77,9,7893647.0,6666666.0,-0.7336900354387514
0,77,10,8589342.0,6666666.0,-1.1005119778149846
0,77,11,9012376.0,6666666.0,-1.309306048576957
0,77,12,7780224.0,6666666.0,-0.6708340340329265
0,77,13,7830825.0,6666666.0,-0.6989882112970458
0,77,14,9020180.0,6666666.0,-1.3130650657105964
0,78,0,8656011.0,5882352.0,-1.6776679052672003
0,78,1,7935265.0,5882352.0,-1.300104255625632
0,78,2,9975494.0,5882352.0,-2.293834026088221
0,78,3,9465498.0,5882352.0,-2.065924589235268
0,78,4,7857838.0,5882352.0,-1.2575206186303391
0,78,5,7811390.0,5882352.0,-1.231773122736322
0,78,6,9985950.0,5882352.0,-2.2983837806231064
0,78,7,8817885.0,5882352.0,-1.758134214646714
0,78,8,7951284.0,5882352.0,-1.308862565140715
0,78,9,9011894.0,5882352.0,-1.8526506567420056
0,78,10,9821050.0,5882352.0,-2.226069129525932
0,78,11,8323175.0,5882352.0,-1.5073801690953539
0,78,12,7939525.0,5882352.0,-1.3024351142225865
0,78,13,9800814.0,5882352.0,-2.2171113809129537
0,78,14,9045242.0,5882352.0,-1.868691815038686
0,78,15,8087979.0,5882352.0,-1.3828900582767358
0,78,16,7876120.0,5882352.0,-1.2676131526149415
0,79,0,9276665.0,5263157.0,-2.461455483709534
0,79,1,8538386.0,5263157.0,-2.101294591089545
0,79,2,7932719.0,5263157.0,-1.7817574536671272
0,79,3,9277398.0,5263157.0,-2.461798629957772
0,79,4,9481789.0,5263157.0,-2.556439614381328
0,79,5,7897078.0,5263157.0,-1.7622010237457177
0,79,6,7915049.0,5263157.0,-1.7720728259324185
0,79,7,8568978.0,5263157.0,-2.11682702607167
0,79,8,9101314.0,5263157.0,-2.37857772791087
0,79,9,7945370.0,5263157.0,-1.7886780102318214
0,79,10,7784613.0,5263157.0,-1.6999070194494939
0,79,11,9123359.0,5263157.0,-2.3890843927197243
0,79,12,8601764.0,5263157.0,-2.1334119775989437
0,79,13,7887141.0,5263157.0,-1.7567327964779453
0,79,14,1.0264509E7,5263157.0,-2.9009185462777975
0,79,15,9384528.0,5263157.0,-2.511661092095922
0,79,16,7904790.0,5263157.0,-1.7664401166306294
0,79,17,7854272.0,5263157.0,-1.7385961195839879
0,79,18,8561708.0,5263157.0,-2.1131408677088546
0,80,0,9070234.0,4545454.0,-3.000412243634484
0,80,1,7815425.0,4545454.0,-2.3537533271260607
0,80,2,7763617.0,4545454.0,-2.3248683527347933
0,80,3,9045780.0,4545454.0,-2.988687541157569
0,80,4,8591031.0,4545454.0,-2.764680190903638
0,80,5,7892792.0,4545454.0,-2.396533908623211
0,80,6,1.2427626E7,4545454.0,-4.368109079533571
0,80,7,1.267823E7,4545454.0,-4.454813591260506
0,80,8,9136041.0,4545454.0,-3.031807728360149
0,80,9,9983428.0,4545454.0,-3.4170242310842633
0,80,10,9061065.0,4545454.0,-2.9960197878661274
0,80,11,8590920.0,4545454.0,-2.764624077732913
0,80,12,7886656.0,4545454.0,-2.3931563112886565
0,80,13,9069008.0,4545454.0,-2.9998251793727873
0,80,14,9155761.0,4545454.0,-3.041171803590234
0,80,15,7732136.0,4545454.0,-2.307222171365482
0,80,16,1.012831E7,4545454.0,-3.479597183862043
0,80,17,1.0872212E7,4545454.0,-3.787406451620315
0,80,18,7958946.0,4545454.0,-2.432782910405212
0,80,19,8934310.0,4545454.0,-2.934837503540548
0,80,20,9637417.0,4545454.0,-3.2638338375301004
0,80,21,8155318.0,4545454.0,-2.5386363307198234
0,81,0,7799338.0,4000000.0,-2.8999775044608778
0,81,1,9257336.0,4000000.0,-3.6442603563970497
0,81,2,9306731.0,4000000.0,-3.667371700003935
0,81,3,7942693.0,4000000.0,-2.979077852485459
0,81,4,7778141.0,4000000.0,-2.888158203257149
0,81,5,8747283.0,4000000.0,-3.3981318611203153
0,81,6,8651295.0,4000000.0,-3.350211299239834
0,81,7,7897247.0,4000000.0,-2.9541573020535825
0,81,8,9010895.0,4000000.0,-3.5270793774847284
0,81,9,9549788.0,4000000.0,-3.77933739266034
0,81,10,8226379.0,4000000.0,-3.131487228188105
0,81,11,7891732.0,4000000.0,-2.9511233703913726
0,81,12,8768054.0,4000000.0,-3.408432245191981
0,81,13,9200401.0,4000000.0,-3.6174676517976394
0,81,14,7829771.0,4000000.0,-2.9168906895594326
0,81,15,7881480.0,4000000.0,-2.945477865017521
0,81,16,8828334.0,4000000.0,-3.4381876401949594
0,81,17,8675279.0,4000000.0,-3.3622345942163774
0,81,18,7761270.0,4000000.0,-2.8787280066003724
0,81,19,7939299.0,4000000.0,-2.977221667827995
0,81,20,9228432.0,4000000.0,-3.6306792512629564
0,81,21,8379830.0,4000000.0,-3.211752169430293
0,81,22,7878790.0,4000000.0,-2.943995336903898
0,81,23,9990710.0,4000000.0,-3.975363615752292
0,81,24,9279396.0,4000000.0,-3.6545971739047434
0,82,0,7885384.0,4000000.0,-2.947628559907767
0,82,1,7841048.0,4000000.0,-2.9231412112683737
0,82,2,8710291.0,4000000.0,-3.379726731611148
0,82,3,8778303.0,4000000.0,-3.4135057594847087
0,82,4,7912714.0,4000000.0,-2.96265477386213
0,82,5,8887234.0,4000000.0,-3.4670662392198484
0,82,6,9677084.0,4000000.0,-3.8368451954521303
0,82,7,8255997.0,4000000.0,-3.1470953514465023
0,82,8,7989711.0,4000000.0,-3.004710791781183
0,82,9,9224596.0,4000000.0,-3.6288736357763507
0,82,10,9167955.0,4000000.0,-3.6021248160909054
0,82,11,7832968.0,4000000.0,-2.918663609963618
0,82,12,7848466.0,4000000.0,-2.9272478989666793
0,82,13,1.076592E7,4000000.0,-4.299911569839899
0,82,14,8517716.0,4000000.0,-3.282631642866109
0,82,15,7955180.0,4000000.0,-2.985900194456291
0,82,16,9125871.0,4000000.0,-3.582143341229103
0,82,17,9455627.0,4000000.0,-3.736303407543968
0,82,18,7854943.0,4000000.0,-2.9308304656804425
0,82,19,7840319.0,4000000.0,-2.922737419076614
0,82,20,8794862.0,4000000.0,-3.4216903801313547
0,82,21,8719285.0,4000000.0,-3.3842088198925078
0,82,22,7823982.0,4000000.0,-2.913678513066866
0,82,23,8933602.0,4000000.0,-3.4896660902925496
0,82,24,9702583.0,4000000.0,-3.8482737523872235
0,83,0,8197846.0,4166666.0,-2.939110668505453
0,83,1,7865072.0,4166666.0,-2.7591401388080246
0,83,2,8529610.0,4166666.0,-3.111404855409231
0,83,3,9270034.0,4166666.0,-3.4729263822189953
0,83,4,7979349.0,4166666.0,-2.8217877181755595
0,83,5,7863394.0,4166666.0,-2.758213479916562
0,83,6,8695513.0,4166666.0,-3.1950651990630914
0,83,7,8797584.0,4166666.0,-3.2457473340244207
0,83,8,7882253.0,4166666.0,-2.7686168168524343
0,83,9,9019045.0,4166666.0,-3.3537186501696388
0,83,10,1.0558324E7,4166666.0,-4.038062961276512
0,83,11,8229680.0,4166666.0,-2.955942597844995
0,83,12,7842575.0,4166666.0,-2.746699918270891
0,83,13,8493497.0,4166666.0,-3.0929784892323013
0,83,14,8953903.0,4166666.0,-3.322236964446218
0,83,15,7867345.0,4166666.0,-2.7603950653259712
0,83,16,7791862.0,4166666.0,-2.718525634407936
0,83,17,9031646.0,4166666.0,-3.3597821805413455
0,83,18,8579355.0,4166666.0,-3.1366594980846685
0,83,19,7804296.0,4166666.0,-2.7254504408020184
0,83,20,1.0117829E7,4166666.0,-3.852986463835556
0,83,21,9436462.0,4166666.0,-3.5502050656816726
0,83,22,7867148.0,4166666.0,-2.760286315698081
0,83,23,7915330.0,4166666.0,-2.7868033705426702
0,84,0,8466753.0,5000000.0,-2.287468859775377
0,84,1,8984531.0,5000000.0,-2.5452540716705285
0,84,2,7787179.0,5000000.0,-1.924101533855285
0,84,3,7896073.0,5000000.0,-1.9844115044088921
0,84,4,8942590.0,5000000.0,-2.524933153328143
0,84,5,8777420.0,5000000.0,-2.443968755311469
0,84,6,7879519.0,5000000.0,-1.975297027447023
0,84,7,1.0372075E7,5000000.0,-3.1689564413618694
0,84,8,9380983.0,5000000.0,-2.7327834460889404
0,84,9,7885391.0,5000000.0,-1.9785322851372598
0,84,10,7854323.0,5000000.0,-1.9613875282670346
0,84,11,8924401.0,5000000.0,-2.516090718628048
0,84,12,8983777.0,5000000.0,-2.544889587669533
0,84,13,7840563.0,5000000.0,-1.9537724444721172
0,84,14,7746323.0,5000000.0,-1.9012559755662615
0,84,15,8921660.0,5000000.0,-2.514756641394694
0,84,16,8606919.0,5000000.0,-2.3587771148910943
0,84,17,8071095.0,5000000.0,-2.0796245482189852
0,84,18,9880156.0,5000000.0,-2.957937974787667
0,84,19,9528981.0,5000000.0,-2.8007645666553147
0,85,0,7929451.0,5882352.0,-1.2969211060113264
0,85,1,7812196.0,5882352.0,-1.2322212162184778
0,85,2,8537236.0,5882352.0,-1.6176627791915035
0,85,3,8955794.0,5882352.0,-1.825530863025153
0,85,4,7898444.0,5882352.0,-1.2799053420997366
0,85,5,1.3630083E7,5882352.0,-3.649474913319297
0,85,6,1.0912841E7,5882352.0,-2.6838681844770615
0,85,7,8958232.0,5882352.0,-1.826712964640297
0,85,8,1.0484156E7,5882352.0,-2.5098246531423722
0,85,9,9866131.0,5882352.0,-2.2459586848243984
0,85,10,8383408.0,5882352.0,-1.5386959359059191
0,85,11,7850336.0,5882352.0,-1.2533723612314236
0,85,12,8720037.0,5882352.0,-1.709673185573376
0,85,13,9049483.0,5882352.0,-1.8707275938985226
0,85,14,7859067.0,5882352.0,-1.2581998209533753
0,85,15,9103240.0,5882352.0,-1.8964498359127813
0,85,16,1.1535091E7,5882352.0,-2.924700158726574
0,86,0,7872690.0,6666666.0,-0.7221445321077645
0,86,1,8954704.0,6666666.0,-1.2814253719377036
0,86,2,8861818.0,6666666.0,-1.2361412892916062
0,86,3,8830270.0,6666666.0,-1.2206528553239377
0,86,4,8066690.0,6666666.0,-0.8278666996779156
0,86,5,9034155.0,6666666.0,-1.3197884001305522
0,86,6,9427134.0,6666666.0,-1.5047098279737794
0,86,7,8245738.0,6666666.0,-0.9232083390099959
0,86,8,7954390.0,6666666.0,-0.7669818291126738
0,86,9,8624674.0,6666666.0,-1.1183399084762307
0,86,10,9243429.0,6666666.0,-1.4192441218181975
0,86,11,8028393.0,6666666.0,-0.8071992608556638
0,86,12,7882253.0,6666666.0,-0.7274167297164641
0,86,13,8858836.0,6666666.0,-1.2346796432854714
0,86,14,8854026.0,6666666.0,-1.2323209544306697
0,87,0,7842095.0,6666666.0,-0.7052340157223181
0,87,1,1.0308263E7,6666666.0,-1.89276792883174
0,87,2,9549870.0,6666666.0,-1.5608876216658243
0,87,3,7896038.0,6666666.0,-0.7350053221137771
0,87,4,7932328.0,6666666.0,-0.7549196636999966
0,87,5,1.0134963E7,6666666.0,-1.8191347002573666
0,87,6,8639732.0,6666666.0,-1.1259157358366325
0,87,7,7893767.0,6666666.0,-0.7337560568122703
0,87,8,9946855.0,6666666.0,-1.7377708955736333
0,87,9,9470190.0,6666666.0,-1.5244999480665202
0,87,10,7917721.0,6666666.0,-0.7469149675718352
0,87,11,7807863.0,6666666.0,-0.6862348689965726
0,87,12,8451013.0,6666666.0,-1.0300007225634924
0,87,13,9416386.0,6666666.0,-1.499755554464694
0,87,14,7797840.0,6666666.0,-0.6806562235607961
0,88,0,8274169.0,5882352.0,-1.4817337798542682
0,88,1,1.5211987E7,5882352.0,-4.126349364617205
0,88,2,7949251.0,5882352.0,-1.3077520104499194
0,88,3,7998516.0,5882352.0,-1.3345840875793211
0,88,4,8981270.0,5882352.0,-1.8378674345628945
0,88,5,8756775.0,5882352.0,-1.727931817842419
0,88,6,8032386.0,5882352.0,-1.3529356138870094
0,88,7,9918756.0,5882352.0,-2.2690619767545837
0,88,8,1.3040157E7,5882352.0,-3.457318110820953
0,88,9,7827272.0,5882352.0,-1.2405941680825936
0,88,10,1.0146589E7,5882352.0,-2.3676905996695132
0,88,11,9429943.0,5882352.0,-2.049580584849853
0,88,12,7903583.0,5882352.0,-1.2827300929006082
0,88,13,7743708.0,5882352.0,-1.1939795908365238
0,88,14,8435374.0,5882352.0,-1.5655333357423082
0,88,15,9167936.0,5882352.0,-1.927205637539974
0,88,16,7871863.0,5882352.0,-1.2652651799831522
0,89,0,7868509.0,5000000.0,-1.9692244156573842
0,89,1,9042762.0,5000000.0,-2.573310962887769
0,89,2,8749173.0,5000000.0,-2.4299699971366
0,89,3,7872838.0,5000000.0,-1.9716131068660276
0,89,4,1.049411E7,5000000.0,-3.2197560785550206
0,89,5,1.0056285E7,5000000.0,-3.0346756863279536
0,89,6,7948208.0,5000000.0,-2.0129921948553338
0,89,7,7900382.0,5000000.0,-1.9867808650900545
0,89,8,1.1586562E7,5000000.0,-3.649845855597493
0,89,9,8535503.0,5000000.0,-2.3225911498557155
0,89,10,8063308.0,5000000.0,-2.0754324484020117
0,89,11,9187812.0,5000000.0,-2.642420957918976
0,89,12,9312870.0,5000000.0,-2.7011353626770536
0,89,13,7836655.0,5000000.0,-1.9516072352233425
0,89,14,7794189.0,5000000.0,-1.9280092838340344
0,89,15,8732098.0,5000000.0,-2.421485967987003
0,89,16,8825128.0,5000000.0,-2.467510087935914
0,89,17,7891079.0,5000000.0,-1.9816638692243207
0,89,18,1.0909657E7,5000000.0,-3.388410922331691
0,89,19,9367285.0,5000000.0,-2.726437295210723
0,90,0,7835074.0,4347826.0,-2.557709473128005
0,90,1,7864856.0,4347826.0,-2.5741862010806384
0,90,2,8391530.0,4347826.0,-2.855689962328107
0,90,3,8928063.0,4347826.0,-3.1248509086417093
0,90,4,7839950.0,4347826.0,-2.560411376438727
0,90,5,7842026.0,4347826.0,-2.561561225602759
0,90,6,8903998.0,4347826.0,-3.1131289847970085
0,90,7,8588958.0,4347826.0,-2.9566832375015317
0,90,8,7912165.0,4347826.0,-2.600231801483091
0,90,9,1.0249406E7,4347826.0,-3.724265414711187
0,90,10,9433040.0,4347826.0,-3.3637952073474624
0,90,11,7889276.0,4347826.0,-2.5876499447411163
0,90,12,7869002.0,4347826.0,-2.576475003945957
0,90,13,8459652.0,4347826.0,-2.8908034277935872
0,90,14,8958401.0,4347826.0,-3.139583433334117
0,90,15,8017880.0,4347826.0,-2.65787396776651
0,90,16,7903826.0,4347826.0,-2.5956521554524583
0,90,17,9081639.0,4347826.0,-3.198920791739605
0,90,18,8709645.0,4347826.0,-3.0172829848461715
0,90,19,7934515.0,4347826.0,-2.6124823020378956
0,90,20,1.0199443E7,4347826.0,-3.7030429993289675
0,90,21,9489501.0,4347826.0,-3.389712206034588
0,90,22,7893642.0,4347826.0,-2.5900527067099173
0,91,0,7869247.0,4000000.0,-2.9387318583533926
0,91,1,8594255.0,4000000.0,-3.321482441555877
0,91,2,9059606.0,4000000.0,-3.550493194010995
0,91,3,7801397.0,4000000.0,-2.901123876530438
0,91,4,7859902.0,4000000.0,-2.933571398101024
0,91,5,9148739.0,4000000.0,-3.59301246663972
0,91,6,8633867.0,4000000.0,-3.3414536297479973
0,91,7,7929838.0,4000000.0,-2.9720432380493556
0,91,8,1.0205846E7,4000000.0,-4.067890194784786
0,91,9,9511990.0,4000000.0,-3.7621139370707333
0,91,10,1.1566188E7,4000000.0,-4.611302558389074
0,91,11,1.2288955E7,4000000.0,-4.874549625894723
0,91,12,9820841.0,4000000.0,-3.9008868851807517
0,91,13,1.0354406E7,4000000.0,-4.130651984952702
0,91,14,1.0761915E7,4000000.0,-4.298295662415777
0,91,15,9655244.0,4000000.0,-3.827032620867368
0,91,16,8039402.0,4000000.0,-3.0316375421663864
0,91,17,7896740.0,4000000.0,-2.953878477837252
0,91,18,9216126.0,4000000.0,-3.624884123304554
0,91,19,8845095.0,4000000.0,-3.446425104462381
0,91,20,9460929.0,4000000.0,-3.738737919833994
0,91,21,9312557.0,4000000.0,-3.6700895265224824
0,91,22,9253618.0,4000000.0,-3.642515760299594
0,91,23,8078786.0,4000000.0,-3.0528611287326206
0,91,24,7901185.0,4000000.0,-2.956322392494401
0,92,0,1.0688378E7,4000000.0,-4.268518131234243
0,92,1,8399509.0,4000000.0,-3.2219390844546583
0,92,2,7988352.0,4000000.0,-3.003972021127531
0,92,3,8935747.0,4000000.0,-3.4907087266730437
0,92,4,9415594.0,4000000.0,-3.7178773215215566
0,92,5,7837984.0,4000000.0,-2.921443812717888
0,92,6,7989581.0,4000000.0,-3.004640127470588
0,92,7,8769079.0,4000000.0,-3.4089399129441245
0,92,8,8847658.0,4000000.0,-3.447683356092192
0,92,9,7876912.0,4000000.0,-2.9429600227796815
0,92,10,8040274.0,4000000.0,-3.0321085775138537
0,92,11,9241393.0,4000000.0,-3.636774481406077
0,92,12,8535792.0,4000000.0,-3.291838323385863
0,92,13,7933809.0,4000000.0,-2.974217496495296
0,92,14,9876285.0,4000000.0,-3.9253362255054842
0,92,15,9722583.0,4000000.0,-3.8572166800381433
0,92,16,7947396.0,4000000.0,-2.9816486209789907
0,92,17,8321117.0,4000000.0,-3.1812163717132296
0,92,18,8941019.0,4000000.0,-3.4932702644533893
0,92,19,8992322.0,4000000.0,-3.5181185853396455
0,92,20,7914717.0,4000000.0,-2.96375399438869
0,92,21,9921301.0,4000000.0,-3.9450863446265028
0,92,22,9345915.0,4000000.0,-3.685618355209538
0,92,23,8065599.0,4000000.0,-3.045766349208307
0,92,24,7950576.0,4000000.0,-2.983386020530167
0,93,0,9492326.0,4347826.0,-3.3910048971126754
0,93,1,9002230.0,4347826.0,-3.1607794933513618
0,93,2,8149343.0,4347826.0,-2.728504420353595
0,93,3,9917406.0,4347826.0,-3.581259375023284
0,93,4,9634702.0,4347826.0,-3.455661312344402
0,93,5,7985443.0,4347826.0,-2.6402685874327023
0,93,6,7974666.0,4347826.0,-2.634403474177117
0,93,7,8641271.0,4347826.0,-2.983054700168612
0,93,8,9210414.0,4347826.0,-3.260069964936614
0,93,9,7888997.0,4347826.0,-2.5874963561190105
0,93,10,7972226.0,4347826.0,-2.633074464682209
0,93,11,8742592.0,4347826.0,-3.0336805587431104
0,93,12,8811667.0,4347826.0,-3.0678592115371806
0,93,13,8317709.0,4347826.0,-2.817315669472396
0,93,14,1.0046702E7,4347826.0,-3.637513653391462
0,93,15,9600223.0,4347826.0,-3.4400916592478397
0,93,16,8001825.0,4347826.0,-2.6491689382526573
0,93,17,8044400.0,4347826.0,-2.672215020376493
0,93,18,8842470.0,4347826.0,-3.0830143975441553
0,93,19,8881696.0,4347826.0,-3.1022374889557143
0,93,20,7880597.0,4347826.0,-2.58286963713941
0,93,21,8840681.0,4347826.0,-3.0821356482411884
0,93,22,9465614.0,4347826.0,-3.3787663502265075
0,94,0,8350785.0,5000000.0,-2.22757298110932
0,94,1,7843842.0,5000000.0,-1.9555883267155396
0,94,2,9001108.0,5000000.0,-2.553259682886341
0,94,3,9553990.0,5000000.0,-2.8121477804285355
0,94,4,7844476.0,5000000.0,-1.9559393429324174
0,94,5,7842796.0,5000000.0,-1.9550091433000185
0,94,6,8828572.0,5000000.0,-2.469204588482145
0,94,7,8705610.0,5000000.0,-2.4082920309347324
0,94,8,7923779.0,5000000.0,-1.9996234990821002
0,94,9,8900079.0,5000000.0,-2.50423857265276
0,94,10,1.0021606E7,5000000.0,-3.0196732009424023
0,94,11,8179262.0,5000000.0,-2.1374411549829953
0,94,12,8042137.0,5000000.0,-2.0640146281899
0,94,13,9250618.0,5000000.0,-2.6720074300024677
0,94,14,9155605.0,5000000.0,-2.6271704331646384
0,94,15,7891423.0,5000000.0,-1.981853189399029
0,94,16,8062093.0,5000000.0,-2.074777992991556
0,94,17,9105669.0,5000000.0,-2.6034185489266086
0,94,18,8654183.0,5000000.0,-2.382560701469651
0,94,19,7852343.0,5000000.0,-1.96029257523407
0,95,0,9888959.0,5882352.0,-2.255995671591489
0,95,1,9509555.0,5882352.0,-2.0860918545094878
0,95,2,7956191.0,5882352.0,-1.311541913170862
0,95,3,7844016.0,5882352.0,-1.2498746172353765
0,95,4,8685007.0,5882352.0,-1.6921916368422483
0,95,5,8962857.0,5882352.0,-1.8289545829073526
0,95,6,7873661.0,5882352.0,-1.2662570319937372
0,95,7,7852471.0,5882352.0,-1.2545533204377322
0,95,8,8930914.0,5882352.0,-1.8134489822469946
0,95,9,8608849.0,5882352.0,-1.6539408118506784
0,95,10,7880024.0,5882352.0,-1.2697653107724798
0,95,11,1.0040504E7,5882352.0,-2.3220450436415327
0,95,12,9520959.0,5882352.0,-2.091296858288639
0,95,13,7870569.0,5882352.0,-1.264551215252863
0,95,14,7953172.0,5882352.0,-1.309893657289588
0,95,15,9858534.0,5882352.0,-2.2426132943276142
0,95,16,8938334.0,5882352.0,-1.8170556983672599
0,96,0,7806772.0,6666666.0,-0.6856279828535055
0,96,1,8884242.0,6666666.0,-1.247116823743095
0,96,2,9719302.0,6666666.0,-1.6372637930099987
0,96,3,8222551.0,6666666.0,-0.9109787834002308
0,96,4,8038188.0,6666666.0,-0.8124946189374677
0,96,5,8537240.0,6666666.0,-1.0740879302131459
0,96,6,9274176.0,6666666.0,-1.433666359150415
0,96,7,7927316.0,6666666.0,-0.7521747294306513
0,96,8,7821393.0,6666666.0,-0.6937541083103255
0,96,9,9150630.0,6666666.0,-1.375422977652219
0,96,10,8854725.0,6666666.0,-1.2326638039551878
0,96,11,7877851.0,6666666.0,-0.7249906488237822
0,96,12,9969537.0,6666666.0,-1.7476629198894011
0,96,13,1.4567402E7,6666666.0,-3.39473407606517
0,96,14,1.1096491E7,6666666.0,-2.212769677342849
0,97,0,1.0652019E7,6666666.0,-2.03523234903537
0,97,1,1.0177262E7,6666666.0,-1.837222574770975
0,97,2,8032985.0,6666666.0,-0.80968258490823
0,97,3,8835752.0,6666666.0,-1.2233482017083284
0,97,4,9315054.0,6666666.0,-1.45276679359266
0,97,5,8092752.0,6666666.0,-0.8418753425519648
0,97,6,7821282.0,6666666.0,-0.6936924734716648
0,97,7,8858113.0,6666666.0,-1.2343251861940272
0,97,8,8956526.0,6666666.0,-1.2823089344275573
0,97,9,8017395.0,6666666.0,-0.8012458337507579
0,97,10,7872551.0,6666666.0,-0.7220678525155168
0,97,11,9178602.0,6666666.0,-1.3886784099349643
0,97,12,8474851.0,6666666.0,-1.0422337390931964
0,97,13,7905023.0,6666666.0,-0.7399444035342932
0,97,14,1.0096806E7,6666666.0,-1.8027531429214667
0,98,0,9252982.0,5882352.0,-1.9673070819245377
0,98,1,7957124.0,5882352.0,-1.312051168159003
0,98,2,7782730.0,5882352.0,-1.215809549459182
0,98,3,8728363.0,5882352.0,-1.7138179050098576
0,98,4,8788501.0,5882352.0,-1.743637973448155
0,98,5,8467184.0,5882352.0,-1.5818798837372305
0,98,6,9921472.0,5882352.0,-2.2702510193605625
0,98,7,9289486.0,5882352.0,-1.9844067541454722
0,98,8,7844301.0,5882352.0,-1.2500324084469594
0,98,9,7781042.0,5882352.0,-1.214867503934065
0,98,10,8447106.0,5882352.0,-1.571569349031664
0,98,11,9063410.0,5882352.0,-1.877406174113647
0,98,12,7831577.0,5882352.0,-1.2429821313252278
0,98,13,7805263.0,5882352.0,-1.2283653215549137
0,98,14,9609318.0,5882352.0,-2.1314155654152964
0,98,15,8722515.0,5882352.0,-1.7109071583697835
0,98,16,7863662.0,5882352.0,-1.2607382901989634
0,99,0,9102995.0,5000000.0,-2.602142998504066
0,99,1,9536466.0,5000000.0,-2.8041746040533964
0,99,2,7984016.0,5000000.0,-2.032513942720468
0,99,3,8168524.0,5000000.0,-2.1317358505248176
0,99,4,8749322.0,5000000.0,-2.430043957643266
0,99,5,9380589.0,5000000.0,-2.732601039171338
0,99,6,7912509.0,5000000.0,-1.9934421267335662
0,99,7,8939941.0,5000000.0,-2.523646483011758
0,99,8,9809775.0,5000000.0,-2.9268904204708517
0,99,9,8613292.0,5000000.0,-2.361991661866776
0,99,10,7965934.0,5000000.0,-2.0226669950046547
0,99,11,8728213.0,5000000.0,-2.419553317314242
0,99,12,9260444.0,5000000.0,-2.676618054698106
0,99,13,8093834.0,5000000.0,-2.0918428867439895
0,99,14,7811678.0,5000000.0,-1.9377432888382802
0,99,15,9038079.0,5000000.0,-2.571061287549956
0,99,16,8828893.0,5000000.0,-2.469362491701782
0,99,17,7769636.0,5000000.0,-1.914306686612432
0,99,18,9994134.0,5000000.0,-3.007751637713932
0,99,19,9457300.0,5000000.0,-2.7679716140303654
