 Number of tacts (im units) = 10
 Number of massive (im units) = 13
 Command Line curl 192.168.222.4:8080 > /dev/null 2>&1
cycle , cPeriod , count , procDur , procTime , lI , spb
0,0,0,4.6895339E7,1.25E7,0.2665510105385953,-0.574219666654291
1,0,0,2.4504978E7,1.25E7,0.5101004375519129,-0.2923443039412698
0,0,1,1.8215918E7,1.25E7,0.6862130143537097,-0.16354104960190266
1,0,1,1.183231E7,1.25E7,1.0564293869920582,0.023840473594123893
0,0,2,1.2189409E7,1.25E7,1.0254803985984882,0.01092736352264758
1,0,2,1.3264619E7,1.25E7,0.9423565049248682,-0.025784767237624573
0,0,3,1.6215552E7,1.25E7,0.7708649079599633,-0.11302172424229093
1,0,3,2.4389591E7,1.25E7,0.5125137194797568,-0.290294504487616
0,0,4,2.6619575E7,1.25E7,0.46957924760256314,-0.3282911043729652
1,0,4,1.8979579E7,1.25E7,0.6586025959796052,-0.18137656178476128
0,0,5,2.7260192E7,1.25E7,0.4585440924260548,-0.33861889734044703
2,0,0,2.2214688E7,1.25E7,0.5626907746802476,-0.24973020504914473
1,0,5,2.7207257E7,1.25E7,0.45943624526353394,-0.3377747459781338
0,0,6,1.8145558E7,1.25E7,0.6888738279638466,-0.1618603148657899
1,0,6,1.4518793E7,1.25E7,0.8609531109094262,-0.06502050037887622
2,0,1,2.2367325E7,1.25E7,0.5588509131065069,-0.2527040351384254
0,0,7,1.4185661E7,1.25E7,0.8811714871799066,-0.05493956413222204
1,0,7,1.5203992E7,1.25E7,0.8221524978439873,-0.08504761940704231
2,0,2,1.2485504E7,1.25E7,1.0011610264191177,5.039348828855646E-4
2,0,3,1.3336456E7,1.25E7,0.9372804889094974,-0.028130423459316555
0,1,0,2.7520017E7,9090909.0,0.3303380590208211,-0.48104138734240204
1,1,0,2.0625375E7,9090909.0,0.4407633315757895,-0.3557945429146566
0,1,1,1.3129259E7,9090909.0,0.6924160000194984,-0.15963290521043053
2,0,4,2.2001135E7,1.25E7,0.5681525066774964,-0.24553507288334042
1,1,1,2.0376892E7,9090909.0,0.44613815492568737,-0.35053063314688887
0,1,2,1.6564113E7,9090909.0,0.5488316217113467,-0.2605608740886378
2,0,5,2.217725E7,1.25E7,0.5636406678014632,-0.24899767921671934
1,1,2,2.2157304E7,9090909.0,0.41028949189847286,-0.3869096057943555
0,1,3,2.700172E7,9090909.0,0.3366788856413591,-0.47278411894597133
3,0,0,3.1625177E7,1.25E7,0.3952547048195177,-0.40312295184485136
2,0,6,1.9169186E7,1.25E7,0.6520882003022976,-0.1856936583877941
1,1,3,2.269991E7,9090909.0,0.40048216050195795,-0.39741682481848395
3,0,1,2.1664959E7,1.25E7,0.5769685509213288,-0.23884785847954895
2,0,7,2.1846592E7,1.25E7,0.5721716229240698,-0.24247368500172958
0,1,4,2.8684368E7,9090909.0,0.3169290325657515,-0.4990379750553009
1,1,4,2.657779E7,9090909.0,0.3420490943754165,-0.4659115550955344
3,0,2,1.7006028E7,1.25E7,0.7350334834212904,-0.13369287678807174
2,1,0,1.9164786E7,9090909.0,0.4743548401740567,-0.3238966636504754
0,1,5,2.4593554E7,9090909.0,0.36964600561594313,-0.43221398241473175
3,0,3,1.4642078E7,1.25E7,0.8537039619649616,-0.06869270305117721
1,1,5,2.3835077E7,9090909.0,0.381408837068158,-0.41860924876910127
2,1,1,2.1970036E7,9090909.0,0.4137867138679245,-0.38322345805520497
0,1,6,1.5940123E7,9090909.0,0.5703161136209551,-0.24388435775418538
3,0,4,2.3267821E7,1.25E7,0.5372226303442853,-0.2698457010914867
1,1,6,2.2210377E7,9090909.0,0.40930908106602604,-0.387948619847487
0,1,7,2.3864035E7,9090909.0,0.3809460135304025,-0.41913656681024325
4,0,0,1.960643E7,1.25E7,0.6375459479364678,-0.19548851016276103
2,1,2,3.184127E7,9090909.0,0.2855071107402437,-0.544383070896965
3,0,5,2.2412195E7,1.25E7,0.5577320739891831,-0.25357437943532163
1,1,7,3.3383452E7,9090909.0,0.272317823812828,-0.5649239321810552
3,0,6,1.3723393E7,1.25E7,0.9108534602193495,-0.04055148750254019
4,0,1,2.9394396E7,1.25E7,0.425251126099002,-0.371354527667339
0,1,8,3.2073751E7,9090909.0,0.28343766215557387,-0.547542442798507
2,1,3,2.7690332E7,9090909.0,0.32830624782685885,-0.4837208523577452
1,1,8,1.4869561E7,9090909.0,0.611377094454907,-0.21369083636260464
3,0,7,2.6058573E7,1.25E7,0.47968858463585096,-0.3190406165114801
2,1,4,1.6024011E7,9090909.0,0.5673304268201014,-0.2461639239168483
0,1,9,2.5670209E7,9090909.0,0.3541423834920861,-0.45082209409693014
4,0,2,2.6698163E7,1.25E7,0.46819700666296776,-0.3295713672175901
1,1,9,2.7907646E7,9090909.0,0.3257497604778275,-0.48711589494982455
3,1,0,2.0182965E7,9090909.0,0.45042485085813705,-0.3463776565829327
2,1,5,2.0909227E7,9090909.0,0.43477977449859817,-0.36173066704194484
0,1,10,2.3697402E7,9090909.0,0.38362471126581726,-0.4160934254306573
1,1,10,2.5600161E7,9090909.0,0.3551113994947141,-0.44963538610957093
3,1,1,2.196798E7,9090909.0,0.41382544048201064,-0.3831828140053942
0,2,0,1.4812817E7,8333333.0,0.5625758422587682,-0.2498189209425383
4,0,3,4.0841836E7,1.25E7,0.3060587188098008,-0.5141952440783681
2,1,6,3.6448482E7,9090909.0,0.2494180416073295,-0.6030721351112212
5,0,0,2.7478626E7,1.25E7,0.45489901860449644,-0.34208500011247506
1,2,0,2.9314074E7,8333333.0,0.2842775453183341,-0.5462574432623416
4,0,4,2.1420703E7,1.25E7,0.5835476081247194,-0.233923706709573
3,1,2,3.1608749E7,9090909.0,0.28760736465717135,-0.541199997325943
0,2,1,3.2717286E7,8333333.0,0.25470734339028,-0.5939585338432035
2,1,7,3.1762249E7,9090909.0,0.2862174211907979,-0.5433039355770479
1,2,1,2.1169632E7,8333333.0,0.3936456240713112,-0.40489457199344836
5,0,1,3.2203224E7,1.25E7,0.3881598935559992,-0.4109893399088645
0,2,2,2.1823081E7,8333333.0,0.3818586843901647,-0.4180973280420308
3,1,3,3.0747679E7,9090909.0,0.2956616335171185,-0.5292050279691559
4,0,5,3.8846397E7,1.25E7,0.32178016406515125,-0.49244073122072035
1,2,2,2.4835787E7,8333333.0,0.3355373034887117,-0.4742591899548688
5,0,2,2.4907445E7,1.25E7,0.5018579786084041,-0.29941916698482407
2,1,8,3.2082428E7,9090909.0,0.28336100372453105,-0.5476599177884827
0,2,3,3.1288565E7,8333333.0,0.26633797363349837,-0.5745669088004128
3,1,4,2.911358E7,9090909.0,0.3122566513633844,-0.5054883019701624
4,0,6,2.6214767E7,1.25E7,0.47683048260547195,-0.3216359889972844
1,2,3,2.8330176E7,8333333.0,0.29415041403202014,-0.5314305359840135
5,0,3,3.0786529E7,1.25E7,0.4060217376242707,-0.3914507145076532
2,1,9,3.183864E7,9090909.0,0.2855306947784202,-0.544347197903801
0,2,4,2.9827E7,8333333.0,0.27938890937740973,-0.5537908376341145
3,1,5,3.2958759E7,9090909.0,0.27582679918257846,-0.5593635402932788
6,0,0,3.3516232E7,1.25E7,0.3729536184139076,-0.42834517494570185
4,0,7,3.3472449E7,1.25E7,0.3734414532979048,-0.42777747551574224
2,1,10,2.6653875E7,9090909.0,0.34107269580877075,-0.4671530461575774
1,2,4,3.7382071E7,8333333.0,0.22292325644558322,-0.651844621429503
5,0,4,3.5435263E7,1.25E7,0.35275595386437514,-0.452525647428688
6,0,1,1.7448078E7,1.25E7,0.7164112861026871,-0.14483758103976938
0,2,5,2.8378719E7,8333333.0,0.29364725729868213,-0.532174051165688
4,1,0,3.5015538E7,9090909.0,0.2596249984792466,-0.5856534930007243
3,1,6,4.0946954E7,9090909.0,0.22201673413851492,-0.65361429009837
5,0,5,2.6706947E7,1.25E7,0.46804301517504043,-0.32971423155261115
0,2,6,2.9274718E7,8333333.0,0.284659719010786,-0.5456739836750343
1,2,5,3.914714E7,8333333.0,0.2128720769895323,-0.671881302416458
6,0,2,3.9308934E7,1.25E7,0.31799386877293595,-0.4975812535493765
2,2,0,4.5230932E7,8333333.0,0.18423969242995036,-0.7346168000551521
3,1,7,2.3656725E7,9090909.0,0.38428434197886646,-0.4153473109057111
4,1,1,3.5094252E7,9090909.0,0.25904267741623327,-0.5866286797816886
5,0,6,2.9801275E7,1.25E7,0.419445141189429,-0.37732483206212925
0,2,7,3.0893457E7,8333333.0,0.2697442697979705,-0.5690477723041959
6,0,3,3.4724953E7,1.25E7,0.3599716895225171,-0.4437316535872134
1,2,6,4.0836547E7,8333333.0,0.20406556411343985,-0.6902302759173925
2,2,1,4.1747343E7,8333333.0,0.19961349396535247,-0.6998101035466149
3,1,8,3.8975535E7,9090909.0,0.23324654812307258,-0.632184774772008
0,2,8,2.4016385E7,8333333.0,0.3469853185648048,-0.459688900428665
4,1,2,3.8213758E7,9090909.0,0.2378962309857094,-0.6236124384800732
5,0,7,4.0353526E7,1.25E7,0.309762274553158,-0.5089714753793884
6,0,4,3.1158429E7,1.25E7,0.4011755534914806,-0.39666553952806455
7,0,0,4.6201713E7,1.25E7,0.27055273902939486,-0.5677480649865073
1,2,7,4.1623746E7,8333333.0,0.20020622363013652,-0.6985224261263598
5,1,0,2.1805518E7,9090909.0,0.4169086467012616,-0.37995909749614765
2,2,2,3.5997373E7,8333333.0,0.23149836517236966,-0.635452071596895
3,1,9,4.4948471E7,9090909.0,0.2022517962846834,-0.6941076125435682
0,2,9,4.6727848E7,8333333.0,0.17833761571900336,-0.7487570439462695
4,1,3,4.4507635E7,9090909.0,0.20425504522988022,-0.6898272073123854
6,0,5,3.5725243E7,1.25E7,0.3498926515349385,-0.4560651784983436
7,0,1,3.9416294E7,1.25E7,0.3171277340279632,-0.4987657756057999
1,2,8,3.5303787E7,8333333.0,0.2360464332055935,-0.6270025576171033
2,2,3,3.7327921E7,8333333.0,0.22324664156892102,-0.6512150657386603
5,1,1,4.1706871E7,9090909.0,0.2179714944331355,-0.6616002982295793
0,2,10,3.5806344E7,8333333.0,0.23273342288171056,-0.6331412431388443
4,1,4,4.2603333E7,9090909.0,0.21338492460202585,-0.6708362662303021
7,0,2,4.0535128E7,1.25E7,0.3083745042078071,-0.5109215357429425
3,1,10,5.8994308E7,9090909.0,0.15409806993583178,-0.8122028007460015
6,0,6,4.9796893E7,1.25E7,0.25101967707101724,-0.6002922334655207
2,2,4,4.1896604E7,8333333.0,0.19890235017616226,-0.7013600853395726
5,1,2,4.339481E7,9090909.0,0.2094930015824473,-0.678830480692397
0,2,11,3.2781802E7,8333333.0,0.2542060683546316,-0.5948140862703112
4,1,5,3.5032053E7,9090909.0,0.2595026046575118,-0.5858582787299447
1,2,9,6.4747593E7,8333333.0,0.128704907995576,-0.8904048915202128
8,0,0,5.7525971E7,1.25E7,0.21729315964088639,-0.6629539449955173
5,1,3,2.1935025E7,9090909.0,0.414447168398486,-0.3825308232207461
7,0,3,4.8288569E7,1.25E7,0.2588604354790468,-0.5869343225514944
3,2,0,5.3597842E7,8333333.0,0.15547889036278736,-0.8083285675457752
4,1,6,2.9676035E7,9090909.0,0.30633839729599993,-0.5137985641185401
0,3,0,4.2981962E7,7692307.0,0.1789659345936791,-0.7472296272655089
1,2,10,3.0536596E7,8333333.0,0.27289659266540384,-0.5640018868139849
2,2,5,5.1212194E7,8333333.0,0.1627216557056704,-0.7885546454182699
8,0,1,3.1564228E7,1.25E7,0.3960179225672809,-0.4022851587817192
6,0,7,7.4468151E7,1.25E7,0.16785699432768245,-0.7750605576949061
7,0,4,3.2310654E7,1.25E7,0.3868692970436315,-0.412435735653866
5,1,4,4.7752153E7,9090909.0,0.19037694488874668,-0.7203856468856523
1,2,11,3.4743753E7,8333333.0,0.2398512618944764,-0.6200579923018315
4,1,7,4.7342699E7,9090909.0,0.19202346279412588,-0.7166457028617385
2,2,6,4.3796213E7,8333333.0,0.19027519571155616,-0.7206178226836121
0,3,1,4.8311316E7,7692307.0,0.1592237106519723,-0.7979922592204507
3,2,1,5.6581569E7,8333333.0,0.1472799914756694,-0.8318562496403118
8,0,2,4.5849657E7,1.25E7,0.27263017474699974,-0.5644260780652793
6,1,0,3.689698E7,9090909.0,0.24638626250712117,-0.6083835103212183
5,1,5,4.102447E7,9090909.0,0.2215972320909935,-0.6544356685605545
1,3,0,3.1735165E7,7692307.0,0.24239064142253552,-0.6154841520676824
9,0,0,5.1296242E7,1.25E7,0.243682568403354,-0.6131755365395265
7,0,5,5.5438844E7,1.25E7,0.22547367690422981,-0.6469041528659806
0,3,2,3.9409441E7,7692307.0,0.1951894471175067,-0.7095436660879946
4,1,8,4.8121813E7,9090909.0,0.18891451575193147,-0.7237346706183374
3,2,2,4.812022E7,8333333.0,0.17317736701951902,-0.7615088676351669
2,2,7,5.5692386E7,8333333.0,0.14963145949609702,-0.8249770879609186
9,0,1,4.1900117E7,1.25E7,0.2983285225671327,-0.5253052226642876
7,0,6,5.0785986E7,1.25E7,0.24613089130532978,-0.6088338756043576
8,0,3,7.0811613E7,1.25E7,0.17652471777475257,-0.7531944741765655
6,1,1,7.3152192E7,9090909.0,0.12427391102648025,-0.9056200337593728
5,1,6,6.1450263E7,9090909.0,0.1479393017406614,-0.829916435457643
1,3,1,6.4641327E7,7692307.0,0.11899983117611432,-0.9244536547363261
4,1,9,5.5545811E7,9090909.0,0.1636650691804644,-0.7860440015956458
2,2,8,6.2571652E7,8333333.0,0.13318064544627972,-0.8755588846749024
3,2,3,6.5017577E7,8333333.0,0.12817046381165512,-0.8922120440957031
0,3,3,7.676983E7,7692307.0,0.10019960966436946,-0.9991339702945278
9,0,2,5.7419289E7,1.25E7,0.2176968788310841,-0.6621477974915392
6,1,2,5.1834192E7,9090909.0,0.1753844064936905,-0.7560090225708525
7,0,7,5.7815738E7,1.25E7,0.21620410691635555,-0.6651360606409397
8,0,4,5.7796883E7,1.25E7,0.21627463889358878,-0.6649944044366592
1,3,2,5.4007867E7,7692307.0,0.1424293797790607,-0.8464004168800083
5,1,7,6.2937896E7,9090909.0,0.14444253109446176,-0.8403049099521706
3,2,4,2.8167648E7,8333333.0,0.29584766892855235,-0.5289318483083991
4,1,10,6.1292535E7,9090909.0,0.14832000340661386,-0.8288002732247023
2,2,9,4.7409338E7,8333333.0,0.17577408484379176,-0.755045154512369
9,0,3,4.2085448E7,1.25E7,0.29701477812473326,-0.5272219415974173
0,3,4,5.1863921E7,7692307.0,0.14831711239109746,-0.8288087384640068
7,1,0,5.780503E7,9090909.0,0.15726847646303443,-0.8033583204164607
3,2,5,4.9309711E7,8333333.0,0.16899983453563538,-0.7721137205951767
5,1,8,5.057676E7,9090909.0,0.179744787922358,-0.7453436940431462
8,0,5,5.856994E7,1.25E7,0.21342005813903855,-0.6707647661217944
6,1,3,6.2061647E7,9090909.0,0.14648191660140764,-0.8342159862652767
1,3,3,5.9407817E7,7692307.0,0.1294830779592524,-0.8877869854755905
4,2,0,3.6749565E7,8333333.0,0.2267600446427053,-0.6444334661806325
2,2,10,6.0185206E7,8333333.0,0.13846148503670486,-0.8586710147743606
9,0,4,7.3711825E7,1.25E7,0.16957930427037995,-0.7706271508387867
3,2,6,5.0678392E7,8333333.0,0.16443562376643678,-0.7840040899029893
1,3,4,4.9191343E7,7692307.0,0.15637521829806517,-0.8058320710278349
6,1,4,5.5862997E7,9090909.0,0.16273579092077714,-0.7885169210030577
0,3,5,8.9609616E7,7692307.0,0.08584242789300649,-1.0662980076587867
2,2,11,4.2470696E7,8333333.0,0.19621371403944027,-0.7072706415865058
4,2,1,6.9133606E7,8333333.0,0.12053953904849112,-0.9188704736369765
7,1,1,7.6922598E7,9090909.0,0.11818255280457376,-0.9274466332684714
8,0,6,7.6286716E7,1.25E7,0.16385552630159095,-0.7855389067270548
5,1,9,7.7656048E7,9090909.0,0.11706633590213089,-0.9315679745591934
9,0,5,3.8228378E7,1.25E7,0.3269822224735771,-0.4854758586287182
1,3,5,4.5413348E7,7692307.0,0.16938427442081566,-0.7711269118877229
3,2,7,5.340113E7,8333333.0,0.15605162287764324,-0.8067317104774028
6,1,5,4.9987877E7,9090909.0,0.18186227432703334,-0.74025738202964
4,2,2,3.3166261E7,8333333.0,0.251259344548968,-0.5998777774895196
0,3,6,4.3454398E7,7692307.0,0.17702021783847977,-0.7519771291509078
8,0,7,4.4960082E7,1.25E7,0.2780244039590497,-0.5559170816373575
9,0,6,3.8518332E7,1.25E7,0.3245208021988076,-0.4887574591391345
0,3,7,1.8854788E7,7692307.0,0.4079763188002962,-0.3893650450298219
7,1,2,5.2867567E7,9090909.0,0.17195625817242544,-0.7645820138501495
5,1,10,5.738631E7,9090909.0,0.15841598806405222,-0.8002009895546305
2,3,0,6.8623614E7,7692307.0,0.11209416921702783,-0.9504169774382949
3,2,8,4.3476974E7,8333333.0,0.19167233211768603,-0.7174405729635024
1,3,6,5.5051358E7,7692307.0,0.13972965026584813,-0.8547114279551026
7,1,3,3.4832394E7,9090909.0,0.26099007148345876,-0.5833760136654064
0,3,8,4.205015E7,7692307.0,0.182931737461103,-0.7377109407319362
2,3,1,3.3022227E7,7692307.0,0.2329433142107587,-0.6327497498778891
9,0,7,5.1055152E7,1.25E7,0.24483327363318788,-0.6111295604917407
5,2,0,4.1395567E7,8333333.0,0.20130979242294228,-0.6961350989721945
8,1,0,5.6369853E7,9090909.0,0.16127253338766023,-0.7924395917797209
4,2,3,7.1282508E7,8333333.0,0.11690572110622145,-0.9321642349111722
6,1,6,7.2264404E7,9090909.0,0.12580065006832408,-0.9003171146907771
3,2,9,5.0678611E7,8333333.0,0.16443491318260478,-0.7840059666453697
7,1,4,4.2337457E7,9090909.0,0.21472496564921223,-0.6681174580632819
1,3,7,5.471725E7,7692307.0,0.14058285092909456,-0.8520676537194959
0,3,9,4.165453E7,7692307.0,0.1846691584324682,-0.7336056299578199
9,1,0,4.3092657E7,9090909.0,0.21096190471615617,-0.6757959620732593
2,3,2,4.4601156E7,7692307.0,0.17246878085402093,-0.7632895065609743
5,2,1,4.5123624E7,8333333.0,0.18467783084089168,-0.7335852351570866
6,1,7,4.5543292E7,9090909.0,0.1996102741101807,-0.6998171089678622
8,1,1,4.6596496E7,9090909.0,0.19509855419171432,-0.7097459490005971
4,2,4,4.7843763E7,8333333.0,0.17417804280988516,-0.7590065938032984
3,2,10,4.1986853E7,8333333.0,0.19847481781975895,-0.7022945880227486
7,1,5,3.6780735E7,9090909.0,0.24716496285351558,-0.6070130931214118
0,3,10,4.6265092E7,7692307.0,0.1662658965424731,-0.7791968215097628
9,1,1,4.1978494E7,9090909.0,0.21656110388333608,-0.6644195434897681
1,3,8,5.7448334E7,7692307.0,0.13389956617366833,-0.8732208300730333
2,3,3,4.9941731E7,7692307.0,0.15402563839847683,-0.8124069824867608
8,1,2,4.520637E7,9090909.0,0.20109796473373112,-0.6965923247756234
5,2,2,4.8164132E7,8333333.0,0.1730194784783,-0.7619050013830795
3,2,11,4.18129E7,8333333.0,0.19930052687089392,-0.7004915531970566
7,1,6,4.1655568E7,9090909.0,0.21823994813850575,-0.66106575022726
6,1,8,6.4253477E7,9090909.0,0.14148509037106272,-0.8492893234664598
4,2,5,6.599031E7,8333333.0,0.12628116158266267,-0.8986614319538738
9,1,2,4.0210231E7,9090909.0,0.2260844758638666,-0.6457292575490488
0,3,11,5.1190209E7,7692307.0,0.15026910712554425,-0.8231302940899328
1,3,9,4.8887878E7,7692307.0,0.15734589666583607,-0.8031445783219157
2,3,4,5.0025819E7,7692307.0,0.15376673793186674,-0.8131375988319075
4,2,6,2.9752999E7,8333333.0,0.2800837992835613,-0.5527120110808744
5,2,3,5.3317498E7,8333333.0,0.15629640010489615,-0.8060510247484622
8,1,3,6.5924962E7,9090909.0,0.1378978269263166,-0.8604425776337625
3,3,0,5.4641751E7,7692307.0,0.14077709552170098,-0.8514679992969305
9,1,3,4.4660244E7,9090909.0,0.203557083118489,-0.6913137809988843
7,1,7,5.99381E7,9090909.0,0.15167162455933705,-0.819095661467586
6,1,9,6.2292126E7,9090909.0,0.14593993789841112,-0.8358258428879499
4,2,7,3.0907743E7,8333333.0,0.26961959014606796,-0.5692485558190461
0,3,12,4.9131308E7,7692307.0,0.15656629780749987,-0.8053017177024095
2,3,5,4.3773203E7,7692307.0,0.1757309603320552,-0.7551517176347649
1,3,10,4.7166736E7,7692307.0,0.16308754118580518,-0.7875792149310616
5,2,4,5.7167767E7,8333333.0,0.14576978317169534,-0.8363324922172372
3,3,1,4.5054042E7,7692307.0,0.17073511406590333,-0.7676771509603721
7,1,8,3.9723134E7,9090909.0,0.22885679161165884,-0.6404361948132589
8,1,4,5.1089467E7,9090909.0,0.17794096383898467,-0.7497240613522271
9,1,4,5.6114295E7,9090909.0,0.16200700730535775,-0.7904662004682685
1,3,11,3.9333039E7,7692307.0,0.19556859056835146,-0.7087008941199545
2,3,6,4.1572998E7,7692307.0,0.185031327305286,-0.7327547357915171
6,1,10,5.4893169E7,9090909.0,0.1656109342129619,-0.7809109929642545
0,4,0,4.8753199E7,8333333.0,0.17092894765736297,-0.7671843811455713
4,2,8,5.5464762E7,8333333.0,0.15024553787862643,-0.8231984171852307
7,1,9,4.1157512E7,9090909.0,0.22088091719441155,-0.6558418029839475
8,1,5,4.7815897E7,9090909.0,0.19012315088431783,-0.7209649968160912
4,2,9,4.387054E7,8333333.0,0.1899528248341598,-0.721354243563508
3,3,2,7.4238956E7,7692307.0,0.10361550612322727,-0.9845752472950536
2,3,7,5.2368927E7,7692307.0,0.14688685525292508,-0.833017067018085
5,2,5,7.9936829E7,8333333.0,0.10424898140505423,-0.981928179733825
1,3,12,8.0408223E7,7692307.0,0.0956656758849154,-1.0192438558247872
7,1,10,6.3997968E7,9090909.0,0.14204996321133195,-0.847558874416354
9,1,5,9.2765737E7,9090909.0,0.09799856384475229,-1.0087802887857646
6,2,0,9.5790048E7,8333333.0,0.08699581192401115,-1.0605016543017491
0,4,1,1.09432763E8,8333333.0,0.07615025675628788,-1.118328628012101
4,2,10,8.4339903E7,8333333.0,0.09880652815073786,-1.0052143606129638
8,1,6,1.03190182E8,9090909.0,0.088098584805287,-1.055031067935184
2,3,8,8.4879942E7,7692307.0,0.09062573346244747,-1.0427484655254509
3,3,3,9.3637734E7,7692307.0,0.08214964920018249,-1.0853942867724409
6,2,1,6.1518002E7,8333333.0,0.13546169786203394,-0.868183485296236
5,2,6,1.02920408E8,8333333.0,0.08096871322157992,-1.0916827626036267
7,2,0,7.4560702E7,8333333.0,0.11176575295656417,-0.9516912517311431
1,4,0,8.4062026E7,8333333.0,0.09913314485187402,-1.0037811162553363
0,4,2,5.1993767E7,8333333.0,0.16027561534443158,-0.7951325470589359
9,1,6,7.841808E7,9090909.0,0.11592873735240648,-0.9358088942644758
8,1,7,6.3012568E7,9090909.0,0.1442713618654615,-0.840819868616432
4,2,11,6.4724367E7,8333333.0,0.12875109307751129,-0.8902490751759652
3,3,4,5.3206605E7,7692307.0,0.1445742873464676,-0.8399089397973883
2,3,9,6.2939496E7,7692307.0,0.12221748645715244,-0.9128666522886995
9,1,7,4.5222509E7,9090909.0,0.20102619693215165,-0.6967473433669266
0,4,3,5.0422528E7,8333333.0,0.16527003564755818,-0.7818058792328094
1,4,1,5.3947742E7,8333333.0,0.15447046884742646,-0.81115453528426
6,2,2,5.8775659E7,8333333.0,0.1417820428010854,-0.8483787706074339
7,2,1,5.7338229E7,8333333.0,0.14533642118594212,-0.8376255382278919
5,2,7,6.6086439E7,8333333.0,0.12609747364357157,-0.8992936144074665
8,1,8,5.3067216E7,9090909.0,0.17130932589341036,-0.7662189938716107
7,2,2,5.3594825E7,8333333.0,0.1554876426968462,-0.8083041206038543
6,2,3,5.4209018E7,8333333.0,0.15372595386251048,-0.8132528034975631
4,3,0,7.5007764E7,7692307.0,0.10255347699739456,-0.9890496106229345
1,4,2,5.6472689E7,8333333.0,0.1475639490090511,-0.8310197309873094
0,4,4,5.8807659E7,8333333.0,0.14170489255489663,-0.8486151548837138
3,3,5,7.4982117E7,7692307.0,0.10258855454827982,-0.9889010892612045
5,2,8,4.9262659E7,8333333.0,0.16916125051227948,-0.7716991130228013
2,3,10,7.6370671E7,7692307.0,0.10072331301109035,-0.9968699977654465
9,1,8,6.5174483E7,9090909.0,0.1394857094608637,-0.855470284291476
8,1,9,3.2209898E7,9090909.0,0.28223960845824475,-0.5493820390303523
7,2,3,6.3113872E7,8333333.0,0.132036472108699,-0.8793060881299215
6,2,4,6.6905951E7,8333333.0,0.12455294148647554,-0.9046460115537277
1,4,3,7.0308096E7,8333333.0,0.11852593761037136,-0.9261866004688255
9,1,9,6.6117669E7,9090909.0,0.1374959089982437,-0.8617102234767701
4,3,1,7.4664987E7,7692307.0,0.10302428633651273,-0.9870603852109252
0,4,5,7.5028863E7,8333333.0,0.11106836311780441,-0.9544096285478659
5,2,9,7.3549857E7,8333333.0,0.11330182463848978,-0.9457630961026503
8,1,10,6.9146052E7,9090909.0,0.13147401387428453,-0.8811600779441517
3,3,6,8.1670225E7,7692307.0,0.09418741040568947,-1.0260071434569737
2,3,11,8.8403694E7,7692307.0,0.08701341145314584,-1.0604138040342173
7,2,4,4.3153764E7,8333333.0,0.19310790595230581,-0.7141999455827251
9,1,10,3.9728784E7,9090909.0,0.22882424491018905,-0.6404979620780061
4,3,2,4.1019501E7,7692307.0,0.18752804915886226,-0.7269337642890581
8,2,0,3.9435248E7,8333333.0,0.21131686556148957,-0.6750658397769054
6,2,5,5.9478912E7,8333333.0,0.1401056730829239,-0.8535442791415818
5,2,10,5.6631361E7,8333333.0,0.14715049846674177,-0.8322382624057654
1,4,4,6.2467744E7,8333333.0,0.133402176329595,-0.8748370852603685
0,4,6,5.94624E7,8333333.0,0.1401445787590141,-0.8534236974797409
2,3,12,4.4209065E7,7692307.0,0.17399840960219357,-0.7594547212814691
3,3,7,5.5195397E7,7692307.0,0.1393650090060952,-0.8558462528027362
7,2,5,3.8979547E7,8333333.0,0.21378732287473737,-0.6700180510859871
8,2,1,3.4613466E7,8333333.0,0.2407540753069918,-0.6184263527253017
4,3,3,4.375425E7,7692307.0,0.17580708159778766,-0.7549636353094592
9,2,0,4.9676964E7,8333333.0,0.16775044867878802,-0.7753363095586056
5,2,11,3.8647571E7,8333333.0,0.21562371927591517,-0.6663034671214552
1,4,5,4.1407487E7,8333333.0,0.20125184124310658,-0.6962601376032587
6,2,6,5.4375849E7,8333333.0,0.1532543059695491,-0.8145873143133467
2,4,0,5.5224747E7,8333333.0,0.15089852743010304,-0.821314998343038
0,4,7,5.9634971E7,8333333.0,0.13973902997286608,-0.8546822758154222
3,3,8,6.3733926E7,7692307.0,0.12069407116078178,-0.9183140631702386
7,2,6,6.0558059E7,8333333.0,0.13760898446233225,-0.8613532101772968
9,2,1,5.2258057E7,8333333.0,0.15946503713293436,-0.7973345216644161
8,2,2,6.9876692E7,8333333.0,0.11925769182090074,-0.9235136004837122
4,3,4,6.9324145E7,7692307.0,0.11096144063514955,-0.954827913363806
5,3,0,7.4675902E7,7692307.0,0.10300922779613697,-0.9871238684847983
6,2,7,6.9855326E7,8333333.0,0.11929416806386388,-0.9233807871728408
2,4,1,5.9439421E7,8333333.0,0.14019875799261233,-0.8532558337255953
1,4,6,7.736766E7,8333333.0,0.10771080578112353,-0.9677407251541424
7,2,7,4.7099046E7,8333333.0,0.17693209752061645,-0.7521933739212997
3,3,9,5.2165395E7,7692307.0,0.14745995884819812,-0.8313258916319096
0,4,8,5.9834283E7,8333333.0,0.13927354991451973,-0.8561313546233272
9,2,2,5.374379E7,8333333.0,0.15505666794247297,-0.8095095529458083
8,2,3,4.845178E7,8333333.0,0.1719922983221669,-0.7644910000172874
4,3,5,5.4349587E7,7692307.0,0.14153386298961204,-0.8491396396444959
5,3,1,4.3048661E7,7692307.0,0.17868864724967867,-0.747903038951771
1,4,7,3.9170314E7,8333333.0,0.21274613729162345,-0.6721383164051241
6,2,8,4.7551213E7,8333333.0,0.17524964084512418,-0.7563428633991957
7,2,8,5.165613E7,8333333.0,0.1613232156570769,-0.7923031297824115
3,3,10,5.529556E7,7692307.0,0.13911256165956182,-0.856633652084777
0,4,9,5.5312277E7,8333333.0,0.15065973508919187,-0.8220028005394575
8,2,4,3.8594129E7,8333333.0,0.21592229740435392,-0.665702507551551
9,2,3,4.4839502E7,8333333.0,0.18584802748255322,-0.7308420439736288
2,4,2,6.7891188E7,8333333.0,0.12274542905332574,-0.9109946717009593
4,3,6,3.9283466E7,7692307.0,0.19581538451826017,-0.7081531902197405
5,3,2,3.9666737E7,7692307.0,0.19392336203504715,-0.7123698681170879
1,4,8,5.3407561E7,8333333.0,0.15603283213026709,-0.8067840086151358
3,3,11,4.8081787E7,7692307.0,0.1599838001029371,-0.7959239916071821
6,2,9,6.1048727E7,8333333.0,0.13650297736757067,-0.8648578758012138
8,2,5,5.9749543E7,8333333.0,0.13947107511767914,-0.8555158513100861
7,2,9,7.15342E7,8333333.0,0.11649439009592615,-0.9336949880203209
0,4,10,7.240452E7,8333333.0,0.11509409909768065,-0.9389469421826347
4,3,7,6.3417219E7,7692307.0,0.12129682003242684,-0.9161505846278416
9,2,4,7.5105996E7,8333333.0,0.11095429717755158,-0.9548558732034115
3,3,12,5.3578812E7,7692307.0,0.14356994328280365,-0.8429364711850461
2,4,3,9.4265505E7,8333333.0,0.08840278318139812,-1.0535340618953422
6,2,10,5.9328408E7,8333333.0,0.14046109243315613,-0.8524439581905096
5,3,3,9.9247095E7,7692307.0,0.07750662122654572,-1.1106611950508232
1,4,9,8.5042053E7,8333333.0,0.09799073171481408,-1.0088149993632562
8,2,6,6.1156938E7,8333333.0,0.13626144919158642,-0.8656269964874596
4,3,8,4.8466369E7,7692307.0,0.15871432415331135,-0.7993838758915864
7,2,10,6.0858939E7,8333333.0,0.13692866055387526,-0.8635056401227572
0,4,11,5.590495E7,8333333.0,0.14906252487480984,-0.8266315268068914
9,2,5,5.5840238E7,8333333.0,0.1492352700932256,-0.826128524070799
3,4,0,4.1929234E7,8333333.0,0.19874756118845385,-0.7016981918231666
2,4,4,5.1428639E7,8333333.0,0.16203681765718125,-0.7903862947867543
6,2,11,4.9803355E7,8333333.0,0.1673247314362657,-0.7764398633861174
8,2,7,3.9429635E7,8333333.0,0.21134694754338965,-0.6750040202486614
1,4,10,4.3242515E7,8333333.0,0.19271157100830053,-0.7150922081562399
4,3,9,4.2423053E7,7692307.0,0.1813237486703279,-0.7415453109567817
9,2,6,3.8362429E7,8333333.0,0.2172264170238021,-0.6630873610811995
5,3,4,6.0784663E7,7692307.0,0.1265501299233986,-0.8977374046346396
7,2,11,5.3927421E7,8333333.0,0.1545286766077688,-0.810990914706071
0,5,0,5.4109351E7,9090909.0,0.16800994341994602,-0.7746650144370952
3,4,1,4.847241E7,8333333.0,0.17191909789507062,-0.7646758763685256
8,2,8,3.7967501E7,8333333.0,0.21948594931228158,-0.6585932764763341
6,3,0,4.2863938E7,7692307.0,0.17945870955673743,-0.7460354594781793
4,3,10,4.1182096E7,7692307.0,0.18678765160471678,-0.7286518380480811
2,4,5,5.3442602E7,8333333.0,0.15593052523902184,-0.8070688582224487
7,3,0,3.5064105E7,7692307.0,0.21937839280369484,-0.6588061495426762
5,3,5,4.1437498E7,7692307.0,0.18563637698395785,-0.7313369161807668
0,5,1,4.2697953E7,9090909.0,0.21291205693162854,-0.6717997443361682
1,4,11,6.2346763E7,8333333.0,0.1336610370613788,-0.8739951735558319
9,2,7,6.3618866E7,8333333.0,0.13098839265698323,-0.8827671870035163
2,4,6,3.1345249E7,8333333.0,0.26585633440015105,-0.5753529875512006
4,3,11,4.0134645E7,7692307.0,0.1916625150166396,-0.7174628172903386
3,4,2,6.1645679E7,8333333.0,0.1351811373510867,-0.8690839039257922
8,2,9,5.5149471E7,8333333.0,0.151104495635144,-0.8207226144135145
6,3,1,5.4116819E7,7692307.0,0.14214263037153016,-0.8472756521321512
7,3,1,4.1398226E7,7692307.0,0.18581247901782072,-0.7309251224920644
0,5,2,3.6507489E7,9090909.0,0.24901490759882172,-0.6037746525263238
1,5,0,3.8767012E7,9090909.0,0.2345011526810475,-0.6298550181864759
5,3,6,4.6540267E7,7692307.0,0.16528282916812662,-0.7817722618845353
9,2,8,4.2195271E7,8333333.0,0.19749447752095253,-0.7044450439145288
2,4,7,3.9109712E7,8333333.0,0.2130757955977789,-0.671465881282266
7,3,2,3.7302088E7,7692307.0,0.20621652600251225,-0.6856765336979623
0,5,3,3.2634567E7,9090909.0,0.2785668643925933,-0.5550705442914557
8,2,10,4.0761541E7,8333333.0,0.20444106860434938,-0.6894318576729767
4,3,12,5.485231E7,7692307.0,0.14023670106145028,-0.8531383131696789
3,4,3,5.7908337E7,8333333.0,0.14390558305965512,-0.8419223565500887
2,4,8,3.2464892E7,8333333.0,0.2566875318728921,-0.5905952258759211
6,3,2,5.9109521E7,7692307.0,0.13013651387904157,-0.8856008314070963
1,5,1,5.7646849E7,9090909.0,0.15770001583260865,-0.8021682630692314
9,2,9,4.8844114E7,8333333.0,0.17061079253070288,-0.7679934996147032
8,2,11,3.8149969E7,8333333.0,0.21843616701235066,-0.6606754528103191
5,3,7,6.63095E7,7692307.0,0.11600610772212126,-0.9355191445645932
7,3,3,4.0416023E7,7692307.0,0.1903281527724784,-0.720496967417486
0,5,4,4.3820851E7,9090909.0,0.20745624040938868,-0.6830734967974085
6,3,3,3.1594461E7,7692307.0,0.2434701133214458,-0.6135543421133687
2,4,9,4.4528008E7,8333333.0,0.1871481203470858,-0.7278145304356824
4,4,0,6.138721E7,8333333.0,0.13575031346106134,-0.8672591589085293
1,5,2,5.1363349E7,9090909.0,0.1769921388887629,-0.7520460224124762
9,2,10,4.7908772E7,8333333.0,0.1739416948528758,-0.7595963025626953
5,3,8,4.3676218E7,7692307.0,0.17612117880719433,-0.7541884164004153
2,4,10,2.5577047E7,8333333.0,0.32581294470780775,-0.48703166495233896
3,4,4,7.1128937E7,8333333.0,0.11715812651607602,-0.9312275817688241
8,3,0,5.0957331E7,7692307.0,0.15095584578399524,-0.8211500642071413
6,3,4,4.2485817E7,7692307.0,0.18105588036591128,-0.7421873655225021
0,5,5,5.6071938E7,9090909.0,0.1621293881442086,-0.7901382562677699
7,3,4,7.0053096E7,7692307.0,0.1098068099659721,-0.9593707251051244
1,5,3,4.3789944E7,9090909.0,0.20760266329639518,-0.6827670793037878
4,4,1,5.2385324E7,8333333.0,0.15907762639780562,-0.798390897759139
5,3,9,4.4501322E7,7692307.0,0.17285569628695524,-0.7623163041445442
3,4,5,4.1363583E7,8333333.0,0.20146545331916724,-0.6957994146303241
2,4,11,4.3626822E7,8333333.0,0.1910139821782114,-0.7189348413355799
9,2,11,5.2465769E7,8333333.0,0.158833714988529,-0.7990573061951829
6,3,5,4.1221744E7,7692307.0,0.18660799504261635,-0.7290697532556057
8,3,1,4.8045994E7,7692307.0,0.16010298382004542,-0.7956005741112732
0,5,6,5.0189207E7,9090909.0,0.18113274832176568,-0.7420030232935099
7,3,5,4.8446427E7,7692307.0,0.1587796557215664,-0.7992051440617803
4,4,2,3.6278131E7,8333333.0,0.22970678947049394,-0.6388261681223721
3,4,6,3.9482958E7,8333333.0,0.21106151671817497,-0.6755909452831274
8,3,2,4.0108466E7,7692307.0,0.19178761411618186,-0.7171794435401578
6,3,6,4.3329923E7,7692307.0,0.1775287484355788,-0.7507313086597772
2,5,0,5.0405353E7,9090909.0,0.18035602290098038,-0.7438693500521047
5,3,10,6.0895088E7,7692307.0,0.12632064839121343,-0.8985256538040417
9,3,0,5.5892161E7,7692307.0,0.13762765408193825,-0.8612942927829452
1,5,4,6.6187035E7,9090909.0,0.13735180915718614,-0.862165615807975
4,4,3,3.0984623E7,8333333.0,0.2689506017226674,-0.5703274797348343
0,5,7,4.0877531E7,9090909.0,0.22239378890080225,-0.6528773460637906
7,3,6,4.3862147E7,7692307.0,0.1753746117352623,-0.7560332774542167
3,4,7,4.0890262E7,8333333.0,0.203797495843876,-0.6908011566783069
8,3,3,3.9226116E7,7692307.0,0.19610167369106848,-0.7075186996943089
6,3,7,4.1062285E7,7692307.0,0.18733265818012806,-0.727386504359711
0,5,8,3.6587825E7,9090909.0,0.24846814479953372,-0.6047292826834962
2,5,1,5.0087977E7,9090909.0,0.18149882555648036,-0.7411261808537095
5,3,11,4.8110187E7,7692307.0,0.1598893598147935,-0.7961804363630497
9,3,1,5.1796769E7,7692307.0,0.148509398337182,-0.8282460613850039
1,5,5,5.3864895E7,9090909.0,0.16877242590002264,-0.7726985071041617
4,4,4,5.5159885E7,8333333.0,0.15107596761668377,-0.8208046154859888
3,4,8,4.0619444E7,8333333.0,0.20515625472372295,-0.6879152378947768
6,3,8,3.1077919E7,7692307.0,0.24751679801984167,-0.6063953218222634
7,3,7,5.0624101E7,7692307.0,0.15194950326130235,-0.8183007153354562
8,3,4,4.8292047E7,7692307.0,0.15928724247286516,-0.7978190060287833
5,3,12,3.9919906E7,7692307.0,0.1926935148594789,-0.7151329013701643
0,5,9,5.4837072E7,9090909.0,0.16578035019812873,-0.7804669472854752
2,5,2,5.2135907E7,9090909.0,0.1743694417745528,-0.7585296227951646
9,3,2,4.4710016E7,7692307.0,0.17204885366178352,-0.7643482166787404
6,3,9,4.3606714E7,7692307.0,0.17640189535950818,-0.7534967528790661
1,5,6,5.5156977E7,9090909.0,0.1648188405974461,-0.7829931451885287
3,4,9,4.8284711E7,8333333.0,0.17258740556612218,-0.7629908997720509
7,3,8,4.5940414E7,7692307.0,0.1674409595002779,-0.7761382959899497
4,4,5,5.7715406E7,8333333.0,0.14438663049515757,-0.8404730184768251
8,3,5,3.9382988E7,7692307.0,0.19532055312816793,-0.7092520545078661
0,5,10,3.4947358E7,9090909.0,0.2601315097982514,-0.5848070384128641
2,5,3,3.3883955E7,9090909.0,0.2682953923176914,-0.5713867858006073
5,4,0,4.4242833E7,8333333.0,0.18835441663511918,-0.7250241917719845
9,3,3,5.1466469E7,7692307.0,0.1494624976117946,-0.8254677646868532
8,3,6,3.2798448E7,7692307.0,0.2345326522767175,-0.6297966850750556
6,3,10,5.3291713E7,7692307.0,0.14434339913224406,-0.8406030717485478
1,5,7,5.3893702E7,9090909.0,0.16868221448213003,-0.7729307061451015
3,4,10,5.2920174E7,8333333.0,0.15746987150873692,-0.8028025268848984
2,5,4,3.6200938E7,9090909.0,0.25112357585872497,-0.6001125131544001
7,3,9,5.7129902E7,7692307.0,0.13464589874493396,-0.8708068704705944
4,4,6,5.3608861E7,8333333.0,0.15544693255094527,-0.8084178435104122
0,6,0,4.4601782E7,1.25E7,0.28025786054915924,-0.552442197661625
5,4,1,4.7463293E7,8333333.0,0.17557426957290975,-0.7555391296672762
9,3,4,3.2000515E7,7692307.0,0.24038072512270506,-0.6191003590838235
8,3,7,4.1536959E7,7692307.0,0.18519186731989695,-0.7323780892288356
6,3,11,4.4595079E7,7692307.0,0.1724922832853374,-0.7632303290055402
1,5,8,4.5881723E7,9090909.0,0.19813791648583032,-0.7030324081319226
4,4,7,4.4379314E7,8333333.0,0.1877751647986267,-0.7263618481942314
2,5,5,4.7422172E7,9090909.0,0.1917016580345582,-0.7173741308770473
3,4,11,5.0574703E7,8333333.0,0.16477275210098613,-0.783114604474904
7,3,10,4.8259919E7,7692307.0,0.15939328451835985,-0.7975299800418951
9,3,5,4.9578012E7,7692307.0,0.15515561616306842,-0.8092324996512875
0,6,1,5.8149263E7,1.25E7,0.21496403144438822,-0.6676342017217329
8,3,8,4.401461E7,7692307.0,0.17476712846029988,-0.7575402494520861
6,3,12,3.1873535E7,7692307.0,0.2413383705321672,-0.6173736238616275
5,4,2,6.2996185E7,8333333.0,0.13228313746300668,-0.8784955131330541
4,4,8,4.2652931E7,8333333.0,0.19537538932553075,-0.7091301435510743
1,5,9,4.9003913E7,9090909.0,0.18551394048879322,-0.7316234496614572
7,3,11,4.5982117E7,7692307.0,0.16728910067363797,-0.7765323535474244
2,5,6,5.3666354E7,9090909.0,0.16939680679630295,-0.7710947805685702
3,5,0,5.362266E7,9090909.0,0.1695348384432999,-0.7707410432485239
9,3,6,4.0941827E7,7692307.0,0.18788382355286684,-0.7261106102355706
0,6,2,4.2362605E7,1.25E7,0.2950715613452006,-0.5300726452814994
8,3,9,4.3696132E7,7692307.0,0.17604091364425575,-0.7543863861348308
6,4,0,4.6168431E7,8333333.0,0.18049850990171185,-0.7435263790443912
5,4,3,4.3905016E7,8333333.0,0.18980366616880404,-0.7216954031758277
7,3,12,4.02712E7,7692307.0,0.1910126095075389,-0.7189379622874272
4,4,9,4.741496E7,8333333.0,0.17575324328017994,-0.7550966519372193
1,5,10,5.0810253E7,9090909.0,0.1789187902685704,-0.7473440469036987
8,3,10,3.7215513E7,7692307.0,0.2066962505662625,-0.6846674013270002
0,6,3,4.4370882E7,1.25E7,0.2817162841162364,-0.5501880486570205
6,4,1,3.7061733E7,8333333.0,0.22485006300164107,-0.6481069864093093
9,3,7,6.086132E7,7692307.0,0.1263907355279182,-0.898284758779594
7,4,0,2.9089434E7,8333333.0,0.28647284783884075,-0.542916534578181
2,5,7,6.7349492E7,9090909.0,0.1349811072071635,-0.8697270138002804
3,5,1,6.68931E7,9090909.0,0.13590204370854392,-0.866774012254485
5,4,4,4.9270839E7,8333333.0,0.16913316617157667,-0.771771221066101
4,4,10,3.3598221E7,8333333.0,0.24802899534472375,-0.6054975458587278
0,6,4,2.8468498E7,1.25E7,0.4390818230030963,-0.3574545413352638
3,5,2,2.6204257E7,9090909.0,0.3469248908679227,-0.45976453965408526
6,4,2,4.184121E7,8333333.0,0.199165679004025,-0.7007854987605691
8,3,11,4.5832691E7,7692307.0,0.1678345048515698,-0.7751187483575539
1,6,0,6.3084677E7,1.25E7,0.19814637396019322,-0.7030138707609707
7,4,1,4.7095989E7,8333333.0,0.17694358218063963,-0.7521651847873047
0,6,5,3.1637195E7,1.25E7,0.3951045596804647,-0.40328795834022274
4,4,11,5.251314E7,8333333.0,0.1586904344322202,-0.7994492509295028
9,3,8,6.2609213E7,7692307.0,0.12286222157112883,-0.910581636115922
5,4,5,6.6974411E7,8333333.0,0.12442562578116588,-0.9050901663554981
2,5,8,7.1583442E7,9090909.0,0.12699737182238316,-0.8962052665625226
8,3,12,4.9401002E7,7692307.0,0.15571155823924382,-0.807679149196698
3,5,3,5.7528923E7,9090909.0,0.15802327813437425,-0.8012789331679829
6,4,3,6.024243E7,8333333.0,0.13832996112540613,-0.8590837451098274
1,6,1,5.082933E7,1.25E7,0.2459210066314075,-0.6092043721378774
0,6,6,5.6515214E7,1.25E7,0.2211793801223154,-0.6552553634275168
7,4,2,6.1977527E7,8333333.0,0.13445733322015252,-0.8714155066411455
4,5,0,5.5694249E7,9090909.0,0.16322886407894646,-0.787203041649517
2,5,9,4.4270995E7,9090909.0,0.20534684165106296,-0.6875119724502783
5,4,6,4.9532284E7,8333333.0,0.16824043486466322,-0.7740696177642012
8,4,0,4.3845314E7,8333333.0,0.1900621124528838,-0.72110444806126
3,5,4,4.4787943E7,9090909.0,0.20297670290417222,-0.6925538063271147
1,6,2,4.0719057E7,1.25E7,0.3069815688511647,-0.5128876987460241
9,3,9,7.2384446E7,7692307.0,0.10627016472572022,-0.9735886462357939
4,5,1,4.2177549E7,9090909.0,0.2155390537273752,-0.6664740281406949
7,4,3,4.6123584E7,8333333.0,0.18067401266996078,-0.7431043098943593
2,5,10,3.9322443E7,9090909.0,0.23118881499809155,-0.6360331810737962
0,6,7,5.449911E7,1.25E7,0.2293615437022733,-0.639479397062257
6,4,4,6.9375103E7,8333333.0,0.12011993697508457,-0.9203849043400244
5,4,7,4.6632736E7,8333333.0,0.17870135262919165,-0.747872160213042
8,4,1,4.9695688E7,8333333.0,0.16768724481689437,-0.775499970884166
9,3,10,4.0365117E7,7692307.0,0.19056818291892974,-0.7199496070355385
3,5,5,4.3774724E7,9090909.0,0.2076748445061584,-0.6826161060349545
1,6,3,4.6944521E7,1.25E7,0.26627175512132717,-0.5746748990718306
0,7,0,3.2050721E7,1.6666666E7,0.5200090818549761,-0.28398907143239505
2,6,0,4.0461012E7,1.25E7,0.3089393809527058,-0.510126728019889
7,4,4,4.7550471E7,8333333.0,0.17525237552326242,-0.7563360865159265
4,5,2,4.7922822E7,9090909.0,0.18969894969874687,-0.7219350736516712
6,4,5,5.0513083E7,8333333.0,0.16497375541302833,-0.7825851393367621
5,4,8,6.045006E7,8333333.0,0.13785483422183534,-0.8605779996775017
8,4,2,6.1736214E7,8333333.0,0.13498289674841416,-0.8697212560853338
1,6,4,5.6853977E7,1.25E7,0.219861488317695,-0.6578508364685327
3,5,6,6.7179078E7,9090909.0,0.1353235154552136,-0.8686267285682908
9,3,11,7.1040196E7,7692307.0,0.10828104978764416,-0.9654475423846217
7,4,5,5.6267941E7,8333333.0,0.14810090527392855,-0.8294422868247052
6,4,6,7.1480772E7,8333333.0,0.11658146333394384,-0.9333704977052987
2,6,1,8.3830159E7,1.25E7,0.149111013853618,-0.8264902768743525
0,7,1,9.1600593E7,1.6666666E7,0.1819493242800295,-0.7400495529494107
5,4,9,5.5556187E7,8333333.0,0.14999828911944588,-0.8239136944791275
4,5,3,8.6628553E7,9090909.0,0.10494125418440269,-0.979053749723057
3,5,7,5.2629782E7,9090909.0,0.17273316845583742,-0.7626242606130107
9,3,12,5.2105522E7,7692307.0,0.14762940096828892,-0.8308271424673123
8,4,3,7.0321942E7,8333333.0,0.11850260051123161,-0.9262721190607478
7,4,6,4.8889181E7,8333333.0,0.17045352017658058,-0.7683940253680441
1,6,5,7.2111796E7,1.25E7,0.17334195919901926,-0.7610962991272159
6,4,7,4.5720445E7,8333333.0,0.18226710173096522,-0.7392917121790425
0,7,2,4.9813612E7,1.6666666E7,0.33458055601348485,-0.47549930145317165
2,6,2,5.2598001E7,1.25E7,0.23765161721640335,-0.6240592259904292
1,6,6,4.586465E7,1.25E7,0.2725410528587921,-0.5645680706820949
4,5,4,6.6208585E7,9090909.0,0.13730710299880294,-0.8623069958048007
5,4,10,7.4053785E7,8333333.0,0.11253081797236968,-0.9487285242861473
7,4,7,4.9227064E7,8333333.0,0.16928356726698143,-0.7713851977779305
8,4,4,5.3420553E7,8333333.0,0.1559948845905807,-0.8068896428667468
6,4,8,4.2246624E7,8333333.0,0.19725441256560525,-0.7049732728766719
3,5,8,7.4873826E7,9090909.0,0.12141638120643121,-0.9157227153396865
9,4,0,7.1796727E7,8333333.0,0.11606842467902471,-0.9352859099146501
2,6,3,4.1938267E7,1.25E7,0.29805714194151134,-0.5257004672965833
0,7,3,4.9758293E7,1.6666666E7,0.3349525274108579,-0.4750167408570638
8,4,5,3.7863422E7,8333333.0,0.22008927243818585,-0.6574011252541966
3,5,9,4.0587033E7,9090909.0,0.22398555223290156,-0.6497799941117636
1,6,7,5.9144558E7,1.25E7,0.2113465790039381,-0.6750047775569242
5,4,11,5.7126596E7,8333333.0,0.14587483910296353,-0.836019609964456
4,5,5,5.9624418E7,9090909.0,0.15246956372806858,-0.8168168423774816
7,4,8,6.1909375E7,8333333.0,0.13460534854373832,-0.8709376830772568
9,4,1,5.0429829E7,8333333.0,0.1652461086076655,-0.7818687589534672
2,6,4,4.5431413E7,1.25E7,0.2751400226094663,-0.5604462313689708
6,4,9,5.4262153E7,8333333.0,0.15357542115956954,-0.8136782850136001
0,7,4,4.8614542E7,1.6666666E7,0.3428329325821891,-0.4649174663528349
8,4,6,4.1850167E7,8333333.0,0.1991230524838766,-0.7008784587721902
3,5,10,3.9718772E7,9090909.0,0.22888192515116026,-0.6403885022885613
4,5,6,3.8535406E7,9090909.0,0.23591055456895926,-0.6272526284721086
0,7,5,3.4874126E7,1.6666666E7,0.477909209825072,-0.32065460007626023
1,7,0,5.5085105E7,1.6666666E7,0.30256211729105353,-0.5191854493510855
5,5,0,5.4096437E7,9090909.0,0.16805005105973986,-0.774561351239967
8,4,7,3.5589121E7,8333333.0,0.23415394271749504,-0.6304985251078857
7,4,9,6.1916531E7,8333333.0,0.1345897915372552,-0.8709878795412498
6,4,10,5.8225352E7,8333333.0,0.14312207163642393,-0.8442933861511642
9,4,2,6.5383518E7,8333333.0,0.1274531144072119,-0.8946495477714819
3,6,0,3.7971481E7,1.25E7,0.32919442883989697,-0.4825475232306182
2,6,5,6.9796595E7,1.25E7,0.17909183105565538,-0.7469242232428844
4,5,7,4.0307302E7,9090909.0,0.2255400026526211,-0.6467764187947196
1,7,1,3.389812E7,1.6666666E7,0.49166933151455006,-0.30832688052291557
5,5,1,3.7577259E7,9090909.0,0.2419258147594001,-0.6163177876555227
8,4,8,3.7852565E7,8333333.0,0.22015239918351637,-0.6572765773110432
0,8,0,5.6460401E7,2.5E7,0.44278821186551615,-0.35380394964946865
7,4,10,5.0469693E7,8333333.0,0.1651155872891876,-0.7822119264092533
1,7,2,3.2748531E7,1.6666666E7,0.5089286600366899,-0.2933430913839092
5,5,2,2.9225124E7,9090909.0,0.3110648563886333,-0.507149052017734
6,4,11,5.491155E7,8333333.0,0.15175920184369227,-0.8188449662245051
4,5,8,4.6620438E7,9090909.0,0.1949983610192594,-0.7099690389107279
9,4,3,5.5159278E7,8333333.0,0.15107763013141687,-0.8207998363208221
0,8,1,3.1052542E7,2.5E7,0.8050870682342206,-0.0941571491863041
3,6,1,6.5532746E7,1.25E7,0.19074433413792855,-0.7195483534474099
8,4,9,4.65928E7,8333333.0,0.17885452258718085,-0.7475000736317384
2,6,6,7.0448276E7,1.25E7,0.17743514404809566,-0.7509603565757424
7,4,11,4.1999491E7,8333333.0,0.19841509507817606,-0.7024252905499051
4,5,9,3.4257065E7,9090909.0,0.26537325950136126,-0.5761428412157079
9,4,4,4.7880609E7,8333333.0,0.17404400599833642,-0.7593409290396893
6,5,0,5.3252649E7,9090909.0,0.17071280341377948,-0.7677339056958549
5,5,3,5.562596E7,9090909.0,0.1634292513783133,-0.7866702086650784
1,7,3,5.9348762E7,1.6666666E7,0.28082584098384394,-0.5515629318686744
0,8,2,4.9452256E7,2.5E7,0.505538109323061,-0.29624610012268615
8,4,10,5.1339639E7,8333333.0,0.1623177171152294,-0.789634073978842
7,5,0,3.6405637E7,9090909.0,0.24971157625946774,-0.6025613239319031
2,6,7,4.8007452E7,1.25E7,0.26037624325490133,-0.584398643352583
3,6,2,5.8528701E7,1.25E7,0.2135704327352148,-0.6704588723773974
4,5,10,4.6961111E7,9090909.0,0.1935837719001154,-0.7131310523459637
6,5,1,4.4070368E7,9090909.0,0.20628166753679025,-0.6855393665076186
9,4,5,4.6793516E7,8333333.0,0.1780873444089989,-0.7493669421236465
1,7,4,4.2704439E7,1.6666666E7,0.39027947422515025,-0.408624288752471
2,7,0,3.059042E7,1.6666666E7,0.5448328594376932,-0.26373670755246587
0,8,3,4.3679736E7,2.5E7,0.5723477815891561,-0.24233999615995216
8,4,11,4.6773115E7,8333333.0,0.17816502065342452,-0.7491775574729219
4,6,0,3.6275362E7,1.25E7,0.3445864992332813,-0.4627017420457007
5,5,4,7.1167096E7,9090909.0,0.12774033944001312,-0.8936719341407019
7,5,1,5.4601901E7,9090909.0,0.16649436802575793,-0.7786004527084373
3,6,3,5.2126597E7,1.25E7,0.23980080648656193,-0.6201493606363586
9,4,6,4.5299041E7,8333333.0,0.18396268035784688,-0.7352702713303216
6,5,2,4.747643E7,9090909.0,0.191482573563345,-0.7178707441478466
1,7,5,4.4378182E7,1.6666666E7,0.37555990914634585,-0.42532077467484203
2,7,1,4.9238045E7,1.6666666E7,0.33849162776466857,-0.47045206866442557
8,5,0,3.5919904E7,9090909.0,0.25308834344323416,-0.5967278567969384
0,9,0,4.9919355E7,3.3333333E7,0.6677436637552708,-0.1753902243237034
4,6,1,3.8129887E7,1.25E7,0.32782683043356514,-0.4843555052121347
3,6,4,3.6795718E7,1.25E7,0.3397134416564449,-0.4688872687857583
7,5,2,5.3033389E7,9090909.0,0.17141859442548543,-0.7659420702869225
5,5,5,5.5634727E7,9090909.0,0.16340349796270232,-0.7867386508045868
6,5,3,3.7136653E7,9090909.0,0.24479613173540438,-0.6111954491867777
9,4,7,4.4654219E7,8333333.0,0.18661916357780214,-0.729043761400021
1,8,0,4.4646605E7,2.5E7,0.5599529908265142,-0.2518484313537896
4,6,2,3.1235349E7,1.25E7,0.4001876207626174,-0.39773634977686306
2,7,2,4.0177339E7,1.6666666E7,0.41482752254946503,-0.3821324372038435
0,9,1,4.4995263E7,3.3333333E7,0.7408187168502605,-0.13028805369909638
8,5,1,6.0258959E7,9090909.0,0.1508640233894515,-0.8214143142752697
7,5,3,3.7827895E7,9090909.0,0.2403228887042221,-0.6192048643831344
3,6,5,5.4122927E7,1.25E7,0.23095572787480617,-0.6364712624558665
6,5,4,4.4942553E7,9090909.0,0.20227842864200438,-0.694050428752946
5,5,6,4.9319699E7,9090909.0,0.18432612494249,-0.7344131069172006
8,5,2,2.5505992E7,9090909.0,0.35642248299928897,-0.44803490863471684
0,9,2,3.721089E7,3.3333333E7,0.895795101917745,-0.047791316546288404
2,7,3,4.882871E7,1.6666666E7,0.3413292302827578,-0.46682651861578994
9,4,8,5.4153068E7,8333333.0,0.1538847808216517,-0.8128043296942484
1,8,1,5.528579E7,2.5E7,0.45219576314275334,-0.3446735111024304
4,6,3,5.4615138E7,1.25E7,0.22887427291678727,-0.6404030223460799
7,5,4,3.0940562E7,9090909.0,0.2938184833229597,-0.5319208873998178
3,6,6,4.0149145E7,1.25E7,0.3113391331247527,-0.5067662881449806
5,5,7,3.6690431E7,9090909.0,0.24777329544043786,-0.6059455029148527
6,5,5,5.0689643E7,9090909.0,0.17934450633238824,-0.746311922060614
9,4,9,3.7702499E7,8333333.0,0.22102866443945798,-0.6555514005201959
7,5,5,3.7011959E7,9090909.0,0.24562085459999564,-0.6097347619071214
2,7,4,5.3391512E7,1.6666666E7,0.31215946834395697,-0.5056234876198621
3,6,7,3.7994706E7,1.25E7,0.3289932023687721,-0.4828130753151651
8,5,3,5.6750136E7,9090909.0,0.1601918451790142,-0.7953595961412865
4,6,4,5.2990845E7,1.25E7,0.23588980322921818,-0.6272908318867457
1,8,2,5.5183557E7,2.5E7,0.45303350054074987,-0.3438696819561684
5,5,8,3.7349901E7,9090909.0,0.24339847647788945,-0.6136821445090617
6,5,6,3.4315076E7,9090909.0,0.2649246354576047,-0.5768776545913039
0,10,0,7.1872788E7,2.5E7,0.3478367918606413,-0.45862448312406
7,5,6,3.7829179E7,9090909.0,0.24031473165198747,-0.6192196054796463
9,4,10,4.5308834E7,8333333.0,0.1839229188727302,-0.7353641493928597
2,7,5,4.0171682E7,1.6666666E7,0.4148859388063462,-0.38207128390396233
8,5,4,4.3092037E7,9090909.0,0.21096493999575838,-0.6757897135721326
4,6,5,4.3254384E7,1.25E7,0.28898804800919137,-0.5391201184579602
1,8,3,4.347894E7,2.5E7,0.5749910186402888,-0.2403389389371969
3,7,0,4.7628718E7,1.6666666E7,0.34992892313414775,-0.4560201597222136
0,10,1,3.4638803E7,2.5E7,0.7217339467532986,-0.14162286718259956
5,5,9,4.4526957E7,9090909.0,0.20416641092271362,-0.6900157056908824
6,5,7,5.2805961E7,9090909.0,0.17215687069874555,-0.764075640127428
9,4,11,4.2459145E7,8333333.0,0.19626709393229658,-0.7071525079474378
2,8,0,4.1099681E7,2.5E7,0.6082772272612043,-0.21589844238949701
7,5,7,5.2386643E7,9090909.0,0.1735348646027958,-0.7606132587204921
3,7,1,4.8113671E7,1.6666666E7,0.34640187816888884,-0.46041976193132716
8,5,5,5.1886243E7,9090909.0,0.17520846518025981,-0.7564449147646177
4,6,6,5.0862706E7,1.25E7,0.24575963378747487,-0.6094894488010778
0,10,2,4.7157225E7,2.5E7,0.5301414576451434,-0.27560823213935065
5,5,10,4.6843473E7,9090909.0,0.19406991876968643,-0.7120417759190234
1,9,0,5.262838E7,3.3333333E7,0.6333718233394225,-0.19834126088894857
7,5,8,3.2987502E7,9090909.0,0.2755864630186305,-0.5597421190601267
6,5,8,4.5587962E7,9090909.0,0.1994146832007976,-0.7002428670960309
9,5,0,5.4139989E7,9090909.0,0.1679148660336817,-0.7749108526970209
8,5,6,3.2145404E7,9090909.0,0.28280587171963995,-0.5485115777995861
2,8,1,4.9054671E7,2.5E7,0.5096354636646121,-0.29274035865943354
4,6,7,3.3660566E7,1.25E7,0.3713544210753913,-0.43021140132367086
0,10,3,4.6341347E7,2.5E7,0.5394750394286122,-0.26802864456623177
3,7,2,5.0813687E7,1.6666666E7,0.3279956048062405,-0.48413197586510676
1,9,1,5.0330186E7,3.3333333E7,0.6622930620602118,-0.17894979443936862
5,6,0,5.2942588E7,1.25E7,0.23610481603203834,-0.6268951541546193
6,5,9,4.2685444E7,9090909.0,0.21297445096272163,-0.671672492671234
7,5,9,4.4417671E7,9090909.0,0.20466874546393934,-0.6889484724762164
2,8,2,3.4882736E7,2.5E7,0.7166869020824513,-0.14467053247101314
4,7,0,4.2253824E7,1.6666666E7,0.3944416013092685,-0.40401728676769966
8,5,7,4.4975737E7,9090909.0,0.20212918356401807,-0.6943709781927039
9,5,1,5.4864594E7,9090909.0,0.1656971889740039,-0.7806848592537712
1,9,2,4.1112714E7,3.3333333E7,0.8107791910794311,-0.09109740614990684
0,11,0,4.7146278E7,2.0E7,0.42421164190309996,-0.3724174170431796
3,7,3,4.5999565E7,1.6666666E7,0.3623222523952129,-0.4409049925023693
5,6,1,4.4092041E7,1.25E7,0.28349787663492376,-0.5474501895724472
7,5,10,4.8196082E7,9090909.0,0.1886234030392761,-0.7244044241105414
6,5,10,5.3186145E7,9090909.0,0.17092626284533313,-0.7671912027414617
2,8,3,5.5949917E7,2.5E7,0.4468281874305551,-0.34985943793015545
8,5,8,4.8225403E7,9090909.0,0.18850872018633003,-0.7246685550538969
4,7,1,4.9835694E7,1.6666666E7,0.33443230468507174,-0.4756917782759678
9,5,2,5.0928612E7,9090909.0,0.17850297981810304,-0.7483545296483843
1,10,0,4.380283E7,2.5E7,0.570739379167967,-0.24356216150511617
0,11,1,5.4640496E7,2.0E7,0.3660288881711469,-0.4364846373426817
3,7,4,5.9564778E7,1.6666666E7,0.27980740564499373,-0.5531407952473597
7,6,0,4.7035061E7,1.25E7,0.265759196102669,-0.575511698591894
5,6,2,6.1213638E7,1.25E7,0.20420286080693326,-0.6899381779006176
6,6,0,5.2715345E7,1.25E7,0.237122606330282,-0.6250270401319452
8,5,9,6.1530901E7,9090909.0,0.14774542306799635,-0.83048596403115
4,7,2,6.1261483E7,1.6666666E7,0.2720578279177473,-0.5653387736265812
9,5,3,5.3533172E7,9090909.0,0.16981823905372168,-0.7700156668895122
2,9,0,6.7738717E7,3.3333333E7,0.49208686665854623,-0.30795822572762493
1,10,1,5.7406126E7,2.5E7,0.43549359174663693,-0.3610182312178575
3,7,5,4.5084016E7,1.6666666E7,0.3696801544920044,-0.4321738629945154
0,11,2,5.143167E7,2.0E7,0.38886545974493925,-0.41020063054335754
7,6,1,5.5171084E7,1.25E7,0.2265679608542765,-0.6448015040400127
5,6,3,5.5372429E7,1.25E7,0.22574411536109423,-0.6463835619425394
6,6,1,5.2406209E7,1.25E7,0.23852135536077415,-0.6224727315079486
8,5,10,4.4997649E7,9090909.0,0.20203075498455486,-0.6945825132098611
9,5,4,4.4784944E7,9090909.0,0.20299029513132807,-0.6925247250013846
4,7,3,4.8335876E7,1.6666666E7,0.3448094330596181,-0.46242086155468737
2,9,1,4.4969227E7,3.3333333E7,0.7412476314080293,-0.13003668137549382
3,8,0,3.939818E7,2.5E7,0.6345470780629968,-0.19753615137146985
0,11,3,3.922539E7,2.0E7,0.5098738342690793,-0.2925372746066166
7,6,2,3.0224705E7,1.25E7,0.41356896618180394,-0.38345205773244917
1,10,2,5.079759E7,2.5E7,0.4921493322813149,-0.30790309978256675
5,6,4,4.1088276E7,1.25E7,0.304223034327359,-0.5168079063167446
6,6,2,4.4123089E7,1.25E7,0.28329838828827236,-0.5477558962155346
2,9,2,3.7531349E7,3.3333333E7,0.8881464132824003,-0.051515433726876336
4,7,4,5.3924659E7,1.6666666E7,0.30907318301261766,-0.5099386752177838
3,8,1,5.3226941E7,2.5E7,0.46968695796363724,-0.3281914989248268
9,5,5,6.5434034E7,9090909.0,0.13893242467673628,-0.8571963848252903
6,6,3,3.9029868E7,1.25E7,0.32026754484539893,-0.49448706948076204
7,6,3,6.361125E7,1.25E7,0.1965061211656743,-0.706623916804736
0,11,4,6.9223938E7,2.0E7,0.2889173973315416,-0.5392263060699519
1,10,3,6.6423172E7,2.5E7,0.3763746784028923,-0.42437960256628876
8,6,0,8.2788515E7,1.25E7,0.15098712665639671,-0.821060079597055
5,6,5,7.2872185E7,1.25E7,0.17153321256937745,-0.7656517786001235
2,10,0,5.9843725E7,2.5E7,0.4177547437095535,-0.37907860988415587
3,8,2,5.7529237E7,2.5E7,0.4345616473237773,-0.36194860542147644
7,6,4,5.3759861E7,1.25E7,0.23251548213638423,-0.6335481241394418
0,12,0,5.4077321E7,1.25E7,0.23115050392381678,-0.6361051554333649
4,7,5,7.5977752E7,1.6666666E7,0.21936245231367205,-0.6588377074290039
9,5,6,6.6457714E7,9090909.0,0.136792381994963,-0.8639380879205328
5,6,6,3.7589726E7,1.25E7,0.33253767266087547,-0.47815914704675794
1,11,0,5.5376001E7,2.0E7,0.36116728616788346,-0.4422915941287193
8,6,1,5.7470395E7,1.25E7,0.21750329017227044,-0.6625341690870267
3,8,3,2.753886E7,2.5E7,0.9078080937264651,-0.04200594954528224
6,6,4,7.9438337E7,1.25E7,0.15735475429199883,-0.803120130846802
2,10,1,4.9045425E7,2.5E7,0.5097315396899915,-0.29265849356540613
9,5,7,3.4411106E7,9090909.0,0.26418531854221716,-0.5780913209125044
0,12,1,4.0510877E7,1.25E7,0.30855910623707306,-0.5106616321043864
4,8,0,4.8103645E7,2.5E7,0.5197111362351023,-0.2842379771281947
2,10,2,3.1863954E7,2.5E7,0.7845856167128537,-0.10535965776587132
6,6,5,3.5127744E7,1.25E7,0.3558440872263246,-0.4487402460975984
7,6,5,5.6639866E7,1.25E7,0.2206926125143022,-0.6562122042102132
5,6,7,5.4576563E7,1.25E7,0.2290360424492103,-0.6400961691661597
1,11,1,6.1388111E7,2.0E7,0.3257959835252139,-0.48705427405939555
3,9,0,5.2407679E7,3.3333333E7,0.6360391003005494,-0.19651618541635574
9,5,8,3.119655E7,9090909.0,0.2914075114075114,-0.5354992579167839
8,6,2,6.8939808E7,1.25E7,0.18131759229732697,-0.7415600565388268
0,12,2,3.8962876E7,1.25E7,0.3208182065410161,-0.4937409933307322
2,10,3,3.942166E7,2.5E7,0.6341691344301584,-0.19779489928916993
6,6,6,4.1997427E7,1.25E7,0.2976372814458371,-0.5263126708676636
7,6,6,4.3195966E7,1.25E7,0.28937887394392336,-0.5385331776553967
9,5,9,3.8124729E7,9090909.0,0.23845176709321658,-0.622599454794428
4,8,1,5.9654907E7,2.5E7,0.41907700903799916,-0.3777061643196148
8,6,3,3.6318812E7,1.25E7,0.3441742532767867,-0.46322162116140075
3,9,1,4.6041869E7,3.3333333E7,0.7239787116374446,-0.14027420390549744
5,7,0,5.9274558E7,1.6666666E7,0.2811773982355128,-0.5510195919598169
1,11,2,5.6743885E7,2.0E7,0.35246088631400546,-0.4528890710144316
0,12,3,4.927845E7,1.25E7,0.2536605757689213,-0.5957470261029891
6,6,7,4.0373486E7,1.25E7,0.3096091330830337,-0.5091862366549683
2,11,0,4.5931972E7,2.0E7,0.43542654776502954,-0.36108509574422093
7,6,7,5.0562274E7,1.25E7,0.24721989363057523,-0.6069165847710893
8,6,4,3.5964921E7,1.25E7,0.3475608913474327,-0.4589690976651242
3,9,2,3.8177746E7,3.3333333E7,0.8731089834376288,-0.058931543291586314
4,8,2,4.9360449E7,2.5E7,0.506478375024506,-0.29543909286642733
9,5,10,5.2775467E7,9090909.0,0.1722563440319723,-0.7638247744865617
5,7,1,4.9556554E7,1.6666666E7,0.3363160804118866,-0.4732523670975238
1,11,3,5.09987E7,2.0E7,0.39216685915523336,-0.40652911004136183
2,11,1,4.1270667E7,2.0E7,0.48460568858749,-0.31461149216372836
6,7,0,4.340067E7,1.6666666E7,0.38401863381371765,-0.41564770176233196
0,12,4,5.5861568E7,1.25E7,0.2237674388230563,-0.6502031089081343
7,7,0,4.9461615E7,1.6666666E7,0.33696162165347815,-0.47241956041429406
8,6,5,4.6259376E7,1.25E7,0.2702154910174318,-0.5682897571994694
4,8,3,3.8404714E7,2.5E7,0.650961754330471,-0.1864445265948805
3,10,0,4.5225763E7,2.5E7,0.5527822714677031,-0.2574458938668772
9,6,0,4.9370455E7,1.25E7,0.25318786306506597,-0.5965571167044603
2,11,2,3.0787558E7,2.0E7,0.6496130677204084,-0.18734524734172403
6,7,1,3.2340791E7,1.6666666E7,0.5153450328410335,-0.28790190555011336
5,7,2,4.6276726E7,1.6666666E7,0.3601522285738192,-0.44351389352281084
4,9,0,3.1725269E7,3.3333333E7,1.0506871667502646,0.02147342775235729
1,11,4,6.3725218E7,2.0E7,0.31384749440951304,-0.5032813341742265
8,6,6,4.4252013E7,1.25E7,0.2824730255773901,-0.5490230182948846
0,12,5,6.1569131E7,1.25E7,0.20302381724374183,-0.6924530109006557
7,7,1,5.1975841E7,1.6666666E7,0.32066178592473377,-0.493952792958629
3,10,1,5.1780753E7,2.5E7,0.48280487539453126,-0.31622835301907243
2,11,3,4.268828E7,2.0E7,0.4685126690510838,-0.32927866086033347
6,7,2,4.396377E7,1.6666666E7,0.3791000180375796,-0.4212461949098326
9,6,1,4.6373261E7,1.25E7,0.26955188680821907,-0.569357623851928
5,7,3,4.7003232E7,1.6666666E7,0.354585531480048,-0.4502789893402132
4,9,1,3.8592713E7,3.3333333E7,0.863720905031994,-0.06362656884712388
8,6,7,2.9601024E7,1.25E7,0.4222826885988809,-0.3743967220325455
1,12,0,4.9532495E7,1.25E7,0.2523595873779425,-0.5979801913612719
9,6,2,3.4277863E7,1.25E7,0.36466684052036735,-0.4381037256737545
7,7,2,4.429546E7,1.6666666E7,0.3762612692135944,-0.4245104838659076
0,12,6,5.3126926E7,1.25E7,0.23528558757568618,-0.628404674728149
5,7,4,4.2149678E7,1.6666666E7,0.3954162117205261,-0.402945528961562
6,7,3,4.9194617E7,1.6666666E7,0.3387904412387233,-0.47006885151677097
1,12,1,2.1647736E7,1.25E7,0.5774275887326047,-0.23850246993902713
8,7,0,4.5860845E7,1.6666666E7,0.3634182056610601,-0.43959332023081604
2,11,4,6.7590448E7,2.0E7,0.2958997993325921,-0.5288553293604129
3,10,2,7.3406365E7,2.5E7,0.34056992196793834,-0.46779371016132915
4,9,2,6.0182959E7,3.3333333E7,0.553866635238058,-0.25659479583622535
1,12,2,2.750715E7,1.25E7,0.45442730344655846,-0.34253558271089146
9,6,3,5.0283957E7,1.25E7,0.2485882326245725,-0.6045194333257912
6,7,4,3.9433767E7,1.6666666E7,0.42264960382811007,-0.3740195337753911
5,7,5,4.0630785E7,1.6666666E7,0.41019798165356636,-0.3870064808737354
7,7,3,6.1661073E7,1.6666666E7,0.27029477738734775,-0.5681623456211724
0,12,7,5.5268711E7,1.25E7,0.2261677497779892,-0.6455693228942339
8,7,1,4.3955062E7,1.6666666E7,0.37917512208263976,-0.4211601647323439
2,12,0,4.7721697E7,1.25E7,0.26193536244111354,-0.5818058659263687
4,10,0,3.9522711E7,2.5E7,0.6325477014975011,-0.19890671803200144
3,10,3,5.0124494E7,2.5E7,0.49875815205236784,-0.3021099928341657
1,12,3,4.0083019E7,1.25E7,0.3118527573983387,-0.5060504115692753
7,7,4,3.013929E7,1.6666666E7,0.5529880100028899,-0.2572842850534106
6,7,5,4.2719655E7,1.6666666E7,0.3901404634470948,-0.4087790044678411
9,6,4,4.823253E7,1.25E7,0.2591611926639552,-0.5864300300919576
5,8,0,4.8616313E7,2.5E7,0.5142306863130489,-0.2888420107371428
2,12,1,3.2888493E7,1.25E7,0.38007214255758087,-0.42013396090698907
8,7,2,4.0210143E7,1.6666666E7,0.41448910042423875,-0.3824868853497663
3,11,0,3.8916047E7,2.0E7,0.5139268127618409,-0.2890987235665435
4,10,1,4.4328693E7,2.5E7,0.5639688045844257,-0.2487449179520038
7,7,5,3.6457341E7,1.6666666E7,0.45715528184021975,-0.3399362581539647
1,12,4,4.7393867E7,1.25E7,0.2637472059412244,-0.5788121324553344
9,6,5,4.1515531E7,1.25E7,0.3010921382650748,-0.5213005840842877
6,8,0,4.8929624E7,2.5E7,0.510937913604241,-0.2916318697620757
2,12,2,3.632729E7,1.25E7,0.3440939304858689,-0.4633229878839894
8,7,3,4.2590826E7,1.6666666E7,0.3913205627897426,-0.4074673305519586
3,11,1,3.1085479E7,2.0E7,0.643387222696488,-0.19152756818927066
5,8,1,5.5091994E7,2.5E7,0.4537864430900795,-0.34314848284314303
4,10,2,3.6820622E7,2.5E7,0.6789673460703625,-0.16815111196760701
1,12,5,3.1270038E7,1.25E7,0.39974367795779464,-0.39821839599887693
6,8,1,2.6245402E7,2.5E7,0.9525478024684095,-0.021113220558037243
9,6,6,4.3730992E7,1.25E7,0.28583847354754727,-0.543879316045916
7,8,0,5.5627793E7,2.5E7,0.4494156365326232,-0.3473518212322088
2,12,3,4.9627743E7,1.25E7,0.25187524647252246,-0.5988145115357421
5,8,2,4.1003649E7,2.5E7,0.6097018340977409,-0.21488249853666602
3,11,2,4.6837627E7,2.0E7,0.4270071154544187,-0.36956488802686543
4,10,3,4.1590463E7,2.5E7,0.6010993433759081,-0.22105374644225592
8,7,4,4.9013056E7,1.6666666E7,0.3400454360568743,-0.46846304969183916
1,12,6,3.7736037E7,1.25E7,0.33124835021759175,-0.47984627605341645
6,8,2,3.2193561E7,2.5E7,0.776552801971798,-0.10982900893046882
9,6,7,2.3771747E7,1.25E7,0.5258343023758414,-0.27915108645592884
7,8,1,3.9684817E7,2.5E7,0.6299638473827409,-0.20068437329673197
3,11,3,3.4055721E7,2.0E7,0.5872728402960548,-0.23116008358118584
1,12,7,3.6815126E7,1.25E7,0.339534353352478,-0.46911627818280005
6,8,3,3.721488E7,2.5E7,0.6717743010322753,-0.17277661426832477
9,7,0,3.7747733E7,1.6666666E7,0.4415276011409745,-0.35504214225959435
5,8,3,4.5727297E7,2.5E7,0.546719391701635,-0.2622355217556765
4,11,0,4.5910033E7,2.0E7,0.4356346247888778,-0.36087760927177936
8,7,5,4.4504115E7,1.6666666E7,0.37449718975425084,-0.4265514369199243
2,12,4,5.218856E7,1.25E7,0.23951609318210734,-0.6206653008490951
7,8,2,2.8435137E7,2.5E7,0.8791939353061672,-0.05591531634451832
3,11,4,3.9233875E7,2.0E7,0.5097635652863756,-0.2926312084127341
6,9,0,3.793806E7,3.3333333E7,0.8786251326504307,-0.056196378107703365
8,8,0,3.4161322E7,2.5E7,0.7318217954211491,-0.135594660317873
5,9,0,3.764491E7,3.3333333E7,0.8854671986199463,-0.05282752224602202
9,7,1,4.0036632E7,1.6666666E7,0.41628541581619555,-0.3806088039618848
4,11,1,4.285284E7,2.0E7,0.466713524704547,-0.33094961368641584
2,12,5,4.2085647E7,1.25E7,0.29701337370434155,-0.5272239951432788
7,8,3,3.8214927E7,2.5E7,0.6541946292348013,-0.1842930256394443
3,12,0,3.466819E7,1.25E7,0.3605610791910394,-0.4430211550535313
8,8,1,2.8647974E7,2.5E7,0.8726620598022045,-0.05915390517997797
6,9,1,3.4145281E7,3.3333333E7,0.9762207843596309,-0.01045195017611036
9,7,2,3.8969927E7,1.6666666E7,0.42768019555181613,-0.3688808600113706
7,9,0,3.2086265E7,3.3333333E7,1.0388661004950248,0.016559574926210536
5,9,1,4.2832508E7,3.3333333E7,0.7782251041662095,-0.10889476373401574
2,12,6,3.8562387E7,1.25E7,0.32415005844944195,-0.48925389575082656
4,11,2,4.1689282E7,2.0E7,0.4797396126898995,-0.31899441982395677
3,12,1,2.4621405E7,1.25E7,0.5076883305400322,-0.2944028189477987
8,8,2,3.7037204E7,2.5E7,0.6749969571137173,-0.17069818496408665
2,12,7,2.6929102E7,1.25E7,0.46418183569582083,-0.3333118583036676
6,9,2,4.3043893E7,3.3333333E7,0.7744033050170439,-0.11103280220327606
3,12,2,2.4837379E7,1.25E7,0.5032737149922301,-0.2981957513670748
5,9,2,4.0493691E7,3.3333333E7,0.8231734913964746,-0.08450862357798607
9,7,3,4.4098468E7,1.6666666E7,0.3779420636562703,-0.4225747699057283
7,9,1,4.3615912E7,3.3333333E7,0.7642470711147803,-0.1167662169801875
8,8,3,2.2282222E7,2.5E7,1.1219706903557465,0.04998151183723106
4,11,3,4.5347722E7,2.0E7,0.44103648690445796,-0.35552547990681405
6,10,0,2.7565462E7,2.5E7,0.9069320151427174,-0.042425267024774706
3,12,3,2.8403555E7,1.25E7,0.4400857568709269,-0.3564626869073093
9,7,4,2.5179377E7,1.6666666E7,0.6619173302024113,-0.1791962481416663
7,9,2,3.2321084E7,3.3333333E7,1.0313185349847795,0.013392823014183493
5,10,0,3.7973349E7,2.5E7,0.6583564699547569,-0.18153889207801616
8,9,0,3.5261153E7,3.3333333E7,0.9453273691872753,-0.024417768198647376
4,11,4,2.9984748E7,2.0E7,0.6670057724013555,-0.17587040759588238
6,10,1,1.67120053E8,2.5E7,0.14959305930808914,-0.8250885560312096
7,10,0,1.52601109E8,2.5E7,0.16382580810733163,-0.7856176811121605
4,12,0,1.52896019E8,1.25E7,0.0817549082164134,-1.0874861646943843
5,10,1,1.56062113E8,2.5E7,0.16019262791860314,-0.7953574740691338
8,9,1,1.66632298E8,3.3333333E7,0.2000412489060194,-0.6988804427101553
3,12,4,1.86713362E8,1.25E7,0.06694753854841948,-1.1742653860080656
9,7,5,1.87017147E8,1.6666666E7,0.08911838442279306,-1.0500326951800614
6,10,2,1.06459872E8,2.5E7,0.2348302654356,-0.6292459309993114
3,12,5,8.7938871E7,1.25E7,0.14214419468723904,-0.8472708726374968
8,9,2,9.9849868E7,3.3333333E7,0.3338345224452375,-0.47646875413903816
7,10,1,1.20127661E8,2.5E7,0.2081119351853525,-0.6817030123568348
9,8,0,9.3637661E7,2.5E7,0.2669865920721792,-0.5735105481308467
5,10,2,1.19349856E8,2.5E7,0.20946820413423875,-0.6788818906787532
4,12,1,1.26445618E8,1.25E7,0.09885672748264,-1.0049937703647744
9,8,1,1.8677604E7,2.5E7,1.3385014480444066,0.12661884536034793
5,10,3,2.364815E7,2.5E7,1.0571651482251254,0.024142837222627247
3,12,6,4.2358557E7,1.25E7,0.2950997598903098,-0.5300311438662076
7,10,2,3.0203839E7,2.5E7,0.8277093517814077,-0.08212213794586945
6,10,3,4.6750325E7,2.5E7,0.5347556407361874,-0.27184462568550444
8,10,0,3.4757337E7,2.5E7,0.7192725955961471,-0.14310648607499077
4,12,2,2.838336E7,1.25E7,0.4403988815982322,-0.3561537925984081
9,8,2,2.1976141E7,2.5E7,1.137597360701317,0.05598857579586708
8,10,1,2.3768305E7,2.5E7,1.051820901827034,0.021941796880506854
3,12,7,3.1575131E7,1.25E7,0.39588117623328306,-0.40243514803907793
7,10,3,3.1177162E7,2.5E7,0.8018690091163525,-0.09589657094809409
5,11,0,3.576069E7,2.0E7,0.5592733249833826,-0.2523758942222452
6,11,0,3.7621764E7,2.0E7,0.5316071835440783,-0.27440915912043606
4,12,3,3.3953369E7,1.25E7,0.36815197926308874,-0.43397286032179805
8,10,2,2.2986835E7,2.5E7,1.0875790425258631,0.036460830210914875
9,8,3,4.4755569E7,2.5E7,0.5585897031048807,-0.25290707423105313
7,11,0,2.4922696E7,2.0E7,0.8024814008885716,-0.09556502444965351
4,12,4,2.7304982E7,1.25E7,0.45779191504319616,-0.33933188156783645
5,11,1,3.725852E7,2.0E7,0.5367899744810046,-0.27019560399449893
6,11,1,3.5126224E7,2.0E7,0.5693751767909924,-0.24460147083446898
9,9,0,1.9676799E7,3.3333333E7,1.6940424608697786,0.22892429164423683
8,10,3,3.9420871E7,2.5E7,0.634181827184894,-0.1977862070683118
7,11,1,3.2267035E7,2.0E7,0.6198276352320565,-0.20772906449358733
6,11,2,2.3268702E7,2.0E7,0.8595236640187321,-0.06574216201208788
4,12,5,2.5684287E7,1.25E7,0.48667887880243665,-0.3127575011339211
9,9,1,2.4439327E7,3.3333333E7,1.3639218870470533,0.13478949862263015
5,11,2,3.041968E7,2.0E7,0.6574691121011135,-0.18212464551370924
8,11,0,2.0771616E7,2.0E7,0.9628523847157583,-0.016440289632879593
9,9,2,1.773106E7,3.3333333E7,1.8799402291797558,0.2741440415242846
7,11,2,3.6010364E7,2.0E7,0.55539566331515,-0.25539751566543917
8,11,1,1.6071366E7,2.0E7,1.244449289500345,0.09497720408733117
9,10,0,1.4316339E7,2.5E7,1.7462564975584889,0.24210803506986764
4,12,6,4.152079E7,1.25E7,0.3010540021035245,-0.521355595063962
6,11,3,4.3872387E7,2.0E7,0.4558676052889486,-0.3411612683905325
5,11,3,3.8703966E7,2.0E7,0.5167429094992487,-0.2867254738423808
9,10,1,2.1309205E7,2.5E7,1.1732019096911406,0.06937276123627577
8,11,2,2.8706729E7,2.0E7,0.6967007630858953,-0.15695371378893858
4,12,7,1.649261E7,1.25E7,0.7579152117220985,-0.1203793763479627
7,11,3,3.113301E7,2.0E7,0.6424049585953944,-0.1921911154841909
5,11,4,1.6267862E7,2.0E7,1.2294178546633847,0.08969951602859778
6,11,4,2.6225189E7,2.0E7,0.7626255810777951,-0.11768863109146385
5,12,0,1.7021474E7,1.25E7,0.7343664831847113,-0.13408715274921704
6,12,0,1.6659526E7,1.25E7,0.750321467729634,-0.12475262760935613
9,10,2,3.0391465E7,2.5E7,0.8225993712379446,-0.08481162678404704
8,11,3,3.2342429E7,2.0E7,0.6183827442274048,-0.20874263776919164
7,11,4,3.5883389E7,2.0E7,0.5573609560680013,-0.2538634575066772
5,12,1,1.7475165E7,1.25E7,0.7153008283469713,-0.14551127202489658
9,10,3,2.0151347E7,2.5E7,1.2406118558724635,0.09363592717183503
6,12,1,2.1487359E7,1.25E7,0.581737383361073,-0.2352730268570181
8,11,4,2.4796565E7,2.0E7,0.8065633284287561,-0.09336152770787418
5,12,2,2.1072322E7,1.25E7,0.5931951875071005,-0.22680238098753366
7,12,0,2.9596333E7,1.25E7,0.42234962013706223,-0.3743278920873548
6,12,2,2.0934761E7,1.25E7,0.5970930358364254,-0.22395799415978687
5,12,3,1.2669908E7,1.25E7,0.9865896421663046,-0.0058634483444143
9,11,0,2.3644134E7,2.0E7,0.8458757677485671,-0.0726934163263379
8,12,0,2.8194174E7,1.25E7,0.4433540063986269,-0.35324936264989293
7,12,1,1.9260678E7,1.25E7,0.6489906533923676,-0.18776155775949022
6,12,3,2.2647401E7,1.25E7,0.5519397126407574,-0.2581083568674078
9,11,1,2.1185849E7,2.0E7,0.944026364013073,-0.02501587690371355
8,12,1,1.4568718E7,1.25E7,0.8580027425886066,-0.06651132393545033
5,12,4,3.5687685E7,1.25E7,0.350260881309617,-0.45560836390994824
7,12,2,2.260684E7,1.25E7,0.5529299981775427,-0.25732984759144717
6,12,4,2.2386362E7,1.25E7,0.5583756753330443,-0.2530735092579832
8,12,2,1.8657087E7,1.25E7,0.669986691920341,-0.17393382369165294
9,11,2,2.9618388E7,2.0E7,0.6752561955768829,-0.17053142240521554
7,12,3,1.771455E7,1.25E7,0.7056346336768363,-0.1514201114850681
5,12,5,2.2955309E7,1.25E7,0.5445363423337058,-0.26397313014459073
6,12,5,2.3120047E7,1.25E7,0.5406563403612458,-0.26707869960461766
8,12,3,2.2801467E7,1.25E7,0.548210341027619,-0.26105277651473646
5,12,6,1.8447189E7,1.25E7,0.6776100141869853,-0.16902018432727384
9,11,3,2.5819841E7,2.0E7,0.7745981084856409,-0.11092356786536542
7,12,4,2.3279343E7,1.25E7,0.5369567345607649,-0.27006070629020046
8,12,4,1.7964145E7,1.25E7,0.6958305001434802,-0.15749653886278828
6,12,6,1.8894912E7,1.25E7,0.6615537558470768,-0.1794348605933016
9,11,4,1.7327119E7,2.0E7,1.1542599782456622,0.06230363759034288
5,12,7,2.2462492E7,1.25E7,0.5564832254586891,-0.25454792243534113
6,12,7,1.8017138E7,1.25E7,0.6937838850987321,-0.1587757919744674
7,12,5,2.7765292E7,1.25E7,0.45020236055864277,-0.3465922321811117
9,12,0,1.7087237E7,1.25E7,0.7315401547950672,-0.1357618301302073
8,12,5,2.8704776E7,1.25E7,0.4354676030218804,-0.36104414915731237
7,12,6,1.1895041E7,1.25E7,1.0508580844740258,0.02154406969966666
7,12,7,1.4212E7,1.25E7,0.8795384182381086,-0.05574518580923391
8,12,6,1.7205367E7,1.25E7,0.7265174872468574,-0.13875392778934292
9,12,1,2.0522024E7,1.25E7,0.6091017143338299,-0.215310178162879
9,12,2,1.2041437E7,1.25E7,1.038082082728166,0.016231695194993147
8,12,7,1.2893204E7,1.25E7,0.9695030032876235,-0.013450841243117755
9,12,3,1.2453171E7,1.25E7,1.0037604076905393,0.0016300613792775546
9,12,4,1.1692066E7,1.25E7,1.0691010468124282,0.02901875478700033
9,12,5,1.162892E7,1.25E7,1.0749063541584256,0.031370630164389596
9,12,6,1.1851788E7,1.25E7,1.054693182159519,0.023126138614961766
9,12,7,1.1088002E7,1.25E7,1.1273446739998785,0.052056717404386464

0,-57.1134320010307
1,-58.734012333686735
2,-59.343791326066686
3,-61.656451072949636
4,-62.55200914847039
5,-62.22475537240124
6,-61.85338783677807
7,-61.39083423494288
8,-59.752209692925895
9,-57.753931555373605

-602.3748145746258


