 Number of tacts (im units) = 10
 Number of massive (im units) = 13
 Command Line curl 192.168.222.4:8080 > /dev/null 2>&1
cycle , cPeriod , count , procDur , procTime , lI , spb
0,0,0,6.6992401E7,1.25E7,0.1865883266372256,-0.7291155301266022
1,0,0,4.7666241E7,1.25E7,0.26224010406022996,-0.5813008914399326
1,0,1,1.4259787E7,1.25E7,0.8765909336513933,-0.057203025452003606
0,0,1,2.3954278E7,1.25E7,0.5218274581266862,-0.28247307242023995
2,0,0,1.4536283E7,1.25E7,0.8599172154257041,-0.0655433564475336
1,0,2,2.5722744E7,1.25E7,0.485951265541499,-0.3134072825230145
0,0,2,1.6928186E7,1.25E7,0.7384134366198482,-0.13170040922379866
2,0,1,2.1816888E7,1.25E7,0.5729506426397752,-0.2418827891189214
1,0,3,1.6771592E7,1.25E7,0.7453078992143382,-0.12766427583533546
0,0,3,1.5029948E7,1.25E7,0.8316728707245028,-0.08004746502714681
2,0,2,1.2685675E7,1.25E7,0.9853634118799355,-0.006403567810708325
1,0,4,1.9749906E7,1.25E7,0.632914404757167,-0.19865501992766568
0,0,4,2.4919666E7,1.25E7,0.501611859484794,-0.2996322041392266
2,0,3,2.6394622E7,1.25E7,0.47358132274067044,-0.3246054337990988
1,0,5,2.0242847E7,1.25E7,0.6175020736954638,-0.2093615796181187
0,0,5,2.4569252E7,1.25E7,0.5087659974345169,-0.29348192177005444
2,0,4,2.1053251E7,1.25E7,0.5937325309046094,-0.22640915520849375
1,0,6,1.4494344E7,1.25E7,0.8624053630850765,-0.06428855137926083
0,0,6,1.8482872E7,1.25E7,0.6763018214918114,-0.16985944288254248
3,0,0,1.9969729E7,1.25E7,0.6259474026913435,-0.20346215829213155
1,0,7,2.0718787E7,1.25E7,0.6033171729599807,-0.2194543126487677
2,0,5,2.7303911E7,1.25E7,0.457809871999656,-0.3393148466358089
0,0,7,1.7809859E7,1.25E7,0.7018584481774954,-0.1537504681753248
1,1,0,1.9027531E7,9090909.0,0.4777765964485881,-0.3207751276756555
2,0,6,1.7572172E7,1.25E7,0.711352017269123,-0.14791543256891088
3,0,1,2.3512724E7,1.25E7,0.531627045849728,-0.2743929329879357
0,1,0,1.9018762E7,9090909.0,0.4779968853913835,-0.3205749332241622
2,0,7,1.7264632E7,1.25E7,0.7240235413068752,-0.1402473126792913
1,1,1,2.075269E7,9090909.0,0.4380593070103201,-0.358467088208925
3,0,2,1.8361947E7,1.25E7,0.6807556954608354,-0.16700871650013074
0,1,1,1.7131825E7,9090909.0,0.5306445168567856,-0.2751963189705938
3,0,3,1.3556749E7,1.25E7,0.9220499693547473,-0.035245542257672464
1,1,2,2.1996895E7,9090909.0,0.4132814654068222,-0.3837540712535873
2,1,0,2.4703131E7,9090909.0,0.3680063470496918,-0.43414469093276864
0,1,2,2.3568027E7,9090909.0,0.38573059170375185,-0.413715916536398
3,0,4,1.6288333E7,1.25E7,0.767420459785541,-0.11496662649095554
1,1,3,1.7635528E7,9090909.0,0.5154883369525426,-0.28778115628629036
2,1,1,1.7896142E7,9090909.0,0.5079814967941135,-0.2941521065872713
3,0,5,2.2283646E7,1.25E7,0.560949496325691,-0.25107623759303793
0,1,3,2.3189109E7,9090909.0,0.3920335619622125,-0.4066767514717431
2,1,2,2.471198E7,9090909.0,0.3678745693384342,-0.4343002333097328
4,0,0,2.6628555E7,1.25E7,0.469420890468897,-0.3284375870563745
0,1,4,1.8080435E7,9090909.0,0.5028036659516212,-0.2986015645247514
1,1,4,3.6841303E7,9090909.0,0.24675861763086934,-0.6077276713870753
3,0,6,2.9920108E7,1.25E7,0.41777924063643085,-0.3790531438220476
2,1,3,1.9988241E7,9090909.0,0.4548128572194021,-0.34216726663049235
0,1,5,2.8268547E7,9090909.0,0.32159095407344424,-0.4926961758789329
4,0,1,3.7062305E7,1.25E7,0.3372699026679533,-0.47202241270475337
1,1,5,2.9062851E7,9090909.0,0.3128016931305191,-0.5047309048601067
2,1,4,2.910918E7,9090909.0,0.3123038505378716,-0.505422661120295
0,1,6,2.2468997E7,9090909.0,0.4045978999418621,-0.3929763757570775
3,0,7,4.5003722E7,1.25E7,0.27775480436929195,-0.5563384202609848
2,1,5,1.9394533E7,9090909.0,0.4687356483396636,-0.32907201620781373
4,0,2,3.2813499E7,1.25E7,0.3809407829381438,-0.4191425299464089
1,1,6,3.7667492E7,9090909.0,0.24134627811164067,-0.6173593942061352
3,1,0,1.6318107E7,9090909.0,0.5571056128017791,-0.2540624660306644
0,1,7,2.4370528E7,9090909.0,0.37302880758266704,-0.4282576280007237
2,1,6,2.3724275E7,9090909.0,0.38319017124864724,-0.4165856390173451
4,0,3,2.216289E7,1.25E7,0.5640058674658405,-0.24871637794080226
5,0,0,2.5798841E7,1.25E7,0.4845178897765214,-0.31469018293150436
1,1,7,2.8871659E7,9090909.0,0.3148731079152743,-0.5018644291783865
3,1,1,2.8832683E7,9090909.0,0.3152987531545365,-0.5012777466614682
0,1,8,4.389617E7,9090909.0,0.20710027776910833,-0.683819318617363
2,1,7,4.1738681E7,9090909.0,0.2178053733897341,-0.6619314101416565
1,1,8,2.9974183E7,9090909.0,0.30329130238512253,-0.5181400439600535
3,1,2,2.9268254E7,9090909.0,0.31060646801821523,-0.5077895048361396
5,0,1,3.2633961E7,1.25E7,0.3830365550783124,-0.4167597771770023
4,0,4,4.8565901E7,1.25E7,0.25738223203148236,-0.5894214372180535
0,1,9,2.6924813E7,9090909.0,0.3376405622575726,-0.4715453851907754
2,1,8,2.3241075E7,9090909.0,0.39115699252293623,-0.4076489016777497
5,0,2,2.8459901E7,1.25E7,0.4392144582653327,-0.35732337201538517
3,1,3,3.2703434E7,9090909.0,0.27798025736379856,-0.5559860473280662
1,1,9,3.4783593E7,9090909.0,0.2613562376951685,-0.582767130292598
2,1,9,2.2031399E7,9090909.0,0.4126342135603826,-0.38443476534867327
0,1,10,2.756483E7,9090909.0,0.3298010181815016,-0.48174800790943473
4,0,5,4.2544631E7,1.25E7,0.2938091060185714,-0.5319347482587196
5,0,3,2.89257E7,1.25E7,0.4321416594931151,-0.36437386464023686
1,1,10,2.9936499E7,9090909.0,0.3036730848186356,-0.5175936988052977
2,1,10,2.2148719E7,9090909.0,0.41044852300487444,-0.38674130279980323
3,1,4,3.2065628E7,9090909.0,0.2835094637784733,-0.5474324394230342
6,0,0,3.3298453E7,1.25E7,0.37539281479533,-0.4255140442469134
4,0,6,3.0330968E7,1.25E7,0.4121200483941033,-0.38497625784827194
0,2,0,4.1312325E7,8333333.0,0.2017154202771207,-0.69526090057117
2,2,0,2.9080532E7,8333333.0,0.2865605416021963,-0.5427836106734951
1,2,0,3.1894685E7,8333333.0,0.26127654184388405,-0.5828995807245905
3,1,5,3.3257553E7,9090909.0,0.273348703676425,-0.5632829813572432
5,0,4,4.0392147E7,1.25E7,0.30946609498128436,-0.509386925219398
6,0,1,2.9827076E7,1.25E7,0.41908231299641974,-0.37770066779929035
0,2,1,2.6230464E7,8333333.0,0.31769674375565754,-0.49798723646714566
4,0,7,3.7316331E7,1.25E7,0.33497398230281533,-0.47498892365307194
2,2,1,2.4998953E7,8333333.0,0.33334728058411084,-0.47710308345766733
1,2,1,3.3797808E7,8333333.0,0.246564303815206,-0.6080697978871659
6,0,2,2.5571562E7,1.25E7,0.4888242650175222,-0.31084724404689745
3,1,6,3.475627E7,9090909.0,0.2615616980763471,-0.5824258518307845
5,0,5,3.9147843E7,1.25E7,0.31930239425962753,-0.49579782493112823
2,2,2,2.4857575E7,8333333.0,0.3352432005133244,-0.47464002185664483
0,2,2,3.6328651E7,8333333.0,0.22938735049644426,-0.6394305348264778
4,1,0,3.5141212E7,9090909.0,0.2586965128009814,-0.5872094254832961
1,2,2,3.008193E7,8333333.0,0.2770212217101762,-0.5574869597492885
6,0,3,3.6132528E7,1.25E7,0.34594866985227274,-0.4609883348882907
3,1,7,3.9744726E7,9090909.0,0.2287324612578786,-0.6406721968066186
5,0,6,4.1721824E7,1.25E7,0.29960339221986076,-0.523453273702789
2,2,3,4.1475697E7,8333333.0,0.20092086698386286,-0.6969749565054448
0,2,3,4.6928415E7,8333333.0,0.17757541992415468,-0.7506171496502615
7,0,0,5.5575094E7,1.25E7,0.22492089711985014,-0.6479701929315147
4,1,1,5.4885833E7,9090909.0,0.16563306964841001,-0.7808529493627289
1,2,3,4.7663445E7,8333333.0,0.1748369846115823,-0.757366692332485
3,1,8,4.3084886E7,9090909.0,0.2109999548333492,-0.6757176376673751
5,0,7,3.7739038E7,1.25E7,0.3312220094216498,-0.4798808124282628
6,0,4,5.0782178E7,1.25E7,0.24614934790705512,-0.60880131041222
2,2,4,3.3808701E7,8333333.0,0.24648486198863423,-0.6082097480162965
7,0,1,2.9946919E7,1.25E7,0.41740520953090365,-0.37944213491501605
0,2,4,4.2115316E7,8333333.0,0.19786941643747846,-0.7036213270612653
4,1,2,3.6784577E7,9090909.0,0.24713914747476912,-0.6070584557891047
1,2,4,3.6933631E7,8333333.0,0.22562994144821558,-0.64660326930343
6,0,5,2.9987261E7,1.25E7,0.4168436723847503,-0.38002678663244743
2,2,5,3.8427492E7,8333333.0,0.2168586229879379,-0.663823304243266
0,2,5,2.3666951E7,8333333.0,0.3521084317113768,-0.4533235750380814
5,1,0,4.9619241E7,9090909.0,0.1832133828891095,-0.7370428063089274
3,1,9,5.213506E7,9090909.0,0.17437227462670993,-0.7585225671892415
7,0,2,3.5047282E7,1.25E7,0.35666103865058635,-0.44774433003149633
1,2,5,4.1551408E7,8333333.0,0.20055476820424473,-0.6977670081765996
4,1,3,5.2848984E7,9090909.0,0.1720167222136191,-0.7644293320919197
2,2,6,4.2100756E7,8333333.0,0.19793784700683284,-0.7034711579173158
8,0,0,5.4248789E7,1.25E7,0.23041989011035804,-0.6374800348307091
0,2,6,5.6572749E7,8333333.0,0.14730295322930126,-0.8317885460403812
3,1,10,5.2080142E7,9090909.0,0.17455614848361972,-0.7580648491959513
5,1,1,5.3553208E7,9090909.0,0.16975470451742125,-0.7701781810083189
4,1,4,2.7868479E7,9090909.0,0.3262075766675318,-0.4865059560281572
7,0,3,5.4542877E7,1.25E7,0.2291774964492614,-0.6398280291467071
1,2,6,4.0156607E7,8333333.0,0.20752084457733194,-0.6829382737458837
2,2,7,2.8179429E7,8333333.0,0.2957239836193984,-0.5291134521692651
8,0,1,2.8968574E7,1.25E7,0.4315020822219278,-0.36501710424700684
6,0,6,9.0040704E7,1.25E7,0.13882610247027832,-0.8575288689459257
0,2,7,3.8679989E7,8333333.0,0.21544300335762764,-0.6666676053236472
5,1,2,4.9209268E7,9090909.0,0.1847397730037358,-0.7334395943457528
8,0,2,3.8795873E7,1.25E7,0.32219921948914515,-0.49187551597132556
6,0,7,4.0087333E7,1.25E7,0.31181919735094377,-0.5060971507028826
7,0,4,5.8657908E7,1.25E7,0.21309999667904966,-0.6714165570538432
2,2,8,5.9956598E7,8333333.0,0.13898942364942055,-0.8570182459721768
1,2,7,6.4074484E7,8333333.0,0.130056966202022,-0.8858663808608598
4,1,5,6.817896E7,9090909.0,0.1333389215675921,-0.875043061728363
3,2,0,7.4749743E7,8333333.0,0.11148309901212637,-0.9527909672536815
9,0,0,4.3986449E7,1.25E7,0.2841784295886217,-0.5464088900473882
6,1,0,3.1688149E7,9090909.0,0.2868867159138894,-0.5422895609867042
8,0,3,6.0907514E7,1.25E7,0.20522919388895103,-0.6877608606993192
2,2,9,4.6352469E7,8333333.0,0.17978185800631247,-0.7452541355464701
4,1,6,4.3619263E7,9090909.0,0.20841500692022238,-0.6810710128773412
9,0,1,3.5934851E7,1.25E7,0.3478517275610799,-0.4586058354330208
1,2,8,4.4036213E7,8333333.0,0.1892381844914775,-0.7229912271269353
5,1,3,6.4097795E7,9090909.0,0.1418287321740163,-0.8482357793038605
0,2,8,7.9362685E7,8333333.0,0.10500316364044388,-0.9787976158739724
3,2,1,4.3773533E7,8333333.0,0.19037378134408298,-0.720392863733296
7,0,5,7.1615892E7,1.25E7,0.1745422650045328,-0.758099392568979
6,1,1,4.6923219E7,9090909.0,0.19374009698695224,-0.7127804871898439
4,1,7,2.7586807E7,9090909.0,0.32953828255658585,-0.4820941260249849
8,0,4,2.9670391E7,1.25E7,0.4212954254630483,-0.3754132565316886
1,2,9,3.132754E7,8333333.0,0.2660066190961691,-0.5751075565975945
9,0,2,4.4109E7,1.25E7,0.2833888775533338,-0.547617198943898
1,2,10,2.0500774E7,8333333.0,0.4064887013534221,-0.3909515214304471
5,1,4,5.5949612E7,9090909.0,0.16248386137154983,-0.7891897686257129
2,2,10,5.986695E7,8333333.0,0.13919755390912683,-0.8563683964287785
0,2,9,6.3336813E7,8333333.0,0.13157171327834258,-0.8808374700502466
7,0,6,4.8450636E7,1.25E7,0.2579945493388363,-0.5883894692967382
8,0,5,4.0946086E7,1.25E7,0.30527948385591724,-0.5153023812485241
6,1,2,4.9200254E7,9090909.0,0.18477361925814448,-0.7333600343521411
3,2,2,7.5427562E7,8333333.0,0.11048127208459953,-0.9567113339212647
9,0,3,3.8943522E7,1.25E7,0.3209776455247165,-0.4935252129637418
5,1,5,3.448867E7,9090909.0,0.26359117356511574,-0.5790691363243994
1,2,11,4.4385034E7,8333333.0,0.18775096578725162,-0.7264178203158298
2,2,11,4.2500529E7,8333333.0,0.19607598296011797,-0.7075755991250369
0,2,10,4.8326633E7,8333333.0,0.1724376908277471,-0.7633678015655515
3,2,3,3.6069956E7,8333333.0,0.2310325246861959,-0.6363268759631943
9,0,4,3.5532446E7,1.25E7,0.3517911488558936,-0.45371509168754426
5,1,6,2.9553847E7,9090909.0,0.3076049287255226,-0.512006710154259
6,1,3,4.8824941E7,9090909.0,0.18619395771517674,-0.7300344166604492
7,0,7,5.3692569E7,1.25E7,0.2328068899068696,-0.6330041709110832
8,0,6,6.2204441E7,1.25E7,0.20095028263335732,-0.6969113786432767
2,3,0,3.6680948E7,7692307.0,0.20970851135036095,-0.678383942651101
1,3,0,4.3141903E7,7692307.0,0.17830244994060646,-0.7488426894192809
0,2,11,4.6672641E7,8333333.0,0.17854856338641734,-0.7482436398193459
3,2,4,4.8638588E7,8333333.0,0.17133172122513096,-0.7661622221037079
9,0,5,4.7684396E7,1.25E7,0.2621402607259616,-0.5814662729551968
7,1,0,4.7264282E7,9090909.0,0.1923420522922574,-0.7159257543372937
5,1,7,4.9436674E7,9090909.0,0.18388998013903604,-0.7354419341054726
6,1,4,5.7597112E7,9090909.0,0.15783619498144283,-0.8017933973357022
8,0,7,4.9208982E7,1.25E7,0.2540186667547807,-0.5951343677473088
2,3,1,4.3910261E7,7692307.0,0.17518244767436023,-0.756509409926172
1,3,1,5.1432907E7,7692307.0,0.1495600277853243,-0.8251844628344006
0,3,0,3.6404465E7,7692307.0,0.2113011961582185,-0.6750980444363597
3,2,5,4.0332853E7,8333333.0,0.20661402256864894,-0.6848402069329284
7,1,1,4.0340071E7,9090909.0,0.22535679225750496,-0.6471293477527573
5,1,8,4.2719662E7,9090909.0,0.21280386066724966,-0.6720204973766419
9,0,6,4.9214238E7,1.25E7,0.2539915379772821,-0.5951807521634874
6,1,5,4.4931964E7,9090909.0,0.20232609907726268,-0.6939480917514542
8,1,0,4.6833934E7,9090909.0,0.19410944636852415,-0.711953329084085
2,3,2,4.567603E7,7692307.0,0.1684101486052969,-0.7736317409214253
0,3,1,3.7595893E7,7692307.0,0.2046049817196788,-0.6890837962982094
1,3,2,4.4687583E7,7692307.0,0.17213522154465144,-0.7641302571714158
7,1,2,3.7793908E7,9090909.0,0.24053900432842246,-0.6188144910525682
3,2,6,4.4314215E7,8333333.0,0.18805101252498774,-0.7257243238590714
5,1,9,5.0254974E7,9090909.0,0.18089570596534385,-0.7425717421379195
9,0,7,4.8493975E7,1.25E7,0.25776397995833505,-0.5887777712273131
6,1,6,5.2187889E7,9090909.0,0.17419576024621344,-0.7589624195010404
0,3,2,4.4791252E7,7692307.0,0.1717368159300392,-0.7651365933578341
1,3,3,4.3329368E7,7692307.0,0.1775310223772477,-0.7507257458762677
8,1,1,5.3468614E7,9090909.0,0.1700232775811245,-0.7694916160747961
2,3,3,5.8062984E7,7692307.0,0.1324821163169981,-0.8778427429274533
4,1,8,2.70544941E8,9090909.0,0.033602213984847716,-1.4736321068445222
3,2,7,5.5034645E7,8333333.0,0.15141976476817468,-0.8198174328312275
7,1,3,6.2745776E7,9090909.0,0.14488479670727158,-0.838977184249665
5,1,10,5.8194541E7,9090909.0,0.15621583818317253,-0.8062749366120281
0,3,3,4.6327451E7,7692307.0,0.16604209456721458,-0.7797817967748135
9,1,0,6.0424427E7,9090909.0,0.15045089298074768,-0.8226052302206088
1,3,4,4.7128336E7,7692307.0,0.16322042433240164,-0.7872254974212648
4,1,9,3.9403421E7,9090909.0,0.23071369869128877,-0.6369266183553138
6,1,7,6.4611423E7,9090909.0,0.1407012657808202,-0.8517019955350283
2,3,4,5.5872384E7,7692307.0,0.13767636977867276,-0.8611405939143417
7,1,4,4.3675361E7,9090909.0,0.208147312165319,-0.6816291928449771
3,2,8,5.5503014E7,8333333.0,0.1501419904872193,-0.8234978308308601
8,1,2,8.3833908E7,9090909.0,0.10843952306267292,-0.964812401195802
5,2,0,6.1019226E7,8333333.0,0.13656897253990077,-0.8646479579407895
1,3,5,5.8591147E7,7692307.0,0.1312878718691068,-0.8817753913789245
4,1,10,4.8765548E7,9090909.0,0.18642072883093613,-0.7295057984392971
9,1,1,6.5212E7,9090909.0,0.13940546218487396,-0.8557202093780698
2,3,5,4.7346288E7,7692307.0,0.16246906198855546,-0.7892293269119286
7,1,5,3.7505903E7,9090909.0,0.24238608519837532,-0.6154923155908157
0,3,4,6.8529299E7,7692307.0,0.11224844135644814,-0.9498196807477437
3,2,9,4.3817327E7,8333333.0,0.1901835089118969,-0.7208271440708867
6,1,8,6.370441E7,9090909.0,0.14270454745597674,-0.8455621873368583
8,1,3,4.8279256E7,9090909.0,0.18829844850964564,-0.7251532583501729
7,1,6,4.333463E7,9090909.0,0.20978393031162376,-0.6782277823211057
5,2,1,5.3291397E7,8333333.0,0.15637295077852809,-0.8058383685625287
0,3,5,4.3404017E7,7692307.0,0.1772256931887203,-0.7514733163022258
4,2,0,5.1890314E7,8333333.0,0.16059515461787338,-0.7942675621361994
1,3,6,5.5267283E7,7692307.0,0.1391837373297327,-0.8564115061087996
9,1,2,5.2369242E7,9090909.0,0.17359252593344773,-0.7604689774068627
2,3,6,5.4907878E7,7692307.0,0.14009477838498877,-0.8535780514440376
3,2,10,4.3154017E7,8333333.0,0.19310677381435892,-0.7142024917379536
8,1,4,5.3186082E7,9090909.0,0.17092646531098116,-0.7671906883110858
6,1,9,6.3353257E7,9090909.0,0.14349552699397916,-0.8431616364359763
7,1,7,4.504939E7,9090909.0,0.2017987146995775,-0.695081604207427
0,3,6,5.5711604E7,7692307.0,0.1380736946651186,-0.8598890538614152
9,1,3,5.0555144E7,9090909.0,0.17982164188870672,-0.7451580412611362
5,2,2,6.1031524E7,8333333.0,0.1365414535609499,-0.8647354781494981
1,3,7,5.9090695E7,7692307.0,0.13017797472173917,-0.8854624893928068
2,3,7,6.6444953E7,7692307.0,0.1157696206060978,-0.9364053899528572
7,1,8,3.2656165E7,9090909.0,0.27838262698635924,-0.5553578712144341
4,2,1,7.714593E7,8333333.0,0.10802038422506541,-0.9664942822804414
3,2,11,7.0018465E7,8333333.0,0.11901621950723998,-0.9243938490067017
8,1,5,5.0693177E7,9090909.0,0.17933200359488222,-0.7463421993146826
0,3,7,3.4275384E7,7692307.0,0.22442657389338075,-0.6489257204463396
9,1,4,3.9210962E7,9090909.0,0.23184610976899775,-0.6348001868936111
5,2,3,4.0092509E7,8333333.0,0.20785261905160388,-0.6822444987858964
1,3,8,4.6285146E7,7692307.0,0.16619385839249595,-0.7793850293818244
2,3,8,4.3093374E7,7692307.0,0.1785032427491057,-0.7483538899425397
7,1,9,4.5216876E7,9090909.0,0.20105124024932639,-0.6966932434674254
4,2,2,4.8490393E7,8333333.0,0.17185534050012752,-0.7648369673748905
3,3,0,4.8376531E7,7692307.0,0.1590090657802644,-0.7985781140059504
8,1,6,5.1144155E7,9090909.0,0.177750693114394,-0.7501886971232608
9,1,5,3.835822E7,9090909.0,0.23700028312054106,-0.625251135181393
5,2,4,4.2279351E7,8333333.0,0.1971017246693309,-0.7053095755627865
1,3,9,4.3217044E7,7692307.0,0.17799243742815912,-0.7495984496742083
2,3,9,4.3619105E7,7692307.0,0.17635178438438845,-0.7536201416422365
7,1,10,4.5130989E7,9090909.0,0.20143385291202015,-0.6958675402501292
8,1,7,4.0204063E7,9090909.0,0.22611916114050462,-0.6456626343596533
4,2,3,5.2628075E7,8333333.0,0.15834386874306156,-0.8003987483489534
3,3,1,5.198836E7,7692307.0,0.14796210151657024,-0.8298495089964878
5,2,5,4.0470395E7,8333333.0,0.2059118276458631,-0.6863187066417886
9,1,6,5.1949659E7,9090909.0,0.17499458466127757,-0.7569753906743588
1,3,10,3.5973498E7,7692307.0,0.21383261088482416,-0.6699260613006762
2,3,10,3.2714343E7,7692307.0,0.23513561009004522,-0.6286815942077711
8,1,8,2.8742654E7,9090909.0,0.31628634572158854,-0.49991955644269337
7,2,0,3.6384187E7,8333333.0,0.22903721883355535,-0.6400939385307011
5,2,6,3.031249E7,8333333.0,0.2749141690438496,-0.5608028760933133
4,2,4,3.4388562E7,8333333.0,0.24232862659392387,-0.6155952790633942
9,1,7,4.1866045E7,9090909.0,0.21714277047187047,-0.6632546254149918
1,3,11,3.9542112E7,7692307.0,0.19453455091119057,-0.7110032532716042
8,1,9,2.7698489E7,9090909.0,0.3282095640668341,-0.48384876770421903
2,3,11,3.5928782E7,7692307.0,0.21409874122646294,-0.669385886091868
3,3,2,5.0210776E7,7692307.0,0.15320032098289021,-0.8147403247755299
7,2,1,3.689776E7,8333333.0,0.2258492927483945,-0.646181265102368
5,2,7,4.0620646E7,8333333.0,0.20515018397294815,-0.6879280892337472
4,2,5,4.153379E7,8333333.0,0.20063984047687436,-0.6975828261446365
3,3,3,2.3325096E7,7692307.0,0.3297867241360979,-0.4817668312581588
9,1,8,3.9045558E7,9090909.0,0.2328282515516874,-0.632964323212105
1,3,12,4.1395791E7,7692307.0,0.18582340895478963,-0.7308995769973039
5,2,8,1.9184428E7,8333333.0,0.43438006074510016,-0.3621301182882725
7,2,2,3.470959E7,8333333.0,0.24008733609356953,-0.6196307471055318
2,3,12,4.3247434E7,7692307.0,0.1778673620266118,-0.7499037359641114
8,1,10,5.4337012E7,9090909.0,0.16730601601722228,-0.7764884423244689
4,2,6,2.873688E7,8333333.0,0.28998739598731665,-0.5376208778669552
9,1,9,2.8349574E7,9090909.0,0.32067180268740547,-0.4939392267745636
3,3,4,4.603156E7,7692307.0,0.16710941362838888,-0.7769990846864359
1,4,0,3.5090106E7,8333333.0,0.23748383661194983,-0.6243659435511842
4,2,7,2.5680864E7,8333333.0,0.32449581914377956,-0.4887908943473813
7,2,3,3.563966E7,8333333.0,0.23382189953551746,-0.6311148156633611
5,2,9,3.8614256E7,8333333.0,0.21580975171449632,-0.6659289349074727
2,4,0,4.0059598E7,8333333.0,0.20802338056412847,-0.6818878502327353
9,1,10,2.6808867E7,9090909.0,0.3391008280954208,-0.46967114965915163
3,3,5,3.2152103E7,7692307.0,0.23924739852942123,-0.6211527758518907
8,2,0,5.389543E7,8333333.0,0.1546204010247251,-0.8107332046743032
1,4,1,3.3421564E7,8333333.0,0.24934000694880706,-0.6032080327552517
5,2,10,3.9860444E7,8333333.0,0.2090627239375457,-0.6797233953572808
2,4,1,3.4723876E7,8333333.0,0.23998856003287192,-0.6198094600926098
0,3,8,2.6598306E8,7692307.0,0.02892028913420276,-1.5387973694424761
7,2,4,5.119071E7,8333333.0,0.16278994762916943,-0.7883724165473758
4,2,8,5.2521312E7,8333333.0,0.158665743155845,-0.79951682979426
9,2,0,4.3385392E7,8333333.0,0.19207693225406378,-0.7165247892055655
3,3,6,4.1644696E7,7692307.0,0.1847127663028204,-0.7335030875415223
8,2,1,4.1875509E7,8333333.0,0.1990025482436524,-0.7011413623788806
1,4,2,4.1998542E7,8333333.0,0.1984195784701288,-0.7024154773328898
9,2,1,2.5554084E7,8333333.0,0.3261057214964152,-0.4866415814684273
2,4,2,5.010026E7,8333333.0,0.16633312881010998,-0.7790212431044605
5,2,11,5.3017344E7,8333333.0,0.15718126128687246,-0.8035992305917253
7,2,5,4.4228721E7,8333333.0,0.1884145146317932,-0.7248856441031916
0,3,9,5.4649796E7,7692307.0,0.14075637171637384,-0.8515319365218875
9,2,2,2.2439573E7,8333333.0,0.37136771720210543,-0.43019585194345
8,2,2,4.0263779E7,8333333.0,0.20696847655556624,-0.6840957970576453
4,2,9,6.2917411E7,8333333.0,0.13244875889759672,-0.8779521068756257
1,4,3,4.6123E7,8333333.0,0.18067630032738546,-0.7430988109811977
5,3,0,3.152554E7,7692307.0,0.24400238663635895,-0.6126059257189269
2,4,3,3.5220047E7,8333333.0,0.2366076626757483,-0.6259711946028212
7,2,6,4.1064558E7,8333333.0,0.20293248986145182,-0.6926484160620001
1,4,4,2.375138E7,8333333.0,0.3508567923211199,-0.45487011144234
0,3,10,4.2852024E7,7692307.0,0.1795086038409761,-0.7459147308677785
4,2,10,2.9442948E7,8333333.0,0.2830332411007213,-0.5481625553632267
5,3,1,2.0223361E7,7692307.0,0.38036738799253,-0.41979672575679716
8,2,3,4.5488813E7,8333333.0,0.18319521769011646,-0.7370858677746208
2,4,4,3.2989597E7,8333333.0,0.25260487419715977,-0.5975582736678333
4,2,11,2.4626697E7,8333333.0,0.3383861424859371,-0.47058743039990997
1,4,5,3.0156853E7,8333333.0,0.27633297811280244,-0.5585672824459229
0,3,11,2.7761534E7,7692307.0,0.27708508470749493,-0.5573868513508281
5,3,2,2.5650512E7,7692307.0,0.29988902365769543,-0.5230394297127369
7,2,7,3.5892116E7,8333333.0,0.23217725586309818,-0.6341803261002222
8,2,4,3.0569119E7,8333333.0,0.27260625338924555,-0.5644641859874314
2,4,5,2.7430781E7,8333333.0,0.303794959392516,-0.5174194362868487
4,3,0,3.1741711E7,7692307.0,0.2423406539111896,-0.6155737245818879
0,3,12,3.0657486E7,7692307.0,0.250911213006833,-0.6004799300039264
1,4,6,3.2188751E7,8333333.0,0.258889604011041,-0.5868853887744302
7,2,8,2.9734471E7,8333333.0,0.280258323748218,-0.5524414798775505
5,3,3,3.1911067E7,7692307.0,0.2410545219312159,-0.6178847171934007
8,2,5,2.2149294E7,8333333.0,0.3762347007538931,-0.42454115123398994
2,4,6,2.457509E7,8333333.0,0.3390967438979878,-0.4696763804192765
4,3,1,2.6532657E7,7692307.0,0.2899184578461177,-0.5377241341257375
8,2,6,2.1888519E7,8333333.0,0.3807170782089003,-0.4193976411642816
1,4,7,4.2739973E7,8333333.0,0.19497749799701558,-0.7100155068919399
2,4,7,3.7773184E7,8333333.0,0.2206150532610648,-0.6563648576022142
0,4,0,4.8307876E7,8333333.0,0.17250464499826074,-0.763199206272138
7,2,9,5.4523947E7,8333333.0,0.15283803646863645,-0.8157685503889802
5,3,4,5.3479036E7,7692307.0,0.1438378021623277,-0.842126961567921
4,3,2,4.0842867E7,7692307.0,0.1883390556299586,-0.7250596115510496
8,2,7,4.1154687E7,8333333.0,0.20248806654755994,-0.69360056645059
1,4,8,2.7298976E7,8333333.0,0.30526174315109844,-0.5153276201345133
0,4,1,2.2912266E7,8333333.0,0.3637061912601748,-0.43924930601912854
2,4,8,3.2896733E7,8333333.0,0.2533179510561125,-0.5963340333899533
5,3,5,3.2065939E7,7692307.0,0.23989027734381957,-0.6199873534556604
7,2,10,3.3894372E7,8333333.0,0.24586184986699267,-0.6093088550662148
8,2,8,2.6404455E7,8333333.0,0.31560329497427614,-0.5008584713001453
4,3,3,3.2546874E7,7692307.0,0.2363454935795063,-0.6264526740135389
1,4,9,3.6093783E7,8333333.0,0.2308800105547263,-0.6366136663967207
2,4,9,3.0526237E7,8333333.0,0.27298919942212335,-0.5638545350990327
0,4,2,4.3274553E7,8333333.0,0.19256889840086852,-0.7154138539902668
7,2,11,2.9517748E7,8333333.0,0.28231601543586593,-0.5492644841692971
3,3,7,2.55311727E8,7692307.0,0.03012907824637448,-1.5210141547068836
5,3,6,3.6757845E7,7692307.0,0.20926980349364876,-0.6792934334968993
8,2,9,3.0339777E7,8333333.0,0.27466691663554416,-0.5611936477796289
4,3,4,3.5961841E7,7692307.0,0.21390192454273962,-0.669785307927154
1,4,10,3.2973929E7,8333333.0,0.2527249027557499,-0.5973519618927342
7,3,0,3.1158927E7,7692307.0,0.2468732957331939,-0.6075258851306266
0,4,3,3.6412316E7,8333333.0,0.22886028452570828,-0.6404295664684733
9,2,3,2.51926561E8,8333333.0,0.03307842161192364,-1.4804552216583693
2,4,10,4.1957896E7,8333333.0,0.1986117940708943,-0.7019949655696208
3,3,8,3.3918398E7,7692307.0,0.2267886295809136,-0.6443787232978886
5,3,7,3.6332829E7,7692307.0,0.21171781035823,-0.6742426062463068
8,2,10,3.8513443E7,8333333.0,0.21637465650630092,-0.6647936085563486
1,4,11,3.4510062E7,8333333.0,0.24147545721592734,-0.6171270029552752
6,1,10,6.64893256E8,9090909.0,0.013672734559966721,-1.8641446174340017
4,3,5,5.0319901E7,7692307.0,0.15286808692250806,-0.8156831693950217
2,4,11,3.3842772E7,8333333.0,0.2462367148884849,-0.6086471915156847
0,4,4,5.1033379E7,8333333.0,0.1632918133835504,-0.787035588021892
3,3,9,5.3254385E7,7692307.0,0.14444457484580847,-0.8402987650608685
7,3,1,6.0070586E7,7692307.0,0.12805446912071075,-0.8926052599866945
5,3,8,5.038416E7,7692307.0,0.15267312187004806,-0.8162374138340872
9,2,4,5.8702101E7,8333333.0,0.1419597060077969,-0.8478349087279651
8,2,11,5.341209E7,8333333.0,0.1560196015546293,-0.8068208355414794
1,5,0,5.6670406E7,9090909.0,0.16041722023307897,-0.7947490135407256
4,3,6,5.4184758E7,7692307.0,0.14196440630038432,-0.8478205294551542
0,4,5,3.8421351E7,8333333.0,0.2168932841533865,-0.6637538951977962
6,2,0,6.1777394E7,8333333.0,0.13489291892111863,-0.8700108476164539
2,5,0,7.0005457E7,9090909.0,0.12986000505646295,-0.8865245845527907
9,2,5,5.1546016E7,8333333.0,0.16166783869387694,-0.7913763676445843
8,3,0,4.8603211E7,7692307.0,0.15826746508579442,-0.8006083535263245
3,3,10,6.302789E7,7692307.0,0.12204608150455298,-0.9134761597803361
7,3,2,6.12207E7,7692307.0,0.12564879199355775,-0.900841682424003
1,5,1,4.3284393E7,9090909.0,0.21002741103473485,-0.6777240210553233
4,3,7,3.4997634E7,7692307.0,0.21979505814593067,-0.6579820764442854
5,3,9,6.7150942E7,7692307.0,0.11455248088701421,-0.9409955007663926
0,4,6,4.8651554E7,8333333.0,0.1712860600506204,-0.7662779802302753
6,2,1,5.0333437E7,8333333.0,0.1655625662916681,-0.7810378504660557
2,5,1,4.0237463E7,9090909.0,0.22593146590777852,-0.6460232798434085
9,2,6,5.5280961E7,8333333.0,0.1507450820183824,-0.8217568475932425
3,3,11,5.0404078E7,7692307.0,0.15261279057619107,-0.8164090663557468
1,5,2,5.194802E7,9090909.0,0.17500010587506512,-0.7569616885654619
6,2,2,3.1212603E7,8333333.0,0.2669861594049045,-0.5735112519308415
8,3,1,6.0978706E7,7692307.0,0.1261474292353793,-0.8991215955646804
7,3,3,5.6733548E7,7692307.0,0.13558656687573992,-0.8677833356955577
4,3,8,5.4206797E7,7692307.0,0.1419066874584012,-0.8479971376091485
5,3,10,6.5595857E7,7692307.0,0.11726818356836165,-0.9308198018229933
2,5,2,5.6227831E7,9090909.0,0.16167988055594745,-0.7913440203358504
0,4,7,7.3936112E7,8333333.0,0.11270991636671401,-0.94803787247308
3,3,12,4.4341607E7,7692307.0,0.17347830898415567,-0.7607548198782984
9,2,7,4.8146619E7,8333333.0,0.17308241311814646,-0.7617470584895515
7,3,4,4.2889506E7,7692307.0,0.17935172766970084,-0.7462944354708484
4,3,9,5.0727352E7,7692307.0,0.15164022360165774,-0.8191855838545815
5,3,11,3.8834187E7,7692307.0,0.19808080442111484,-0.7031576089536861
1,5,3,6.1574475E7,9090909.0,0.14764086904516846,-0.8307934071203089
6,2,3,6.1634721E7,8333333.0,0.13520517112424343,-0.8690066978339036
8,3,2,6.1452015E7,7692307.0,0.12517583027993467,-0.9024795192835714
0,4,8,3.4775075E7,8333333.0,0.23963522724250055,-0.6204493387348478
2,5,3,4.4295232E7,9090909.0,0.20523448212213902,-0.6877496701817318
3,4,0,4.2733109E7,8333333.0,0.1950088162319292,-0.709945753999908
9,2,8,4.2804575E7,8333333.0,0.19468323187416298,-0.7106714527846804
7,3,5,4.6898321E7,7692307.0,0.16402094650680565,-0.7851006862728687
8,3,3,2.971601E7,7692307.0,0.25886069495871084,-0.5869338872183406
4,3,10,5.2477546E7,7692307.0,0.14658282611004714,-0.8339169093848565
2,5,4,3.6274981E7,9090909.0,0.25061099273904514,-0.6009998831375507
0,4,9,4.1056068E7,8333333.0,0.20297445434862393,-0.692558617424457
9,2,9,3.1769983E7,8333333.0,0.26230209188339826,-0.5811982458572486
3,4,1,3.5730312E7,8333333.0,0.23322866590137808,-0.6322180719332565
5,3,12,6.6987962E7,7692307.0,0.11483118414619033,-0.939940156680819
6,2,4,6.2358195E7,8333333.0,0.13363653325757746,-0.8740747991715355
1,5,4,6.9315282E7,9090909.0,0.1311530262547298,-0.8822216839484518
7,3,6,4.7629105E7,7692307.0,0.16150433647661447,-0.7918158121404298
3,4,2,2.9116153E7,8333333.0,0.286209960498559,-0.543315256270552
0,4,10,3.5913153E7,8333333.0,0.23204125240688278,-0.63443479916061
8,3,4,5.6295343E7,7692307.0,0.13664197764990968,-0.8644158609683936
4,3,11,5.4252944E7,7692307.0,0.14178598307955417,-0.8483667012551792
6,2,5,4.1693389E7,8333333.0,0.19987180701477636,-0.6992484611165768
2,5,5,6.0015973E7,9090909.0,0.1514748248770373,-0.819659540927358
9,2,10,5.5101459E7,8333333.0,0.15123615873764795,-0.8203443618584887
1,5,5,5.1953845E7,9090909.0,0.17498048508248043,-0.757010383848453
5,4,0,6.9408564E7,8333333.0,0.12006202865686719,-0.9205943227572585
0,4,11,4.6319679E7,8333333.0,0.17990912674502774,-0.7449468044450936
3,4,3,5.8040065E7,8333333.0,0.14357897428267868,-0.8429091535587333
7,3,7,7.2338993E7,7692307.0,0.10633693781167233,-0.9733158502343805
9,2,11,4.8639407E7,8333333.0,0.17132883630756435,-0.7661695349020584
8,3,5,7.3702298E7,7692307.0,0.10436997500403583,-0.9814244205435813
4,3,12,6.7398727E7,7692307.0,0.11413133960230436,-0.9425950852269332
6,2,6,7.0625099E7,8333333.0,0.11799393017488018,-0.9281403330274102
5,4,1,4.4626111E7,8333333.0,0.18673670667829423,-0.7287703047561971
2,5,6,6.9791308E7,9090909.0,0.1302584700089014,-0.8851940272719764
1,5,6,5.9643058E7,9090909.0,0.1524219130414138,-0.8169525918622546
0,5,0,5.049808E7,9090909.0,0.18002484450893974,-0.7446675555157327
3,4,4,4.5985288E7,8333333.0,0.1812173710861613,-0.7418001741797929
9,3,0,3.5520067E7,7692307.0,0.21656228857901647,-0.6644171676919899
7,3,8,4.9971347E7,7692307.0,0.15393435362068586,-0.8126644475956377
8,3,6,3.9721337E7,7692307.0,0.19365679961880436,-0.7129672495940765
6,2,7,3.8427526E7,8333333.0,0.21685843111523756,-0.6638236884995649
5,4,2,4.164353E7,8333333.0,0.20011110969699256,-0.698728799688806
4,4,0,5.5085039E7,8333333.0,0.15128123990254413,-0.8202149246665446
2,5,7,4.7684388E7,9090909.0,0.1906474924245646,-0.719768902602933
1,5,7,4.9418646E7,9090909.0,0.18395706349380758,-0.7352835316845093
0,5,1,4.8571987E7,9090909.0,0.18716362169824347,-0.7277785596096705
7,3,9,3.9806365E7,7692307.0,0.1932431408896542,-0.7138959122952285
9,3,1,5.9238013E7,7692307.0,0.1298542373458745,-0.8865438740985546
3,4,5,6.3856264E7,8333333.0,0.13050141799714435,-0.8843847693602641
4,4,1,3.8869838E7,8333333.0,0.2143907314458064,-0.6687939940210161
6,2,8,5.3257019E7,8333333.0,0.15647389126304648,-0.8055581170716577
8,3,7,6.6695645E7,7692307.0,0.11533447198838845,-0.9380408682751562
5,4,3,5.0070382E7,8333333.0,0.16643238312022465,-0.7787621681767964
7,3,10,4.0818874E7,7692307.0,0.18844975978514253,-0.7248044118044721
0,5,2,6.040499E7,9090909.0,0.1504993047759796,-0.8224655062671686
2,5,8,6.927963E7,9090909.0,0.13122051893175526,-0.8819982490908961
3,4,6,4.1913507E7,8333333.0,0.1988221362626611,-0.7015352641966235
1,5,8,6.5712795E7,9090909.0,0.13834305784741008,-0.8590426291808315
9,3,2,4.5162036E7,7692307.0,0.1703268426605036,-0.7687169040004246
4,4,2,3.7599475E7,8333333.0,0.2216342914362501,-0.6543630443525229
7,3,11,3.3240678E7,7692307.0,0.2314124579528733,-0.6356132647682248
8,3,8,4.7417945E7,7692307.0,0.16222354216320425,-0.7898861199790143
5,4,4,4.736609E7,8333333.0,0.1759345768248973,-0.7546487992660065
2,5,9,3.4799596E7,9090909.0,0.26123604998172967,-0.5829668916089823
0,5,3,3.9701738E7,9090909.0,0.22898012676422377,-0.6402022085385419
9,3,3,3.5447659E7,7692307.0,0.21700465466562968,-0.6635309506034623
1,5,9,3.9393648E7,9090909.0,0.23077093545639643,-0.6368188894753626
3,4,7,4.5541253E7,8333333.0,0.18298427142529433,-0.7375862388311532
8,3,9,2.9521765E7,7692307.0,0.2605639263099615,-0.5840857102234134
7,3,12,3.4104092E7,7692307.0,0.2255537839858044,-0.6467498825969978
4,4,3,5.1370435E7,8333333.0,0.16222040946314742,-0.7898945067240367
2,5,10,2.9486416E7,9090909.0,0.308308374947976,-0.5110146778544484
5,4,5,5.2110835E7,8333333.0,0.15991555307068098,-0.7961092955765132
0,5,4,3.8111962E7,9090909.0,0.23853164526140114,-0.6224539962854198
7,4,0,2.4125083E7,8333333.0,0.34542194113902114,-0.4616500795857006
9,3,4,4.20378E7,7692307.0,0.18298547973490525,-0.7375833710411525
2,6,0,2.855286E7,1.25E7,0.43778451615705044,-0.35873960290163964
3,4,8,4.7097427E7,8333333.0,0.176938179658944,-0.7521784450658155
1,5,10,5.25601E7,9090909.0,0.17296217092433233,-0.7620488723353691
8,3,10,4.6652642E7,7692307.0,0.16488470256411203,-0.7828196348355825
0,5,5,2.689053E7,9090909.0,0.3380710235164573,-0.47099205155366675
4,4,4,4.9425336E7,8333333.0,0.16860447848042956,-0.7731308938067313
9,3,5,2.8923581E7,7692307.0,0.2659527877962276,-0.5751954529156036
5,4,6,5.0520488E7,8333333.0,0.1649495745171741,-0.7826488003676931
3,4,9,3.0217795E7,8333333.0,0.2757756811838852,-0.5594440340024703
7,4,1,5.4664449E7,8333333.0,0.15244520254836924,-0.8168862383340487
9,3,6,2.5714787E7,7692307.0,0.299139440665015,-0.524126322729519
0,5,6,5.0997527E7,9090909.0,0.17826176159483184,-0.7489418060639284
8,3,11,6.3168705E7,7692307.0,0.12177401768803081,-0.9144453650564461
3,4,10,4.0084228E7,8333333.0,0.20789555932073833,-0.6821547871625004
2,6,1,7.1849388E7,1.25E7,0.17397503789454685,-0.7595130602366503
5,4,7,4.1071691E7,8333333.0,0.20289724618350874,-0.6927238473748473
1,6,0,7.1791314E7,1.25E7,0.1741157711641829,-0.7591618893113472
4,4,5,6.3766688E7,8333333.0,0.13068473934227226,-0.8837751240215606
7,4,2,4.0094052E7,8333333.0,0.20784461994512304,-0.6822612127184382
9,3,7,5.511139E7,7692307.0,0.13957744488026885,-0.8551847561788746
8,3,12,3.9042559E7,7692307.0,0.1970236377180092,-0.7054816666573864
2,6,2,3.703933E7,1.25E7,0.33747910666850617,-0.47175310917207286
5,4,8,3.813574E7,8333333.0,0.21851766872755057,-0.6605134414366118
0,5,7,4.9898172E7,9090909.0,0.18218921927640958,-0.7394773252076324
3,4,11,4.263132E7,8333333.0,0.1954744305360472,-0.7089100434003607
7,4,3,4.2104155E7,8333333.0,0.19792186780615834,-0.703506219220208
4,4,6,4.7631461E7,8333333.0,0.17495438571577723,-0.7570751662517358
6,2,9,2.4541573E8,8333333.0,0.033955985624882314,-1.4690836589467535
9,3,8,3.4042461E7,7692307.0,0.22596213005869348,-0.6459643399882128
1,6,1,6.1991923E7,1.25E7,0.20163917160627523,-0.6954250954411997
8,4,0,3.93602E7,8333333.0,0.21171978292793228,-0.6742385599540057
5,4,9,4.2632863E7,8333333.0,0.19546735578138394,-0.708925761990795
4,4,7,4.0945226E7,8333333.0,0.20352392242260428,-0.6913845359939572
6,2,10,3.9727958E7,8333333.0,0.2097599126539552,-0.678277506498352
1,6,2,3.1112186E7,1.25E7,0.40177183306888176,-0.39602051350998446
7,4,4,4.4432936E7,8333333.0,0.18754855632317433,-0.7268862745326782
3,5,0,5.3694089E7,9090909.0,0.16930930702632835,-0.7713191678267997
0,5,8,5.8658609E7,9090909.0,0.1549799621058181,-0.8097244496324578
2,6,3,6.7429622E7,1.25E7,0.1853784676414173,-0.7319407120879179
9,3,9,4.45317E7,7692307.0,0.17273778005331034,-0.7626126660558185
5,4,10,2.9120365E7,8333333.0,0.2861685627910227,-0.543378077621271
8,4,1,3.60685E7,8333333.0,0.23104185092255014,-0.6363093448764259
6,2,11,2.8753824E7,8333333.0,0.28981651275322545,-0.5378768735463414
7,4,5,4.2897774E7,8333333.0,0.19426026627861856,-0.711616020298797
4,4,8,4.8294053E7,8333333.0,0.17255402026415137,-0.7630749178086162
3,5,1,4.5686605E7,9090909.0,0.1989841223702221,-0.7011815760631651
1,6,3,4.971799E7,1.25E7,0.2514180480747512,-0.5996035496495266
0,5,9,4.741126E7,9090909.0,0.1917457793781477,-0.7172741867685721
2,6,4,4.3793733E7,1.25E7,0.28542896765617126,-0.5445019532437202
9,3,10,4.6013599E7,7692307.0,0.16717464330490645,-0.7768295947670699
5,4,11,5.3840855E7,8333333.0,0.15477712974654656,-0.8102932113447173
8,4,2,5.6593616E7,8333333.0,0.147248640199983,-0.8319487071104409
6,3,0,5.0185044E7,7692307.0,0.15327887328344278,-0.8145177006492855
1,6,4,4.1454905E7,1.25E7,0.30153247245410403,-0.5206659112245291
0,5,10,5.2298398E7,9090909.0,0.17382767632767643,-0.7598810753012201
3,5,2,5.7476035E7,9090909.0,0.15816868717544624,-0.8008794900730495
9,3,11,4.7986091E7,7692307.0,0.1603028469228719,-0.795058764658241
4,4,9,5.7812366E7,8333333.0,0.1441444724818908,-0.8412020068771628
2,6,5,5.2168627E7,1.25E7,0.23960760937795048,-0.6204993938854846
7,4,6,6.4722763E7,8333333.0,0.1287542838676402,-0.8902383123518066
5,5,0,4.3222783E7,9090909.0,0.21032678529746685,-0.6771054160148824
6,3,1,4.5838792E7,7692307.0,0.1678121666033433,-0.7751765554432755
8,4,3,5.9950577E7,8333333.0,0.13900338273641635,-0.8569746307827149
1,6,5,4.4813622E7,1.25E7,0.2789330440641464,-0.5545000335839281
4,4,10,3.2587035E7,8333333.0,0.2557254134965025,-0.5922261104841697
9,3,12,4.6427194E7,7692307.0,0.1656853739642331,-0.7807158276517687
0,6,0,4.8271318E7,1.25E7,0.25895294592950624,-0.5867791439484576
3,5,3,5.0140159E7,9090909.0,0.18130993561468364,-0.7415783963214756
2,6,6,5.0161248E7,1.25E7,0.24919635173351348,-0.6034583200931313
7,4,7,4.8554452E7,8333333.0,0.17162860781540693,-0.7654103203285061
5,5,1,5.0956287E7,9090909.0,0.17840603260594715,-0.7485904645160681
8,4,4,3.8615012E7,8333333.0,0.215805526617472,-0.6659374375551562
6,3,2,4.9845221E7,7692307.0,0.1543238618602975,-0.811566917274283
4,4,11,3.6834599E7,8333333.0,0.2262365609029706,-0.6454372096875385
1,6,6,5.3111228E7,1.25E7,0.23535513055732774,-0.6282763299749723
9,4,0,4.6592872E7,8333333.0,0.17885424620315313,-0.7475007447478451
3,5,4,4.3471261E7,9090909.0,0.20912457542927038,-0.679594927745806
7,4,8,4.4054516E7,8333333.0,0.1891595631194768,-0.7231716976964696
0,6,1,4.8565299E7,1.25E7,0.2573854224597691,-0.5894160538751501
2,6,7,5.382409E7,1.25E7,0.23223801832971072,-0.634066682964117
5,5,2,4.9897337E7,9090909.0,0.1821922680963916,-0.7394700576282387
6,3,3,4.309555E7,7692307.0,0.17849422968264705,-0.7483758190895567
8,4,5,5.1799174E7,8333333.0,0.1608777197875781,-0.7935040978730891
4,5,0,5.3686585E7,9090909.0,0.16933297210094478,-0.771258468900706
1,6,7,4.2106848E7,1.25E7,0.29686382604558764,-0.5274427195677172
3,5,5,4.2353305E7,9090909.0,0.21464461864310236,-0.6682799952483774
9,4,1,4.3737893E7,8333333.0,0.19052890819409157,-0.7200391212130729
0,6,2,4.9343238E7,1.25E7,0.253327517744174,-0.5963176323359952
2,7,0,4.9612526E7,1.6666666E7,0.33593665438441894,-0.4737426072675909
5,5,3,5.1609725E7,9090909.0,0.1761472086898351,-0.7541242344595016
6,3,4,4.9057531E7,7692307.0,0.15680175588127335,-0.8046490783526121
7,4,9,6.4908155E7,8333333.0,0.12838653324840307,-0.8914805280010442
4,5,1,5.1868446E7,9090909.0,0.17526858236701365,-0.7562959260481611
8,4,6,6.1634996E7,8333333.0,0.135204567872447,-0.8690086355520299
1,7,0,5.4777986E7,1.6666666E7,0.30425846616558705,-0.5167573284377751
9,4,2,6.0366097E7,8333333.0,0.13804657604416598,-0.8599743606550394
2,7,1,4.9349339E7,1.6666666E7,0.33772825204406487,-0.47143260772814927
3,5,6,7.2575593E7,9090909.0,0.12526124312894005,-0.90218328254881
0,6,3,6.2971983E7,1.25E7,0.1985009746318454,-0.7022373565270968
5,5,4,5.0965133E7,9090909.0,0.17837506673434955,-0.7486658513973844
6,3,5,5.1018855E7,7692307.0,0.15077380705623442,-0.8216740990430099
7,4,10,6.3578462E7,8333333.0,0.131071635548529,-0.8824912812889404
1,7,1,5.4455728E7,1.6666666E7,0.3060590063179396,-0.5141948361071788
4,5,2,7.4241141E7,9090909.0,0.12245109487204675,-0.9120373273643997
9,4,3,5.6505384E7,8333333.0,0.14747856593630088,-0.8312710940722898
8,4,7,7.597832E7,8333333.0,0.10968040620008444,-0.9598709498110989
5,5,5,5.0017282E7,9090909.0,0.18175535807803392,-0.7405127774459583
3,5,7,5.3664388E7,9090909.0,0.1694030126645626,-0.7710788704400159
6,3,6,5.5483458E7,7692307.0,0.13864144877199255,-0.8581069119906597
0,6,4,6.4065327E7,1.25E7,0.1951133411057123,-0.7097130341908018
2,7,2,8.395357E7,1.6666666E7,0.1985224213812468,-0.7021904363454532
7,4,11,6.4448974E7,8333333.0,0.12930125156065325,-0.888397271382136
9,4,4,5.2367652E7,8333333.0,0.15913130877053644,-0.7982443653655007
1,7,2,7.1082559E7,1.6666666E7,0.2344691332792338,-0.629914321941786
8,4,8,6.3887902E7,8333333.0,0.13043679224276294,-0.8845998900899168
0,6,5,4.9249963E7,1.25E7,0.2538072972765482,-0.595495895553455
5,5,6,6.0440507E7,9090909.0,0.1504108660107699,-0.8227207882253849
7,5,0,3.5345543E7,9090909.0,0.2572009998544937,-0.5897273474490391
4,5,3,7.5271678E7,9090909.0,0.12077462920382882,-0.9180242871883957
2,7,3,3.7671031E7,1.6666666E7,0.4424265956511782,-0.35415877411434676
3,5,8,6.8129799E7,9090909.0,0.13343513607019447,-0.8747297971647767
6,3,7,6.3029624E7,7692307.0,0.12204272391026798,-0.913488107765153
9,4,5,3.8600482E7,8333333.0,0.2158867601705077,-0.6657739911127484
1,7,3,4.6922968E7,1.6666666E7,0.35519206713437224,-0.44953674232541885
3,5,9,3.2511013E7,9090909.0,0.27962552258829954,-0.5534231912475617
5,5,7,5.0148967E7,9090909.0,0.18127809093256098,-0.7416546810785377
8,4,9,5.3157606E7,8333333.0,0.15676652180310754,-0.804746677292784
7,5,1,5.0800494E7,9090909.0,0.1789531613609899,-0.7472606250219184
6,3,8,4.6044851E7,7692307.0,0.16706117693811193,-0.7771244633352424
1,7,4,2.3489576E7,1.6666666E7,0.7095345612028076,-0.1490264453451943
0,6,6,5.60966E7,1.25E7,0.22282990412966205,-0.6520265265727793
2,7,4,5.3896355E7,1.6666666E7,0.30923549468233985,-0.5097106626840091
9,4,6,3.6828756E7,8333333.0,0.22627245405736757,-0.645368312943341
4,5,4,6.7147849E7,9090909.0,0.13538645147069417,-0.8684247946311032
3,5,10,4.0523604E7,9090909.0,0.2243361424615639,-0.6491007522434518
5,5,8,3.8418915E7,9090909.0,0.2366258651500179,-0.6259377851604577
8,4,10,4.1981025E7,8333333.0,0.1985023710116654,-0.7022343014392386
9,4,7,4.4145044E7,8333333.0,0.1887716546391935,-0.724063217442466
0,6,7,4.7906901E7,1.25E7,0.2609227426336761,-0.5834880651318766
7,5,2,5.2392395E7,9090909.0,0.17351581274343347,-0.7606609411942026
4,5,5,3.6093393E7,9090909.0,0.2518718315011282,-0.5988203998209441
2,7,5,4.8919186E7,1.6666666E7,0.34069794211211935,-0.4676304896550463
3,6,0,2.8183203E7,1.25E7,0.4435265927722977,-0.35308033581414267
6,3,9,6.0990348E7,7692307.0,0.1261233498782463,-0.8992045027646276
5,5,9,2.8821944E7,9090909.0,0.3154162328536895,-0.5011159595252824
8,4,11,5.3508148E7,8333333.0,0.1557395146623277,-0.807601183048124
4,5,6,4.3211375E7,9090909.0,0.21038231252766199,-0.6769907754238715
7,5,3,4.3487896E7,9090909.0,0.209044581048483,-0.6797610859525739
0,7,0,4.6433669E7,1.6666666E7,0.3589349357682676,-0.4449842689641216
2,8,0,6.4358829E7,2.5E7,0.38844709247273596,-0.410668124898757
3,6,1,6.3243299E7,1.25E7,0.19764939839713294,-0.7041045032193313
5,5,10,5.583691E7,9090909.0,0.16281182106961148,-0.7883140660381849
6,3,10,6.2327813E7,7692307.0,0.12341692464004793,-0.9086252797373641
9,4,8,7.4340197E7,8333333.0,0.11209726818453279,-0.9504049710521216
7,5,4,4.0786318E7,9090909.0,0.22289114207367283,-0.6519071904922381
4,5,7,4.6834286E7,9090909.0,0.19410798746883853,-0.7119565931934623
6,3,11,2.202503E7,7692307.0,0.34925296356009505,-0.45685990002455945
8,5,0,5.3880095E7,9090909.0,0.1687248138667907,-0.7728210422896719
0,7,1,5.2411548E7,1.6666666E7,0.3179960645314273,-0.49757825474154493
3,6,2,4.0034519E7,1.25E7,0.3122305528386641,-0.5055246019782399
5,6,0,4.2963987E7,1.25E7,0.29094134117487747,-0.5361945634952431
7,5,5,2.6692138E7,9090909.0,0.34058377039711096,-0.4677760510149692
2,8,1,4.701784E7,2.5E7,0.5317130689117152,-0.2743226650826806
9,4,9,4.5833947E7,8333333.0,0.18181574019798033,-0.7403685216353958
4,5,8,3.0570883E7,9090909.0,0.29737148907344285,-0.5267006724369179
6,3,12,3.4931992E7,7692307.0,0.22020808318059845,-0.6571667434192183
8,5,1,3.8848523E7,9090909.0,0.23400912822348485,-0.6307672013087988
0,7,2,4.4273418E7,1.6666666E7,0.37644859495600724,-0.4242943194663148
5,6,1,3.0879323E7,1.25E7,0.4048016208127361,-0.39275775726356793
7,5,6,4.5692042E7,9090909.0,0.19896044479692984,-0.7012332568261971
2,8,2,4.7664594E7,2.5E7,0.5244983309833711,-0.28025588944538127
3,6,3,5.4677656E7,1.25E7,0.2286125798808932,-0.6408998753294709
9,4,10,4.5963921E7,8333333.0,0.1813016126278696,-0.7415983329576056
6,4,0,4.0314561E7,8333333.0,0.20670776992957954,-0.684643198389066
8,5,2,4.3485636E7,9090909.0,0.20905544534291737,-0.6797385157405392
5,6,2,4.4600509E7,1.25E7,0.28026585974612983,-0.5524298020859215
0,7,3,4.491102E7,1.6666666E7,0.37110415216577136,-0.4305041864418546
4,5,9,6.8968442E7,9090909.0,0.1318125904598512,-0.8800431048703447
6,4,1,2.7496566E7,8333333.0,0.3030681358537644,-0.5184597223269706
3,6,4,4.8077152E7,1.25E7,0.2599987619898949,-0.5850287199608637
2,8,3,5.10072E7,2.5E7,0.4901268840477423,-0.30969147526053975
7,5,7,5.4554417E7,9090909.0,0.16663928422147742,-0.7782226085147648
9,4,11,4.985674E7,8333333.0,0.16714556547419668,-0.7769051411511844
1,7,5,2.64796034E8,1.6666666E7,0.06294152426769353,-1.2010627438976553
8,5,3,3.667955E7,9090909.0,0.24784679746616303,-0.605816688426207
0,7,4,3.4122851E7,1.6666666E7,0.4884312275079242,-0.3111965775264396
4,5,10,3.5934668E7,9090909.0,0.25298436039537087,-0.5969063262705594
5,6,3,4.5074266E7,1.25E7,0.2773201010084113,-0.5570186502899842
6,4,2,4.3592259E7,8333333.0,0.1911654314588285,-0.7185906386498453
3,6,5,4.1640052E7,1.25E7,0.30019174807946924,-0.5226012501767188
2,9,0,4.1947117E7,3.3333333E7,0.7946513463607046,-0.09982337645575588
9,5,0,3.9040193E7,9090909.0,0.2328602473865844,-0.6329046454893646
8,5,4,4.4424441E7,9090909.0,0.2046375552592772,-0.689014661214462
7,5,8,4.9238556E7,9090909.0,0.18462988638415798,-0.7336979975616783
1,8,0,4.7390731E7,2.5E7,0.5275293179166196,-0.27775339905284957
0,7,5,4.4067441E7,1.6666666E7,0.3782081650713505,-0.422269099480524
5,6,4,3.9565458E7,1.25E7,0.3159321446500126,-0.5004061843705597
6,4,3,3.8255138E7,8333333.0,0.2178356538669394,-0.6618710363781308
2,9,1,3.6996049E7,3.3333333E7,0.9009971037718109,-0.0452766050452905
0,8,0,3.0266585E7,2.5E7,0.8259934181540468,-0.08302341329797959
3,6,6,4.3547493E7,1.25E7,0.28704293034733364,-0.5420531450128796
9,5,1,4.3595969E7,9090909.0,0.2085263662794145,-0.6808390245957069
8,5,5,3.9527202E7,9090909.0,0.22999120959788655,-0.6382887626610444
7,5,9,4.4062551E7,9090909.0,0.20631826332524414,-0.685462326509115
5,6,5,3.4953551E7,1.25E7,0.35761745637803727,-0.44658129014563375
6,4,4,3.7602114E7,8333333.0,0.22161873664868947,-0.6543935251748952
1,8,1,5.6136994E7,2.5E7,0.44533912877486814,-0.3513091448318535
2,9,2,3.7438656E7,3.3333333E7,0.8903453425251163,-0.050441508790521894
9,5,2,4.0084723E7,9090909.0,0.2267923617683475,-0.6443715763122833
0,8,1,4.2847913E7,2.5E7,0.583458989006069,-0.23398966485306527
7,5,10,3.3937324E7,9090909.0,0.26787347759063146,-0.5720702841754692
3,6,7,4.4293885E7,1.25E7,0.2822059975095885,-0.5494337607530333
8,5,6,4.1367849E7,9090909.0,0.21975783657496914,-0.6580556290160424
5,6,6,3.8759751E7,1.25E7,0.3224994918053008,-0.4914709653894188
6,4,5,4.8044796E7,8333333.0,0.17344923267027712,-0.7608276171122159
1,8,2,4.9388433E7,2.5E7,0.5061913991075603,-0.29568523837938443
2,10,0,4.0862725E7,2.5E7,0.6118045235602863,-0.21338731625292875
0,8,2,3.8631312E7,2.5E7,0.6471434363917021,-0.18899944927046444
9,5,3,4.3948225E7,9090909.0,0.2068549753715878,-0.6843340287909984
5,6,7,4.5881245E7,1.25E7,0.2724424762231278,-0.5647251810793674
3,7,0,5.232263E7,1.6666666E7,0.3185364726505529,-0.4968408334573507
7,6,0,5.6238635E7,1.25E7,0.22226713006103366,-0.6531247581224526
8,5,7,5.4758411E7,9090909.0,0.16601849531389798,-0.7798435266266659
1,8,3,3.8616466E7,2.5E7,0.647392229004073,-0.18883251797160647
6,4,6,4.1972888E7,8333333.0,0.1985408533241744,-0.7021501158644624
2,10,1,4.9184437E7,2.5E7,0.5082908644455969,-0.2938876958383558
9,5,4,3.8900324E7,9090909.0,0.2336975136762357,-0.6313459080717656
0,8,3,4.4463554E7,2.5E7,0.5622582486321269,-0.2500641645110257
3,7,1,3.5627732E7,1.6666666E7,0.4678003640534851,-0.32993944454833185
7,6,1,3.3930763E7,1.25E7,0.36839725649552885,-0.4336836127132166
5,7,0,4.5552073E7,1.6666666E7,0.3658816142132544,-0.4366594135424921
1,9,0,3.3951396E7,3.3333333E7,0.9817956528208737,-0.007978895194069663
6,4,7,3.678494E7,8333333.0,0.22654197614567265,-0.6448513154197746
8,5,8,4.848677E7,9090909.0,0.18749256756018187,-0.7270159435713429
2,10,2,3.982925E7,2.5E7,0.6276794064663532,-0.20226211988320725
0,9,0,4.1456654E7,3.3333333E7,0.8040526618477217,-0.0947155059768097
7,6,2,3.4934703E7,1.25E7,0.357810398445351,-0.44634704241086104
9,5,5,4.4173588E7,9090909.0,0.2057996511399527,-0.6865553657646545
3,7,2,3.7419943E7,1.6666666E7,0.44539528026539216,-0.3512543893800151
5,7,1,3.5047552E7,1.6666666E7,0.47554436897618413,-0.3228089565339819
1,9,1,4.4195379E7,3.3333333E7,0.7542266579499183,-0.12249812163081521
6,4,8,4.1412056E7,8333333.0,0.20122963708925728,-0.6963080560393657
8,5,9,4.2579525E7,9090909.0,0.21350423707169114,-0.6705935018164952
7,6,3,3.5929888E7,1.25E7,0.34789977636445735,-0.458545850423763
2,10,3,4.4189699E7,2.5E7,0.565742708498648,-0.2473810346851355
9,5,6,3.8040874E7,9090909.0,0.23897739573491397,-0.6216431759215606
0,9,1,4.1682102E7,3.3333333E7,0.7997037433476843,-0.09707087108110123
3,7,3,5.177791E7,1.6666666E7,0.32188757715404115,-0.4922957840399475
8,5,10,3.2206715E7,9090909.0,0.28226750228950703,-0.5493391196878832
5,7,2,5.0157404E7,1.6666666E7,0.33228725314412205,-0.4784863183521919
1,9,2,3.8554428E7,3.3333333E7,0.8645785900389963,-0.06319552330508381
6,4,9,4.0903803E7,8333333.0,0.2037300296991945,-0.6909449515033514
2,11,0,3.6739442E7,2.0E7,0.5443740816749476,-0.26410256027529116
7,6,4,3.9044243E7,1.25E7,0.3201496312785473,-0.49464699402342904
0,9,2,3.5495309E7,3.3333333E7,0.9390912190678492,-0.027292220285867162
9,5,7,4.4338342E7,9090909.0,0.20503493342173237,-0.6881721384574946
5,7,3,3.0474952E7,1.6666666E7,0.5468972026600731,-0.26209429800477474
3,7,4,4.4685203E7,1.6666666E7,0.3729795297114349,-0.4283150029830592
8,6,0,5.0978937E7,1.25E7,0.24519930652928287,-0.610480762420065
7,6,5,3.4461861E7,1.25E7,0.36271981945490406,-0.44042871338914585
1,10,0,5.186345E7,2.5E7,0.48203503623457367,-0.31692139435379113
6,4,10,4.9470313E7,8333333.0,0.16845118808930923,-0.7735259215851382
2,11,1,5.2946017E7,2.0E7,0.37774323987392666,-0.42280329909144104
5,7,4,4.01404E7,1.6666666E7,0.4152092654781716,-0.3817329636828543
0,10,0,5.3249953E7,2.5E7,0.469483982455346,-0.3283792201176174
9,5,8,5.7487954E7,9090909.0,0.15813589399963687,-0.8009695418534961
6,4,11,3.1203112E7,8333333.0,0.2670673681522535,-0.5733791733682708
3,7,5,5.0103891E7,1.6666666E7,0.3326421494889489,-0.4780227216508537
8,6,1,4.5169623E7,1.25E7,0.27673465417234056,-0.5579364528089733
1,10,1,4.3864298E7,2.5E7,0.5699395895951647,-0.24417117467110497
7,6,6,4.93265E7,1.25E7,0.25341347956980526,-0.5961702878460803
2,11,2,4.1434666E7,2.0E7,0.48268761234855856,-0.3163338467327865
5,7,5,4.1061215E7,1.6666666E7,0.405898023231899,-0.3915830637395482
0,10,1,4.0576665E7,2.5E7,0.6161176627009637,-0.21033634078683622
9,5,9,4.318761E7,9090909.0,0.21049808035221212,-0.6767518603805357
6,5,0,4.4419821E7,9090909.0,0.20465883912499333,-0.688969493626527
8,6,2,4.8289195E7,1.25E7,0.25885707972559907,-0.5869399525916695
3,8,0,6.3321891E7,2.5E7,0.3948081714742221,-0.40361386717403763
7,6,7,5.4257966E7,1.25E7,0.2303809177070884,-0.6375534960722683
1,10,2,6.2938067E7,2.5E7,0.39721588526066426,-0.40097339173984897
9,5,10,3.9610837E7,9090909.0,0.22950560221688826,-0.6392067088971517
6,5,1,4.2666668E7,9090909.0,0.2130681730291196,-0.6714814180010782
5,8,0,6.1010818E7,2.5E7,0.4097633963865228,-0.38746683914455354
8,6,3,3.3030828E7,1.25E7,0.3784343522965879,-0.4220094474930428
2,11,3,6.6275707E7,2.0E7,0.3017696967004818,-0.5203243736277735
0,10,2,6.9929209E7,2.5E7,0.35750440134393624,-0.4467186071003327
7,7,0,3.6165427E7,1.6666666E7,0.46084527081624116,-0.33644486487137343
3,8,1,4.3341647E7,2.5E7,0.576812413243087,-0.23896540199014182
1,10,3,3.8061329E7,2.5E7,0.6568346575601709,-0.18254393994763415
9,6,0,3.7444935E7,1.25E7,0.3338235197897927,-0.47648306803101315
6,5,2,3.4691364E7,9090909.0,0.26205106838693343,-0.5816140653313406
5,8,1,4.9658255E7,2.5E7,0.5034409686768091,-0.29805144562854274
8,6,4,4.9339141E7,1.25E7,0.2533485534334698,-0.5962815710956519
2,11,4,4.7202897E7,2.0E7,0.42370280790181164,-0.3729386578960559
1,11,0,3.6920818E7,2.0E7,0.5416998074094674,-0.266241318817487
0,10,3,5.7821267E7,2.5E7,0.43236686598375645,-0.3641475951807592
7,7,1,5.5706704E7,1.6666666E7,0.29918600102422144,-0.5240587310621397
3,8,2,5.5434617E7,2.5E7,0.45098173944270237,-0.34584104264492976
6,5,3,4.7204091E7,9090909.0,0.19258731197683693,-0.7153723284262188
9,6,1,6.2377811E7,1.25E7,0.20039177072116238,-0.6981201171549498
5,8,2,4.3752381E7,2.5E7,0.5713974743454533,-0.24306168358970737
8,6,5,4.9930393E7,1.25E7,0.25034852018889575,-0.6014549713739047
3,8,3,2.8158365E7,2.5E7,0.8878356396047853,-0.05166742545952606
2,12,0,5.903748E7,1.25E7,0.21172990446069176,-0.6742177984517181
1,11,1,5.1795545E7,2.0E7,0.38613359508042633,-0.4132624114727382
7,7,2,4.548387E7,1.6666666E7,0.3664302531864593,-0.4360086773362223
6,5,4,4.0595601E7,9090909.0,0.2239382784356364,-0.649871664828798
0,11,0,5.7559899E7,2.0E7,0.34746412602287574,-0.4590900275474044
9,6,2,3.4853518E7,1.25E7,0.35864385339809884,-0.44533660790163193
5,8,3,4.8467304E7,2.5E7,0.5158116490242577,-0.28750885403633814
3,9,0,4.3750029E7,3.3333333E7,0.7619042492520405,-0.11809960429604337
8,6,6,5.5975996E7,1.25E7,0.2233100059532661,-0.6510918168616918
2,12,1,4.8028535E7,1.25E7,0.26026194636167854,-0.5845893266785961
7,7,3,4.1032029E7,1.6666666E7,0.40618673768240904,-0.39127426075734745
0,11,1,4.4697283E7,2.0E7,0.44745449069018356,-0.34925112894513455
1,11,2,5.6099638E7,2.0E7,0.35650853932426446,-0.4479300631838079
5,9,0,4.8601932E7,3.3333333E7,0.6858437849754615,-0.16377479252782096
9,6,3,7.41272E7,1.25E7,0.168629059238714,-0.7730675828574406
7,7,4,4.1001572E7,1.6666666E7,0.4064884634179392,-0.3909517756419348
2,12,2,4.4305479E7,1.25E7,0.282132148938058,-0.5495474231999088
3,9,1,5.8214825E7,3.3333333E7,0.5725918269100697,-0.24215485532453093
8,6,7,6.1570159E7,1.25E7,0.2030204274768886,-0.6924602621155589
0,11,2,5.10287E7,2.0E7,0.39193630251211575,-0.4067845087839071
5,9,1,3.0463922E7,3.3333333E7,1.0941904656925001,0.03909292620166245
1,11,3,5.1777547E7,2.0E7,0.38626781604775523,-0.4131114758964599
7,7,5,2.6931091E7,1.6666666E7,0.6188633798756983,-0.2084052151395408
9,6,4,3.5418955E7,1.25E7,0.3529183737916604,-0.4523257306210269
5,9,2,2.8884123E7,3.3333333E7,1.1540365272644768,0.06221955521342453
3,9,2,4.1076507E7,3.3333333E7,0.8114938546259545,-0.09071476470052549
2,12,3,4.9621255E7,1.25E7,0.2519081792671306,-0.5987577310611906
0,11,3,4.7064542E7,2.0E7,0.4249483613375012,-0.37166384112314754
9,6,5,3.6970137E7,1.25E7,0.3381107297492568,-0.4709410469303135
1,11,4,5.5115214E7,2.0E7,0.36287621055050245,-0.4402415023568903
5,10,0,2.8523245E7,2.5E7,0.8764781146044217,-0.05725892363772508
7,8,0,4.966054E7,2.5E7,0.5034178041559757,-0.2980714290141915
8,7,0,6.223288E7,1.6666666E7,0.26781125989991145,-0.5721711673927308
2,12,4,4.2486455E7,1.25E7,0.2942114139671102,-0.5313404827751196
3,10,0,4.6297213E7,2.5E7,0.5399893077797145,-0.2676148394700726
0,11,4,3.501146E7,2.0E7,0.5712415306302565,-0.24318022583292334
7,8,1,3.3668626E7,2.5E7,0.7425310435893642,-0.129285384734349
1,12,0,3.7887669E7,1.25E7,0.3299226458085875,-0.4815878735660056
5,10,1,4.4146719E7,2.5E7,0.5662934996369718,-0.24695842351914657
9,6,6,5.3090832E7,1.25E7,0.23544554735928794,-0.6281095183262755
8,7,1,4.8885049E7,1.6666666E7,0.34093585545961097,-0.46732732259217274
0,12,0,3.2337667E7,1.25E7,0.3865461290080079,-0.4127986715303418
1,12,1,4.5792318E7,1.25E7,0.27297154950749597,-0.5638826149950561
2,12,5,7.2268336E7,1.25E7,0.1729664842428363,-0.7620380420650397
3,10,1,7.0928416E7,2.5E7,0.3524680432733758,-0.452880252457464
6,5,5,2.5072854E8,9090909.0,0.03625797446114431,-1.4405964612697149
7,8,2,6.3806497E7,2.5E7,0.39180963029517196,-0.4069248936790762
9,6,7,5.4268724E7,1.25E7,0.2303352479781909,-0.6376395972894273
0,12,1,5.2190909E7,1.25E7,0.23950531308048303,-0.620684847944859
5,10,2,7.0175078E7,2.5E7,0.3562518306000315,-0.44824289535550454
7,8,3,2.7682391E7,2.5E7,0.9031011808192435,-0.044263589874979165
1,12,2,4.5578515E7,1.25E7,0.2742520242267656,-0.5618501582572801
8,7,2,7.9955624E7,1.6666666E7,0.20844895163347107,-0.6810002847590484
2,12,6,4.5384413E7,1.25E7,0.27542495702213887,-0.5599967096639805
9,7,0,3.2368997E7,1.6666666E7,0.5148959666559949,-0.2882805101263595
3,10,2,4.8652962E7,2.5E7,0.5138433298264554,-0.28916927665375314
6,5,6,5.4876547E7,9090909.0,0.1656610974447791,-0.7807794659238935
0,12,2,4.1343214E7,1.25E7,0.30234707925706983,-0.519494222423227
5,10,3,4.1884833E7,2.5E7,0.5968747684871992,-0.2241167795241179
7,9,0,3.1246321E7,3.3333333E7,1.0667922473176923,0.0280798508879356
1,12,3,4.0670117E7,1.25E7,0.30735097221382474,-0.5123654087789087
8,7,3,3.8438871E7,1.6666666E7,0.43358885332506253,-0.3629218911413523
2,12,7,4.235332E7,1.25E7,0.2951362490591056,-0.5299774465504317
9,7,1,4.5703106E7,1.6666666E7,0.3646725016894913,-0.43809698364197475
3,10,3,4.6037686E7,2.5E7,0.5430333748746625,-0.2651734778172788
6,5,7,3.6466486E7,9090909.0,0.24929490052866624,-0.6032866051501051
0,12,3,3.9351718E7,1.25E7,0.3176481392756474,-0.498053684338433
7,9,1,3.9904707E7,3.3333333E7,0.8353233366680276,-0.07814538541495247
5,11,0,4.1145907E7,2.0E7,0.48607507910811154,-0.31329664447425914
1,12,4,3.3854414E7,1.25E7,0.36922807170728167,-0.4327052878083295
8,7,4,4.6006859E7,1.6666666E7,0.362264809253768,-0.44097385169328057
9,7,2,3.6057288E7,1.6666666E7,0.46222738659657375,-0.3351443264998936
3,11,0,3.9563209E7,2.0E7,0.5055201664758792,-0.2962615146239232
6,5,8,4.5315625E7,9090909.0,0.20061312185366525,-0.6976406637270609
1,12,5,2.9698322E7,1.25E7,0.42089920097169126,-0.3758218987088908
9,7,3,1.9598596E7,1.6666666E7,0.8504010185219391,-0.07037622833166354
7,9,2,4.2335046E7,3.3333333E7,0.7873697125544638,-0.10382129506198517
5,11,1,4.1664893E7,2.0E7,0.48002043350981366,-0.31874027518341763
0,12,4,6.1139141E7,1.25E7,0.20445167850820803,-0.6894093196224345
8,7,5,3.8821093E7,1.6666666E7,0.42931985454402327,-0.367219026452959
7,10,0,2.9872478E7,2.5E7,0.8368907326670388,-0.07733124128692434
5,11,2,3.0361317E7,2.0E7,0.658732952855767,-0.18129061060515475
3,11,1,5.1522072E7,2.0E7,0.3881831460504927,-0.4109633245276816
6,5,9,4.8032085E7,9090909.0,0.18926742405623243,-0.722924128614444
1,12,6,4.7235036E7,1.25E7,0.26463407374136433,-0.5773542376801546
9,7,4,4.4096292E7,1.6666666E7,0.37796071379425733,-0.4225533394989147
0,12,5,3.1981109E7,1.25E7,0.39085573924281364,-0.40798350657194105
8,8,0,3.1867006E7,2.5E7,0.7845104745641934,-0.10540125346001378
7,10,1,3.1500564E7,2.5E7,0.7936365837767222,-0.10037832098724561
4,6,0,1.051544112E9,1.25E7,0.011887280673585285,-1.9249174829361588
6,5,10,3.0789596E7,9090909.0,0.29525911934667803,-0.5297966799268823
5,11,3,4.3366229E7,2.0E7,0.4611883592645328,-0.33612166315309866
0,12,6,3.517408E7,1.25E7,0.35537532182789144,-0.44931273400424054
9,7,5,4.2685614E7,1.6666666E7,0.39045159336351587,-0.4084328005529197
3,11,2,4.8739445E7,2.0E7,0.41034525526501175,-0.38685058386650956
1,12,7,4.6110052E7,1.25E7,0.2710905639403747,-0.5668855989814731
4,6,1,2.9998285E7,1.25E7,0.4166904874728672,-0.38018641383405366
8,8,1,5.1148209E7,2.5E7,0.4887756675898466,-0.31089042243508597
6,6,0,2.9790901E7,1.25E7,0.41959120336776656,-0.377173625266097
5,11,4,3.1556856E7,2.0E7,0.6337766981602984,-0.19806373240105904
0,12,7,3.2547018E7,1.25E7,0.3840597624028106,-0.41560119109520066
4,6,2,2.136624E7,1.25E7,0.5850350833838803,-0.23281808936540113
9,8,0,3.3051563E7,2.5E7,0.7563938806766869,-0.12125199331073395
3,11,3,3.3856476E7,2.0E7,0.5907289346947981,-0.22861175629555058
5,12,0,2.1969586E7,1.25E7,0.5689683911203425,-0.24491186004310594
6,6,1,2.8135561E7,1.25E7,0.4442776172118978,-0.352345566043901
4,6,3,2.2665755E7,1.25E7,0.5514927695988949,-0.25846017704770036
9,8,1,2.2647372E7,2.5E7,1.103880838801076,0.04292219491107138
3,11,4,2.1548955E7,2.0E7,0.928119252186475,-0.032396218566520155
6,6,2,1.9514428E7,1.25E7,0.640551698466386,-0.19344581290978188
5,12,1,2.8178149E7,1.25E7,0.4436061431856294,-0.3530024482461715
9,8,2,1.6914372E7,2.5E7,1.4780330005748956,0.16968413081630226
4,6,4,1.9533188E7,1.25E7,0.6399365019166354,-0.1938631170088269
6,6,3,1.7273397E7,1.25E7,0.7236561517112123,-0.14046774165719278
3,12,0,2.618673E7,1.25E7,0.47734100439421034,-0.3211712574057031
5,12,2,1.6035926E7,1.25E7,0.779499730791973,-0.10818403046305587
9,8,3,1.5700109E7,2.5E7,1.5923456327596197,0.20203734110775917
4,6,5,2.6730178E7,1.25E7,0.46763624245225754,-0.33009183778590645
6,6,4,2.0087128E7,1.25E7,0.6222890599392805,-0.20600783399828035
5,12,3,2.5201033E7,1.25E7,0.496011413500391,-0.3045083300355909
3,12,1,3.334122E7,1.25E7,0.3749112959873694,-0.4260714741928095
9,9,0,2.9222445E7,3.3333333E7,1.1406757032137456,0.05716219102339672
6,6,5,2.7427618E7,1.25E7,0.4557450085530577,-0.3412780791617072
4,6,6,3.3172797E7,1.25E7,0.37681477386425993,-0.4238720780608429
5,12,4,2.6081954E7,1.25E7,0.47925857088774865,-0.31943011161428164
9,9,1,2.6440864E7,3.3333333E7,1.2606748780977808,0.10060309858439324
3,12,2,3.0273384E7,1.25E7,0.41290395550097736,-0.3841509566893101
6,6,6,1.8704465E7,1.25E7,0.668289630310196,-0.17503527766726978
4,6,7,2.1670974E7,1.25E7,0.5768084074116835,-0.23896841807730465
5,12,5,2.13743E7,1.25E7,0.5848144734564407,-0.2329818876499167
6,6,7,1.3673806E7,1.25E7,0.9141565998523016,-0.038979400955321715
3,12,3,2.3576717E7,1.25E7,0.5301840794882511,-0.27557331751995895
9,9,2,2.9379087E7,3.3333333E7,1.13459390347971,0.054840445637784174
4,7,0,1.7449326E7,1.6666666E7,0.9551466916257969,-0.01992992425784577
6,7,0,2.0781491E7,1.6666666E7,0.8019956797132602,-0.09582797121925916
5,12,6,2.185359E7,1.25E7,0.5719884009904094,-0.24261277791490493
4,7,1,1.7650304E7,1.6666666E7,0.9442707615687526,-0.024903457614421653
3,12,4,2.6267019E7,1.25E7,0.4758819415328401,-0.32250077522108295
5,12,7,1.8319189E7,1.25E7,0.6823446168932479,-0.16599623030734334
6,7,1,1.9278434E7,1.6666666E7,0.8645238508480513,-0.06322302072573056
9,10,0,2.8997343E7,2.5E7,0.8621479561075648,-0.06441819704405159
4,7,2,1.8985179E7,1.6666666E7,0.877877738208315,-0.05656596395579986
3,12,5,1.7533689E7,1.25E7,0.7129132950858202,-0.14696328607454223
6,7,2,1.7893539E7,1.6666666E7,0.9314348603705505,-0.030847511965611866
9,10,1,1.9820931E7,2.5E7,1.2612929231225314,0.1008159589936819
4,7,3,1.7405861E7,1.6666666E7,0.9575318336737263,-0.018846778759838367
3,12,6,1.9238965E7,1.25E7,0.649723101008812,-0.18727169155032275
6,7,3,1.4809792E7,1.6666666E7,1.1253815043452333,0.05129977324305686
9,10,2,1.9561051E7,2.5E7,1.278049937091826,0.10654782329008254
4,7,4,1.4758882E7,1.6666666E7,1.1292634496298568,0.05279527175080733
3,12,7,1.7101123E7,1.25E7,0.7309461489751287,-0.13611461765832075
6,7,4,1.6644245E7,1.6666666E7,1.0013470722162525,5.846323475944042E-4
9,10,3,1.4237033E7,2.5E7,1.7559838486010393,0.2445205169825537
4,7,5,1.6821174E7,1.6666666E7,0.9908146720318094,-0.004007570984793092
6,7,5,1.5801891E7,1.6666666E7,1.054726045129662,0.02313967049749004
9,11,0,1.6458208E7,2.0E7,1.2151991273898106,0.08464744899666034
4,8,0,1.5506127E7,2.5E7,1.612265912693737,0.20743667201718105
6,8,0,1.4651531E7,2.5E7,1.706306323892022,0.23205700035656918
9,11,1,1.4725559E7,2.0E7,1.3581827352021068,0.13295820554899185
4,8,1,1.3380396E7,2.5E7,1.868405090551879,0.27147104187178195
6,8,1,1.4593463E7,2.5E7,1.713095788162138,0.233781647324636
4,8,2,1.6561793E7,2.5E7,1.5094983979089704,0.17883265642525575
9,11,2,2.3438099E7,2.0E7,0.8533115249662526,-0.06889238867481846
6,8,2,1.9182882E7,2.5E7,1.3032452579336098,0.11502615335197217
4,8,3,1.837565E7,2.5E7,1.3604960912947297,0.13369729838952235
9,11,3,1.6820759E7,2.0E7,1.1890069883291237,0.07518440717029554
6,8,3,1.5800023E7,2.5E7,1.582276177699235,0.19928228951724702
4,9,0,1.4689712E7,3.3333333E7,2.2691617779844835,0.3558654596493065
9,11,4,1.2861586E7,2.0E7,1.5550181758299482,0.19173546964357513
6,9,0,1.4748256E7,3.3333333E7,2.2601542175562996,0.3541380734609734
4,9,1,1.6105861E7,3.3333333E7,2.069639927974046,0.31589479429929307
9,12,0,1.8188076E7,1.25E7,0.6872634576631415,-0.16287674725514753
6,9,1,1.4939097E7,3.3333333E7,2.2312816497543326,0.34855439377724284
4,9,2,1.4877069E7,3.3333333E7,2.2405846877499864,0.35036136365964726
9,12,1,1.4428717E7,1.25E7,0.8663278931868994,-0.062317702382553374
6,9,2,1.4824431E7,3.3333333E7,2.248540466747088,0.35190070792656103
4,10,0,1.1642017E7,2.5E7,2.1473942187165678,0.33191177955372025
9,12,2,1.3319643E7,1.25E7,0.9384635909536014,-0.027582571795610644
6,10,0,2.2450013E7,2.5E7,1.113585101264752,0.04672341184821319
4,10,1,1.7603426E7,2.5E7,1.4201780948776677,0.15234280971596442
9,12,3,2.5501209E7,1.25E7,0.4901728384720897,-0.3096507576055833
6,10,1,4.31918517E8,2.5E7,0.05788128782633323,-1.23746181463579
4,10,2,4.34205157E8,2.5E7,0.057576469548932606,-1.2397549685378952
9,12,4,4.21920867E8,1.25E7,0.02962640859381814,-1.5283209918686087
6,10,2,4.2534447E7,2.5E7,0.5877589051528047,-0.23080078214445143
4,10,3,5.1390954E7,2.5E7,0.48646693735243757,-0.3129466711475994
9,12,5,6.1189022E7,1.25E7,0.20428501047132278,-0.6897634988027834
6,10,3,5.7466389E7,2.5E7,0.435036904789685,-0.36147389967369103
4,11,0,6.5527587E7,2.0E7,0.3052149623638667,-0.5153941800461694
9,12,6,6.1663084E7,1.25E7,0.20271447986610594,-0.6931152286067007
6,11,0,3.4680403E7,2.0E7,0.5766945672459458,-0.2390541398431701
4,11,1,2.3250303E7,2.0E7,0.860203843364966,-0.06539862136287579
9,12,7,1.7540855E7,1.25E7,0.7126220472149163,-0.1471407455049839
6,11,1,1.5522844E7,2.0E7,1.28842369349328,0.1100587026881492
4,11,2,1.534623E7,2.0E7,1.303251678099442,0.115028292807849
6,11,2,1.2531066E7,2.0E7,1.59603341008658,0.2030419782831142
4,11,3,1.2993465E7,2.0E7,1.5392353002066808,0.18730501474387823
7,10,2,1.024751902E9,2.5E7,0.024396148912929756,-1.6126787243934357
6,11,3,1.5805751E7,2.0E7,1.2653622089832999,0.10221485977770497
4,11,4,1.3106378E7,2.0E7,1.5259746056461976,0.18354730641080577
7,10,3,1.6169868E7,2.5E7,1.5460855957513073,0.18923353404118376
6,11,4,1.5872627E7,2.0E7,1.2600308694962719,0.10038118502840919
4,12,0,1.5784946E7,1.25E7,0.7918937448376446,-0.10133308750955976
7,11,0,1.374317E7,2.0E7,1.4552683260121209,0.16294307700747757
6,12,0,1.4115362E7,1.25E7,0.8855600019326462,-0.05278200745479552
7,11,1,1.3247623E7,2.0E7,1.5097047976078426,0.17889203517164778
4,12,1,1.7188787E7,1.25E7,0.7272182731684325,-0.1383352169195994
6,12,1,1.4856158E7,1.25E7,0.8414019290855684,-0.07499649660918517
7,11,2,1.2924841E7,2.0E7,1.5474078172412333,0.18960478650901547
8,8,2,1.053054563E9,2.5E7,0.023740460255714215,-1.6245108656434606
4,12,2,1.9452178E7,1.25E7,0.6426015636912227,-0.19205822198144573
7,11,3,1.7230266E7,2.0E7,1.1607481857796043,0.06473801354732425
6,12,2,2.0827547E7,1.25E7,0.6001666926978967,-0.22172811017555857
4,12,3,1.5657968E7,1.25E7,0.7983155924191441,-0.09782538815916028
8,8,3,1.7105251E7,2.5E7,1.4615395003557679,0.1648105573292567
7,11,4,1.6305375E7,2.0E7,1.226589391535,0.0886992042633165
6,12,3,1.6383637E7,1.25E7,0.7629563570042476,-0.11750030405602918
4,12,4,2.6861264E7,1.25E7,0.4653541248096143,-0.3322164322311592
6,12,4,2.036177E7,1.25E7,0.6138955503377163,-0.21190551447892994
8,9,0,2.9084448E7,3.3333333E7,1.1460878679904807,0.059217915293256915
7,12,0,2.9958636E7,1.25E7,0.41724195988095053,-0.3796120232837775
4,12,5,1.9505986E7,1.25E7,0.6408289229777977,-0.19325789516634484
6,12,5,1.8203276E7,1.25E7,0.6866895826883029,-0.1632395409490345
7,12,1,1.6546859E7,1.25E7,0.7554303810771579,-0.12180555317430963
8,9,1,2.6091988E7,3.3333333E7,1.2775313632675287,0.1063715708238345
6,12,6,1.5851161E7,1.25E7,0.7885857698373009,-0.10315106410897465
4,12,6,1.7611223E7,1.25E7,0.70977467039058,-0.1488795033060989
7,12,2,1.6838781E7,1.25E7,0.7423340204970894,-0.12940063566772217
8,9,2,2.2698963E7,3.3333333E7,1.4684958515505753,0.16687272399382866
6,12,7,1.6738912E7,1.25E7,0.7467629915253752,-0.12681721318489456
4,12,7,2.1817324E7,1.25E7,0.5729391927259273,-0.24189146819826937
7,12,3,1.4532396E7,1.25E7,0.8601472186692408,-0.06542721063566376
8,10,0,1.2591065E7,2.5E7,1.985534980559627,0.29787754273719524
7,12,4,1.1852127E7,1.25E7,1.0546630153389345,0.0231137165463393
8,10,1,1.2817882E7,2.5E7,1.9504002299287824,0.2901237394724176
7,12,5,1.1343858E7,1.25E7,1.1019178836688541,0.04214923154092806
8,10,2,1.1821383E7,2.5E7,2.1148117779451017,0.3252717204404325
7,12,6,1.2506789E7,1.25E7,0.9994571748192121,-2.358099882459207E-4
8,10,3,1.1876937E7,2.5E7,2.104919812237785,0.3232355558648102
7,12,7,1.1197622E7,1.25E7,1.1163084447751497,0.047784210153161165
8,11,0,1.2020539E7,2.0E7,1.6638189019643794,0.22110605383107934
8,11,1,1.1510388E7,2.0E7,1.7375608884774345,0.2399400322931916
8,11,2,1.1770029E7,2.0E7,1.6992311573743786,0.23025246276749134
8,11,3,1.2736193E7,2.0E7,1.5703279622097435,0.19599036406750397
8,11,4,1.1383091E7,2.0E7,1.7569920156133338,0.24476978791365045
8,12,0,1.1655549E7,1.25E7,1.072450555525098,0.03037727851866272
8,12,1,1.174814E7,1.25E7,1.0639982158877916,0.026940899734652683
8,12,2,1.4891701E7,1.25E7,0.839393699886937,-0.07603429473211341
8,12,3,1.2988123E7,1.25E7,0.9624177411932425,-0.01663637981689086
8,12,4,1.1162694E7,1.25E7,1.1198013669460078,0.0491409933042998
8,12,5,1.1854168E7,1.25E7,1.0544814279669397,0.023038935139986776
8,12,6,1.1762084E7,1.25E7,1.062736841532504,0.026425736377149497
8,12,7,1.2437974E7,1.25E7,1.0049868250247187,0.002160368366886685

0,-57.76312203870976
1,-57.45347672348928
2,-56.27741211753029
3,-58.23530841434172
4,-51.6521824362764
5,-57.72999906213337
6,-52.14706591290164
7,-55.69955569706601
8,-53.845469848183654
9,-55.822686932805205

-556.6262791834373

