 Number of tacts (im units) = 10
 Number of massive (im units) = 13
 Command Line ping 192.168.222.4 > /dev/null 2>&1
cycle , cPeriod , count , procDur , procTime , lI , spb
0,0,0,1.5677344E7,1.25E7,0.7973289353094504,-0.09836247494188219
0,0,1,2415204.0,1.25E7,5.175546247853183,0.7139561937248431
0,0,2,1720323.0,1.25E7,7.266077358728564,0.8613000172935688
0,0,3,1808000.0,1.25E7,6.913716814159292,0.839711586868712
0,0,4,1704560.0,1.25E7,7.333270756089548,0.8652977201387769
0,0,5,1786729.0,1.25E7,6.996024578993233,0.8448513266074366
0,0,6,6492303.0,1.25E7,1.925356841786343,0.28451123257517374
0,0,7,8898061.0,1.25E7,1.404800439106902,0.14761463431208052
0,1,0,1781778.0,9090909.0,5.102155824126238,0.7077537181947352
0,1,1,2054432.0,9090909.0,4.425023072070529,0.6459155394511988
0,1,2,1843219.0,9090909.0,4.932082948363705,0.6930303720018997
0,1,3,2341601.0,9090909.0,3.882347590387944,0.5890944156040182
0,1,4,2007399.0,9090909.0,4.528700572233024,0.655973607031863
0,1,5,1975115.0,9090909.0,4.60272389202654,0.6630149232394329
0,1,6,1934909.0,9090909.0,4.698365142753484,0.6719467658091106
1,0,0,1640722.0,1.25E7,7.618597178559195,0.8818750115368156
0,1,7,1593020.0,9090909.0,5.706713663356393,0.7563860821960583
1,0,1,2715030.0,1.25E7,4.604000692441704,0.6631353802756492
0,1,8,2791589.0,9090909.0,3.2565356146624738,0.5127558321390923
1,0,2,2374883.0,1.25E7,5.263417187288805,0.7212677942918089
0,1,9,2508376.0,9090909.0,3.6242210099283363,0.5592146736807313
1,0,3,2445122.0,1.25E7,5.1122193493821575,0.708609479771343
0,1,10,2682761.0,9090909.0,3.3886391668881424,0.5300253262370694
1,0,4,2737417.0,1.25E7,4.566348495680417,0.6595690530095498
0,2,0,2630172.0,8333333.0,3.1683604722428798,0.5008345864906946
1,0,5,1612557.0,1.25E7,7.75166397218827,0.8893949381671372
1,0,6,1586862.0,1.25E7,7.87718150664645,0.8963708526328054
0,2,1,2393843.0,8333333.0,3.481152690464663,0.5417230727447645
0,2,2,1325412.0,8333333.0,6.2873529136600546,0.7984678382973062
1,0,7,1601888.0,1.25E7,7.803292115303941,0.8922778649816612
0,2,3,1528159.0,8333333.0,5.453184518103155,0.7366501930541858
1,1,0,1927424.0,9090909.0,4.716610875448267,0.6736300480463161
0,2,4,2526429.0,8333333.0,3.298463166786005,0.5183116387724204
1,1,1,3896381.0,9090909.0,2.333167367359609,0.3679458935788418
0,2,5,3143328.0,8333333.0,2.651117859797005,0.4234290354364827
0,2,6,1915156.0,8333333.0,4.351255459085317,0.6386145811585654
1,1,2,3911870.0,9090909.0,2.3239292205518076,0.3662228966994097
0,2,7,1967786.0,8333333.0,4.234877674706498,0.6268408701644297
1,1,3,2335433.0,9090909.0,3.8926010722636875,0.5902398979406113
0,2,8,2095480.0,8333333.0,3.976813426995247,0.5995352164506219
1,1,4,2625472.0,9090909.0,3.4625808235623916,0.5393999194927172
0,2,9,2556538.0,8333333.0,3.259616324889362,0.5131664841815793
1,1,5,2812567.0,9090909.0,3.2322462007127295,0.5095044336429821
0,2,10,2820989.0,8333333.0,2.9540466127304996,0.4704173438845043
1,1,6,2552775.0,9090909.0,3.561186943620178,0.5515947724531489
0,2,11,2435197.0,8333333.0,3.422036492324851,0.5342846365115722
1,1,7,3665740.0,9090909.0,2.47996557311757,0.39444565199200426
0,3,0,2841775.0,7692307.0,2.706867010935067,0.4324669192962455
0,3,1,2630856.0,7692307.0,2.923879908288405,0.46595953099487525
1,1,8,3332118.0,9090909.0,2.7282674263036304,0.43588693785968174
0,3,2,1707786.0,7692307.0,4.504256973648923,0.6536231596084177
0,3,3,1849323.0,7692307.0,4.159525945440575,0.6190438375953243
1,1,9,4208571.0,9090909.0,2.1600940081562126,0.3344726522319844
0,3,4,1953336.0,7692307.0,3.938035750121843,0.595279654415144
1,1,10,2441816.0,9090909.0,3.7230114799804737,0.5708943753761911
0,3,5,2520365.0,7692307.0,3.0520607134284123,0.4845931686159608
1,2,0,2475019.0,8333333.0,3.366977384820076,0.5272401993459642
0,3,6,2429872.0,7692307.0,3.1657251904627075,0.5004732120280273
1,2,1,2444972.0,8333333.0,3.408355187707671,0.532544846664974
0,3,7,2496870.0,7692307.0,3.0807799364804738,0.48866067728950235
1,2,2,2590803.0,8333333.0,3.2165058478008555,0.507384345310562
0,3,8,2510710.0,7692307.0,3.063797491546216,0.48626005625739344
1,2,3,2499830.0,8333333.0,3.333559882071981,0.5229082609374617
0,3,9,2530573.0,7692307.0,3.0397491003025796,0.4828377385920055
1,2,4,2432361.0,8333333.0,3.4260263998641647,0.5347907051768226
0,3,10,1544257.0,7692307.0,4.981234988735683,0.6973370299684772
1,2,5,2342900.0,8333333.0,3.5568453625848306,0.5510649842085615
0,3,11,2867530.0,7692307.0,2.6825550212203533,0.4285486384356882
1,2,6,2380427.0,8333333.0,3.5007723404246383,0.544163868973509
0,3,12,1596814.0,7692307.0,4.817284292347137,0.6828022769879534
0,4,0,1541071.0,8333333.0,5.407494528156068,0.7329960886487477
1,2,7,1615797.0,8333333.0,5.157413338432984,0.7124319391257405
0,4,1,1487030.0,8333333.0,5.604011351485847,0.7484990063215656
1,2,8,2598599.0,8333333.0,3.2068560789871774,0.506079469593472
1,2,9,1978745.0,8333333.0,4.211423402206955,0.6244289061076074
0,4,2,3210413.0,8333333.0,2.595719927623019,0.41425783125251014
1,2,10,1554569.0,8333333.0,5.360542375410805,0.7292087334859075
0,4,3,2648393.0,8333333.0,3.1465620850077762,0.49783630525886696
1,2,11,1519290.0,8333333.0,5.485018001829802,0.7391780572676155
0,4,4,1964173.0,8333333.0,4.242667524703781,0.627638999750591
1,3,0,1827382.0,7692307.0,4.209468518350295,0.6242272658787648
0,4,5,1552874.0,8333333.0,5.366393538690196,0.7296825180218319
1,3,1,2855725.0,7692307.0,2.693644170919819,0.43034022508683806
0,4,6,1574225.0,8333333.0,5.293609871524083,0.7237519315086764
1,3,2,1783275.0,7692307.0,4.313584276121182,0.6348382874317045
0,4,7,3216746.0,8333333.0,2.590609578748213,0.41340196699148163
1,3,3,1679009.0,7692307.0,4.5814566806967685,0.6610035845115746
0,4,8,1595082.0,8333333.0,5.224391598676432,0.7180357223960944
0,4,9,1395811.0,8333333.0,5.970244538837995,0.775992120022657
1,3,4,3157341.0,7692307.0,2.4363244261547927,0.38673511939078714
0,4,10,1474446.0,8333333.0,5.651840080952439,0.7521898649701391
1,3,5,3648540.0,7692307.0,2.108324699742911,0.323937496695771
0,4,11,2627150.0,8333333.0,3.1720050244561597,0.5013338665685979
0,5,0,1755929.0,9090909.0,5.177264570492315,0.7141003590264701
1,3,6,3094851.0,7692307.0,2.4855177195929627,0.39541686363032436
0,5,1,1902434.0,9090909.0,4.778567351088133,0.6792977115124623
1,3,7,2158506.0,7692307.0,3.56371814579158,0.551903348404147
0,5,2,1672748.0,9090909.0,5.434715211137601,0.7351767912057583
2,0,0,3096924.0,1.25E7,4.036263079106882,0.6059794653153373
1,3,8,2585481.0,7692307.0,2.975193784057976,0.47351525799943023
0,5,3,3428515.0,9090909.0,2.6515587652380113,0.4235012566236497
1,3,9,1689853.0,7692307.0,4.552056894889674,0.6582076815465527
2,0,1,3185111.0,1.25E7,3.924510009227308,0.5937854410627504
0,5,4,2401211.0,9090909.0,3.7859684134380527,0.5781769862979363
1,3,10,2769110.0,7692307.0,2.7778986750255497,0.4437164006241235
2,0,2,2257143.0,1.25E7,5.537974333039599,0.743350938580899
0,5,5,2584045.0,9090909.0,3.518092370682399,0.5463072380637418
1,3,11,1724190.0,7692307.0,4.461403325619567,0.6494714866742849
0,5,6,1527706.0,9090909.0,5.950692738000636,0.7745675261955819
2,0,3,2930333.0,1.25E7,4.265726796237834,0.629993037075474
1,3,12,2962054.0,7692307.0,2.5969502919258054,0.41446363690349053
2,0,4,1443929.0,1.25E7,8.656935347929156,0.9373641741139793
0,5,7,2848543.0,9090909.0,3.19142417720217,0.5039845307918712
2,0,5,1442192.0,1.25E7,8.667361904656245,0.9378869308564362
1,4,0,2924755.0,8333333.0,2.8492413894497144,0.454729244488712
2,0,6,1628261.0,1.25E7,7.676901921743505,0.8851859922002203
0,5,8,2939395.0,9090909.0,3.0927823582744067,0.49034935940630653
2,0,7,1875537.0,1.25E7,6.664757880009832,0.8237843768127954
1,4,1,2856439.0,8333333.0,2.917385247855809,0.4649937825569545
2,1,0,1955514.0,9090909.0,4.648859072346196,0.6673463809798026
0,5,9,3028017.0,9090909.0,3.0022648485791197,0.47744900143252966
1,4,2,2922329.0,8333333.0,2.851606715055013,0.4550896287327406
0,5,10,2297346.0,9090909.0,3.957135320495911,0.5973809019061093
1,4,3,2917831.0,8333333.0,2.8560026266086007,0.4557586025162855
2,1,1,5386605.0,9090909.0,1.6876880706864528,0.22729218062021284
1,4,4,2286085.0,8333333.0,3.645241974817209,0.5617263625140378
2,1,2,3307536.0,9090909.0,2.748544233532152,0.43910273065024763
0,6,0,7205161.0,1.25E7,1.7348675484142548,0.23926632339859236
2,1,3,2186551.0,9090909.0,4.157647820700272,0.6188476990396471
0,6,1,2957691.0,1.25E7,4.22626974893591,0.6259572131932516
2,1,4,2952376.0,9090909.0,3.079184019921582,0.48843564422907615
1,4,5,7484356.0,8333333.0,1.1134335405744997,0.0466642996609014
0,6,2,2888610.0,1.25E7,4.3273408317495266,0.6362211026215727
2,1,5,1759769.0,9090909.0,5.1659672377454084,0.713151647576458
1,4,6,2872491.0,8333333.0,2.901082370667132,0.4625600599361859
2,1,6,1503360.0,9090909.0,6.047060584291188,0.7815443197373372
0,6,3,2971504.0,1.25E7,4.206623985698824,0.6239336938010875
2,1,7,2000050.0,9090909.0,4.545340866478338,0.6575664576085162
1,4,7,2781657.0,8333333.0,2.9958161628123094,0.4765151595194873
2,1,8,1832140.0,9090909.0,4.961907386990077,0.6956486539921111
0,6,4,2529689.0,1.25E7,4.941318873584856,0.6938428807199911
1,4,8,2652744.0,8333333.0,3.141401130301303,0.4971233956641593
2,1,9,1780572.0,9090909.0,5.105611567518753,0.7080477708089841
0,6,5,2570354.0,1.25E7,4.8631433646882885,0.6869170726887347
2,1,10,1509676.0,9090909.0,6.021761623023748,0.779723559570222
1,4,9,2354039.0,8333333.0,3.5400148425748257,0.5490050829395817
2,2,0,2395051.0,8333333.0,3.4793968896695726,0.5415039709040195
1,4,10,3720987.0,8333333.0,2.2395490766293995,0.3501605838496089
0,6,6,6245160.0,1.25E7,2.001550000320248,0.3013664436002284
1,4,11,2009769.0,8333333.0,4.146413344021129,0.6176725934837557
2,2,1,4676177.0,8333333.0,1.7820824575288745,0.2509277951112258
1,5,0,1730003.0,9090909.0,5.254851581182229,0.7205604542588694
0,6,7,2721338.0,1.25E7,4.593328722856183,0.6621275269363154
1,5,1,1624024.0,9090909.0,5.597767643827924,0.7480148674960451
2,2,2,2968992.0,8333333.0,2.806788633987562,0.4482097091969241
1,5,2,1731694.0,9090909.0,5.249720216158282,0.7201361582980662
0,7,0,3570172.0,1.6666666E7,4.66830897783076,0.6691595926445735
2,2,3,3322987.0,8333333.0,2.5077838101683816,0.39929009432063517
1,5,3,1603686.0,9090909.0,5.668758722093976,0.7534879726210385
1,5,4,1652224.0,9090909.0,5.50222548516424,0.7405383841190945
0,7,1,3307670.0,1.6666666E7,5.038793470932711,0.7023265579444887
2,2,4,3284880.0,8333333.0,2.536875928496627,0.40429922761317644
1,5,5,1625685.0,9090909.0,5.5920482750348315,0.7475709119312489
0,7,2,2900999.0,1.6666666E7,5.745147102773907,0.759301153147034
2,2,5,1714563.0,8333333.0,4.860324759136876,0.686665289095404
1,5,6,2818912.0,9090909.0,3.2249708398133747,0.5085257920982953
2,2,6,1647912.0,8333333.0,5.056904130803101,0.7038847203207274
0,7,3,2941322.0,1.6666666E7,5.6663860672173945,0.7533061609274849
2,2,7,1587647.0,8333333.0,5.248857586100689,0.7200647894932936
1,5,7,2888384.0,9090909.0,3.1474031846181116,0.4979523799132465
2,2,8,1968237.0,8333333.0,4.233907298765342,0.6267413449267999
0,7,4,3828579.0,1.6666666E7,4.353225047726585,0.638811119364941
1,5,8,3243651.0,9090909.0,2.8026779083199767,0.44757319027657305
2,2,9,4934518.0,8333333.0,1.6887835853471402,0.22757399906096631
1,5,9,7980889.0,9090909.0,1.1390847560967206,0.05655603991373458
0,7,5,9433927.0,1.6666666E7,1.766673199824421,0.24715622090515446
2,2,10,7590595.0,8333333.0,1.0978497733049912,0.04054291653640234
0,8,0,2987654.0,2.5E7,8.36776949405788,0.9226097082299963
1,5,10,6012527.0,9090909.0,1.5119947070507957,0.17955027085919842
0,8,1,3457530.0,2.5E7,7.230595251523487,0.859174051625199
2,2,11,5259306.0,8333333.0,1.5844928969715777,0.19989029665792996
0,8,2,2154033.0,2.5E7,11.606136024842701,1.0646876562244108
1,6,0,3530978.0,1.25E7,3.5400956902025444,0.5490150013380113
0,8,3,2582051.0,2.5E7,9.682225486638336,0.9859751925852323
2,3,0,4279525.0,7692307.0,1.7974674759465128,0.25466104083809155
1,6,1,3813809.0,1.25E7,3.2775631920738557,0.5155510737273122
2,3,1,2439885.0,7692307.0,3.1527334280099266,0.49868725154760557
0,9,0,3281718.0,3.3333333E7,10.157281338615933,1.0067774818028141
1,6,2,3911278.0,1.25E7,3.1958863573491834,0.5045913278216643
2,3,2,4080605.0,7692307.0,1.8850898334928277,0.27533205123178756
0,9,1,3890393.0,3.3333333E7,8.568114583796547,0.9328852658044022
1,6,3,5012521.0,1.25E7,2.4937551383824625,0.3968538078955253
0,9,2,3942353.0,3.3333333E7,8.45518729550601,0.9271232323363412
0,10,0,2992426.0,2.5E7,8.354425472843772,0.9219165891722115
2,3,3,8466804.0,7692307.0,0.9085254601382057,-0.04166289769816084
0,10,1,2098617.0,2.5E7,11.912607207508564,1.0760068220971597
2,3,4,2884170.0,7692307.0,2.6670782235443817,0.426035753430966
0,10,2,3405744.0,2.5E7,7.34053998186593,0.8657280084881389
1,6,4,1.1901444E7,1.25E7,1.050292720782453,0.021310355549468724
2,3,5,4227629.0,7692307.0,1.8195321774923958,0.2599597402651079
0,10,3,3327377.0,2.5E7,7.51342574045562,0.875837998382152
1,6,5,3673453.0,1.25E7,3.4027929580152514,0.5318355253735243
2,3,6,3586032.0,7692307.0,2.145074834803482,0.3314424479311316
3,0,0,1.6194172E7,1.25E7,0.7718826254284566,-0.11244873464386096
0,11,0,4448646.0,2.0E7,4.495749942791582,0.6528021474262433
2,3,7,3367491.0,7692307.0,2.2842843529500154,0.35875016491113315
1,6,6,3552645.0,1.25E7,3.5185052263876635,0.5463582004649168
0,11,1,3686749.0,2.0E7,5.424833640695366,0.7343864245416166
3,0,1,5633306.0,1.25E7,2.21894567772459,0.3461466703468212
0,11,2,1832988.0,2.0E7,10.91114617226081,1.0378703738828021
0,11,3,2081295.0,2.0E7,9.609401838759041,0.9826963547641396
1,6,7,6024108.0,1.25E7,2.074995999407713,0.31701726372915756
2,3,8,6259496.0,7692307.0,1.2289019754945127,0.08951724236598466
1,7,0,1671274.0,1.6666666E7,9.972431809505801,0.9988010753296737
0,11,4,2568102.0,2.0E7,7.787852663173036,0.8914177265952704
3,0,2,6299316.0,1.25E7,1.9843424270190604,0.2976166180866594
2,3,9,3544386.0,7692307.0,2.1702791400259454,0.3365155961418072
0,12,0,1756580.0,1.25E7,7.116100604583908,0.8522420793369568
1,7,1,3776929.0,1.6666666E7,4.412755971849087,0.6447099113561664
3,0,3,3174241.0,1.25E7,3.9379492609414344,0.5952701161100953
0,12,1,2925102.0,1.25E7,4.273355253936444,0.6307689982258243
1,7,2,3684076.0,1.6666666E7,4.523974532555789,0.6555201514254732
2,3,10,6082628.0,7692307.0,1.264635450334954,0.10196535181616904
0,12,2,2694133.0,1.25E7,4.63971155098876,0.6664909814799109
2,3,11,3527863.0,7692307.0,2.180443798412807,0.3385448970843126
3,0,4,7815417.0,1.25E7,1.5994028213721674,0.2039578577843346
1,7,3,4320087.0,1.6666666E7,3.857946842274241,0.5863562393094168
2,3,12,1909822.0,7692307.0,4.027761225915294,0.6050637167621481
0,12,3,5372937.0,1.25E7,2.326474328658609,0.3666982646993227
3,0,5,2957865.0,1.25E7,4.226021133486484,0.6259316645415701
1,7,4,3239730.0,1.6666666E7,5.144461421167813,0.7113399147528406
3,0,6,1764594.0,1.25E7,7.083782445140355,0.8502652148096939
0,12,4,3816886.0,1.25E7,3.2749209696071615,0.515200824059819
2,4,0,4399824.0,8333333.0,1.8940150787849697,0.2773834322211291
1,7,5,3033179.0,1.6666666E7,5.494784844547585,0.7399506917267323
1,8,0,2421906.0,2.5E7,10.322448517820263,1.0137827255518421
0,12,5,3372896.0,1.25E7,3.7060140603208636,0.5689070626645251
3,0,7,4228341.0,1.25E7,2.9562421763050803,0.4707400087230613
1,8,1,6650106.0,2.5E7,3.759338572949063,0.5751114408353709
2,4,1,1.0282892E7,8333333.0,0.810407519596627,-0.09129653790422926
0,12,6,1.677839E7,1.25E7,0.7450059272671573,-0.1278402719910641
2,4,2,1.1037327E7,8333333.0,0.7550136912678224,-0.12204517288981438
3,1,0,1.8873403E7,9090909.0,0.4816783173654481,-0.31724290290806945
2,4,3,2544405.0,8333333.0,3.275159811429391,0.5152324962449281
0,12,7,4436599.0,1.25E7,2.817473474614226,0.44985983602856144
1,8,2,1.6061785E7,2.5E7,1.5564895184439338,0.19214620044591066
3,1,1,4572913.0,9090909.0,1.9879908058605096,0.2984143715234273
2,4,4,3479167.0,8333333.0,2.395209255548814,0.37934346119954937
3,1,2,2154897.0,9090909.0,4.218720894780586,0.6251807939606316
1,8,3,4047959.0,2.5E7,6.175951880935553,0.7907039035962071
3,1,3,2259556.0,9090909.0,4.023316527671808,0.6045842013044535
1,9,0,4047626.0,3.3333333E7,8.235279889989837,0.9156783639930205
3,1,4,3220824.0,9090909.0,2.822541374505406,0.4506403167928214
2,4,5,9630465.0,8333333.0,0.8653095151687898,-0.0628285206434796
1,9,1,3718526.0,3.3333333E7,8.964125301261845,0.952507918508524
2,4,6,2105992.0,8333333.0,3.9569632743144325,0.597362019475883
3,1,5,6151915.0,9090909.0,1.4777364446680423,0.1695969842395883
2,4,7,1626122.0,8333333.0,5.124666537935038,0.7096656111041085
1,9,2,5327123.0,3.3333333E7,6.25728615614845,0.7963860164438016
3,1,6,2476831.0,9090909.0,3.670379206332608,0.5647109358352247
2,4,8,3393268.0,8333333.0,2.4558428629863602,0.39020057504194505
1,10,0,2157715.0,2.5E7,11.586330910245328,1.0639459279642889
3,1,7,3048781.0,9090909.0,2.9818176510546346,0.47448108124904237
1,10,1,1409421.0,2.5E7,17.737780265797088,1.2488992705897044
2,4,9,3032040.0,8333333.0,2.748424493080566,0.4390838101797196
3,1,8,2888350.0,9090909.0,3.1474402340436582,0.4979574921487709
1,10,2,2838976.0,2.5E7,8.805992019657792,0.944778287548654
2,4,10,2888757.0,8333333.0,2.8847469690250858,0.4601077257151728
1,10,3,1712635.0,2.5E7,14.59738940287919,1.1642751935036477
3,1,9,2844660.0,9090909.0,3.1957805150703424,0.5045769444945685
1,11,0,1536758.0,2.0E7,13.014410857142114,1.1144245130304733
2,4,11,2900702.0,8333333.0,2.872867671343006,0.4583156221878825
1,11,1,1572777.0,2.0E7,12.71636093355892,1.104362846171674
3,1,10,3095803.0,9090909.0,2.9365269689318088,0.46783399373830975
3,2,0,2299646.0,8333333.0,3.6237460026456247,0.559157749293056
1,11,2,3418890.0,2.0E7,5.8498518525018355,0.7671448677136925
2,5,0,4342921.0,9090909.0,2.0932706351324373,0.32082538110807696
2,5,1,1960772.0,9090909.0,4.636392706546197,0.6661802139746769
1,11,3,2220535.0,2.0E7,9.006838442087155,0.954572372764927
4,0,0,5671198.0,1.25E7,2.204119834997826,0.3432352028219875
2,5,2,7942109.0,9090909.0,1.1446467178931943,0.0586714673361026
3,2,1,1.0472392E7,8333333.0,0.7957430355930145,-0.09922715367052733
4,0,1,8844938.0,1.25E7,1.413237718568519,0.15021522000790516
3,2,2,1431731.0,8333333.0,5.820459988643118,0.7649573081267517
1,11,4,9962678.0,2.0E7,2.007492362997178,0.3026539017890784
3,2,3,1742932.0,8333333.0,4.781215216657907,0.6795382930167032
4,0,2,3118908.0,1.25E7,4.007812990957091,0.6029074486650251
3,2,4,1644082.0,8333333.0,5.068684530333645,0.7048952620265589
1,12,0,3390846.0,1.25E7,3.6863956664502013,0.5666019468716524
2,5,3,5625083.0,9090909.0,1.6161377529896004,0.20847837550635306
4,0,3,2490239.0,1.25E7,5.019598520463297,0.7006689826191068
3,2,5,2112027.0,8333333.0,3.9456564712477635,0.5961192706941717
2,5,4,3092508.0,9090909.0,2.9396557745363956,0.46829647872107966
1,12,1,3452826.0,1.25E7,3.6202229709808718,0.5587353197277791
3,2,6,2443481.0,8333333.0,3.4104349491565515,0.5328097701868315
4,0,4,3414657.0,1.25E7,3.6606897852405087,0.5635629273883555
2,5,5,2626988.0,9090909.0,3.4605826140050886,0.5391492215520007
1,12,2,2739509.0,1.25E7,4.56286144706953,0.6592372814645895
3,2,7,3259297.0,8333333.0,2.5567884730971127,0.40769479968583655
4,0,5,2847014.0,1.25E7,4.390564991952973,0.6425204102419242
2,5,6,2972027.0,9090909.0,3.0588244992390714,0.48555455995344593
3,2,8,2755438.0,8333333.0,3.0243224489173772,0.48062809315189825
1,12,3,5159167.0,1.25E7,2.4228717542967693,0.38433042698304654
4,0,6,3874213.0,1.25E7,3.226461735583459,0.5087265189322193
3,2,9,1604190.0,8333333.0,5.194729427312226,0.7155629318189964
2,5,7,3969464.0,9090909.0,2.290210718625991,0.359875442919079
1,12,4,2022759.0,1.25E7,6.1796783502137425,0.790965870823017
4,0,7,2884435.0,1.25E7,4.333604328057315,0.6368492563179479
3,2,10,3536838.0,8333333.0,2.356153434225712,0.37220356857170117
2,5,8,2798901.0,9090909.0,3.248028065301345,0.5116197732024036
1,12,5,3553649.0,1.25E7,3.517511155434878,0.5462354834304872
4,1,0,2869249.0,9090909.0,3.1683931927831988,0.5008390715475097
2,5,9,2593226.0,9090909.0,3.5056369942303522,0.5447669432567178
1,12,6,2913196.0,1.25E7,4.290820116463156,0.632540308038854
3,2,11,4649704.0,8333333.0,1.792228709612483,0.2533934299827573
1,12,7,2180613.0,1.25E7,5.732333064142972,0.7583314161490878
3,3,0,3006109.0,7692307.0,2.558891577118461,0.4080518847708422
4,1,1,6506174.0,9090909.0,1.3972741891009985,0.14528163670064928
2,5,10,6486562.0,9090909.0,1.4014988217178839,0.146592736972055
3,3,1,2352630.0,7692307.0,3.269662887916927,0.5145029779004551
4,1,2,2541473.0,9090909.0,3.577023639440592,0.5535218102760817
3,3,2,1610005.0,7692307.0,4.777815596845972,0.6792293838362756
3,3,3,1654825.0,7692307.0,4.648411161301044,0.6673045353002525
4,1,3,2615216.0,9090909.0,3.47615990419147,0.5410997458867293
2,6,0,4244625.0,1.25E7,2.9449009040845775,0.4690706853596796
4,1,4,1648788.0,9090909.0,5.513691875486721,0.7414424925432654
3,3,4,1879721.0,7692307.0,4.092259968367646,0.6119632152750399
2,6,1,2805404.0,1.25E7,4.455686239842818,0.6489146011283032
4,1,5,1545508.0,9090909.0,5.882149429184449,0.7695360530588314
3,3,5,2822701.0,7692307.0,2.7251582792509725,0.43539173149670846
4,1,6,1729035.0,9090909.0,5.257793509096114,0.7208035259276147
2,6,2,2876797.0,1.25E7,4.345110204161086,0.6380007958484579
3,3,6,2051122.0,7692307.0,3.7502922790550732,0.5740651157902038
4,1,7,2209694.0,9090909.0,4.114103129211556,0.614275174059273
3,3,7,1644711.0,7692307.0,4.676996140963367,0.6699670115678997
2,6,3,2742735.0,1.25E7,4.557494617598857,0.6587261644255337
3,3,8,1568903.0,7692307.0,4.902984441995458,0.6904605151580195
4,1,8,2887992.0,9090909.0,3.1478303956520657,0.4980113246347007
2,6,4,5788593.0,1.25E7,2.159419396043218,0.3343369979149051
3,3,9,5635769.0,7692307.0,1.3649081429703738,0.13510342475154316
4,1,9,5728048.0,9090909.0,1.5870867353066873,0.20060066187504566
3,3,10,1742447.0,7692307.0,4.4146576624712255,0.6448970315683761
4,1,10,1782471.0,9090909.0,5.100172176714236,0.7075848376929794
2,6,5,3878325.0,1.25E7,3.2230408746043717,0.5082658132698787
4,2,0,1515206.0,8333333.0,5.499802007119824,0.740347055173686
3,3,11,2251898.0,7692307.0,3.41592159147528,0.5335078934044283
4,2,1,1456526.0,8333333.0,5.721376068810306,0.7575004950897918
2,6,6,2667766.0,1.25E7,4.685568374437638,0.6707622797296585
3,3,12,2478723.0,7692307.0,3.103334660629687,0.4918286120094865
2,6,7,1447530.0,1.25E7,8.635399611752433,0.9362824397799504
4,2,2,2899118.0,8333333.0,2.874437328870367,0.45855284419699277
3,4,0,1886734.0,8333333.0,4.416803322566933,0.6451080608328476
4,2,3,1551838.0,8333333.0,5.36997611864125,0.729972354309353
2,7,0,3040340.0,1.6666666E7,5.481842820210898,0.7389265789426805
4,2,4,3832089.0,8333333.0,2.174618856712357,0.3373831495978783
3,4,1,5082682.0,8333333.0,1.6395542746919836,0.21472579783312948
2,7,1,4816482.0,1.6666666E7,3.4603401403763163,0.5391187906505839
4,2,5,1491231.0,8333333.0,5.588224091371491,0.7472738132787091
2,7,2,1736718.0,1.6666666E7,9.596644936023004,0.9821194267430688
3,4,2,3124092.0,8333333.0,2.6674416118347346,0.42609492184139575
4,2,6,2895436.0,8333333.0,2.878092625773804,0.45910476674274303
2,7,3,1470300.0,1.6666666E7,11.335554648711147,1.0544427750122847
3,4,3,2919084.0,8333333.0,2.8547767039249297,0.455572144089468
4,2,7,1811823.0,8333333.0,4.599418927787096,0.6627029681172625
2,7,4,2852997.0,1.6666666E7,5.8418098581947335,0.76654741725912
3,4,4,1463944.0,8333333.0,5.692385091232998,0.7552942725331845
4,2,8,2698539.0,8333333.0,3.0880906297815227,0.48969003759518615
3,4,5,1697378.0,8333333.0,4.909532820620981,0.6910401676668612
2,7,5,2755631.0,1.6666666E7,6.048221260393717,0.7816276704578289
3,4,6,1512788.0,8333333.0,5.50859274399321,0.7410406657161485
4,2,9,2841425.0,8333333.0,2.932800619407516,0.46728253934114944
3,4,7,1440530.0,8333333.0,5.784907638160955,0.762296429397146
2,8,0,3236139.0,2.5E7,7.725255311962805,0.887912841332386
4,2,10,2014880.0,8333333.0,4.135895437941714,0.6165695505648626
2,8,1,1525742.0,2.5E7,16.385470151572154,1.2144589071956036
3,4,8,2937836.0,8333333.0,2.8365548655541017,0.45279118824514153
2,8,2,1482975.0,2.5E7,16.858005023685497,1.2268061789205025
4,2,11,2838377.0,8333333.0,2.935950016505912,0.4677486575994657
3,4,9,2627534.0,8333333.0,3.17154145293648,0.5012703921212867
4,3,0,1318002.0,7692307.0,5.836339398574509,0.766140539328709
3,4,10,2703518.0,8333333.0,3.0824033721987427,0.4888894711303354
2,8,3,4234876.0,2.5E7,5.903360570651891,0.7710993102518684
5,0,0,1698962.0,1.25E7,7.357433538831357,0.8667263477204534
3,4,11,3377311.0,8333333.0,2.467446142804142,0.3922476820556615
3,5,0,1681453.0,9090909.0,5.406579309680378,0.732922578084526
4,3,1,9427438.0,7692307.0,0.8159488293638208,-0.08833707632181709
3,5,1,1743618.0,9090909.0,5.213819196635961,0.7171559667508417
5,0,1,8125466.0,1.25E7,1.538373306835571,0.18706173561251452
2,9,0,1.2564474E7,3.3333333E7,2.6529827671257866,0.42373442896216884
4,3,2,6126930.0,7692307.0,1.2554912492879795,0.09881369004839369
5,0,2,1598444.0,1.25E7,7.820105052163229,0.8932125872373872
2,9,1,1883706.0,3.3333333E7,17.695613328194526,1.2478656198378644
3,5,2,7728514.0,9090909.0,1.1762816241259315,0.07051131252352999
5,0,3,2749354.0,1.25E7,4.546522564937073,0.6576793508842814
4,3,3,3235056.0,7692307.0,2.3777971695080393,0.3761748057408919
2,9,2,2993262.0,3.3333333E7,11.136122731655298,1.0467340086697672
5,0,4,1797681.0,1.25E7,6.953402744980894,0.8421973846937243
3,5,3,4096510.0,9090909.0,2.2191838906776744,0.34619329114486114
4,3,4,2983491.0,7692307.0,2.5782906668731362,0.4113318765174521
2,10,0,2753502.0,2.5E7,9.079346955259156,0.9580546124057991
5,0,5,2859619.0,1.25E7,4.371211689389391,0.6406018390468531
3,5,4,3242710.0,9090909.0,2.8034912156807117,0.44769919964001675
2,10,1,1761940.0,2.5E7,14.188905411080967,1.1519488935361815
4,3,5,4098017.0,7692307.0,1.8770803049377296,0.273482852933166
2,10,2,1716775.0,2.5E7,14.562187823098542,1.1632266282819306
2,10,3,1529981.0,2.5E7,16.340072196974994,1.2132539710873746
3,5,5,6537402.0,9090909.0,1.3905996602320003,0.14320211893756946
5,0,6,8309796.0,1.25E7,1.5042487204258685,0.1773196507355925
2,11,0,3755907.0,2.0E7,5.324945479214475,0.7263151655009126
4,3,6,7158164.0,7692307.0,1.074620112084607,0.031254964360004286
3,5,6,2368453.0,9090909.0,3.8383320251657937,0.5841425395658135
5,0,7,3002991.0,1.25E7,4.162516637579,0.6193559823928896
2,11,1,3290696.0,2.0E7,6.077741608462161,0.7837422323670795
4,3,7,2791634.0,7692307.0,2.755485497024323,0.4401981295408097
3,5,7,3221030.0,9090909.0,2.822360859724995,0.45061254073229523
5,1,0,2724081.0,9090909.0,3.337238870650322,0.5233872934071186
2,11,2,3230309.0,2.0E7,6.191358164188008,0.7917859282628172
4,3,8,2668031.0,7692307.0,2.883140038477814,0.4598657372411856
3,5,8,3124082.0,9090909.0,2.909945705650492,0.4638848859081182
5,1,1,2846023.0,9090909.0,3.194250011331602,0.5043689050061086
4,3,9,2769125.0,7692307.0,2.7778836274996617,0.4437140480994551
2,11,3,3157339.0,2.0E7,6.334448090623148,0.8017087815496083
4,3,10,1830729.0,7692307.0,4.201772627188404,0.6234325474918445
5,1,2,3418716.0,9090909.0,2.65915887719249,0.42474428596891034
3,5,9,4195525.0,9090909.0,2.16681082820386,0.335820997220424
2,11,4,3440685.0,2.0E7,5.812795998471235,0.7643850815504211
5,1,3,2320462.0,9090909.0,3.9177150929426983,0.5930328497133741
4,3,11,3219187.0,7692307.0,2.3895185337167426,0.37831040336892613
3,5,10,3076778.0,9090909.0,2.954684738385415,0.47051114894528634
2,12,0,2945722.0,1.25E7,4.243441845496622,0.6277182547386703
5,1,4,2832770.0,9090909.0,3.209194180960685,0.5063959960510371
4,3,12,3239083.0,7692307.0,2.3748409657918614,0.375634531859168
3,6,0,2752778.0,1.25E7,4.540867443724122,0.6571388242309795
2,12,1,3162440.0,1.25E7,3.952644160837834,0.5968877184814484
5,1,5,2920205.0,9090909.0,3.113106442869593,0.4931939702683137
3,6,1,3372254.0,1.25E7,3.7067196005994805,0.5689897345274856
4,4,0,3773041.0,8333333.0,2.20865158899678,0.3441272120641979
3,6,2,6922254.0,1.25E7,1.8057702014401666,0.25666248208136216
5,1,6,9828129.0,9090909.0,0.9249887745673668,-0.03386353771829842
2,12,2,1.1394067E7,1.25E7,1.0970621815722166,0.04023124411832942
3,6,3,2370651.0,1.25E7,5.27281324834402,0.7220423898313794
4,4,1,1.0080702E7,8333333.0,0.826661972549134,-0.08267203998432913
4,4,2,2975595.0,8333333.0,2.8005602240896357,0.4472449163043782
4,4,3,1537480.0,8333333.0,5.420124489424253,0.7340092615289995
2,12,3,6309424.0,1.25E7,1.9811634152341007,0.2969202995705374
5,1,7,7622456.0,9090909.0,1.192648275044159,0.07651238438333453
4,4,4,1615922.0,8333333.0,5.157014385595344,0.7123983428815962
3,6,4,7636566.0,1.25E7,1.6368613850780573,0.21401190345311832
2,12,4,2407786.0,1.25E7,5.191491270403599,0.7152921280755657
5,1,8,2701800.0,9090909.0,3.3647601598934043,0.5269541131522536
4,4,5,3228354.0,8333333.0,2.5812946783407273,0.4118375860518716
3,6,5,2607220.0,1.25E7,4.79437868687721,0.6807323340626581
2,12,5,3328819.0,1.25E7,3.7550855123093205,0.5746198313804572
3,6,6,1817027.0,1.25E7,6.879369431494414,0.8375486322801595
5,1,9,3913947.0,9090909.0,2.3226959894960255,0.3659923700566088
4,4,6,3393326.0,8333333.0,2.455800886799559,0.3901931518544224
3,6,7,2095806.0,1.25E7,5.964292496538325,0.7755589336605129
2,12,6,3247044.0,1.25E7,3.849655255672544,0.5854218393103788
5,1,10,2767977.0,9090909.0,3.284315223717538,0.5164448333898988
4,4,7,2993429.0,8333333.0,2.7838752814915604,0.4446497748417992
3,7,0,2840750.0,1.6666666E7,5.8669949837190885,0.7684157168946936
2,12,7,3525870.0,1.25E7,3.545224299250965,0.5496437173316087
5,2,0,3293611.0,8333333.0,2.530150949823765,0.4031464321322992
4,4,8,3358207.0,8333333.0,2.4814828269966682,0.39471127402603146
5,2,1,1480480.0,8333333.0,5.628804847076624,0.7504161917572074
3,7,1,4087327.0,1.6666666E7,4.07764438715082,0.6104093481139428
4,4,9,2160667.0,8333333.0,3.8568335611179325,0.5862308976039976
5,2,2,1860602.0,8333333.0,4.478836957070883,0.6511652531271537
4,4,10,1557465.0,8333333.0,5.350574812275076,0.7284004407856061
3,7,2,2734435.0,1.6666666E7,6.095104107429871,0.7849811279849476
5,2,3,2555785.0,8333333.0,3.2605766917013757,0.5132944196611012
4,4,11,1532826.0,8333333.0,5.436581190559137,0.7353258782224549
3,7,3,2526067.0,1.6666666E7,6.59787171124123,0.8194038668865482
4,5,0,1574063.0,9090909.0,5.775441643695329,0.7615852000076676
5,2,4,3030822.0,8333333.0,2.7495290056624904,0.4392583055537111
4,5,1,1502617.0,9090909.0,6.050050678250013,0.7817590125354693
3,7,4,2743715.0,1.6666666E7,6.074488786189527,0.783509734668883
5,2,5,2211686.0,8333333.0,3.7678644256011027,0.5760952677215285
4,5,2,2061983.0,9090909.0,4.408818598407455,0.6443222300734598
5,2,6,1581024.0,8333333.0,5.270845350861214,0.7218802739928178
3,7,5,2700319.0,1.6666666E7,6.172110035888353,0.790433660027718
4,5,3,2520131.0,9090909.0,3.6073160482530473,0.5571841938845776
5,2,7,2309592.0,8333333.0,3.6081407452052137,0.5572834700211773
5,2,8,1415628.0,8333333.0,5.886668672843431,0.769869592529478
3,8,0,3821321.0,2.5E7,6.54224023577187,0.8157264876878413
4,5,4,3872850.0,9090909.0,2.3473434292575237,0.3705766339191053
5,2,9,1589394.0,8333333.0,5.2430882462120785,0.7195871673685833
3,8,1,2736101.0,2.5E7,9.137089603051933,0.9608078838501751
5,2,10,1718068.0,8333333.0,4.850409296954486,0.6857783876556092
4,5,5,2777303.0,9090909.0,3.273286710164501,0.5149840472233499
5,2,11,1519715.0,8333333.0,5.483484074316566,0.739056586486217
3,8,2,2763520.0,2.5E7,9.046433534043539,0.9564773966899385
5,3,0,2236551.0,7692307.0,3.439361320175574,0.5364778027820675
4,5,6,3001290.0,9090909.0,3.029000529772198,0.481299349290968
6,0,0,2897055.0,1.25E7,4.314726506745643,0.6349532727336125
4,5,7,1839447.0,9090909.0,4.942196758047391,0.6939200314815298
3,8,3,4702572.0,2.5E7,5.316239708823172,0.7256045550156354
4,5,8,1564867.0,9090909.0,5.809381244540271,0.7641298782781011
6,0,1,3293406.0,1.25E7,3.7954628126626355,0.5792647406347703
4,5,9,1628695.0,9090909.0,5.581713580504637,0.7467675473805289
3,9,0,2398664.0,3.3333333E7,13.896624537659298,1.1429093238014663
5,3,1,6057670.0,7692307.0,1.269845831813222,0.10375099776146504
4,5,10,1671272.0,9090909.0,5.439514932338961,0.7355601733009115
6,0,2,2646846.0,1.25E7,4.722601919416543,0.6741813392910814
5,3,2,2333089.0,7692307.0,3.2970482480522603,0.5181253025297293
6,0,3,1707561.0,1.25E7,7.320382697894834,0.8645337858725255
5,3,3,1929448.0,7692307.0,3.986791559036574,0.6006235300876201
3,9,1,4927281.0,3.3333333E7,6.765056224721099,0.8302714103918309
4,6,0,4280688.0,1.25E7,2.920091349801714,0.4653964377820677
3,9,2,1939285.0,3.3333333E7,17.188465336451323,1.2352371026519295
6,0,4,5179425.0,1.25E7,2.413395309324877,0.38262846430298264
5,3,4,3713500.0,7692307.0,2.0714439208294064,0.3162731803550418
3,10,0,5008698.0,2.5E7,4.991317104764551,0.6982151620269466
4,6,1,7212280.0,1.25E7,1.733155118769654,0.2388374341570215
6,0,5,3471121.0,1.25E7,3.6011421094222875,0.5564402599772712
3,10,1,2394978.0,2.5E7,10.438509247266571,1.018638480283662
4,6,2,3180907.0,1.25E7,3.9296967814525856,0.5943590411585498
5,3,5,8458495.0,7692307.0,0.9094179283666893,-0.04123648831655686
3,10,2,2909470.0,2.5E7,8.592630272867567,0.9341261251978161
6,0,6,5559353.0,1.25E7,2.2484630855425083,0.3518857618720318
4,6,3,2918369.0,1.25E7,4.283214357060399,0.6317698095726056
5,3,6,2801611.0,7692307.0,2.7456727575669855,0.4386487746881315
3,10,3,3123771.0,2.5E7,8.003147477840084,0.9032608199205758
6,0,7,2745787.0,1.25E7,4.55242886647799,0.6582431684949768
4,6,4,3105581.0,1.25E7,4.025011744984272,0.6047671519770345
5,3,7,2695880.0,7692307.0,2.8533566034096474,0.45535605178851674
3,11,0,3042951.0,2.0E7,6.5725672217528315,0.8177350366022155
6,1,0,2583825.0,9090909.0,3.51839191895736,0.5463442145302847
5,3,8,2592247.0,7692307.0,2.9674282581868163,0.47238022806463464
4,6,5,3085134.0,1.25E7,4.051687868338944,0.607635981041803
3,11,1,3059525.0,2.0E7,6.5369624369795964,0.8153759894084215
6,1,1,2864340.0,9090909.0,3.1738232891346696,0.5015827426172723
5,3,9,2842495.0,7692307.0,2.706181365314627,0.4323568991780447
4,6,6,3597309.0,1.25E7,3.4748196499105304,0.5409322687588678
5,3,10,2347416.0,7692307.0,3.276925351109475,0.5154665481963843
3,11,2,4620306.0,2.0E7,4.328717621733279,0.6363592561012285
6,1,2,4794022.0,9090909.0,1.8963010599450734,0.2779072877981332
5,3,11,1669767.0,7692307.0,4.606814603474617,0.6634007348686831
4,6,7,3929723.0,1.25E7,3.1808857774453823,0.5025480742894367
3,11,3,3620878.0,2.0E7,5.523522195445414,0.7422161034952404
5,3,12,2594320.0,7692307.0,2.9650571247957074,0.4720330648991243
6,1,3,3684512.0,9090909.0,2.467330544723426,0.39222733519428893
5,4,0,2807601.0,8333333.0,2.9681329362683657,0.47248334815513554
4,7,0,5348687.0,1.6666666E7,3.1160294105824478,0.49360154809981704
3,11,4,3163639.0,2.0E7,6.321833812264926,0.8008430749637079
6,1,4,4208583.0,9090909.0,2.160087849045629,0.3344714139194187
5,4,1,2467562.0,8333333.0,3.3771524281862018,0.5285506630121328
3,12,0,2793953.0,1.25E7,4.473947843789785,0.6506909168892824
4,7,1,2976556.0,1.6666666E7,5.5993120908862455,0.7481346745984622
6,1,5,2813759.0,9090909.0,3.2308769158979147,0.5093204133675221
5,4,2,2031932.0,8333333.0,4.101186949169559,0.6129095666886543
3,12,1,2826329.0,1.25E7,4.422698135991952,0.6456872983235233
3,12,2,2052857.0,1.25E7,6.0890748844171805,0.7845513151103908
4,7,2,4969272.0,1.6666666E7,3.353945205655879,0.5255559631371872
6,1,6,3835624.0,9090909.0,2.370125173896086,0.37477128309736074
4,7,3,1573606.0,1.6666666E7,10.591384374487642,1.024952729409349
5,4,3,5332094.0,8333333.0,1.5628631078146784,0.19392093955192952
3,12,3,2538956.0,1.25E7,4.923283428306753,0.6922548383741064
6,1,7,3513014.0,9090909.0,2.58778046429647,0.4129274299608235
4,7,4,2034250.0,1.6666666E7,8.193027405677768,0.9134444075769255
3,12,4,2384850.0,1.25E7,5.241419795794285,0.719448944609253
4,7,5,1679402.0,1.6666666E7,9.924167054701615,0.9966940661931234
6,1,8,2614037.0,9090909.0,3.477727744481046,0.5412955800538044
5,4,4,5178793.0,8333333.0,1.6091264895121316,0.20659018427179446
3,12,5,2910970.0,1.25E7,4.294101278955125,0.632872283316959
4,8,0,3016114.0,2.5E7,8.288811364557175,0.9184922561443047
6,1,9,3040504.0,9090909.0,2.9899348923731064,0.4756617314043796
5,4,5,3069077.0,8333333.0,2.7152570626282757,0.43381095200813863
3,12,6,3036437.0,1.25E7,4.116667001488916,0.6145457381986414
4,8,1,3107144.0,2.5E7,8.045974052055522,0.9055786276551686
6,1,10,2986193.0,9090909.0,3.0443139475579777,0.48348943740911676
5,4,6,2939013.0,8333333.0,2.8354188974325734,0.4526172295090792
3,12,7,2801883.0,1.25E7,4.461285499787108,0.6494600167889473
4,8,2,3115448.0,2.5E7,8.024528093551874,0.9044195018379663
6,2,0,2769891.0,8333333.0,3.00854185236892,0.47835605741865
5,4,7,3079360.0,8333333.0,2.7061899225813155,0.432358272466574
5,4,8,1554456.0,8333333.0,5.360932055973279,0.7292403030464462
4,8,3,3167668.0,2.5E7,7.89224123235137,0.8972003513239342
6,2,1,4095846.0,8333333.0,2.0345816224535787,0.3084751173744266
5,4,9,1429351.0,8333333.0,5.830151586279367,0.7656798467365117
4,9,0,2996337.0,3.3333333E7,11.124694251681303,1.0462880837759034
6,2,2,3197475.0,8333333.0,2.6062230353638416,0.4160115790216139
5,4,10,7108965.0,8333333.0,1.1722287280919235,0.06901236053554631
4,9,1,7014323.0,3.3333333E7,4.7521810729274945,0.6768929802633347
6,2,3,7007878.0,8333333.0,1.1891378531418497,0.07523220397821784
4,9,2,3198389.0,3.3333333E7,10.421913344499371,1.017947457800018
5,4,11,4119610.0,8333333.0,2.0228451236888927,0.3059626328933289
5,5,0,2251149.0,9090909.0,4.038341753477891,0.6062030692805251
5,5,1,1507963.0,9090909.0,6.028602160663093,0.7802166248622667
5,5,2,1508337.0,9090909.0,6.027107337418627,0.7801089259350618
6,2,4,8357994.0,8333333.0,0.9970494116171895,-0.0012833184577094763
5,5,3,1508367.0,9090909.0,6.026987463926219,0.7801002881406626
4,10,0,8201619.0,2.5E7,3.0481786583843995,0.48404041807327214
6,2,5,2358867.0,8333333.0,3.5327693337521784,0.5481152818308358
4,10,1,6661366.0,2.5E7,3.752983997576473,0.574376712620103
5,5,4,7333963.0,9090909.0,1.2395629757063131,0.09326859589365773
7,0,0,1468554.0,1.25E7,8.511774166969685,0.9300200924721218
6,2,6,8639447.0,8333333.0,0.9645678710685996,-0.015667208151231585
6,2,7,2516352.0,8333333.0,3.311672214380182,0.5200473442569261
4,10,2,5879255.0,2.5E7,4.252239441902078,0.6286177114883674
5,5,5,5927823.0,9090909.0,1.533599940484053,0.1857120830159061
4,10,3,3055072.0,2.5E7,8.183113196677525,0.9129185587958449
7,0,1,6398593.0,1.25E7,1.9535544767419963,0.2908255264482165
7,0,2,2861405.0,1.25E7,4.368483315014827,0.6403306813066035
7,0,3,1478137.0,1.25E7,8.456590965519434,0.9271953248310788
7,0,4,1493059.0,1.25E7,8.372073709076467,0.9228330432815866
7,0,5,1693570.0,1.25E7,7.380858187143136,0.8681068610469213
6,2,8,1.137563E7,8333333.0,0.7325601307356164,-0.13515672131533338
5,5,6,1.1104211E7,9090909.0,0.8186902248165133,-0.08688039506737556
7,0,6,1553277.0,1.25E7,8.047502151902075,0.905661101488011
4,11,0,9742332.0,2.0E7,2.0528965754811064,0.3123670702525806
6,2,9,2866600.0,8333333.0,2.9070442335868276,0.46345164004580464
4,11,1,1753694.0,2.0E7,11.40449816216512,1.0570761795558845
7,0,7,3076933.0,1.25E7,4.062486898479753,0.6087919733894851
4,11,2,1380475.0,2.0E7,14.487766891830711,1.1610014495640044
5,5,7,6748177.0,9090909.0,1.3471651677186298,0.129420845189454
6,2,10,4208832.0,8333333.0,1.9799633247418762,0.2966571458121664
7,1,0,4817883.0,9090909.0,1.8869094579507224,0.2757510613436363
5,5,8,2915489.0,9090909.0,3.1181421024054625,0.4938959033109019
4,11,3,6824116.0,2.0E7,2.9307825365219466,0.46698359507020615
5,5,9,3022681.0,9090909.0,3.0075648075334445,0.4782149943663016
4,11,4,2195548.0,2.0E7,9.109343088832492,0.9594870593899348
5,5,10,2199605.0,9090909.0,4.132973420227723,0.6162626122777041
4,12,0,2176031.0,1.25E7,5.7444034574875085,0.7592449349262892
5,6,0,2127449.0,1.25E7,5.875581506301678,0.7690508551957587
4,12,1,2132378.0,1.25E7,5.862000076909441,0.7680458198003604
4,12,2,1973034.0,1.25E7,6.335420474254372,0.801775443779607
5,6,1,3911329.0,1.25E7,3.1958446860389396,0.5045856649988797
4,12,3,1888725.0,1.25E7,6.618221286846947,0.8207412841368998
6,2,11,1.5661242E7,8333333.0,0.5320991144891318,-0.2740074638206332
5,6,2,2082402.0,1.25E7,6.002683439604841,0.7783454407975097
4,12,4,2128098.0,1.25E7,5.873789646905359,0.7689183894417955
6,3,0,1786245.0,7692307.0,4.306412054337451,0.6341155824691842
7,1,1,1.616669E7,9090909.0,0.5623234564403722,-0.2500138002000967
5,6,3,2607084.0,1.25E7,4.794628788332099,0.6807549886871497
6,3,1,2515371.0,7692307.0,3.058120253433788,0.48545455902786755
4,12,5,2967357.0,1.25E7,4.212502910839511,0.6245402139769857
5,6,4,2889032.0,1.25E7,4.32670873842865,0.6361576607289497
7,1,2,3371156.0,9090909.0,2.696674078565335,0.43082846056712226
4,12,6,3911385.0,1.25E7,3.195798930557846,0.5045794470824412
5,6,5,4237468.0,1.25E7,2.9498747837151806,0.46980358143724704
7,1,3,4315933.0,9090909.0,2.106360084829862,0.3235326163684346
6,3,2,7972964.0,7692307.0,0.9647989129262342,-0.015563194538919637
4,12,7,3792484.0,1.25E7,3.29599281104416,0.5179862557777308
7,1,4,3283567.0,9090909.0,2.768607736647372,0.44226142816258707
5,6,6,3878536.0,1.25E7,3.2228655348306683,0.5082421861517175
6,3,3,2928469.0,7692307.0,2.626733286232499,0.41941597754511983
7,1,5,1936624.0,9090909.0,4.694204450631615,0.6715620008670672
5,6,7,2543970.0,1.25E7,4.913579955738472,0.6913980274590695
6,3,4,2028672.0,7692307.0,3.791794336393463,0.5788447735521879
7,1,6,2441230.0,9090909.0,3.7239051625614956,0.5709986121855994
5,7,0,1738485.0,1.6666666E7,9.58689088487965,0.9816777843897126
6,3,5,2485738.0,7692307.0,3.0945767413943064,0.4906012570888838
7,1,7,1607654.0,9090909.0,5.654767132728809,0.7524147250787634
6,3,6,1542770.0,7692307.0,4.9860361557458335,0.6977554234224623
5,7,1,2883025.0,1.6666666E7,5.780964785251602,0.7620003238782306
7,1,8,2946241.0,9090909.0,3.085595849083629,0.489339041621115
6,3,7,1475498.0,7692307.0,5.213363217029098,0.7171179834454019
7,1,9,1379907.0,9090909.0,6.588059195293596,0.8187574927554377
5,7,2,2923300.0,1.6666666E7,5.701319057229843,0.7559753456729756
7,1,10,1427279.0,9090909.0,6.369398694999366,0.8040984345692608
6,3,8,2813570.0,7692307.0,2.7340023528826367,0.43679888398582906
5,7,3,2603942.0,1.6666666E7,6.400551932416313,0.8062174256819393
7,2,0,1420280.0,8333333.0,5.867387416565748,0.7684447651077262
5,7,4,1400679.0,1.6666666E7,11.898990418218592,1.075510114804566
6,3,9,2813944.0,7692307.0,2.733638977890107,0.4367411582701859
7,2,1,2877333.0,8333333.0,2.8962004050278503,0.461828609937557
5,7,5,1639321.0,1.6666666E7,10.16681052704138,1.0071847299377663
7,2,2,1720856.0,8333333.0,4.842551032741845,0.6850742061844157
6,3,10,3202215.0,7692307.0,2.4021831763326325,0.3806061210674281
6,3,11,1268324.0,7692307.0,6.064938454212015,0.7828263980910128
5,8,0,3177101.0,2.5E7,7.868808703280129,0.8959089874094319
7,2,3,2573078.0,8333333.0,3.238663188601356,0.5103657850161323
6,3,12,1491437.0,7692307.0,5.157647959652335,0.7124516956153968
5,8,1,2480276.0,2.5E7,10.079523407878801,1.0034399977621207
7,2,4,1902613.0,8333333.0,4.379941165123964,0.6414682767521314
6,4,0,2762531.0,8333333.0,3.0165572802621945,0.4795115763839353
7,2,5,2140713.0,8333333.0,3.8927838528565015,0.5902602901507938
5,8,2,2989161.0,2.5E7,8.363550842527385,0.9223907013515509
6,4,1,2565798.0,8333333.0,3.247852325085607,0.5115962743072962
7,2,6,1647556.0,8333333.0,5.057996814675799,0.7039785515071683
5,8,3,2753119.0,2.5E7,9.080610028117201,0.958115025056983
6,4,2,1520543.0,8333333.0,5.480498085223503,0.7388200303518978
7,2,7,2590397.0,8333333.0,3.217009979551397,0.5074524081377115
5,9,0,1480956.0,3.3333333E7,22.50798335669662,1.3523365853473588
6,4,3,2505924.0,8333333.0,3.325453206082866,0.5218508410641765
7,2,8,1871060.0,8333333.0,4.453803191773647,0.6487310221692499
5,9,1,2413725.0,3.3333333E7,13.80991330826834,1.140190952303551
6,4,4,2029490.0,8333333.0,4.1061217350171715,0.6134318208413188
7,2,9,2261489.0,8333333.0,3.6848877000949374,0.566424256924446
5,9,2,2216933.0,3.3333333E7,15.035787279092332,1.1771261728431923
6,4,5,2209077.0,8333333.0,3.7723144100454626,0.5766078825958548
7,2,10,2226979.0,8333333.0,3.741989933447958,0.5731026148438724
5,10,0,2023877.0,2.5E7,12.352529328610386,1.091755893708067
6,4,6,2244310.0,8333333.0,3.713093556594232,0.5697358920219405
7,2,11,1840946.0,8333333.0,4.52665803342412,0.6557776869391413
5,10,1,2533667.0,2.5E7,9.867121448872327,0.9941904737227876
6,4,7,1798337.0,8333333.0,4.633910663018111,0.665947656788385
5,10,2,1436686.0,2.5E7,17.401157942654137,1.2405781489361967
7,3,0,2933230.0,7692307.0,2.622469768821402,0.4187104904557874
6,4,8,3108101.0,8333333.0,2.681165444752278,0.42832361350771236
5,10,3,1907516.0,2.5E7,13.106049962359425,1.1174718192233277
7,3,1,2908908.0,7692307.0,2.644396797698655,0.4223266225690035
6,4,9,1475186.0,8333333.0,5.649004939038196,0.7519719544488599
5,11,0,2521824.0,2.0E7,7.930767571408631,0.8993152221089208
7,3,2,1597151.0,7692307.0,4.816267841926029,0.682710630873519
6,4,10,2484131.0,8333333.0,3.3546270305390498,0.5256442420659905
5,11,1,1925027.0,2.0E7,10.389464667248824,1.0165931704590574
7,3,3,2415565.0,7692307.0,3.1844752676909955,0.5030378802755234
5,11,2,1561012.0,2.0E7,12.81220131555683,1.1076237540277318
6,4,11,2493883.0,8333333.0,3.341509204722114,0.5239426617950452
7,3,4,2459146.0,7692307.0,3.1280399781062207,0.4952722949504633
5,11,3,2786693.0,2.0E7,7.176965672214341,0.8559408689850622
6,5,0,2511922.0,9090909.0,3.6191048129679184,0.5586011609016351
6,5,1,1254927.0,9090909.0,7.244173565474326,0.8599888471672461
8,0,0,5172840.0,1.25E7,2.416467549740568,0.3831809674603191
6,5,2,1914516.0,9090909.0,4.748411086666291,0.6765483103125516
7,3,5,5107544.0,7692307.0,1.5060676912426012,0.1778444919659234
5,11,4,4252438.0,2.0E7,4.703184385051587,0.6723920052909955
6,5,3,1671848.0,9090909.0,5.437640862087941,0.7354105205070832
8,0,1,2701018.0,1.25E7,4.62788474567737,0.6653825346056383
7,3,6,2800534.0,7692307.0,2.7467286596056324,0.4388157589995952
5,12,0,2713722.0,1.25E7,4.606219797016791,0.6633446575435449
8,0,2,2580343.0,1.25E7,4.844317208991208,0.6852325732827441
6,5,4,3384977.0,9090909.0,2.6856634476393784,0.4290515883807746
7,3,7,2932041.0,7692307.0,2.623533231629435,0.4188865696671508
5,12,1,2958558.0,1.25E7,4.2250312483311125,0.6258299253395775
6,5,5,2729074.0,9090909.0,3.3311331975607845,0.5225919985900395
8,0,3,3172195.0,1.25E7,3.940489156561939,0.5955501367518405
7,3,8,2899544.0,7692307.0,2.6529368066151093,0.4237269051405595
5,12,2,2928428.0,1.25E7,4.268501735402065,0.6302754623244925
8,0,4,2476246.0,1.25E7,5.047963732197851,0.7031162259977803
6,5,6,3074026.0,9090909.0,2.9573298989663717,0.4708997740726519
5,12,3,2545099.0,1.25E7,4.911400303092336,0.6912053326938334
7,3,9,2963269.0,7692307.0,2.595885489977454,0.41428553089883635
6,5,7,2857731.0,9090909.0,3.1811633075331445,0.502585964530189
8,0,5,3452754.0,1.25E7,3.6202984631977837,0.5587443759410728
7,3,10,2494670.0,7692307.0,3.0834968152100277,0.4890435042014592
8,0,6,1605963.0,1.25E7,7.783491898630293,0.8911744777197752
5,12,4,4121672.0,1.25E7,3.0327498160940514,0.48183658506459487
7,3,11,2269622.0,7692307.0,3.3892458744231417,0.5301030760760465
6,5,8,3793103.0,9090909.0,2.3966944741548013,0.37961267456527564
8,0,7,3061289.0,1.25E7,4.083247285702199,0.6110056820449373
5,12,5,2610346.0,1.25E7,4.788637215143127,0.6802119363473748
7,3,12,3196356.0,7692307.0,2.4065864378060517,0.3814014649279969
6,5,9,2947666.0,9090909.0,3.0841041691969173,0.4891290384267074
5,12,6,2448127.0,1.25E7,5.105944258610767,0.7080760693186238
8,1,0,3189419.0,9090909.0,2.850333869585652,0.4548957334212636
6,5,10,2310478.0,9090909.0,3.934644259759236,0.5949054729066425
7,4,0,2751716.0,8333333.0,3.0284131792670466,0.48121512751039225
8,1,1,2626251.0,9090909.0,3.461553750955259,0.5392710797180817
5,12,7,3360236.0,1.25E7,3.71997681115255,0.570540232672253
7,4,1,2557585.0,8333333.0,3.2582819339337696,0.5129886604065526
6,6,0,3321359.0,1.25E7,3.763519691788813,0.5755941927265683
6,6,1,1355444.0,1.25E7,9.222070406449843,0.9648284335433254
8,1,2,3338389.0,9090909.0,2.723142509755454,0.4350703697942106
6,6,2,1365754.0,1.25E7,9.15245351651908,0.9615375318643551
7,4,2,3488348.0,8333333.0,2.3889052927058883,0.37819893264208093
6,6,3,1598280.0,1.25E7,7.820907475536202,0.893257148040944
8,1,3,2834363.0,9090909.0,3.2073905142001924,0.506151840451409
7,4,3,2846430.0,8333333.0,2.9276437502415305,0.46651822856214886
6,6,4,1533626.0,1.25E7,8.150618208089847,0.9111905503571337
7,4,4,1601801.0,8333333.0,5.2024770867292505,0.7162101761246136
6,6,5,1602694.0,1.25E7,7.799367814442433,0.8920594019435518
8,1,4,4031722.0,9090909.0,2.2548452001402874,0.35311673200887234
6,6,6,1633606.0,1.25E7,7.651783845064232,0.8837626931610918
7,4,5,2287109.0,8333333.0,3.643609902282751,0.5615318736920456
8,1,5,2022624.0,9090909.0,4.494611455218568,0.6526921543233125
6,6,7,2121926.0,1.25E7,5.890874611084458,0.7701797787547235
7,4,6,2501975.0,8333333.0,3.330701945463084,0.522535770718115
8,1,6,2283048.0,9090909.0,3.981917594373837,0.6000922680773685
7,4,7,2165805.0,8333333.0,3.8476838865918217,0.5851993845850646
8,1,7,1728205.0,9090909.0,5.260318654326309,0.7210120532077022
6,7,0,3520312.0,1.6666666E7,4.734428652914855,0.6752675761887184
7,4,8,1454983.0,8333333.0,5.727443550886849,0.757960817519373
8,1,8,1583272.0,9090909.0,5.741849157946329,0.7590517791162459
7,4,9,1651436.0,8333333.0,5.046113200874875,0.7029569889409419
6,7,1,2842041.0,1.6666666E7,5.864329895311151,0.7682183933662433
8,1,9,2680624.0,9090909.0,3.3913405983084535,0.530371408928109
7,4,10,1367543.0,8333333.0,6.093653362270875,0.7848777457293336
6,7,2,2529889.0,1.6666666E7,6.587904054288548,0.818747265513431
7,4,11,1410750.0,8333333.0,5.907023214602162,0.7713686776385167
8,1,10,2823404.0,9090909.0,3.2198399520578707,0.5078342848431642
7,5,0,1598212.0,9090909.0,5.688174660182754,0.7549729233034586
6,7,3,2716840.0,1.6666666E7,6.134577671117916,0.7877846695216363
8,2,0,1881690.0,8333333.0,4.428642868910394,0.6462706596672172
6,7,4,1368873.0,1.6666666E7,12.175465510679222,1.085485574802844
7,5,1,2970127.0,9090909.0,3.0607812393207428,0.4858322907371777
8,2,1,2229167.0,8333333.0,3.7383170484759556,0.572676131329747
7,5,2,1466780.0,9090909.0,6.197868119281692,0.7922423309097845
6,7,5,2869118.0,1.6666666E7,5.808985897408193,0.7641003221320668
8,2,2,2272922.0,8333333.0,3.666352386927488,0.5642342043095739
6,8,0,1471846.0,2.5E7,16.98547266493913,1.230077636747328
7,5,3,3198997.0,9090909.0,2.841799789121403,0.4535934776932653
8,2,3,1864481.0,8333333.0,4.4695188634263365,0.6502607745401212
7,5,4,1413168.0,9090909.0,6.432999473523318,0.8084135158577088
6,8,1,2618136.0,2.5E7,9.548778214729868,0.9799478062909672
7,5,5,1532180.0,9090909.0,5.933316581602684,0.773297521432863
8,2,4,2894273.0,8333333.0,2.879249124046004,0.45927924338370957
6,8,2,2665348.0,2.5E7,9.379638231105282,0.9721860881376383
7,5,6,1482327.0,9090909.0,6.132863396538011,0.7876632913154954
8,2,5,2499879.0,8333333.0,3.333494541135791,0.5228997482701789
6,8,3,1594922.0,2.5E7,15.674747730610024,1.1952005600236064
8,2,6,1606463.0,8333333.0,5.187379354519837,0.7149480092332878
7,5,7,2851332.0,9090909.0,3.188302519664494,0.5035595223814429
6,9,0,2855705.0,3.3333333E7,11.672540756135525,1.0671653989989762
8,2,7,1554980.0,8333333.0,5.359125519299283,0.7290939290347787
7,5,8,2867820.0,9090909.0,3.1699719647676634,0.5010554213342995
6,9,1,1432888.0,3.3333333E7,23.263041493822268,1.366666495329236
8,2,8,2844407.0,8333333.0,2.9297259499080126,0.4668269978254044
7,5,9,1508252.0,9090909.0,6.027447004877169,0.7801334006188663
6,9,2,2677214.0,3.3333333E7,12.450754030122358,1.0951956535365857
8,2,9,1445878.0,8333333.0,5.763510475987601,0.7606870868876872
7,5,10,2608433.0,9090909.0,3.485199351488039,0.542227624550264
8,2,10,1364139.0,8333333.0,6.108859141187225,0.7859601112327803
6,10,0,2773764.0,2.5E7,9.013023458376416,0.9548705014148832
8,2,11,1509742.0,8333333.0,5.519706678359614,0.741915999585262
7,6,0,2654108.0,1.25E7,4.7096802390859756,0.6729914219665515
8,3,0,1448293.0,7692307.0,5.3112919830448675,0.725200176986751
6,10,1,2596968.0,2.5E7,9.626610724506424,0.9834734104131788
8,3,1,1456673.0,7692307.0,5.280736994507347,0.7226945381231258
7,6,1,2669675.0,1.25E7,4.682217872962065,0.6704516184216252
8,3,2,1462409.0,7692307.0,5.260024384423236,0.7209877574609461
6,10,2,2738513.0,2.5E7,9.129041928959257,0.9604252017622221
8,3,3,1393358.0,7692307.0,5.520696762784582,0.7419938931524358
7,6,2,2629222.0,1.25E7,4.754258103728023,0.677082755427937
6,10,3,2628426.0,2.5E7,9.511395793528141,0.9782442541557355
8,3,4,1612304.0,7692307.0,4.771002862983655,0.6786096771704604
7,6,3,2823501.0,1.25E7,4.427127881307639,0.6461220671209544
6,11,0,1501096.0,2.0E7,13.323598224230828,1.1246215279796343
8,3,5,2701364.0,7692307.0,2.847564045422979,0.4544735007093454
7,6,4,1450104.0,1.25E7,8.620071387983208,0.9355108624927873
7,6,5,1268288.0,1.25E7,9.85580562143614,0.9936921296448094
6,11,1,2815313.0,2.0E7,7.104005842334405,0.8515033099344734
8,3,6,2709326.0,7692307.0,2.839195799988632,0.4531953438898639
7,6,6,1478771.0,1.25E7,8.452965334051047,0.9270090879202612
6,11,2,2691729.0,2.0E7,7.4301684902157685,0.8709986621510581
7,6,7,1506404.0,1.25E7,8.297906803221446,0.9189685528026734
8,3,7,2915640.0,7692307.0,2.6382910784596176,0.4213227088733644
7,7,0,1366529.0,1.6666666E7,12.196350022575444,1.0862298796726584
6,11,3,2610804.0,2.0E7,7.660475470391496,0.8842557262590873
8,3,8,1633150.0,7692307.0,4.71010439947341,0.6730305333736372
6,11,4,1480523.0,2.0E7,13.508739816943066,1.130614837099423
7,7,1,2822215.0,1.6666666E7,5.905526687371444,0.7712586364489024
6,12,0,1356832.0,1.25E7,9.212636494422302,0.9643839354218191
8,3,9,2843441.0,7692307.0,2.705281030976201,0.4322123873215372
7,7,2,2649521.0,1.6666666E7,6.290444952125308,0.7986813661794796
8,3,10,1379392.0,7692307.0,5.576592440727509,0.746368905705316
6,12,1,2943965.0,1.25E7,4.2459743916792485,0.6279773705209994
7,7,3,2943831.0,1.6666666E7,5.661556658653299,0.7529358579222406
9,0,0,2745301.0,1.25E7,4.553234781905518,0.6583200447419996
8,3,11,2984360.0,7692307.0,2.5775399080539882,0.41120539818967844
6,12,2,3147143.0,1.25E7,3.9718563789443313,0.5989935361577702
7,7,4,1616702.0,1.6666666E7,10.309052626891042,1.0132187566687747
9,0,1,2837850.0,1.25E7,4.404743027291788,0.6439205767470365
8,3,12,2952599.0,7692307.0,2.6052664110500614,0.41585214027778944
6,12,3,2770161.0,1.25E7,4.512373107555843,0.6544050022903035
7,7,5,3393110.0,1.6666666E7,4.911914438376592,0.6912507931362574
6,12,4,1735813.0,1.25E7,7.201236538728538,0.8574070764086669
8,4,0,3721627.0,8333333.0,2.2391639463062796,0.350085892761477
9,0,2,4455640.0,1.25E7,2.8054331139858695,0.4479999188875855
7,8,0,2566130.0,2.5E7,9.742296765947165,0.988661354742038
8,4,1,1907833.0,8333333.0,4.367957258313489,0.640278380024195
6,12,5,2791135.0,1.25E7,4.478464853903519,0.6511291703076199
6,12,6,2803911.0,1.25E7,4.458058761494213,0.64914578860014
6,12,7,1457456.0,1.25E7,8.576588246917916,0.9333145605517194
7,8,1,8514068.0,2.5E7,2.9363166937355913,0.46780289420197513
9,0,3,8887747.0,1.25E7,1.4064306736004073,0.1481183295941232
9,0,4,1299570.0,1.25E7,9.618566141108213,0.9831103357158733
8,4,2,8987094.0,8333333.0,0.9272555733811174,-0.032800547612303985
9,0,5,1358297.0,1.25E7,9.202700145844393,0.963915271518386
7,8,2,2960409.0,2.5E7,8.444779082890236,0.9265882928251254
9,0,6,1367780.0,1.25E7,9.138896606179356,0.9608937639204044
8,4,3,2770341.0,8333333.0,3.0080531602427283,0.478285507117765
7,8,3,2827604.0,2.5E7,8.84140777845837,0.9465214213184041
9,0,7,1674641.0,1.25E7,7.464286375408222,0.8729882932349192
7,9,0,1436457.0,3.3333333E7,23.20524248202348,1.3655861109172789
8,4,4,2877073.0,8333333.0,2.8964621335642162,0.4618678551925396
8,4,5,1262719.0,8333333.0,6.599515014821192,0.8195120212803493
9,1,0,2902942.0,9090909.0,3.131619233177928,0.4957689516673576
8,4,6,1364334.0,8333333.0,6.107986021018314,0.7858980344417581
7,9,1,2876521.0,3.3333333E7,11.588072188591704,1.064011192003711
8,4,7,1444733.0,8333333.0,5.768078253905739,0.7610311437032095
9,1,1,2756980.0,9090909.0,3.29741565045811,0.518173694890388
8,4,8,1484557.0,8333333.0,5.613346607775922,0.7492218594648145
7,9,2,2803723.0,3.3333333E7,11.888953723317176,1.075143636604941
9,1,2,2707816.0,9090909.0,3.3572846160891285,0.5259881604191115
8,4,9,1616904.0,8333333.0,5.153882357888904,0.712134501156526
7,10,0,2731761.0,2.5E7,9.151605868888238,0.9614973081433559
8,4,10,1336619.0,8333333.0,6.234636048118424,0.794811106265682
7,10,1,1523209.0,2.5E7,16.412718149643286,1.2151805115610044
9,1,3,3132852.0,9090909.0,2.901799701996775,0.4626674317682673
8,4,11,2816913.0,8333333.0,2.9583210415089143,0.4710453025175736
7,10,2,1494820.0,2.5E7,16.724421669498668,1.22335110879633
9,1,4,2653863.0,9090909.0,3.4255381683229316,0.534728810915301
8,5,0,1431834.0,9090909.0,6.3491361428768975,0.8027146396379479
7,10,3,2713161.0,2.5E7,9.214344449149904,0.9644644429469458
8,5,1,1494076.0,9090909.0,6.08463625679015,0.7842346209571118
9,1,5,3882109.0,9090909.0,2.341744912365933,0.36953958536252085
7,11,0,2739057.0,2.0E7,7.301783058914071,0.8634289256123228
8,5,2,3783502.0,9090909.0,2.402776316756275,0.3807133426224321
9,1,6,2862020.0,9090909.0,3.1763960419563806,0.5019346461836368
7,11,1,2641361.0,2.0E7,7.571854055541821,0.8792022345200097
9,1,7,1529747.0,9090909.0,5.942753278810156,0.7739877003279527
8,5,3,2880055.0,9090909.0,3.15650534451599,0.4992065290005619
9,1,8,1536560.0,9090909.0,5.916403524756599,0.7720577871298928
7,11,2,3572682.0,2.0E7,5.598035313526365,0.7480356337552354
8,5,4,3104821.0,9090909.0,2.9279977815146188,0.4665707433302326
7,11,3,1424229.0,2.0E7,14.042685551270196,1.1474501710819425
9,1,9,2825100.0,9090909.0,3.217906976744186,0.5075734853594628
7,11,4,1423022.0,2.0E7,14.054596485507602,1.1478183813107263
8,5,5,2722376.0,9090909.0,3.3393289538256288,0.5236592030598831
7,12,0,1363664.0,1.25E7,9.166480892653908,0.9622026374982896
9,1,10,2752760.0,9090909.0,3.302470611313736,0.5188389615171279
8,5,6,2004965.0,9090909.0,4.534198352589696,0.6565005148092321
9,2,0,1436013.0,8333333.0,5.803104150171342,0.7636603650568284
7,12,1,3033731.0,1.25E7,4.120338948970756,0.6149329436090609
9,2,1,1510871.0,8333333.0,5.515582071533572,0.7415913512487148
8,5,7,2949217.0,9090909.0,3.082482231724556,0.48890058188213464
9,2,2,1439183.0,8333333.0,5.790322009084321,0.7627027162109975
7,12,2,2802079.0,1.25E7,4.460973441505397,0.6494296376684294
9,2,3,1632551.0,8333333.0,5.10448555665336,0.7079519792995717
8,5,8,2720048.0,9090909.0,3.342186976112186,0.5240307425119854
9,2,4,1382633.0,8333333.0,6.027147478759729,0.780111818384774
7,12,3,2657676.0,1.25E7,4.703357369370834,0.6724079784588768
9,2,5,1362856.0,8333333.0,6.114610054180339,0.7863687660791547
8,5,9,2705985.0,9090909.0,3.3595563168310245,0.5262819256412482
9,2,6,1374369.0,8333333.0,6.0633883622229545,0.7827153858448646
7,12,4,2816039.0,1.25E7,4.438858978870676,0.6472713478478156
9,2,7,1436006.0,8333333.0,5.8031324381653,0.7636624820772057
8,5,10,2892264.0,9090909.0,3.1431809129457062,0.4973693785463291
9,2,8,1595287.0,8333333.0,5.223720245949475,0.7179799104389742
7,12,5,2873868.0,1.25E7,4.349538670530449,0.6384431963873496
8,6,0,2665717.0,1.25E7,4.689169930641549,0.6710959714043854
9,2,9,1458052.0,8333333.0,5.715388065720564,0.7570457236340661
7,12,6,2513212.0,1.25E7,4.973714911436042,0.6966808883045411
8,6,1,1673885.0,1.25E7,7.467657575042491,0.8731843954207152
9,2,10,2665035.0,8333333.0,3.1269131549867075,0.49511581957558304
7,12,7,1787292.0,1.25E7,6.993820819429618,0.8447145015606146
8,6,2,2715751.0,1.25E7,4.6027783843216845,0.6630200648824149
9,2,11,2468807.0,8333333.0,3.375449356713587,0.5283315964709426
8,6,3,1434986.0,1.25E7,8.710886377985569,0.9400623489780494
9,3,0,1279921.0,7692307.0,6.0099857725594,0.7788734438985369
8,6,4,1645872.0,1.25E7,7.594758280109267,0.8805139560414298
9,3,1,1297897.0,7692307.0,5.92674688361249,0.7728163800148415
8,6,5,1506588.0,1.25E7,8.296893377618831,0.9189155090609247
9,3,2,1181298.0,7692307.0,6.511741321834118,0.8136971399260775
8,6,6,1440822.0,1.25E7,8.675603232043931,0.9382996818767173
9,3,3,1441471.0,7692307.0,5.336428551112024,0.7272506990774817
8,6,7,1303051.0,1.25E7,9.59287088532989,0.9819485991487893
9,3,4,1376983.0,7692307.0,5.586348560584989,0.7471280300431018
8,7,0,1376604.0,1.6666666E7,12.107088167693831,1.0830397050949985
9,3,5,1355453.0,7692307.0,5.675082057437624,0.7539721454836124
8,7,1,1450448.0,1.6666666E7,11.49070218304965,1.0603465687149054
9,3,6,1398017.0,7692307.0,5.5022986129639335,0.7405441561087958
8,7,2,1241783.0,1.6666666E7,13.421560771890096,1.1278030221821311
9,3,7,1387417.0,7692307.0,5.544336706267835,0.7438495970066735
9,3,8,1245785.0,7692307.0,6.174666575693237,0.7906135112035874
8,7,3,1433036.0,1.6666666E7,11.630319126665345,1.0655916315855682
9,3,9,1315136.0,7692307.0,5.849058196262592,0.7670859424763288
8,7,4,1553659.0,1.6666666E7,10.727364241445517,1.0304930270905956
9,3,10,1405078.0,7692307.0,5.4746476708054645,0.738356174736149
8,7,5,1206428.0,1.6666666E7,13.814886590828463,1.1403473240567603
8,8,0,1419874.0,2.5E7,17.607196131487722,1.245690201988017
9,3,11,1440147.0,7692307.0,5.341334599870708,0.7276497845457864
9,3,12,1390498.0,7692307.0,5.532051826036427,0.7428862400663779
8,8,1,1647691.0,2.5E7,15.17274780283439,1.1810642391613346
9,4,0,1417806.0,8333333.0,5.877625711839278,0.7692019266739228
8,8,2,1197215.0,2.5E7,20.88179650271672,1.3197678591604003
8,8,3,1363701.0,2.5E7,18.33246437452198,1.2632208497040014
9,4,1,1378482.0,8333333.0,6.045296928070153,0.7814176370504553
8,9,0,1434094.0,3.3333333E7,23.243478460965598,1.3663011221416346
9,4,2,1509630.0,8333333.0,5.52011618741016,0.7419482188560212
8,9,1,1326027.0,3.3333333E7,25.137748326391545,1.4003263738583585
9,4,3,1385320.0,8333333.0,6.015457078508937,0.7792686323628745
8,9,2,1639090.0,3.3333333E7,20.336487319183206,1.3082759402465394
9,4,4,1614602.0,8333333.0,5.161230445645429,0.7127532504743062
9,4,5,1351321.0,8333333.0,6.1668049264386475,0.7900602106751772
8,10,0,1507268.0,2.5E7,16.58630051191958,1.2197495296997518
9,4,6,5961892.0,8333333.0,1.3977665143883855,0.14543463208104424
8,10,1,7511612.0,2.5E7,3.328180422524486,0.5222068616039273
9,4,7,3029229.0,8333333.0,2.750974918040201,0.43948663073632327
8,10,2,2862532.0,2.5E7,8.733526821708892,0.9411896583561485
9,4,8,2910349.0,8333333.0,2.8633449115552807,0.45687366522836764
8,10,3,2238579.0,2.5E7,11.167798858114903,1.0479675833237276
9,4,9,1532708.0,8333333.0,5.436999741633762,0.7353593123640366
8,11,0,1419136.0,2.0E7,14.093081987913774,1.1490059784874747
9,4,10,1453584.0,8333333.0,5.732955921364022,0.758378602653453
8,11,1,1531878.0,2.0E7,13.055869984424348,1.1158058165531517
9,4,11,1315660.0,8333333.0,6.333956341303984,0.8016750655410853
8,11,2,1617319.0,2.0E7,12.36614421768371,1.092234307064927
9,5,0,1288375.0,9090909.0,7.056104783157077,0.8485650214447704
8,11,3,1547674.0,2.0E7,12.922618070730659,1.1113505088979636
9,5,1,1360721.0,9090909.0,6.680950025758403,0.8248382231953209
8,11,4,1266764.0,2.0E7,15.78826048103672,1.1983342829466654
9,5,2,1342546.0,9090909.0,6.771394797645668,0.830678135528417
8,12,0,1509201.0,1.25E7,8.282528304712228,0.918162928714496
9,5,3,1402230.0,9090909.0,6.4831796495582035,0.8117880561132866
9,5,4,1415475.0,9090909.0,6.4225147035447465,0.8077051072024614
8,12,1,1429909.0,1.25E7,8.741815038579379,0.9416016133439642
8,12,2,1390517.0,1.25E7,8.989462192839067,0.9537337102350186
9,5,5,1541354.0,9090909.0,5.89800201640895,0.7707049166924036
8,12,3,1308997.0,1.25E7,9.549296140480077,0.9799713617857488
9,5,6,1362372.0,9090909.0,6.672853669922753,0.8243116012419173
8,12,4,1369488.0,1.25E7,9.127498744056172,0.9603517818628484
9,5,7,1362880.0,9090909.0,6.670366429913125,0.8241496921051753
8,12,5,1286304.0,1.25E7,9.717765007338857,0.9875663928490331
9,5,8,1295447.0,9090909.0,7.017584663826463,0.84618766089477
9,5,9,1343844.0,9090909.0,6.764854402743175,0.8302584538877181
8,12,6,1511425.0,1.25E7,8.27034090345204,0.9175234115400531
8,12,7,1333004.0,1.25E7,9.377316197100685,0.9720785603869045
9,5,10,1451160.0,9090909.0,6.264580749193748,0.7968920115784917
9,6,0,1192857.0,1.25E7,10.479043171142894,1.0203216295500295
9,6,1,1488350.0,1.25E7,8.398562166157154,0.9242049412103176
9,6,2,1240979.0,1.25E7,10.072692608013512,1.0031455806320388
9,6,3,1229765.0,1.25E7,10.164543632319996,1.0070878844581277
9,6,4,1381604.0,1.25E7,9.047454987101949,0.9565264310837055
9,6,5,1269943.0,1.25E7,9.842961455750377,0.9931257844465924
9,6,6,1337997.0,1.25E7,9.342322890111113,0.9704548733317875
9,6,7,1371429.0,1.25E7,9.114580485026933,0.9597366842657404
9,7,0,1284838.0,1.6666666E7,12.971803449150787,1.113000359551049
9,7,1,1332456.0,1.6666666E7,12.508229915284257,1.0971958554635697
9,7,2,1302057.0,1.6666666E7,12.800258360425081,1.1072187355365073
9,7,3,1341307.0,1.6666666E7,12.425690762815671,1.0943205411591261
9,7,4,1333011.0,1.6666666E7,12.503022105594027,1.0970149990200724
9,7,5,1366158.0,1.6666666E7,12.199662118144461,1.0863478026208602
9,8,0,1383708.0,2.5E7,18.06739572221885,1.2568955568232452
9,8,1,1264543.0,2.5E7,19.769988051019222,1.2960064068261667
9,8,2,1311165.0,2.5E7,19.06701292362136,1.280282660932766
9,8,3,1331765.0,2.5E7,18.77208065987618,1.2735124116209962
9,9,0,1259843.0,3.3333333E7,26.458322981514364,1.4225623136626853
9,9,1,1248157.0,3.3333333E7,26.706041788012246,1.4266095242246521
9,9,2,1328268.0,3.3333333E7,25.095336935016125,1.399593030981851
9,10,0,1295620.0,2.5E7,19.295781170404904,1.2854623652411248
9,10,1,1318685.0,2.5E7,18.95828040813386,1.27779894254177
9,10,2,1314106.0,2.5E7,19.02434050221215,1.2793096104510475
9,10,3,1336051.0,2.5E7,18.711860550233485,1.2721169722422163
9,11,0,1351722.0,2.0E7,14.795941769091574,1.170142613437357
9,11,1,1363627.0,2.0E7,14.666767378469332,1.166334403932206
9,11,2,1269184.0,2.0E7,15.758156421763905,1.1975054071454
9,11,3,1352719.0,2.0E7,14.785036655802129,1.1698224055880655
9,11,4,1291338.0,2.0E7,15.487811866451695,1.1899900645344286
9,12,0,1192678.0,1.25E7,10.480615891296729,1.0203868046259823
9,12,1,1263278.0,1.25E7,9.894892493972032,0.9954110800453608
9,12,2,1308230.0,1.25E7,9.554894781498666,0.980225908966529
9,12,3,1272140.0,1.25E7,9.825962551291525,0.9923751046188277
9,12,4,1246139.0,1.25E7,10.030983702460158,1.0013435248052438
9,12,5,1292753.0,1.25E7,9.66928717241422,0.9853944587264446
9,12,6,1275186.0,1.25E7,9.80249155809427,0.9913364769579975
9,12,7,1331492.0,1.25E7,9.387964779360297,0.9725714515956895

0,66.4199766439257
1,63.35596638634368
2,59.165889086372104
3,60.624402305171415
4,61.94252196685427
5,64.37506027263457
6,66.45045477851033
7,72.22315261396122
8,78.99484249199101
9,89.75311517624975

683.305381722014


