 Number of tacts (im units) = 10
 Number of massive (im units) = 13
 Command Line curl 10.152.183.176 > /dev/null 2>&1
cycle , cPeriod , count , procDur , procTime , lI , spb
3,0,0,3.61990853E8,1.25E7,0.0345312592746646,-1.4617875836526917
2,0,0,4.61877573E8,1.25E7,0.027063448694444405,-1.5676168620793467
5,0,0,1.61296451E8,1.25E7,0.07749705540638337,-1.110714798720193
6,0,0,6.0457561E7,1.25E7,0.20675660402509455,-0.6845406097277664
7,0,0,1.0999272E7,1.25E7,1.1364388479528464,0.05554607119942416
4,0,0,2.61643804E8,1.25E7,0.04777487488295347,-1.3208004416400674
0,0,0,6.63225722E8,1.25E7,0.0188472786645027,-1.7247513481801782
1,0,0,5.62161231E8,1.25E7,0.02223561375401926,-1.6529508785242402
8,0,0,2.206149E7,1.25E7,0.566598176279118,-0.24672482768566675
6,0,1,1.712586E7,1.25E7,0.7298903529516182,-0.13674237643386813
1,0,1,1.8963925E7,1.25E7,0.6591462474144989,-0.18101821606079088
2,0,1,2.1314371E7,1.25E7,0.5864587793841066,-0.23176250787095187
4,0,1,2.6339918E7,1.25E7,0.47456487905543215,-0.3237044055978548
7,0,1,3.2152866E7,1.25E7,0.3887678317696469,-0.4103096775495345
5,0,1,3.431112E7,1.25E7,0.36431337712088674,-0.4385248817278265
2,0,2,1.3348679E7,1.25E7,0.9364222482239628,-0.028528276557945924
8,0,1,1.7259817E7,1.25E7,0.7242255233644713,-0.14012617371809183
0,0,1,3.4707983E7,1.25E7,0.36014769282329084,-0.4435193630539527
3,0,1,3.7867923E7,1.25E7,0.33009468198189795,-0.4813614723510598
1,0,2,2.4547487E7,1.25E7,0.5092170941978704,-0.2930970256955278
6,0,2,3.0080782E7,1.25E7,0.41554770750308284,-0.38137910926628027
4,0,2,2.0407593E7,1.25E7,0.6125171155657603,-0.21288177130316793
2,0,3,1.3264983E7,1.25E7,0.9423306460324902,-0.02579668473200863
0,0,2,1.4538859E7,1.25E7,0.8597648549999694,-0.06562031170975109
8,0,2,1.6443846E7,1.25E7,0.7601627988975328,-0.11909338786215123
5,0,2,2.1903372E7,1.25E7,0.5706883853317197,-0.24360096613629267
7,0,2,2.3973322E7,1.25E7,0.5214129272530523,-0.28281820568577565
4,0,3,1.1854454E7,1.25E7,1.054455987597573,0.023028457245334685
8,0,3,1.0474415E7,1.25E7,1.1933840696592601,0.07678023620184928
6,0,3,1.4997993E7,1.25E7,0.8334448482540298,-0.0791231335581339
3,0,2,3.1442339E7,1.25E7,0.3975531209685132,-0.40060483278835113
7,0,3,1.2880497E7,1.25E7,0.9704594473334375,-0.013022607794713969
2,0,4,2.4862269E7,1.25E7,0.5027698799333239,-0.298630748031771
0,0,3,2.3401242E7,1.25E7,0.5341596826356482,-0.2723288948051783
1,0,3,2.872349E7,1.25E7,0.43518388608069564,-0.3613271939987505
6,0,4,1.3039232E7,1.25E7,0.9586454171534029,-0.018341999554680098
4,0,4,1.7280507E7,1.25E7,0.723358406093062,-0.14064646726862648
5,0,3,2.4461256E7,1.25E7,0.5110121900527103,-0.2915687397684549
8,0,4,2.3799539E7,1.25E7,0.5252202574175912,-0.27965853179235517
3,0,3,2.0323292E7,1.25E7,0.615057836102537,-0.21108404403078443
7,0,4,1.9787113E7,1.25E7,0.6317242944940983,-0.19947242093396286
0,0,4,1.7529702E7,1.25E7,0.713075441898556,-0.14686452026453767
1,0,4,1.650307E7,1.25E7,0.757434828792461,-0.12065472878397146
6,0,5,1.6420873E7,1.25E7,0.7612262758502547,-0.11848622923969197
5,0,4,1.1294851E7,1.25E7,1.1066989728328422,0.04402950686230971
4,0,5,1.5584996E7,1.25E7,0.8020534621888898,-0.09579668214005087
7,0,5,1.3706185E7,1.25E7,0.9119970290784781,-0.040006576426983693
8,0,5,1.9756387E7,1.25E7,0.6327067798378316,-0.1987975117864926
2,0,5,3.3642933E7,1.25E7,0.3715490560825954,-0.4299838376787372
4,0,6,1.4228741E7,1.25E7,0.8785035865084619,-0.0562564611491588
1,0,5,1.8677734E7,1.25E7,0.6692460659306959,-0.17441417307283685
0,0,5,2.0900844E7,1.25E7,0.5980619729997506,-0.22325381076528863
7,0,6,1.0623947E7,1.25E7,1.1765871949474145,0.07062411755649317
9,0,0,1.9607589E7,1.25E7,0.6375082627445934,-0.19551418196674897
3,0,4,2.6341069E7,1.25E7,0.4745441424567849,-0.3237233829548565
8,0,6,1.1261972E7,1.25E7,1.1099299483252134,0.04529556976337636
5,0,5,2.8332258E7,1.25E7,0.44119321516837806,-0.3553711749208565
6,0,6,3.5395936E7,1.25E7,0.35314788680824827,-0.45204338816762857
1,0,6,2.2040328E7,1.25E7,0.5671421949800384,-0.24630804030826603
0,0,6,2.0209432E7,1.25E7,0.6185230737805991,-0.20864409453336166
4,0,7,2.5234004E7,1.25E7,0.49536332006605055,-0.305076154558161
5,0,6,1.2818001E7,1.25E7,0.9751910613831283,-0.010910288121600642
3,0,5,2.0715326E7,1.25E7,0.603417971795375,-0.21938175923340372
8,0,7,1.8620995E7,1.25E7,0.6712852884606865,-0.17309287048282007
7,0,7,2.4328553E7,1.25E7,0.5137995671176991,-0.289206265967831
2,0,6,3.1848677E7,1.25E7,0.3924809812351075,-0.4061813833639942
9,0,1,2.8135845E7,1.25E7,0.4442731327244659,-0.3523499497848319
6,0,7,2.1312145E7,1.25E7,0.5865200335301772,-0.23171714927220574
1,0,7,1.8511378E7,1.25E7,0.675260372296433,-0.17052873613494499
4,1,0,1.8805445E7,9090909.0,0.48341897785455223,-0.3156763042475073
5,0,7,1.853756E7,1.25E7,0.6743066509292485,-0.17114255669941342
2,0,7,1.4859232E7,1.25E7,0.8412278642664709,-0.0750863504688944
0,0,7,2.5946775E7,1.25E7,0.48175543974154783,-0.31717337280868096
7,1,0,2.3081783E7,9090909.0,0.39385644514550716,-0.4046620432549003
6,1,0,1.40282E7,9090909.0,0.6480452944782652,-0.18839463848973406
5,1,0,1.1391446E7,9090909.0,0.7980469731410744,-0.09797154527135567
4,1,1,1.4242256E7,9090909.0,0.6383054061098186,-0.19497147730962724
9,0,2,2.2622957E7,1.25E7,0.5525360809376069,-0.257639357026614
8,1,0,3.1249446E7,9090909.0,0.2909142453277412,-0.5362350119404424
2,1,0,1.489965E7,9090909.0,0.6101424530106412,-0.21456875624539257
3,0,6,3.5717699E7,1.25E7,0.349966552996597,-0.45597346005865075
1,1,0,2.2727126E7,9090909.0,0.40000257841664627,-0.39793720920075654
0,1,0,1.8887814E7,9090909.0,0.48131080706322077,-0.3175743868262151
6,1,1,1.4404077E7,9090909.0,0.6311344350630728,-0.19987812381842124
5,1,1,1.9345497E7,9090909.0,0.4699237760601343,-0.3279725810453751
9,0,3,1.8747647E7,1.25E7,0.6667503393892578,-0.1760367545734528
7,1,1,2.6256415E7,9090909.0,0.34623572943983405,-0.46062811757588096
3,0,7,1.7743928E7,1.25E7,0.7044663391330263,-0.15213975355254364
4,1,2,2.7569938E7,9090909.0,0.3297399145402503,-0.48182847895521513
1,1,1,2.142633E7,9090909.0,0.42428680039932176,-0.3723404789637788
5,1,2,1.1815879E7,9090909.0,0.7693806783227892,-0.11385872445389711
8,1,1,2.8764586E7,9090909.0,0.31604518834375017,-0.5002508172383393
2,1,1,2.7933352E7,9090909.0,0.3254499853794847,-0.4875157436323431
9,0,4,1.4039465E7,1.25E7,0.8903473173657258,-0.05044054549977705
0,1,1,2.1879315E7,9090909.0,0.4155024506023155,-0.3814264104360088
6,1,2,2.1900527E7,9090909.0,0.4151000110636607,-0.3818472550462295
1,1,2,1.3093334E7,9090909.0,0.6943158251366688,-0.15844293600917259
7,1,2,2.0684003E7,9090909.0,0.4395140050985295,-0.35702728159111463
3,1,0,2.679084E7,9090909.0,0.33932900200217686,-0.4693790201920833
2,1,2,1.9214498E7,9090909.0,0.4731275831406056,-0.32502173202634393
5,1,3,2.2501668E7,9090909.0,0.4040104493586875,-0.39360740211679596
8,1,2,2.2181357E7,9090909.0,0.4098445825474068,-0.38738080117835416
6,1,3,2.0174448E7,9090909.0,0.4506150056745047,-0.34619435017737676
4,1,3,2.6476035E7,9090909.0,0.34336368719863075,-0.4642456360333966
9,0,5,2.1910918E7,1.25E7,0.5704918433814594,-0.24375056053541885
0,1,2,2.3664321E7,9090909.0,0.38416099071678417,-0.4154867372790364
7,1,3,1.3905688E7,9090909.0,0.6537547081453288,-0.18458517045480544
1,1,3,1.8854264E7,9090909.0,0.4821672699607898,-0.31680227334026895
2,1,3,1.2220577E7,9090909.0,0.743901781397065,-0.12848440129969835
3,1,1,1.3306135E7,9090909.0,0.6832118417557014,-0.16544461485331938
9,0,6,1.6773127E7,1.25E7,0.7452396920383421,-0.12770402230214514
5,1,4,2.1223287E7,9090909.0,0.4283459484857364,-0.3682053365222319
6,1,4,2.0472021E7,9090909.0,0.4440650485850908,-0.35255340787558237
2,1,4,1.2331916E7,9090909.0,0.7371854462842595,-0.13242324732820573
3,1,2,1.2500882E7,9090909.0,0.727221407257504,-0.1383333452468063
8,1,3,2.3916833E7,9090909.0,0.3801050498617438,-0.4200963605665323
0,1,3,2.0433155E7,9090909.0,0.44490970679760417,-0.35172811894818123
4,1,4,2.3977749E7,9090909.0,0.37913938460194907,-0.4212010991745464
7,1,4,2.8445121E7,9090909.0,0.3195946679221368,-0.4954004750129596
8,1,4,1.51333E7,9090909.0,0.6007221822074498,-0.22132633104178273
1,1,4,3.1623414E7,9090909.0,0.28747398999994117,-0.5414014431847951
2,1,5,1.9391749E7,9090909.0,0.46880294294238234,-0.329009670668239
9,0,7,2.3729538E7,1.25E7,0.5267696320088491,-0.2783792698361752
3,1,3,1.8913764E7,9090909.0,0.4806504405997664,-0.3181706552452596
0,1,4,1.9445349E7,9090909.0,0.46751071425871554,-0.33020843165752156
6,1,5,2.4234693E7,9090909.0,0.37511962705696333,-0.42583021204352833
5,1,5,2.5560289E7,9090909.0,0.35566534478542083,-0.44895844940990004
7,1,5,1.6140212E7,9090909.0,0.563245947451,-0.249301924337376
4,1,5,2.7190421E7,9090909.0,0.3343423406353289,-0.4758086214932819
8,1,5,1.5224965E7,9090909.0,0.5971054120649867,-0.22394899242681596
9,1,0,1.3661514E7,9090909.0,0.6654393502799177,-0.17689152101434275
2,1,6,1.5616479E7,9090909.0,0.5821356401785576,-0.23497581102424883
6,1,6,1.291251E7,9090909.0,0.704038873929236,-0.15240336036519828
1,1,5,2.4184722E7,9090909.0,0.37589470741073644,-0.4249337890999513
5,1,6,1.8680986E7,9090909.0,0.48663967737034863,-0.31279248447116414
4,1,6,1.3690426E7,9090909.0,0.6640340483196067,-0.17780965162864604
0,1,5,2.3542962E7,9090909.0,0.38614125954074935,-0.4132537911407275
6,1,7,1.2093135E7,9090909.0,0.7517412978520458,-0.1239315905858907
8,1,6,1.6411835E7,9090909.0,0.5539239822969217,-0.2565498315427101
7,1,6,2.1802908E7,9090909.0,0.4169585543359629,-0.3799071117354545
9,1,1,1.6304174E7,9090909.0,0.5575816965643277,-0.25369149102837746
3,1,4,3.0973343E7,9090909.0,0.29350751709300477,-0.5323807714514402
2,1,7,1.8015171E7,9090909.0,0.5046251850731808,-0.2970310783024686
0,1,6,1.2480608E7,9090909.0,0.7284027348667629,-0.13762843226850405
7,1,7,1.123805E7,9090909.0,0.8089400741231797,-0.0920836495145258
1,1,6,1.8382341E7,9090909.0,0.49454577085693274,-0.3057935076852029
8,1,7,1.3698462E7,9090909.0,0.6636445025726245,-0.1780644988175294
9,1,2,1.2000616E7,9090909.0,0.7575368631076939,-0.12059622876001153
5,1,7,2.248092E7,9090909.0,0.40438331705286085,-0.393206769652095
2,1,8,1.207915E7,9090909.0,0.7526116489984809,-0.12342906391064405
4,1,7,2.4102093E7,9090909.0,0.3771833840322498,-0.4234474473823506
0,1,7,1.3306241E7,9090909.0,0.6832063991626185,-0.1654480745380226
1,1,7,1.2840366E7,9090909.0,0.7079945384734361,-0.1499700924797197
9,1,3,1.1517746E7,9090909.0,0.789295839654738,-0.10276018633659824
6,1,8,2.6640393E7,9090909.0,0.3412453037010377,-0.4669333167739251
2,1,9,1.1176883E7,9090909.0,0.8133671078063536,-0.08971339424644453
4,1,8,1.3848982E7,9090909.0,0.6564315702049436,-0.1828105403000935
8,1,8,1.9358713E7,9090909.0,0.4696029637920661,-0.3282691708011617
3,1,5,2.7776682E7,9090909.0,0.32728563476372013,-0.48507305634723913
7,1,8,2.1923358E7,9090909.0,0.41466772562852827,-0.38229976527955917
2,1,10,1.1147999E7,9090909.0,0.8154745080260593,-0.08858961058526912
9,1,4,1.6476986E7,9090909.0,0.5517337333417653,-0.25827046219720945
0,1,8,2.0687762E7,9090909.0,0.43943414468901953,-0.3571062007748606
5,1,8,2.7345796E7,9090909.0,0.33244265407377427,-0.47828325913452385
6,1,9,2.067095E7,9090909.0,0.439791543204352,-0.35675312598704295
8,1,9,1.5156451E7,9090909.0,0.59980459805531,-0.22199020929607405
3,1,6,1.5311443E7,9090909.0,0.5937330008673904,-0.22640881144737052
4,1,9,1.6505093E7,9090909.0,0.550794170017703,-0.2590106652606857
1,1,8,2.5656979E7,9090909.0,0.35432499671921625,-0.45059820822487234
7,1,9,1.7471677E7,9090909.0,0.5203226341695762,-0.28372728177041573
9,1,5,1.2288169E7,9090909.0,0.7398098935651032,-0.13087986511037836
2,2,0,1.9133653E7,8333333.0,0.4355327756806293,-0.3609791569327152
5,1,9,1.7269581E7,9090909.0,0.5264116714817806,-0.27867449020728535
6,1,10,1.5419107E7,9090909.0,0.5895872569014535,-0.2294519117114002
1,1,9,1.1353209E7,9090909.0,0.8007347526148775,-0.0965113223091829
0,1,9,1.9313861E7,9090909.0,0.47069350866716914,-0.3272617910060586
8,1,10,1.5059782E7,9090909.0,0.6036547540993621,-0.21921137472028057
4,1,10,1.5754969E7,9090909.0,0.5770185266629214,-0.23881024247978977
7,1,10,1.4564401E7,9090909.0,0.6241869473382393,-0.20468531730837722
9,1,6,1.2645797E7,9090909.0,0.7188877854041149,-0.14333889540732375
3,1,7,2.4749331E7,9090909.0,0.36731938329969405,-0.4349561535006484
6,2,0,1.1986416E7,8333333.0,0.6952314186325588,-0.15787060964565844
2,2,1,1.7672378E7,8333333.0,0.47154565163782713,-0.3264762556421354
5,1,10,1.522975E7,9090909.0,0.596917808893777,-0.22408546384761285
7,2,0,1.2293507E7,8333333.0,0.67786458331215,-0.16885705627186678
0,1,10,1.5782134E7,9090909.0,0.5760253334561727,-0.2395584159894908
4,2,0,1.5274796E7,8333333.0,0.5455610012729466,-0.2631566822249344
7,2,1,1.1039799E7,8333333.0,0.7548446307763393,-0.1221424297486783
8,2,0,2.576656E7,8333333.0,0.32341659111654797,-0.4902377047587931
5,2,0,1.2549011E7,8333333.0,0.6640629289431653,-0.17779076340638192
0,2,0,1.1235009E7,8333333.0,0.7417290898476361,-0.12975468807386428
9,1,7,2.4637985E7,9090909.0,0.3689794031451841,-0.4329978759819948
1,1,10,2.9678148E7,9090909.0,0.30631658687058233,-0.5138294857552055
6,2,1,1.8855675E7,8333333.0,0.44195357631058024,-0.3546233474179046
3,1,8,1.9871606E7,9090909.0,0.4574823494386916,-0.33962565720245663
2,2,2,2.2663117E7,8333333.0,0.36770462774383594,-0.4345009042867961
8,2,1,1.2989142E7,8333333.0,0.6415614672624258,-0.19276172804346428
1,2,0,1.0033374E7,8333333.0,0.8305613844355847,-0.08062826455336664
7,2,2,1.6190422E7,8333333.0,0.5147075845212682,-0.28843943211613
9,1,8,1.4432763E7,9090909.0,0.6298800167369201,-0.20074216964433503
0,2,1,1.8634867E7,8333333.0,0.4471903663170765,-0.3495075608917573
6,2,2,1.6554081E7,8333333.0,0.5034005209953969,-0.29808633931346284
5,2,1,2.5394574E7,8333333.0,0.32815407732376217,-0.4839221952522205
3,1,9,2.3250696E7,9090909.0,0.3909951340811475,-0.4078286473480119
2,2,3,1.7831803E7,8333333.0,0.4673298039463536,-0.3303765209729266
9,1,9,1.1676934E7,9090909.0,0.7785356155990948,-0.10872151501062986
4,2,1,3.8911578E7,8333333.0,0.21416075698600556,-0.6692601067339736
7,2,3,1.5282471E7,8333333.0,0.545287015430947,-0.2633748437652776
8,2,2,1.8689709E7,8333333.0,0.4458781567974119,-0.35078380285719324
0,2,2,1.8806387E7,8333333.0,0.4431118534357503,-0.3534866322457898
6,2,3,1.8457216E7,8333333.0,0.45149458076450966,-0.3453474581039509
3,1,10,1.2943581E7,9090909.0,0.702348832212662,-0.15344713533818846
1,2,1,2.6824648E7,8333333.0,0.3106595471448498,-0.5077152951697645
7,2,4,1.0450023E7,8333333.0,0.7974463788261519,-0.09829850972887834
2,2,4,1.4891088E7,8333333.0,0.5596188136152308,-0.2521076935513057
5,2,2,1.8399271E7,8333333.0,0.4529164769625927,-0.3439818795295244
4,2,2,1.8670383E7,8333333.0,0.44633969212093827,-0.35033449047831033
8,2,3,1.8239794E7,8333333.0,0.4568764866533032,-0.3402011925231792
7,2,5,1.2001477E7,8333333.0,0.6943589526522443,-0.1584159605901065
1,2,2,1.5070724E7,8333333.0,0.5529484184037874,-0.2573153798118174
5,2,3,1.106873E7,8333333.0,0.7528716483282183,-0.12327905723102613
0,2,3,1.9320737E7,8333333.0,0.43131548242699025,-0.3652049522135978
6,2,4,2.0590446E7,8333333.0,0.40471843106263944,-0.3928470171885355
3,2,0,2.0799907E7,8333333.0,0.40064280095098503,-0.3972426565803818
9,1,10,3.3360205E7,9090909.0,0.2725075880079274,-0.564621400234714
8,2,4,1.388275E7,8333333.0,0.6002652932596207,-0.22165676639187645
2,2,5,2.2975788E7,8333333.0,0.3627006394731706,-0.44045167871947055
4,2,3,2.1540933E7,8333333.0,0.38686035558441223,-0.4124457733366304
1,2,3,1.5928661E7,8333333.0,0.523165945963694,-0.2813605329586054
6,2,5,1.5166929E7,8333333.0,0.5494410239541571,-0.26007891715468684
7,2,6,2.2823418E7,8333333.0,0.3651220426318267,-0.437561947646275
8,2,5,1.2873629E7,8333333.0,0.6473180949986985,-0.1888822526325477
5,2,4,2.4272365E7,8333333.0,0.34332595937808286,-0.4642933576915761
0,2,4,2.2702099E7,8333333.0,0.36707323847015205,-0.435247276646642
2,2,6,1.4756845E7,8333333.0,0.5647096652434853,-0.2481747790667507
1,2,4,1.1264056E7,8333333.0,0.7398163681004427,-0.13087606434657237
9,2,0,2.5211585E7,8333333.0,0.3305358627789566,-0.4807814131464487
2,2,7,1.1224369E7,8333333.0,0.74243220264765,-0.12934319906173355
7,2,7,1.8633687E7,8333333.0,0.44721868516949975,-0.3494800595570493
6,2,6,2.0980983E7,8333333.0,0.39718506039493,-0.401007095297665
0,2,5,1.6003489E7,8333333.0,0.5207197630466707,-0.2833959390916665
8,2,6,2.018122E7,8333333.0,0.41292513534860625,-0.38412868018910756
1,2,5,1.525282E7,8333333.0,0.5463470361546259,-0.2625314085590879
3,2,1,3.8146847E7,8333333.0,0.2184540441835206,-0.6606399108979737
5,2,5,2.3400913E7,8333333.0,0.3561114474465163,-0.44841406540761686
0,2,6,1.2848685E7,8333333.0,0.6485747763292509,-0.18803994544724623
8,2,7,1.4028635E7,8333333.0,0.5940230820746281,-0.226196679222714
3,2,2,1.8828313E7,8333333.0,0.4425958395741562,-0.3539926727821873
7,2,8,2.3668163E7,8333333.0,0.3520904009322566,-0.4533458149723586
6,2,7,2.3613701E7,8333333.0,0.35290245269049525,-0.45234532326018856
1,2,6,2.2952089E7,8333333.0,0.3630751431819561,-0.44000348269943207
2,2,8,2.8795192E7,8333333.0,0.28940015402571373,-0.5385012420749643
4,2,4,5.0977749E7,8333333.0,0.1634700072770965,-0.7865619180430007
9,2,1,3.5381718E7,8333333.0,0.23552652248259964,-0.6279601801730214
5,2,6,2.5905156E7,8333333.0,0.32168626971402914,-0.49256747535754863
8,2,8,2.2238217E7,8333333.0,0.374730267269179,-0.42628122717011996
9,2,2,1.1715695E7,8333333.0,0.7112965129256096,-0.14794932039096972
0,2,7,2.5582461E7,8333333.0,0.325743993120912,-0.48712358414490825
3,2,3,2.1425565E7,8333333.0,0.3889434420982597,-0.41011354667027217
6,2,8,2.0741215E7,8333333.0,0.40177651116388313,-0.3960154567617265
1,2,7,1.9539449E7,8333333.0,0.4264876148759364,-0.37009357614742494
5,2,7,1.1725618E7,8333333.0,0.7106945663759471,-0.1483170049486852
7,2,9,2.209465E7,8333333.0,0.37716519609950827,-0.4234683897398666
2,2,9,2.4103973E7,8333333.0,0.3457244579555412,-0.4612698956111913
8,2,9,1.3434758E7,8333333.0,0.6202815860174035,-0.2074111113221094
0,2,8,1.4381535E7,8333333.0,0.5794467002305387,-0.23698650596499854
5,2,8,1.0617357E7,8333333.0,0.7848782893897229,-0.10519768382107743
6,2,9,1.2999998E7,8333333.0,0.641025714003956,-0.1931245489117004
7,2,10,1.203762E7,8333333.0,0.6922741372463992,-0.15972189294581182
4,2,5,3.3597709E7,8333333.0,0.2480327750918969,-0.6054909276372153
3,2,4,1.9155221E7,8333333.0,0.4350423834838554,-0.36146843036375953
9,2,3,2.5987138E7,8333333.0,0.3206714413876588,-0.4939397160928428
2,2,10,1.7527101E7,8333333.0,0.47545415525362694,-0.322891352712352
4,2,6,1.071149E7,8333333.0,0.7779807477764531,-0.10903115010273257
6,2,10,1.2663751E7,8333333.0,0.6580461823672938,-0.18174362607683667
8,2,10,2.0656029E7,8333333.0,0.40343344792941566,-0.3942280980692444
1,2,8,2.8261339E7,8333333.0,0.2948668851111407,-0.5303739979501702
5,2,9,1.863137E7,8333333.0,0.4472743013530406,-0.3494260539873884
7,2,11,1.8990658E7,8333333.0,0.43881223072944603,-0.35772127611947313
0,2,9,2.5037157E7,8333333.0,0.33283862860307983,-0.4777662760843857
9,2,4,1.4694474E7,8333333.0,0.5671065871428946,-0.24633530820122365
6,2,11,1.2726558E7,8333333.0,0.6547986501927701,-0.18389222451732862
3,2,5,2.0420876E7,8333333.0,0.4080791147255387,-0.38925563162113175
8,2,11,1.2549045E7,8333333.0,0.6640611297513078,-0.1777919400722069
5,2,10,1.3296095E7,8333333.0,0.6267504105528728,-0.20290537288504096
9,2,5,1.1148671E7,8333333.0,0.747473219005207,-0.12640436293211454
0,2,10,1.5910077E7,8333333.0,0.5237770376598428,-0.2808535449260856
6,3,0,1.2736087E7,7692307.0,0.603977265544747,-0.21897940845550323
4,2,7,2.6753344E7,8333333.0,0.31148752843756655,-0.5065593372525663
2,2,11,2.979585E7,8333333.0,0.27968099584338085,-0.5533370426765721
7,3,0,2.1103931E7,7692307.0,0.36449640590655835,-0.43830674965778893
5,2,11,1.0689623E7,8333333.0,0.7795722075511924,-0.10814365226645856
8,3,0,1.5444225E7,7692307.0,0.49807012006105844,-0.3027095114333249
1,2,9,2.7673744E7,8333333.0,0.3011277765668426,-0.5212491825366502
9,2,6,1.1649135E7,8333333.0,0.7153606684101438,-0.14547494168497113
3,2,6,2.0944227E7,8333333.0,0.39788209896693727,-0.4002455996693024
5,3,0,1.1208052E7,7692307.0,0.6863197101512377,-0.16347352859438904
2,3,0,1.5776701E7,7692307.0,0.48757385970615785,-0.3119595862564624
7,3,1,1.4838011E7,7692307.0,0.5184190118203849,-0.2853190800979492
0,2,11,2.0638449E7,8333333.0,0.40377709584668886,-0.3938583199379839
6,3,1,2.4114111E7,7692307.0,0.31899608490646825,-0.49621464708059626
9,2,7,1.9032648E7,8333333.0,0.43784411922082517,-0.3586804790203593
3,2,7,1.7890666E7,8333333.0,0.46579221813206956,-0.33180777138427536
5,3,1,1.1998348E7,7692307.0,0.6411138433390997,-0.19306484545151498
1,2,10,2.209426E7,8333333.0,0.3771718536850748,-0.4234607237961741
4,2,8,2.6667547E7,8333333.0,0.3124896714347218,-0.5051643326016221
7,3,2,1.373301E7,7692307.0,0.5601326293361761,-0.2517091276920908
6,3,2,1.1590688E7,7692307.0,0.6636626747264701,-0.17805260697173078
2,3,1,1.9414273E7,7692307.0,0.3962191630868691,-0.40206452369493817
1,2,11,1.2950462E7,8333333.0,0.6434776612602701,-0.19146652530939082
8,3,1,3.6187122E7,7692307.0,0.21257028950796364,-0.6724974359765201
0,3,0,2.526883E7,7692307.0,0.3044188037198398,-0.5165285250304208
4,2,9,1.9335741E7,8333333.0,0.4309807935470381,-0.36554208353392637
3,2,8,2.2153216E7,8333333.0,0.376168092253513,-0.4246180454308413
9,2,8,2.3277816E7,8333333.0,0.35799462458161885,-0.4461234943954205
5,3,2,2.5001669E7,7692307.0,0.3076717398346486,-0.5119123925972314
2,3,2,1.8151713E7,7692307.0,0.4237785712015169,-0.372861007616317
1,3,0,1.4635623E7,7692307.0,0.5255879438818559,-0.2793546053311413
8,3,2,1.5004601E7,7692307.0,0.5126632157696163,-0.2901678426169109
0,3,1,1.1808633E7,7692307.0,0.6514138427369197,-0.18614301678683237
7,3,3,2.6446999E7,7692307.0,0.2908574617483065,-0.5363197901962069
6,3,3,2.6444883E7,7692307.0,0.2908807348476452,-0.5362850413050936
3,2,9,1.4884508E7,8333333.0,0.5598662045127726,-0.25191574725156135
4,2,10,1.9101546E7,8333333.0,0.4362648447408393,-0.360249782085841
9,2,9,2.0532197E7,8333333.0,0.4058666006370385,-0.3916166859476626
1,3,1,1.8977654E7,7692307.0,0.4053349797609336,-0.3921859157213441
5,3,3,2.2658534E7,7692307.0,0.33948829169618827,-0.46917519911373073
0,3,2,1.8325551E7,7692307.0,0.41975856551325524,-0.3770004329690993
3,2,10,1.2955922E7,8333333.0,0.6432064811751722,-0.1916495881333111
2,3,3,2.2068076E7,7692307.0,0.3485717105560086,-0.45770786234352623
8,3,3,1.9456558E7,7692307.0,0.39535805870699225,-0.4030094044159712
6,3,4,1.5221424E7,7692307.0,0.5053605365700344,-0.29639867499828276
4,2,11,1.2001271E7,8333333.0,0.6943708712185568,-0.15840850605504456
7,3,4,2.0675127E7,7692307.0,0.37205609426244396,-0.4293915773436723
1,3,2,1.0796604E7,7692307.0,0.7124746818536644,-0.14723056391820186
0,3,3,1.0901429E7,7692307.0,0.7056237306136655,-0.15142682200709703
3,2,11,1.2113918E7,8333333.0,0.6879139350291128,-0.16246589298541558
9,2,10,1.9745602E7,8333333.0,0.42203489161789043,-0.37465164237789395
5,3,4,1.7224468E7,7692307.0,0.4465918482939502,-0.3500892084326632
4,3,0,1.4401896E7,7692307.0,0.5341176606191296,-0.2723630618312172
2,3,4,1.6124158E7,7692307.0,0.4770672056178065,-0.32142043653002056
6,3,5,1.8125616E7,7692307.0,0.4243887214646939,-0.3722361664076763
8,3,4,1.8837946E7,7692307.0,0.40834106860694896,-0.38897693902769476
1,3,3,1.1903248E7,7692307.0,0.6462359685356467,-0.18960887345884778
7,3,5,2.0428841E7,7692307.0,0.3765415277352249,-0.42418711967128203
0,3,4,1.2029E7,7692307.0,0.6394801729154543,-0.194172916278209
3,3,0,1.1889039E7,7692307.0,0.6470083073997823,-0.18909014307979669
4,3,1,1.2972391E7,7692307.0,0.5929752657008257,-0.22696342163350736
5,3,5,1.8185617E7,7692307.0,0.4229885078961027,-0.37367143173868506
9,2,11,2.0592859E7,8333333.0,0.4046710075565515,-0.39289790929571494
1,3,4,1.3584915E7,7692307.0,0.5662388759885505,-0.247000316801175
2,3,5,1.908447E7,7692307.0,0.40306631517668556,-0.39462349493591187
6,3,6,1.6886542E7,7692307.0,0.4555288465809045,-0.3414841159155005
0,3,5,1.5436462E7,7692307.0,0.49832059962963016,-0.30249115954665645
7,3,6,1.800769E7,7692307.0,0.4271678932722631,-0.36940139712813036
3,3,1,1.7081126E7,7692307.0,0.4503395736323238,-0.3464598876917696
4,3,2,1.3864085E7,7692307.0,0.5548369762591617,-0.25583460374474487
8,3,5,2.3760276E7,7692307.0,0.32374653392073394,-0.489794872508088
2,3,6,1.1487989E7,7692307.0,0.6695956098147378,-0.17418740244532854
5,3,6,1.4954882E7,7692307.0,0.5143676158728635,-0.2887263820170451
6,3,7,1.3436588E7,7692307.0,0.5724896082249452,-0.24223239218724263
7,3,7,1.1685377E7,7692307.0,0.6582848803252133,-0.1815861197928321
0,3,6,1.4513933E7,7692307.0,0.5299946609923031,-0.2757285053298912
9,3,0,2.0126725E7,7692307.0,0.3821936753247237,-0.4177165040792777
1,3,5,2.141952E7,7692307.0,0.3591260214981475,-0.44475312569090375
3,3,2,1.4090157E7,7692307.0,0.5459347968940303,-0.2628592236690422
7,3,8,1.0596906E7,7692307.0,0.7259012206015605,-0.13912247333071978
8,3,6,1.9668E7,7692307.0,0.3911077384584096,-0.40770359101146575
5,3,7,1.4396006E7,7692307.0,0.5343361901905292,-0.27218541038049143
6,3,8,1.382756E7,7692307.0,0.5563025580796612,-0.2546889430120269
4,3,3,2.0722754E7,7692307.0,0.37120099963547315,-0.43039086290687883
2,3,7,1.78322E7,7692307.0,0.43137173203530693,-0.3651483177947117
9,3,1,1.1691008E7,7692307.0,0.6579678159488044,-0.18179534908768652
0,3,7,1.3884289E7,7692307.0,0.5540295941693522,-0.25646703628028544
1,3,6,1.1304262E7,7692307.0,0.680478477940444,-0.1671856060367142
3,3,3,1.7194223E7,7692307.0,0.44737741275078263,-0.3493259464023851
4,3,4,1.1929545E7,7692307.0,0.6448114324561415,-0.19056727112759111
5,3,8,1.3122243E7,7692307.0,0.5862036696013021,-0.23195146723056168
9,3,2,1.2743634E7,7692307.0,0.6036195797839141,-0.2192366813315111
1,3,7,1.2023621E7,7692307.0,0.6397662567707348,-0.19397866966723873
0,3,8,1.298423E7,7692307.0,0.5924345918086786,-0.22735959128346264
7,3,9,1.9126495E7,7692307.0,0.402180692280525,-0.39557878266344476
0,3,9,2.3612698E7,7692307.0,0.32576993107691465,-0.4870890040361758
5,3,9,2.7072541E7,7692307.0,0.2841368676844926,-0.5464724114966241
3,3,4,3.0615458E7,7692307.0,0.2512556565379489,-0.5998841521562713
2,3,8,3.8417869E7,7692307.0,0.20022732130197018,-0.698476662715263
9,3,3,2.4806102E7,7692307.0,0.3100973703970096,-0.508501916532459
6,3,9,3.9922635E7,7692307.0,0.19268034286814986,-0.7151625895445819
7,3,10,2.1351533E7,7692307.0,0.3602695413017885,-0.4433724534026067
4,3,5,2.758986E7,7692307.0,0.27880920744070464,-0.5546928881254549
8,3,7,4.0395114E7,7692307.0,0.19042666892832633,-0.7202722294949209
1,3,8,3.2927338E7,7692307.0,0.23361460316044982,-0.6315000131273723
0,3,10,1.2057775E7,7692307.0,0.637954100155294,-0.19521056699415332
9,3,4,1.3168037E7,7692307.0,0.5841650505690408,-0.23346442955871566
7,3,11,1.407628E7,7692307.0,0.5464730028104016,-0.2624312884628252
3,3,5,1.9644962E7,7692307.0,0.3915663975323546,-0.4071945844695825
1,3,9,1.303198E7,7692307.0,0.5902638739470134,-0.2289537961885537
8,3,8,2.1962486E7,7692307.0,0.3502475539426639,-0.455624889055501
2,3,9,2.2937695E7,7692307.0,0.3353565822546686,-0.4744931650685906
5,3,10,2.3207017E7,7692307.0,0.3314647031111323,-0.4795627117847647
6,3,10,2.3336708E7,7692307.0,0.3296226271503247,-0.4819829835367104
4,3,6,2.5431193E7,7692307.0,0.30247527121515694,-0.5193101251893473
9,3,5,1.359734E7,7692307.0,0.5657214572850278,-0.24739734856424758
0,3,11,1.6104308E7,7692307.0,0.4776552336182343,-0.320885459373126
7,3,12,1.7890278E7,7692307.0,0.42997135092031546,-0.3665604805872053
8,3,9,1.1288969E7,7692307.0,0.6814003121099899,-0.16659767184296484
3,3,6,1.5070848E7,7692307.0,0.5104096995736405,-0.2920810810908072
2,3,10,1.2193287E7,7692307.0,0.6308640975973091,-0.20006418753940067
1,3,10,1.3151698E7,7692307.0,0.5848907874861482,-0.2329252190802394
5,3,11,1.321687E7,7692307.0,0.5820067080935198,-0.23507200972947456
6,3,11,1.4288342E7,7692307.0,0.5383624636084439,-0.268925228160044
0,3,12,1.1588887E7,7692307.0,0.6637658128860865,-0.17798511959428906
9,3,6,1.3966517E7,7692307.0,0.5507677397306716,-0.25903150571951694
4,3,7,1.9122975E7,7692307.0,0.4022547223954432,-0.3954988486627585
5,3,12,1.0800637E7,7692307.0,0.7122086410273765,-0.14739276145684807
2,3,11,1.1779999E7,7692307.0,0.6529972540744697,-0.18508864497731947
1,3,11,1.4345688E7,7692307.0,0.5362103929766213,-0.27066477265702793
8,3,10,1.7080164E7,7692307.0,0.4503649379479026,-0.3464354277670009
6,3,12,1.4122129E7,7692307.0,0.5446988198450814,-0.2638435656766094
7,4,0,2.0858633E7,8333333.0,0.39951481959532054,-0.39846710633972554
9,3,7,1.4155091E7,7692307.0,0.5434304166606913,-0.26485605708816323
3,3,7,2.1323607E7,7692307.0,0.36074136050247035,-0.44280406115209275
5,4,0,1.0988698E7,8333333.0,0.758354902464332,-0.1201275013467188
0,4,0,1.9998399E7,8333333.0,0.4167000068355472,-0.38017649241855495
4,3,8,1.640354E7,7692307.0,0.4689418869341618,-0.32888097337779815
8,3,11,1.3632937E7,7692307.0,0.5642443004027672,-0.24853281916403133
1,3,12,1.6908859E7,7692307.0,0.45492762107721163,-0.34205769404001835
9,3,8,1.2433228E7,7692307.0,0.6186894505594203,-0.20852728918913355
5,4,1,1.1200209E7,8333333.0,0.7440337050853247,-0.12840739025921416
6,4,0,1.8053966E7,8333333.0,0.46157907907880186,-0.3357538836619783
2,3,12,2.6934252E7,7692307.0,0.285595716561945,-0.5442483105074222
3,3,8,1.8069673E7,7692307.0,0.42570261232729556,-0.37089368476331835
7,4,1,2.1940472E7,8333333.0,0.3798155755263606,-0.42042722962940604
4,3,9,1.49908E7,7692307.0,0.5131351895829442,-0.2897682014474067
0,4,1,1.7005581E7,8333333.0,0.49003518315545935,-0.30977273772305053
9,3,9,1.0852972E7,7692307.0,0.708774241746869,-0.14949207395180217
5,4,2,1.1431898E7,8333333.0,0.728954457081405,-0.13729960426925528
8,3,12,1.6086039E7,7692307.0,0.478197709206101,-0.32039250869187197
1,4,0,1.9962686E7,8333333.0,0.4174454780283575,-0.37940023907301
6,4,1,1.7598516E7,8333333.0,0.47352475629195095,-0.32465731076855936
2,4,0,1.3768337E7,8333333.0,0.6052534158627872,-0.21806275085579047
3,3,9,1.4624578E7,7692307.0,0.5259848865382646,-0.27902673452940285
9,3,10,1.1150463E7,7692307.0,0.689864358098852,-0.16123629233540313
7,4,2,1.6605496E7,8333333.0,0.5018418600684978,-0.2994331157624735
0,4,2,1.6461743E7,8333333.0,0.5062242193915918,-0.2956570806386425
4,3,10,1.6906085E7,7692307.0,0.4550022669352485,-0.3419864395736201
8,4,0,1.6119658E7,8333333.0,0.5169671093518238,-0.28653708685073326
6,4,2,1.1260847E7,8333333.0,0.7400271933363449,-0.130752321216415
1,4,1,1.2804337E7,8333333.0,0.6508211241238028,-0.18653835932842364
2,4,1,1.2501576E7,8333333.0,0.6665825972661367,-0.17614602882422067
5,4,3,2.0449289E7,8333333.0,0.4075121144798726,-0.38985947606865234
3,3,10,1.3865279E7,7692307.0,0.554789196813133,-0.25587200435816776
7,4,3,1.1519192E7,8333333.0,0.7234303412947714,-0.1406032805058885
4,3,11,1.2417573E7,7692307.0,0.6194694406064696,-0.20798011318353338
0,4,3,1.295044E7,8333333.0,0.6434787543898123,-0.19146578753750915
9,3,11,1.9198617E7,7692307.0,0.4006698503334902,-0.39721333619576915
6,4,3,1.1889666E7,8333333.0,0.7008887381697686,-0.1543509181731387
2,4,2,1.1294679E7,8333333.0,0.7378105212197709,-0.13205515600117806
7,4,4,1.1181084E7,8333333.0,0.7453063584890338,-0.1276651736242763
3,3,11,1.1730472E7,7692307.0,0.6557542612096087,-0.18325887860446902
8,4,1,1.891066E7,8333333.0,0.4406685435622025,-0.3558879498189705
1,4,2,1.7988725E7,8333333.0,0.46325312105221467,-0.3341816460485931
9,3,12,1.16424E7,7692307.0,0.660714886964887,-0.17998590773101147
5,4,4,1.8817943E7,8333333.0,0.4428397407729421,-0.35375341212948147
6,4,4,1.1187672E7,8333333.0,0.7448674755570238,-0.12792098866642745
2,4,3,1.1834638E7,8333333.0,0.7041476891815365,-0.15233624161125894
7,4,5,1.0994194E7,8333333.0,0.7579758006817052,-0.12034465953703083
0,4,4,2.0550029E7,8333333.0,0.4055144155757639,-0.3919937025040515
8,4,2,1.4051364E7,8333333.0,0.5930622108999525,-0.22689974772602747
1,4,3,1.2965665E7,8333333.0,0.6427231460939334,-0.19197605975994742
3,3,12,1.6684082E7,7692307.0,0.46105665268247903,-0.3362457070708519
6,4,5,1.1997014E7,8333333.0,0.6946172605950114,-0.15825442907588927
4,3,12,2.8367852E7,7692307.0,0.2711628289656898,-0.5667698438665201
9,4,0,1.337879E7,8333333.0,0.6228764335190252,-0.20559810031266118
2,4,4,1.3688583E7,8333333.0,0.6087798130748815,-0.2155397570514462
0,4,5,1.1064367E7,8333333.0,0.7531685273997147,-0.12310783610918427
5,4,5,1.9944611E7,8333333.0,0.4178237921010342,-0.3790068336616048
1,4,4,1.0976284E7,8333333.0,0.7592125896159393,-0.11963659884815268
7,4,6,1.660813E7,8333333.0,0.5017622694427368,-0.29950199903753244
8,4,3,1.1939311E7,8333333.0,0.697974363847294,-0.15616052844291434
3,4,0,1.1331813E7,8333333.0,0.7353927390083123,-0.1334806625065783
6,4,6,1.177552E7,8333333.0,0.7076828029675123,-0.15016135783130954
2,4,5,1.1923085E7,8333333.0,0.6989242297610057,-0.15556990348224725
7,4,7,1.0609117E7,8333333.0,0.785487896872096,-0.10486050236450194
4,4,0,1.8709756E7,8333333.0,0.4454004103527593,-0.3512493871810626
5,4,6,1.2143657E7,8333333.0,0.6862292800266016,-0.1635307554102844
0,4,6,1.5394644E7,8333333.0,0.5413137841966336,-0.2665509137470785
9,4,1,1.9110403E7,8333333.0,0.43606265132137717,-0.36045110896896343
8,4,4,1.6647221E7,8333333.0,0.5005840314128106,-0.3005230084631392
6,4,7,1.2976253E7,8333333.0,0.6421987148370181,-0.19233056787532427
2,4,6,1.2372948E7,8333333.0,0.6735123270541508,-0.17165445113237904
3,4,1,2.0413701E7,8333333.0,0.4082225462203057,-0.38910301277854037
4,4,1,1.148463E7,8333333.0,0.7256074422946146,-0.13929827152278437
9,4,2,1.1132014E7,8333333.0,0.7485916744265683,-0.1257550072652872
0,4,7,1.1383595E7,8333333.0,0.732047564938844,-0.13546069965287189
1,4,5,2.35244E7,8333333.0,0.35424210606859263,-0.45069981879129517
5,4,7,1.2532829E7,8333333.0,0.6649203463958536,-0.17723037754304494
7,4,8,1.9769562E7,8333333.0,0.42152340046785053,-0.37517831092780324
9,4,3,9820872.0,8333333.0,0.8485329001335116,-0.07133131413660165
6,4,8,1.6028051E7,8333333.0,0.5199217921130898,-0.2840619790732123
8,4,5,1.6546038E7,8333333.0,0.5036452231041655,-0.29787528082230186
5,4,8,1.0075233E7,8333333.0,0.8271106980850964,-0.08243636184984247
2,4,7,1.4181537E7,8333333.0,0.5876184647686636,-0.2309045658069924
3,4,2,1.3993108E7,8333333.0,0.5955312429518874,-0.2250954494865343
1,4,6,1.4876687E7,8333333.0,0.5601605384317087,-0.2516874891308
7,4,9,1.4373039E7,8333333.0,0.5797892150713568,-0.23672986741937987
9,4,4,1.389673E7,8333333.0,0.5996614311424342,-0.222093883095973
6,4,9,1.3618107E7,8333333.0,0.61193035125954,-0.2132980056076681
0,4,8,2.4323571E7,8333333.0,0.3426031893096618,-0.46520859848335067
2,4,8,1.2694186E7,8333333.0,0.6564684809250471,-0.18278612089047516
5,4,9,1.4091091E7,8333333.0,0.5913901911498549,-0.22812588299694786
4,4,2,2.5053E7,8333333.0,0.3326281483255498,-0.4780410018236656
8,4,6,1.5110597E7,8333333.0,0.5514893289788616,-0.2584628865065334
7,4,10,1.2159989E7,8333333.0,0.6853076100644498,-0.16411444549086884
1,4,7,1.9892919E7,8333333.0,0.4189095124752682,-0.3778797776941335
3,4,3,2.4208268E7,8333333.0,0.344234994424219,-0.46314498202469284
2,4,9,1.2408826E7,8333333.0,0.6715649812480246,-0.17291195822675456
4,4,3,1.2121993E7,8333333.0,0.6874556848861404,-0.16275529230456132
0,4,9,1.9326075E7,8333333.0,0.4311963500089904,-0.3653249240218361
8,4,7,1.8750108E7,8333333.0,0.4444418666815146,-0.3521850370121535
5,4,10,2.0170227E7,8333333.0,0.4131501841798806,-0.38389204930161175
6,4,10,2.1933634E7,8333333.0,0.3799339863152636,-0.4202918556714136
3,4,4,1.382376E7,8333333.0,0.6028267996550866,-0.21980744865401658
4,4,4,1.3998564E7,8333333.0,0.5952991321109794,-0.22526475060747275
9,4,5,2.893899E7,8333333.0,0.28796212307340374,-0.5406646331505545
2,4,10,1.5599419E7,8333333.0,0.5342079086407,-0.272289686787145
1,4,8,1.8668796E7,8333333.0,0.44637763463696317,-0.35029757347254564
7,4,11,1.9574192E7,8333333.0,0.42573062530499345,-0.37086510734561245
0,4,10,1.1399292E7,8333333.0,0.7310395242090474,-0.136059141945205
8,4,8,1.2316367E7,8333333.0,0.6766064213578565,-0.16966388484089964
6,4,11,1.260917E7,8333333.0,0.660894650480563,-0.179867763451366
4,4,5,1.1503701E7,8333333.0,0.7244045199018994,-0.14001884858115746
1,4,9,1.102631E7,8333333.0,0.7557680674677204,-0.12161146173831418
5,4,11,2.0827651E7,8333333.0,0.4001091145612148,-0.3978215551979745
9,4,6,1.6222105E7,8333333.0,0.5137023216160911,-0.2892884715293535
8,4,9,1.2143075E7,8333333.0,0.6862621700022441,-0.16350994080348458
6,5,0,1.1026983E7,9090909.0,0.8244239607515492,-0.08384939453600737
0,4,11,1.5498792E7,8333333.0,0.5376762911586916,-0.2694791133200985
2,4,11,2.2250039E7,8333333.0,0.3745311637431287,-0.4265120399709593
3,4,5,2.4754857E7,8333333.0,0.3366342613088009,-0.47284168532947296
7,5,0,2.1587885E7,9090909.0,0.42111160959028643,-0.3756027853869139
4,4,6,1.4867872E7,8333333.0,0.5604926515374897,-0.2514300769452602
1,4,10,1.4457827E7,8333333.0,0.5763890382697207,-0.2392842871645034
9,4,7,1.2149202E7,8333333.0,0.6859160790972115,-0.16372901638434068
0,5,0,1.1237043E7,9090909.0,0.8090125667402003,-0.09204473225233074
6,5,1,1.2772152E7,9090909.0,0.7117758228996961,-0.14765676789100457
5,5,0,1.8052433E7,9090909.0,0.503583588982161,-0.2979284313255354
7,5,1,1.1328985E7,9090909.0,0.8024469094098015,-0.09558369127583972
4,4,7,1.112869E7,8333333.0,0.7488152693623419,-0.12562530832417773
2,5,0,1.6354536E7,9090909.0,0.5558646848800847,-0.2550309166232423
8,4,10,2.1782056E7,8333333.0,0.382577888882482,-0.4172801336652751
0,5,1,1.2380956E7,9090909.0,0.7342655122916195,-0.1341468696856678
3,4,6,1.9562615E7,8333333.0,0.42598256930374595,-0.3706081713434678
9,4,8,1.3743165E7,8333333.0,0.6063619988554311,-0.21726802407212836
6,5,2,1.421975E7,9090909.0,0.6393156701067177,-0.19428465055209768
1,4,11,1.7410722E7,8333333.0,0.478632247416276,-0.319998044537561
4,4,8,1.2457466E7,8333333.0,0.6689428652664996,-0.17461097394983313
7,5,2,1.5656484E7,9090909.0,0.5806481838451085,-0.23608692801213912
8,4,11,1.2920277E7,8333333.0,0.6449809860887658,-0.19045308809100198
2,5,1,1.4342142E7,9090909.0,0.6338599213422932,-0.19800670759094763
5,5,1,2.1368822E7,9090909.0,0.4254286455285181,-0.37117327095392016
1,5,0,1.137751E7,9090909.0,0.7990244789940857,-0.09743991539288634
6,5,3,1.1748616E7,9090909.0,0.7737855250354595,-0.11137939875024058
9,4,9,1.7438727E7,8333333.0,0.4778636078195387,-0.32069604235002286
0,5,2,1.8313586E7,9090909.0,0.4964024522559372,-0.3041660817289259
4,4,9,1.3065933E7,8333333.0,0.6377908871873138,-0.19532169028675306
5,5,2,1.0310484E7,9090909.0,0.8817150581873751,-0.05467174213633928
2,5,2,1.1070803E7,9090909.0,0.8211607595221413,-0.08557181226075229
3,4,7,2.2223362E7,8333333.0,0.3749807522372178,-0.42599102403681566
1,5,1,1.2886887E7,9090909.0,0.7054387145631059,-0.151540709880106
6,5,4,1.2951665E7,9090909.0,0.7019104493514926,-0.15371829219113034
7,5,3,1.9870002E7,9090909.0,0.45751927956524613,-0.33959060032456934
0,5,3,1.2112906E7,9090909.0,0.7505142861671675,-0.12464103647265339
8,5,0,2.0742986E7,9090909.0,0.4382642402593339,-0.3582639637325715
4,4,10,1.2328731E7,8333333.0,0.6759278793575754,-0.1700996402535773
2,5,3,1.1032034E7,9090909.0,0.8240464994941096,-0.08404828113792905
9,4,10,1.5960071E7,8333333.0,0.5221363363609097,-0.28221608244161056
3,4,8,1.1853613E7,8333333.0,0.7030205052248627,-0.1530320075888036
5,5,3,1.6327007E7,9090909.0,0.5568019294657006,-0.2542992684498382
7,5,4,1.0827447E7,9090909.0,0.8396170399171661,-0.07591875605092549
0,5,4,1.2018942E7,9090909.0,0.7563818013266059,-0.12125892889959575
6,5,5,1.6885367E7,9090909.0,0.5383897785579668,-0.26890319387696704
8,5,1,1.4154156E7,9090909.0,0.6422784233832098,-0.19227666737248772
4,4,11,1.2296418E7,8333333.0,0.6777041086274068,-0.16895988141205942
1,5,2,2.0849407E7,9090909.0,0.43602722130178573,-0.3604863967586599
2,5,4,1.5571748E7,9090909.0,0.5838078679413512,-0.23373005634956784
7,5,5,1.1901789E7,9090909.0,0.7638271019592097,-0.11700493614008174
9,4,11,1.7526465E7,8333333.0,0.47547140852419467,-0.3228755933290972
3,4,9,1.9554502E7,8333333.0,0.4261593059235157,-0.370428023548721
5,5,4,2.1788677E7,9090909.0,0.4172308855650116,-0.37962355035581985
6,5,6,1.6443676E7,9090909.0,0.5528513818929539,-0.25739160051884774
7,5,6,1.1734355E7,9090909.0,0.774725922302504,-0.11085191231184982
9,5,0,1.1808911E7,9090909.0,0.7698346612994205,-0.11360253897773813
3,4,10,1.1897537E7,8333333.0,0.7004250543620919,-0.15463832749922196
4,5,0,2.1771731E7,9090909.0,0.41755563671074203,-0.3792856492662986
8,5,2,2.3036601E7,9090909.0,0.39462892116766707,-0.4038110897800686
0,5,5,2.8851212E7,9090909.0,0.315096260080859,-0.5015567514939938
2,5,5,2.2187918E7,9090909.0,0.40972339090130044,-0.3875092416866354
3,4,11,1.2616633E7,8333333.0,0.6605037175924828,-0.18012473365072934
8,5,3,1.1204287E7,9090909.0,0.8113777342547545,-0.09077691433316472
5,5,5,2.0874881E7,9090909.0,0.4354951292895993,-0.3610166979111495
1,5,3,3.3578076E7,9090909.0,0.2707394253321721,-0.5674484972495408
4,5,1,2.1449942E7,9090909.0,0.42381974739139155,-0.3728188117042437
3,5,0,1.1445051E7,9090909.0,0.7943091734584669,-0.10001042176461306
7,5,7,2.6995489E7,9090909.0,0.3367565966299036,-0.4726838882496496
0,5,6,1.9773012E7,9090909.0,0.4597634897505752,-0.3374655194291132
6,5,7,3.0862831E7,9090909.0,0.29455849335402834,-0.5308284502201023
1,5,4,1.1462375E7,9090909.0,0.7931086707597683,-0.10066730211763412
8,5,4,1.35867E7,9090909.0,0.6691035350747422,-0.17450667560644864
5,5,6,2.0914477E7,9090909.0,0.43467063508210124,-0.361839698324395
0,5,7,1.2698549E7,9090909.0,0.7159013994433537,-0.1451467886229088
7,5,8,1.31681E7,9090909.0,0.6903736302124073,-0.1609158054619591
2,5,6,3.3751972E7,9090909.0,0.26934452896559646,-0.5696918415926249
6,5,8,1.3806416E7,9090909.0,0.6584553876980094,-0.18147364444239075
8,5,5,1.6074837E7,9090909.0,0.5655366209934197,-0.24753926734256443
9,5,1,4.6123747E7,9090909.0,0.19709823228368675,-0.7053172707630889
4,5,2,2.5356085E7,9090909.0,0.35852967837897687,-0.44547488846832245
6,5,9,1.1516129E7,9090909.0,0.7894066660767693,-0.10269921056257926
2,5,7,1.2308799E7,9090909.0,0.7385699449637613,-0.13160836931158948
3,5,1,2.8366111E7,9090909.0,0.32048485603119864,-0.49419248751013484
1,5,5,2.7116865E7,9090909.0,0.33524926277429196,-0.4746321685051747
8,5,6,1.1199018E7,9090909.0,0.8117594774827579,-0.09057263218217497
7,5,9,1.7479888E7,9090909.0,0.5200782178924717,-0.28393133512576674
5,5,7,2.0613586E7,9090909.0,0.4410154060530759,-0.355546238997076
9,5,2,1.8762504E7,9090909.0,0.4845253597281045,-0.31468348734025114
3,5,2,1.1438595E7,9090909.0,0.7947574855128624,-0.09976537294244933
6,5,10,1.4503841E7,9090909.0,0.6267932060203915,-0.20287571961226242
0,5,8,2.7702325E7,9090909.0,0.32816411618880365,-0.4839089095510606
1,5,6,1.1794863E7,9090909.0,0.7707515551473553,-0.11308559032349945
8,5,7,1.2028324E7,9090909.0,0.7557918293521192,-0.12159780742624017
5,5,8,1.0398863E7,9090909.0,0.8742214413248833,-0.05837854612491978
4,5,3,2.3795116E7,9090909.0,0.3820493667692143,-0.4178805158049777
9,5,3,1.1709554E7,9090909.0,0.7763668026980362,-0.10993304323897538
2,5,8,2.5501591E7,9090909.0,0.3564839934888768,-0.447959965659293
6,6,0,1.1811562E7,1.25E7,1.0582850938766608,0.024602679058898628
8,5,8,1.1309071E7,9090909.0,0.8038599280170758,-0.09481962014328127
3,5,3,1.3656718E7,9090909.0,0.6656730409165658,-0.17673903117849926
0,5,9,1.2795749E7,9090909.0,0.7104632171199982,-0.1484584019241729
5,5,9,1.1651863E7,9090909.0,0.7802107697284116,-0.10778805914940143
1,5,7,1.4191287E7,9090909.0,0.6405979246279777,-0.19341447267200534
7,5,10,2.7522112E7,9090909.0,0.33031291348570924,-0.48107444736230154
9,5,4,1.1535707E7,9090909.0,0.7880669125871522,-0.1034369061987152
2,5,9,1.1311455E7,9090909.0,0.8036905066589577,-0.09491116160864689
4,5,4,1.8651968E7,9090909.0,0.487396772286978,-0.312117351192731
1,5,8,1.1743287E7,9090909.0,0.7741366620776619,-0.11118236445005983
0,5,10,1.6011941E7,9090909.0,0.5677580875422911,-0.24583667067058265
8,5,9,1.8242687E7,9090909.0,0.4983316876510571,-0.30248149626371895
3,5,4,1.8574391E7,9090909.0,0.48943241261584297,-0.31030727292030863
9,5,5,1.2620667E7,9090909.0,0.7203192192615493,-0.14247499740173183
6,6,1,2.3094793E7,1.25E7,0.5412475444140158,-0.26660406098474343
2,5,10,1.1917146E7,9090909.0,0.7628427980994779,-0.11756494953133773
4,5,5,1.163863E7,9090909.0,0.7810978611743822,-0.1072945513908974
5,5,10,2.6822281E7,9090909.0,0.3389312415301294,-0.469888397527936
3,5,5,1.1361197E7,9090909.0,0.8001717600707038,-0.09681677995262347
9,5,6,1.157502E7,9090909.0,0.7853903492175391,-0.104914439591345
6,6,2,1.0242006E7,1.25E7,1.2204640380019305,0.08652498709002206
2,6,0,1.1524483E7,1.25E7,1.0846473546795983,0.035288561400461445
7,6,0,2.9456496E7,1.25E7,0.4243546143438106,-0.3722710710337895
8,5,10,1.6963046E7,9090909.0,0.5359243263267693,-0.27089652929767893
5,6,0,1.0806571E7,1.25E7,1.1567036389248726,0.06322210185026317
1,5,9,2.4759902E7,9090909.0,0.367162559851812,-0.43514161090969233
3,5,6,1.2276194E7,9090909.0,0.7405315523687553,-0.1304564324463379
0,6,0,2.6393344E7,1.25E7,0.47360425416347396,-0.3245844052052719
4,5,6,1.9059086E7,9090909.0,0.47698557003205716,-0.3214947592203566
9,5,7,1.1980089E7,9090909.0,0.7588348467194191,-0.11985273393721002
2,6,1,1.100312E7,1.25E7,1.1360414137081118,0.05539416360834019
5,6,1,1.1895251E7,1.25E7,1.0508395325159596,0.021536402551974494
6,6,3,2.0482842E7,1.25E7,0.610266876051673,-0.214480201956201
8,6,0,1.790812E7,1.25E7,0.6980073843597207,-0.15613998286435277
4,5,7,1.0979329E7,9090909.0,0.8280022394811195,-0.08196848858592028
0,6,1,1.1910183E7,1.25E7,1.0495220770327374,0.020991578537905953
7,6,1,2.1024465E7,1.25E7,0.594545449789091,-0.22581494030831362
2,6,2,1.1510586E7,1.25E7,1.085956874828093,0.03581257903177296
9,5,8,1.7031176E7,9090909.0,0.5337804623708897,-0.2726373264642048
1,5,10,2.3975068E7,9090909.0,0.37918178167419586,-0.4211525371262648
3,5,7,2.0547257E7,9090909.0,0.44243905646383846,-0.3541465425124854
5,6,2,1.2335746E7,1.25E7,1.0133152871338305,0.005744594578580364
0,6,2,1.018469E7,1.25E7,1.2273323979424018,0.08896219845815845
8,6,1,1.2292754E7,1.25E7,1.016859200143434,0.007260822309128125
6,6,4,1.7026372E7,1.25E7,0.7341552269620327,-0.13421210481737647
2,6,3,1.428321E7,1.25E7,0.8751534143935432,-0.057915808481274894
4,5,8,1.7097671E7,9090909.0,0.5317045227972863,-0.2743296454643617
7,6,2,1.7746476E7,1.25E7,0.7043651934051584,-0.15220211307608078
5,6,3,1.1625676E7,1.25E7,1.075206293380273,0.03149179772270221
1,6,0,1.212886E7,1.25E7,1.0305997430920961,0.013090029864141022
0,6,3,1.0507699E7,1.25E7,1.18960392755826,0.07540238936902884
8,6,2,1.1794086E7,1.25E7,1.0598532179602558,0.025245722770502046
3,5,8,1.5304459E7,9090909.0,0.5940039435565805,-0.226210671754199
9,5,9,1.7086921E7,9090909.0,0.5320390373432404,-0.2740565010117759
6,6,5,1.076687E7,1.25E7,1.1609687866575895,0.06482054362781013
7,6,3,1.1107385E7,1.25E7,1.125377395309517,0.0512981875276452
5,6,4,1.1144748E7,1.25E7,1.12160454413146,0.049839760151132236
1,6,1,1.2574362E7,1.25E7,0.9940862208356973,-0.00257594597568614
3,5,9,1.0184474E7,9090909.0,0.892624302443111,-0.049331293304068644
0,6,4,1.6338554E7,1.25E7,0.7650615837851991,-0.11630360481812661
6,6,6,1.1283267E7,1.25E7,1.1078351686617005,0.04447514787807535
2,6,4,2.4112178E7,1.25E7,0.5184102406675996,-0.28532642800648
7,6,4,1.1930356E7,1.25E7,1.0477474435800576,0.020256609863382426
9,5,10,1.8180168E7,9090909.0,0.5000453791186088,-0.30099058165091647
8,6,3,1.9628897E7,1.25E7,0.6368162204936936,-0.1959858831139985
5,6,5,1.1829263E7,1.25E7,1.0567015037200542,0.023952325438772896
1,6,2,1.1768849E7,1.25E7,1.06212595641256,0.02617602233045017
4,5,9,2.9369653E7,9090909.0,0.30953409630001416,-0.5092915049012098
0,6,5,1.2997593E7,1.25E7,0.961716527052355,-0.016952920559943414
3,5,10,1.8124269E7,9090909.0,0.5015876226511535,-0.2996531888452563
2,6,5,1.1859023E7,1.25E7,1.0540497307408883,0.02286110165152024
8,6,4,1.0753782E7,1.25E7,1.1623817555535345,0.06534878476845157
6,6,7,1.7225238E7,1.25E7,0.7256793781310888,-0.13925521823184595
7,6,5,1.8246814E7,1.25E7,0.6850510998796832,-0.1642770320578587
5,6,6,1.6951788E7,1.25E7,0.7373853424783273,-0.13230549941778938
9,6,0,1.8879188E7,1.25E7,0.6621047473016318,-0.17907329820913517
4,5,10,1.1506932E7,9090909.0,0.7900376051583515,-0.10235223614744621
3,6,0,1.1538447E7,1.25E7,1.0833346983350531,0.034762653470603845
8,6,5,1.1129831E7,1.25E7,1.1231077992109673,0.05042144313198911
1,6,3,2.4011004E7,1.25E7,0.5205946406905767,-0.2835003070882693
7,6,6,1.2077786E7,1.25E7,1.0349578970847804,0.014922682705330379
5,6,7,1.2595886E7,1.25E7,0.9923875144630556,-0.003318708359833391
9,6,1,1.2371621E7,1.25E7,1.0103768940222142,0.0044834059227773625
0,6,6,2.6205476E7,1.25E7,0.47699954009612344,-0.32148203968905187
8,6,6,1.4747685E7,1.25E7,0.8475906557537675,-0.07181383980568118
4,6,0,1.9742973E7,1.25E7,0.6331366608261076,-0.19850253858165057
7,6,7,1.1964776E7,1.25E7,1.0447333071676395,0.01900544067912503
3,6,1,2.0727163E7,1.25E7,0.603073368024365,-0.21962984973405317
9,6,2,1.193056E7,1.25E7,1.0477295282032026,0.02024918382204266
2,6,6,3.3687166E7,1.25E7,0.3710611928590253,-0.4305544636206858
6,7,0,3.1487924E7,1.6666666E7,0.5293034243858058,-0.27629529628447635
1,6,4,1.8018652E7,1.25E7,0.6937255905713702,-0.15881228468607375
5,7,0,1.4238948E7,1.6666666E7,1.1704984104162752,0.06837082824374187
8,6,7,1.6248651E7,1.25E7,0.7692946325205705,-0.11390729768682044
4,6,1,1.3099751E7,1.25E7,0.9542166106821419,-0.020353027658872508
3,6,2,1.2028364E7,1.25E7,1.0392103198739246,0.016703450846000882
7,7,0,1.3927722E7,1.6666666E7,1.196654126209584,0.07796864264986948
6,7,1,1.1817525E7,1.6666666E7,1.4103347359112843,0.14932220251772652
1,6,5,1.2289328E7,1.25E7,1.0171426785907252,0.007381877385312009
9,6,3,1.5056389E7,1.25E7,0.8302123437432442,-0.08081081374270298
0,6,7,2.4470769E7,1.25E7,0.5108135343029064,-0.2917376043702528
2,6,7,1.5894364E7,1.25E7,0.7864422885999087,-0.10433314165125361
8,7,0,1.1280329E7,1.6666666E7,1.4774982183587022,0.1695269658595868
3,6,3,1.2628567E7,1.25E7,0.989819351633483,-0.004444059692894479
6,7,2,1.0912755E7,1.6666666E7,1.5272647466198956,0.18391432718740175
4,6,2,1.4581945E7,1.25E7,0.8572244649119167,-0.06690544282779698
0,7,0,1.0238177E7,1.6666666E7,1.6278939111914161,0.21162609878080735
9,6,4,1.1684808E7,1.25E7,1.069765117235987,0.02928843237100383
7,7,1,1.5085236E7,1.6666666E7,1.1048329638329821,0.04329662338845857
5,7,1,2.6500531E7,1.6666666E7,0.6289181903562612,-0.20140584388315436
1,6,6,1.9912237E7,1.25E7,0.6277546817065305,-0.20221003969551746
2,7,0,1.8237652E7,1.6666666E7,0.9138602929806973,-0.039120192258639865
4,6,3,9977425.0,1.25E7,1.2528282597964906,0.09789154111812576
5,7,2,9517547.0,1.6666666E7,1.7511514258873637,0.24332370209935922
3,6,4,1.45671E7,1.25E7,0.8580980428499839,-0.06646308856602003
8,7,1,1.768348E7,1.6666666E7,0.9424992139556241,-0.025719003323630907
6,7,3,1.5948369E7,1.6666666E7,1.045038900216066,0.01913245679611304
6,7,4,1.4805149E7,1.6666666E7,1.1257344319871418,0.05143594972883798
2,7,1,2.0973914E7,1.6666666E7,0.7946378534783732,-0.09983075067605789
9,6,5,7.0097895E7,1.25E7,0.17832204519122863,-0.7487949635376241
5,7,3,5.9689261E7,1.6666666E7,0.279223862396286,-0.5540474697731005
3,6,5,5.8928251E7,1.25E7,0.2121223655526447,-0.6734135383480637
7,7,2,6.9556299E7,1.6666666E7,0.23961404271955297,-0.6204877334575966
0,7,1,7.1890611E7,1.6666666E7,0.23183369522342773,-0.6348234424616976
4,6,4,7.1548826E7,1.25E7,0.1747058714841806,-0.7576924990792869
8,7,2,6.8249395E7,1.6666666E7,0.2442023991567984,-0.6122500736612407
1,6,7,7.5383628E7,1.25E7,0.16581849841453639,-0.7803670219689506
6,7,5,5.7635124E7,1.6666666E7,0.28917550346556037,-0.5388384996220832
7,7,3,1.5169282E7,1.6666666E7,1.0987115936008045,0.040883707213784336
5,7,4,1.5182467E7,1.6666666E7,1.097757432965275,0.04050638641397887
9,6,6,1.6004828E7,1.25E7,0.7810143289262466,-0.10734099823983789
2,7,2,5.7755864E7,1.6666666E7,0.28857097523465325,-0.5397473528313471
0,7,2,1.552122E7,1.6666666E7,1.0737987091220922,0.030922877536057547
8,7,3,1.5488267E7,1.6666666E7,1.0760833345654488,0.03184590547581727
1,7,0,1.5128315E7,1.6666666E7,1.1016868699521394,0.04205817348469919
5,7,5,1.2551232E7,1.6666666E7,1.3278908397199574,0.12316237498997645
3,6,6,2.8056932E7,1.25E7,0.4455226964943993,-0.3511301665739129
2,7,3,1.2850278E7,1.6666666E7,1.2969887499710122,0.11293620904730266
4,6,5,2.527003E7,1.25E7,0.49465710962749154,-0.3056957444966119
7,7,4,2.1063135E7,1.6666666E7,0.7912718595783581,-0.10167427904331089
0,7,3,2.250614E7,1.6666666E7,0.7405386263481877,-0.13045228383774832
8,7,4,1.4028078E7,1.6666666E7,1.188093336806368,0.07485056023076259
1,7,1,1.3746945E7,1.6666666E7,1.2123905347697252,0.08364253713692045
2,7,4,1.1394367E7,1.6666666E7,1.4627110044814249,0.1651585287521404
6,8,0,2.50677E7,2.5E7,0.9972993134591526,-0.0011744799279324086
9,6,7,2.5595537E7,1.25E7,0.48836638981241143,-0.3112542325676121
4,6,6,1.3888366E7,1.25E7,0.9000338844756828,-0.04574113993423429
8,7,5,1.1363451E7,1.6666666E7,1.4666905326559687,0.16633848866411363
0,7,4,1.3204384E7,1.6666666E7,1.2622070064002986,0.1011305865759953
5,8,0,2.6410935E7,2.5E7,0.9465776202167776,-0.02384376770159343
3,6,7,2.8121368E7,1.25E7,0.4445018464251099,-0.3521264306654863
1,7,2,1.7567563E7,1.6666666E7,0.9487181574359517,-0.022862787414703874
7,7,5,2.3902647E7,1.6666666E7,0.6972728166884613,-0.15659726551689318
6,8,1,1.9771164E7,2.5E7,1.2644677875313766,0.10190777011730397
2,7,5,2.1096157E7,1.6666666E7,0.7900332747808049,-0.10235461662176158
9,7,0,2.2097448E7,1.6666666E7,0.7542348781633065,-0.12249338834033464
4,6,7,2.0770466E7,1.25E7,0.6018160593989562,-0.2205362273382255
0,7,5,2.0907702E7,1.6666666E7,0.7971543692367531,-0.09845756917358307
1,7,3,1.8130521E7,1.6666666E7,0.9192601801128605,-0.036561551948781995
2,8,0,1.4516229E7,2.5E7,1.7222103619335296,0.23608619789993296
8,8,0,2.532379E7,2.5E7,0.9872139991683709,-0.005588694762953108
6,8,2,1.6239159E7,2.5E7,1.5394885905113682,0.18737647459919374
7,8,0,1.6745816E7,2.5E7,1.4929102290387044,0.17403369372283042
3,7,0,2.2637028E7,1.6666666E7,0.7362568089768674,-0.1329706757873111
5,8,1,2.9143019E7,2.5E7,0.8578383728878604,-0.0665945307703964
9,7,1,2.1813151E7,1.6666666E7,0.7640650358125701,-0.11686967350229054
4,7,0,1.8440502E7,1.6666666E7,0.9038076078406109,-0.04392400729637436
2,8,1,1.7137441E7,2.5E7,1.4587942272128027,0.16399403604112295
1,7,4,1.9270419E7,1.6666666E7,0.8648834257314281,-0.06304242545237114
0,8,0,2.4056786E7,2.5E7,1.039207814377199,0.016702403777189807
7,8,1,2.0777016E7,2.5E7,1.2032526711246696,0.08035683444947245
8,8,1,2.1667027E7,2.5E7,1.1538269648161696,0.06214068415759616
5,8,2,1.4875781E7,2.5E7,1.6805840311846485,0.22546023258497075
3,7,1,1.9753372E7,1.6666666E7,0.8437377679112205,-0.07379251029978286
9,7,2,1.4477427E7,1.6666666E7,1.151217409005067,0.06115734849080455
6,8,3,2.4555977E7,2.5E7,1.0180820742746257,0.007782790739220206
4,7,1,2.1600441E7,1.6666666E7,0.771589154128844,-0.11261388566151183
1,7,5,1.6820045E7,1.6666666E7,0.9908811777851961,-0.00397842112133227
0,8,1,1.6143897E7,2.5E7,1.548572813614953,0.1899316306212696
3,7,2,1.5820037E7,1.6666666E7,1.053516246516996,0.022641237351121273
7,8,2,1.6833058E7,2.5E7,1.4851728069849222,0.17177698884087694
5,8,3,1.678918E7,2.5E7,1.489054259945989,0.17291052338399956
2,8,2,2.155804E7,2.5E7,1.1596601546337237,0.06433073526858728
9,7,3,1.688464E7,1.6666666E7,0.9870903969524965,-0.005643073166284332
8,8,2,2.6244307E7,2.5E7,0.9525875459390107,-0.021095100722099372
6,9,0,2.4874531E7,3.3333333E7,1.3400587532685542,0.1271238399028335
3,7,3,1.3214812E7,1.6666666E7,1.2612109805270026,0.10078774320616063
2,8,3,1.2823713E7,2.5E7,1.9495133741686204,0.28992621890728665
0,8,2,1.5399925E7,2.5E7,1.623384529470111,0.21042140291125364
4,7,2,1.9882138E7,1.6666666E7,0.8382733285524927,-0.07661435162339958
5,9,0,1.5146646E7,3.3333333E7,2.2007072060705717,0.3425622655217918
7,8,3,1.7002643E7,2.5E7,1.47035963761634,0.16742357252333936
1,8,0,2.5146603E7,2.5E7,0.9941700674242163,-0.0025393167836078156
9,7,4,2.4884553E7,1.6666666E7,0.6697595090416131,-0.17408111169514087
6,9,1,1.5286675E7,3.3333333E7,2.1805482879697515,0.33856570851304596
3,7,4,1.489396E7,1.6666666E7,1.119021804812152,0.04883854909969454
0,8,3,1.5374213E7,2.5E7,1.6260994953042474,0.21114711502166625
8,8,3,1.9733388E7,2.5E7,1.2668883822686707,0.10273835355735497
7,9,0,1.3065304E7,3.3333333E7,2.5512864453823654,0.4067592217086048
2,9,0,1.9759869E7,3.3333333E7,1.686920748310629,0.2270946798743318
1,8,1,1.3605578E7,2.5E7,1.837481656420624,0.2642230122160605
0,9,0,1.1688311E7,3.3333333E7,2.8518519912757285,0.45512698224567
8,9,0,1.3276386E7,3.3333333E7,2.510723400178332,0.3997988702625146
9,7,5,1.6695586E7,1.6666666E7,0.9982678056343754,-7.529347576752387E-4
6,9,2,1.6922836E7,3.3333333E7,1.9697249917212458,0.29440559524020343
5,9,1,2.8142331E7,3.3333333E7,1.1844552961870856,0.07351867418867981
4,7,3,2.9109627E7,1.6666666E7,0.5725482501029642,-0.2421879083409329
7,9,1,1.6859058E7,3.3333333E7,1.9771764828141642,0.2960454361783918
3,7,5,2.077085E7,1.6666666E7,0.8024065457118992,-0.09560553717238053
2,9,1,2.0270959E7,3.3333333E7,1.6443885560619012,0.21600444569499316
8,9,1,1.4232376E7,3.3333333E7,2.342077879336521,0.36960133224093916
0,9,1,1.7474198E7,3.3333333E7,1.9075744134294461,0.2804814885464142
9,8,0,1.5947254E7,2.5E7,1.5676680135652195,0.19525409716081502
4,7,4,1.6970502E7,1.6666666E7,0.982096227913588,-0.007845957015075993
1,8,2,2.7028965E7,2.5E7,0.9249336776306455,-0.03388940723035986
6,10,0,1.9954112E7,2.5E7,1.2528745954718505,0.09790760314087045
2,9,2,1.1163614E7,3.3333333E7,2.9858908593579105,0.47507392929494413
8,9,2,1.1540173E7,3.3333333E7,2.888460424293466,0.4606664215126365
0,9,2,1.22776E7,3.3333333E7,2.7149714113507524,0.4337652608280029
5,9,2,2.8834323E7,3.3333333E7,1.156029673386124,0.06296898185480236
1,8,3,1.1598525E7,2.5E7,2.1554464899631633,0.3335372457460732
7,9,2,2.8917783E7,3.3333333E7,1.1526932406955264,0.06171374649793731
4,7,5,1.4798778E7,1.6666666E7,1.12621907025026,0.05162287696905994
3,8,0,2.8739254E7,2.5E7,0.8698903597149739,-0.06053548206115978
6,10,1,1.661525E7,2.5E7,1.5046418200147456,0.17743312843174958
0,10,0,1.0908962E7,2.5E7,2.291693746847775,0.36015657972608695
9,8,1,2.2573345E7,2.5E7,1.1075009042744883,0.0443440894966964
8,10,0,1.4017484E7,2.5E7,1.783486965278505,0.25126993961869304
2,10,0,2.2722597E7,2.5E7,1.100226351767802,0.04148204262273612
5,10,0,1.6699192E7,2.5E7,1.4970784215188375,0.17524455060413877
7,10,0,1.5650521E7,2.5E7,1.5973909111396356,0.20341120904779073
1,9,0,1.6738031E7,3.3333333E7,1.9914727723947936,0.299174373070463
0,10,1,1.4850665E7,2.5E7,1.6834262977449157,0.22619410725017808
4,8,0,2.0857944E7,2.5E7,1.1985840982217615,0.07866851155473191
8,10,1,1.5671185E7,2.5E7,1.5952845939857132,0.2028381711375273
6,10,2,1.9333576E7,2.5E7,1.293087217801818,0.11162781871844166
9,8,2,1.8596663E7,2.5E7,1.3443272053701247,0.12850498761029255
7,10,1,1.194857E7,2.5E7,2.0923005849235516,0.32062407646491986
1,9,1,1.7400069E7,3.3333333E7,1.9157011963573247,0.28232777045595187
5,10,1,1.9948184E7,2.5E7,1.2532469120998684,0.09803664321954983
6,10,3,1.0674877E7,2.5E7,2.341947359206106,0.36957712905263657
2,10,1,2.5025699E7,2.5E7,0.99897309561663,-4.462080528744632E-4
9,8,3,1.2817024E7,2.5E7,1.9505307940439216,0.2901528111347527
3,8,1,3.6390466E7,2.5E7,0.6869931261666173,-0.16304760833032203
7,10,2,1.0637063E7,2.5E7,2.350272814967816,0.37111827723269714
8,10,2,1.6806443E7,2.5E7,1.4875247546432044,0.1724642017723451
0,10,2,2.3004638E7,2.5E7,1.086737378784226,0.03612460505685201
5,10,2,1.2036817E7,2.5E7,2.076961043770957,0.31742835082784215
4,8,1,2.6492902E7,2.5E7,0.9436489819046626,-0.02518952431590188
7,10,3,1.0839176E7,2.5E7,2.306448386851547,0.3629437405153381
3,8,2,1.3302725E7,2.5E7,1.8793142006618944,0.27399939543107193
1,9,2,1.8310861E7,3.3333333E7,1.82041319629918,0.26016997507602907
2,10,2,1.5797335E7,2.5E7,1.5825454103492773,0.1993561807312006
9,9,0,1.7486834E7,3.3333333E7,1.9061959986581904,0.2801675535737687
0,10,3,1.3279201E7,2.5E7,1.88264339096908,0.27476806404141246
8,10,3,1.8646672E7,2.5E7,1.340721818885429,0.12733867713898184
4,8,2,1.3312622E7,2.5E7,1.8779170624689863,0.27367640789418146
7,11,0,1.3339816E7,2.0E7,1.4992710544133443,0.17588015639347954
1,10,0,1.2313874E7,2.5E7,2.0302302914582366,0.30754530325161467
5,10,3,2.1457776E7,2.5E7,1.165078804066181,0.06635530133940583
6,11,0,3.3217954E7,2.0E7,0.6020840416601215,-0.22034288368937646
9,9,1,1.3625748E7,3.3333333E7,2.4463488536555937,0.3885183882745296
0,11,0,1.3258501E7,2.0E7,1.5084661531495906,0.17853556995331782
8,11,0,1.296998E7,2.0E7,1.542022424090091,0.1880906892712145
2,10,3,2.0510818E7,2.5E7,1.2188689890378823,0.08595702768923384
3,8,3,2.2801958E7,2.5E7,1.0963970725671892,0.03996786728189604
4,8,3,1.9197254E7,2.5E7,1.3022695850146069,0.11470089756936332
6,11,1,1.1879022E7,2.0E7,1.683640286212114,0.22624930901604937
9,9,2,1.1625731E7,3.3333333E7,2.867203189201608,0.4574584710497941
1,10,1,1.8734181E7,2.5E7,1.3344591898626366,0.12530529682830746
3,9,0,1.1525615E7,3.3333333E7,2.8921088375761292,0.46121463256071066
2,11,0,1.430162E7,2.0E7,1.3984429735932014,0.14564476119109707
7,11,1,2.7667344E7,2.0E7,0.7228738689192573,-0.14093747422839314
0,11,1,2.1273426E7,2.0E7,0.9401400601858864,-0.026807441257035262
8,11,1,2.0958973E7,2.0E7,0.9542452294776085,-0.0203400025255539
9,10,0,1.1640738E7,2.5E7,2.1476301588438806,0.3319594940654189
6,11,2,1.3299312E7,2.0E7,1.5038371909764956,0.17720082103765009
4,9,0,1.3813423E7,3.3333333E7,2.413111724733254,0.38257742978772463
5,11,0,2.8397391E7,2.0E7,0.7042900525615188,-0.15224844556784214
3,9,1,1.2080889E7,3.3333333E7,2.759178815400092,0.44077984691813366
2,11,1,1.6207629E7,2.0E7,1.2339867848653248,0.09131050873223205
4,9,1,1.2374651E7,3.3333333E7,2.693678633845916,0.4303457814862508
0,11,2,1.5965587E7,2.0E7,1.2526943105818784,0.09784510497302412
3,9,2,1.1807932E7,3.3333333E7,2.8229611247761253,0.45070489748398573
7,11,2,2.1232425E7,2.0E7,0.9419555232150826,-0.02596960302270904
6,11,3,2.0428859E7,2.0E7,0.9790071976119665,-0.009214115273808806
5,11,1,1.8821406E7,2.0E7,1.0626198701627285,0.0263779326177091
9,10,1,2.2646677E7,2.5E7,1.103914715611478,0.042935522695696934
2,11,2,1.2780477E7,2.0E7,1.564886819169582,0.19448293256131985
8,11,2,2.4699058E7,2.0E7,0.8097474810577796,-0.0916503943081011
4,9,2,1.0402256E7,3.3333333E7,3.204433057598275,0.5057512033598281
1,10,2,3.9297135E7,2.5E7,0.6361786934340125,-0.19642088015004608
6,11,4,1.1616757E7,2.0E7,1.721650887592811,0.23594509080909906
3,10,0,1.6855264E7,2.5E7,1.4832161632116827,0.17120444951037048
9,10,2,1.2404671E7,2.5E7,2.015369855435908,0.30435475838539927
7,11,3,1.8430101E7,2.0E7,1.085181247785891,0.035502280432835646
0,11,3,2.2981704E7,2.0E7,0.8702574883046096,-0.06035223105386773
5,11,2,1.7856036E7,2.0E7,1.1200694263833249,0.04924494281366557
4,10,0,1.8264588E7,2.5E7,1.3687688985921829,0.13633012852950108
8,11,3,1.9469748E7,2.0E7,1.0272346616915637,0.011669665249121603
1,10,3,1.5867073E7,2.5E7,1.5755899024350617,0.19744318886039336
6,12,0,1.3561419E7,1.25E7,0.9217324529239898,-0.03539512133326026
3,10,1,1.3478084E7,2.5E7,1.8548630502673822,0.2683118499571139
7,11,4,1.0952386E7,2.0E7,1.8260861149342253,0.26152125422724465
2,11,3,2.5719246E7,2.0E7,0.7776277733802928,-0.10922823675152825
5,11,3,1.228113E7,2.0E7,1.6285146399394843,0.21179166711725958
9,10,3,1.9064356E7,2.5E7,1.3113477318614906,0.11771786942008368
0,11,4,1.6440188E7,2.0E7,1.2165311004959312,0.08512321610375978
4,10,1,1.9728635E7,2.5E7,1.267193599557192,0.10284297068164525
6,12,1,1.6045613E7,1.25E7,0.7790291340069089,-0.1084463003481791
3,10,2,1.6456089E7,2.5E7,1.5191945060579097,0.18161338117008277
8,11,4,2.1193945E7,2.0E7,0.9436657498167519,-0.02518180730763484
1,11,0,2.0918274E7,2.0E7,0.9561018275217161,-0.01949585168231
2,11,4,1.824622E7,2.0E7,1.0961174424072493,0.03985708868931235
0,12,0,1.3206071E7,1.25E7,0.9465343628699255,-0.023863614839227908
7,12,0,2.0179027E7,1.25E7,0.6194550411176911,-0.2079902084211548
5,11,4,1.8573317E7,2.0E7,1.0768135815481963,0.03214052454914365
9,11,0,2.0778329E7,2.0E7,0.9625413092650521,-0.016580622857502805
8,12,0,1.1760027E7,1.25E7,1.062922729684209,0.02650169416440349
1,11,1,1.3181946E7,2.0E7,1.5172266674434867,0.1810504674487408
3,10,3,1.6841258E7,2.5E7,1.4844496770965685,0.1715654795812979
0,12,1,1.3904246E7,1.25E7,0.8990059583238099,-0.0462374298923809
5,12,0,1.1453315E7,1.25E7,1.0913870787627862,0.037978807743590484
4,10,2,2.0986541E7,2.5E7,1.1912396616479104,0.07599914457293265
8,12,1,1.0652434E7,1.25E7,1.1734407366429118,0.06946116091468797
2,12,0,2.4104515E7,1.25E7,0.5185750470399425,-0.2851883845847611
9,11,1,1.8665621E7,2.0E7,1.071488593923556,0.02998755230512199
6,12,2,3.159428E7,1.25E7,0.3956412363250563,-0.40269844969590984
5,12,1,1.2364674E7,1.25E7,1.0109445667552577,0.004727342522425946
1,11,2,1.4866359E7,2.0E7,1.3453193212944743,0.12882537951801973
7,12,1,2.7521083E7,1.25E7,0.4541972421652157,-0.342755507095731
0,12,2,1.3910358E7,1.25E7,0.8986109487620664,-0.04642829422509738
3,11,0,1.618729E7,2.0E7,1.23553726411277,0.09185584836577597
4,10,3,1.4984793E7,2.5E7,1.6683580480557856,0.22228926069492416
8,12,2,1.1219049E7,1.25E7,1.1141764333144457,0.046953968169614495
2,12,1,1.296112E7,1.25E7,0.9644228276568692,-0.015732518526767672
7,12,2,1.0719977E7,1.25E7,1.1660472778999433,0.06671615944083875
4,11,0,1.2006789E7,2.0E7,1.6657242831534727,0.22160311698999896
0,12,3,1.5645171E7,1.25E7,0.7989685763102238,-0.09747030129106546
3,11,1,1.9515853E7,2.0E7,1.0248078831091831,0.010642457464236088
8,12,3,2.039258E7,1.25E7,0.6129680501437288,-0.21256216170979286
9,11,2,2.6245732E7,2.0E7,0.7620286605075446,-0.11802869419032139
2,12,2,1.5181142E7,1.25E7,0.8233899663147871,-0.08439442954240854
6,12,3,2.9173431E7,1.25E7,0.42847205733189214,-0.36807749519296895
5,12,2,2.9068509E7,1.25E7,0.43001861567788013,-0.36651274323161565
4,11,1,1.4300776E7,2.0E7,1.3985255065878943,0.1456703915293969
0,12,4,1.5341015E7,1.25E7,0.8148091896135947,-0.08894408156685482
1,11,3,3.404049E7,2.0E7,0.5875356083299623,-0.23096580729864272
3,11,2,1.4928691E7,2.0E7,1.3397021882226647,0.12700826673331259
8,12,4,1.4778588E7,1.25E7,0.8458182879176278,-0.07272292895992984
6,12,4,1.1519806E7,1.25E7,1.0850877176230225,0.03546484762215833
7,12,3,3.1754918E7,1.25E7,0.3936398135243177,-0.4049009825997562
9,11,3,2.0495497E7,2.0E7,0.9758241041922525,-0.010628458422569886
5,12,3,1.9856911E7,1.25E7,0.6295037531265563,-0.201001676267327
3,11,3,1.2443809E7,2.0E7,1.6072249260656444,0.20607665916131104
1,11,4,1.5740258E7,2.0E7,1.270627203188156,0.10401814902225487
8,12,5,1.1056273E7,1.25E7,1.1305798979457182,0.05330125930483407
2,12,3,2.4966132E7,1.25E7,0.5006782788779616,-0.3004412493601576
4,11,2,2.1360844E7,2.0E7,0.9362925921840916,-0.028588412678551677
0,12,5,2.2877966E7,1.25E7,0.5463772435014547,-0.26250739722468586
6,12,5,1.7560697E7,1.25E7,0.7118168487275875,-0.1476317364462257
7,12,4,1.4763379E7,1.25E7,0.8466896365662631,-0.07227575593595158
3,11,4,1.158948E7,2.0E7,1.7257029651028346,0.2369660453083995
9,11,4,1.6555453E7,2.0E7,1.2080611747682168,0.0820889269933701
8,12,6,1.1721417E7,1.25E7,1.0664239656348715,0.02792989637019568
5,12,4,1.4285782E7,1.25E7,0.8749958525196591,-0.057994005528652214
4,11,3,1.4228148E7,2.0E7,1.4056643211751803,0.14788162163203308
6,12,6,9837625.0,1.25E7,1.2706318852365281,0.10401974932171373
0,12,6,1.9461341E7,1.25E7,0.6422990070417038,-0.1922627493803288
2,12,4,2.5688392E7,1.25E7,0.4866011076131196,-0.3128269068525525
1,12,0,2.6835549E7,1.25E7,0.4658000475414161,-0.33180047147550384
5,12,5,1.3968011E7,1.25E7,0.8949019298452728,-0.048224555366426364
7,12,5,1.8996665E7,1.25E7,0.6580102349543986,-0.1817673511434182
8,12,7,1.5670216E7,1.25E7,0.7976916208430056,-0.0981649698652281
9,12,0,1.5913447E7,1.25E7,0.7854992070542605,-0.10485424903538017
4,11,4,1.2261285E7,2.0E7,1.6311504055243802,0.21249400842081456
3,12,0,1.9529065E7,1.25E7,0.6400716060907166,-0.19377143790595816
0,12,7,1.3732075E7,1.25E7,0.910277580045259,-0.04082615372331364
9,12,1,1.1014272E7,1.25E7,1.134891166660856,0.054954215727468086
6,12,7,2.1299671E7,1.25E7,0.5868635247934111,-0.23146288226222864
5,12,6,1.3134918E7,1.25E7,0.9516618223273263,-0.02151735286479951
1,12,1,1.3342197E7,1.25E7,0.9368771874677012,-0.02831733579399043
2,12,5,1.5826166E7,1.25E7,0.7898312200187967,-0.10246570370416608
3,12,1,1.2914388E7,1.25E7,0.9679126877711898,-0.014163817205457289
4,12,0,1.6869076E7,1.25E7,0.7410008704685426,-0.1301812818459584
7,12,6,1.8341369E7,1.25E7,0.6815194656407599,-0.16652173528104927
2,12,6,1.0143371E7,1.25E7,1.2323319338314649,0.09072770264574839
5,12,7,1.2236737E7,1.25E7,1.0215141503817562,0.00924438701364405
3,12,2,1.1060167E7,1.25E7,1.130181849876227,0.053148328477810716
9,12,2,1.7770471E7,1.25E7,0.7034141075945596,-0.15278892577024195
4,12,1,1.3007111E7,1.25E7,0.9610127875436751,-0.017270833431656175
7,12,7,1.2279256E7,1.25E7,1.0179769849248195,0.007737959304137842
1,12,2,1.8100326E7,1.25E7,0.6905952964604063,-0.16077638389019513
2,12,7,1.0240421E7,1.25E7,1.2206529399523711,0.08659220146409899
3,12,3,1.0678979E7,1.25E7,1.1705238862254528,0.06838028052735672
4,12,2,8176235.0,1.25E7,1.5288210282605625,0.1843566476175475
9,12,3,9987833.0,1.25E7,1.251522727702796,0.09743874082101842
1,12,3,9005444.0,1.25E7,1.3880492733062357,0.14240488308222457
3,12,4,7996022.0,1.25E7,1.5632773396571444,0.194036032656342
9,12,4,9160545.0,1.25E7,1.3645476333558757,0.13498870053544262
1,12,4,8072942.0,1.25E7,1.5483822378508356,0.1898781806993497
4,12,3,9892647.0,1.25E7,1.2635647466244373,0.10159750061388675
3,12,5,9419916.0,1.25E7,1.3269757394864243,0.12286298292209348
9,12,5,7171153.0,1.25E7,1.7430948691235566,0.24132102452573806
1,12,5,8909045.0,1.25E7,1.4030684545874446,0.14707886042560747
4,12,4,8923243.0,1.25E7,1.4008359965093409,0.14638729304434706
9,12,6,7194632.0,1.25E7,1.737406444137796,0.23990142800250905
3,12,6,7575917.0,1.25E7,1.649965278130687,0.2174748050169914
1,12,6,9951939.0,1.25E7,1.2560366376843748,0.09900230764328503
4,12,5,1.0548076E7,1.25E7,1.1850502404419536,0.07373676273784315
3,12,7,8285807.0,1.25E7,1.508603808898759,0.17857519988106862
9,12,7,8734495.0,1.25E7,1.4311073507970409,0.15567221245308893
4,12,6,7821340.0,1.25E7,1.5981916142246726,0.20362884757597255
1,12,7,8839666.0,1.25E7,1.4140805772525795,0.15047415716888662
4,12,7,8576865.0,1.25E7,1.457408971693037,0.1635814386790901
