 Number of tacts (im units) = 10
 Number of massive (im units) = 13
 Command Line curl 10.152.183.176 > /dev/null 2>&1
cycle , cPeriod , count , procDur , procTime , lI , spb
0,0,0,2.170946E7,1.25E7,0.5757858555671123,-0.2397390079619366
3,0,0,1.3578299E7,1.25E7,0.9205865918845947,-0.03593535478740502
2,0,0,6589004.0,1.25E7,1.897100077644512,0.27809024181240943
1,0,0,8105830.0,1.25E7,1.542099945347978,0.1881125217736283
3,0,1,7837688.0,1.25E7,1.5948580754936914,0.20272204176789713
2,0,1,7972284.0,1.25E7,1.5679321007630938,0.1953272516504613
0,0,1,9242814.0,1.25E7,1.3524019849366222,0.1311057995134218
1,0,1,9202854.0,1.25E7,1.3582742918664146,0.1329874808540743
2,0,2,7077350.0,1.25E7,1.7661978000240204,0.24703933947287635
0,0,2,7039539.0,1.25E7,1.77568445888289,0.2493657936829338
3,0,2,8515687.0,1.25E7,1.4678792210188092,0.16669032274423537
1,0,2,8742125.0,1.25E7,1.4298583010423667,0.1552930010143261
2,0,3,7178657.0,1.25E7,1.7412727756737785,0.24086680999756443
0,0,3,8671655.0,1.25E7,1.441478010829536,0.15880802178615322
3,0,3,8746217.0,1.25E7,1.4291893283690538,0.15508976470383082
1,0,3,7095962.0,1.25E7,1.7615652394981822,0.24589873189387076
2,0,4,8441113.0,1.25E7,1.4808473716676935,0.1705102988599271
0,0,4,6956332.0,1.25E7,1.7969240111024027,0.25452971191326274
3,0,4,7132847.0,1.25E7,1.752455926784915,0.24364710453039476
1,0,4,8661160.0,1.25E7,1.4432246950754863,0.15933395149169688
0,0,5,7433679.0,1.25E7,1.6815361545743366,0.22570620948195258
2,0,5,9275199.0,1.25E7,1.3476799796963925,0.12958677680455574
3,0,5,7550741.0,1.25E7,1.6554666621461391,0.21892043933649974
4,0,0,7859353.0,1.25E7,1.5904617084892356,0.20152321761690356
1,0,5,9643582.0,1.25E7,1.2961988605478754,0.11267163534118124
4,0,1,8128576.0,1.25E7,1.5377847239172027,0.18689554238436837
3,0,6,8687853.0,1.25E7,1.4387904583560518,0.15799754904009633
2,0,6,8833628.0,1.25E7,1.4150471357861119,0.1507709066241672
0,0,6,1.0212648E7,1.25E7,1.2239724702153643,0.08777164969842083
1,0,6,8956572.0,1.25E7,1.395623236211354,0.14476819155449377
4,0,2,7969800.0,1.25E7,1.5684207884764987,0.1954625899790986
2,0,7,8630432.0,1.25E7,1.4483631873815819,0.16087747795095536
0,0,7,7462221.0,1.25E7,1.6751045030695284,0.22404190611358707
3,0,7,9367210.0,1.25E7,1.3344421658103107,0.12529975638225901
1,0,7,9033980.0,1.25E7,1.3836647856205129,0.14103088825038668
4,0,3,8579806.0,1.25E7,1.4569093986507387,0.1634325449824297
2,1,0,7687015.0,9090909.0,1.1826318798649411,0.07284958197140316
0,1,0,9136060.0,9090909.0,0.995057935258744,-0.0021516325902619397
3,1,0,8971786.0,9090909.0,1.0132775124150308,0.005728404496452692
1,1,0,9453050.0,9090909.0,0.9616905654788666,-0.016964644513912414
4,0,4,8573737.0,1.25E7,1.4579406856076877,0.16373985564363236
0,1,1,7694881.0,9090909.0,1.1814229485810113,0.07240540256823498
3,1,1,7464284.0,9090909.0,1.2179211026804446,0.08561915547228015
2,1,1,9901170.0,9090909.0,0.9181651259396617,-0.03707920677757342
1,1,1,8374251.0,9090909.0,1.0855787580286285,0.03566133671394284
4,0,5,8155941.0,1.25E7,1.5326251133989321,0.18543593757276222
2,1,2,7589341.0,9090909.0,1.1978522245870886,0.07840324375867527
0,1,2,9278997.0,9090909.0,0.9797297056998725,-0.008893723811934975
3,1,2,9463903.0,9090909.0,0.9605877194641577,-0.01746296985512758
1,1,2,8825658.0,9090909.0,1.0300545296452683,0.01286021625583741
2,1,3,7916687.0,9090909.0,1.1483223979929988,0.060063835807949294
4,0,6,9809820.0,1.25E7,1.2742333702351318,0.1052489744073062
0,1,3,9492866.0,9090909.0,0.957656939432201,-0.018790039976278095
3,1,3,9248123.0,9090909.0,0.9830004423600335,-0.007446286730958653
1,1,3,1.0471668E7,9090909.0,0.8681433559581911,-0.0614085541311837
2,1,4,8725835.0,9090909.0,1.041838288255508,0.01780031400331404
0,1,4,8049840.0,9090909.0,1.1293279121075699,0.052820062156758996
3,1,4,8437406.0,9090909.0,1.0774530702919831,0.03239836304892848
4,0,7,1.0182744E7,1.25E7,1.2275669505194278,0.08904518751454674
2,1,5,7327833.0,9090909.0,1.2405999154183782,0.09363174721961919
1,1,4,8430352.0,9090909.0,1.0783546167467266,0.03276160201096891
3,1,5,8815199.0,9090909.0,1.031276662046994,0.013375189708481996
0,1,5,9462725.0,9090909.0,0.9607073015436886,-0.01740890857169741
4,1,0,9215678.0,9090909.0,0.9864612240141203,-0.005919981397773021
2,1,6,8603611.0,9090909.0,1.0566387764393346,0.02392654434507483
1,1,5,8019710.0,9090909.0,1.1335707899662206,0.05444864641377812
3,1,6,8878049.0,9090909.0,1.023975988418176,0.010289772831459354
0,1,6,9122931.0,9090909.0,0.9964899438568592,-0.0015270796524166185
4,1,1,9069688.0,9090909.0,1.0023397717760523,0.0010149630428082242
2,1,7,8588242.0,9090909.0,1.0585296734768304,0.02470303698614911
1,1,6,8396956.0,9090909.0,1.0826434007752332,0.03448543300757108
0,1,7,9171714.0,9090909.0,0.9911897601691462,-0.0038431932391424
3,1,7,9897193.0,9090909.0,0.9185340732468287,-0.036904728798989
4,1,2,9120246.0,9090909.0,0.9967833104501787,-0.0013992421938062217
2,1,8,9015003.0,9090909.0,1.0084199639201452,0.003641434916479399
1,1,7,8979563.0,9090909.0,1.0123999352752466,0.005352108720902394
0,1,8,9254324.0,9090909.0,0.9823417680210894,-0.007737389868085536
3,1,8,9389583.0,9090909.0,0.9681909196606495,-0.01403899477896124
4,1,3,9804671.0,9090909.0,0.9272018408368827,-0.03282571480922893
5,0,0,1.0225028E7,1.25E7,1.2224905398792063,0.08724550706424246
1,1,8,1.0122125E7,9090909.0,0.8981225780159798,-0.046664385690204056
2,1,9,1.0721899E7,9090909.0,0.8478823574070228,-0.0716644013673959
3,1,9,9610615.0,9090909.0,0.945923752017951,-0.024143869319598235
0,1,9,1.0330896E7,9090909.0,0.8799729471674093,-0.05553067907313722
4,1,4,1.0204739E7,9090909.0,0.8908516915523268,-0.050194591026623714
5,0,1,9726546.0,1.25E7,1.2851427423465638,0.10895136795567469
1,1,9,8705671.0,9090909.0,1.044251385102883,0.01880505998900454
0,1,10,8523420.0,9090909.0,1.0665799643804952,0.027993421236301753
2,1,10,1.3986824E7,9090909.0,0.6499623502805212,-0.1871117995709623
3,1,10,9824228.0,9090909.0,0.9253560686905882,-0.03369112249134566
4,1,5,9538183.0,9090909.0,0.9531070016165553,-0.020858340072049158
5,0,2,9848200.0,1.25E7,1.2692674803517394,0.10355315322143369
1,1,10,8545502.0,9090909.0,1.0638238689780892,0.026869730343632037
0,2,0,8476922.0,8333333.0,0.983061186595795,-0.0074194504548027885
2,2,0,9768570.0,8333333.0,0.8530760387651417,-0.06901225635380275
3,2,0,9599090.0,8333333.0,0.86813781306353,-0.061411327009917936
4,1,6,9040015.0,9090909.0,1.0056298579150589,0.0024381594026898776
5,0,3,9789030.0,1.25E7,1.276939594627864,0.1061703535357124
1,2,0,9496204.0,8333333.0,0.8775435953145068,-0.05673129909663418
0,2,1,1.0453849E7,8333333.0,0.7971545217460095,-0.09845748608563332
3,2,1,9527896.0,8333333.0,0.8746246810418585,-0.05817827145829211
2,2,1,9949601.0,8333333.0,0.8375544908785789,-0.07698692838897415
5,0,4,8627874.0,1.25E7,1.448792599428318,0.16100621889376207
4,1,7,1.0607551E7,9090909.0,0.8570224173327095,-0.0670078179874625
1,2,1,9731281.0,8333333.0,0.8563449149192177,-0.06735127682369964
3,2,2,9120240.0,8333333.0,0.9137186082822382,-0.03918753039959965
5,0,5,7725830.0,1.25E7,1.6179491394452117,0.20896486535693026
0,2,2,1.0653725E7,8333333.0,0.7821989961257683,-0.10668274575709079
2,2,2,9565259.0,8333333.0,0.8712082966075462,-0.0598779974009051
4,1,8,9504082.0,9090909.0,0.9565267850172168,-0.01930286419151709
1,2,2,9633097.0,8333333.0,0.8650730912395048,-0.06294719683467227
0,2,3,8907480.0,8333333.0,0.9355432737429665,-0.028936119320438096
5,0,6,9557665.0,1.25E7,1.307850819211596,0.11655820875267293
3,2,3,9951732.0,8333333.0,0.8373751423370324,-0.07707993537945794
2,2,3,1.0840415E7,8333333.0,0.7687282267330171,-0.1142271718911509
4,1,9,9331173.0,9090909.0,0.9742514687060244,-0.011328930826068938
1,2,3,8253032.0,8333333.0,1.0097298786676219,0.004205207550677923
0,2,4,1.0089656E7,8333333.0,0.8259283567249468,-0.08305762293197942
2,2,4,8044913.0,8333333.0,1.0358512267317248,0.015297384705426183
5,0,7,1.0119128E7,1.25E7,1.2352843051298492,0.09176692353835685
3,2,4,9958285.0,8333333.0,0.8368241117822999,-0.07736581477802155
4,1,10,8394671.0,9090909.0,1.0829380925113086,0.03460363035643719
1,2,4,9451404.0,8333333.0,0.8817031839925581,-0.0546775908875462
0,2,5,1.019494E7,8333333.0,0.8173989253492419,-0.0875659375997141
5,1,0,9961566.0,9090909.0,0.9125983806160598,-0.03972030620781697
1,2,5,8197814.0,8333333.0,1.016531114270219,0.007120676185135908
2,2,5,1.0273547E7,8333333.0,0.8111446806054423,-0.09090167552432332
3,2,5,1.0249074E7,8333333.0,0.8130815525383074,-0.08986589223975817
4,2,0,1.0232692E7,8333333.0,0.8143832532045331,-0.08917116565029404
5,1,1,8199558.0,9090909.0,1.1087072010466905,0.04481686827788093
0,2,6,9923138.0,8333333.0,0.8397880791338385,-0.07583029450295942
2,2,6,9843421.0,8333333.0,0.8465891075876975,-0.07232732355984628
4,2,1,1.0320633E7,8333333.0,0.8074439813914515,-0.09288759830520285
3,2,6,1.099272E7,8333333.0,0.7580774367035639,-0.12028642944004814
1,2,6,1.1668824E7,8333333.0,0.7141536285061802,-0.1462083528798644
5,1,2,1.1676239E7,9090909.0,0.7785819560562267,-0.1086956654470599
0,2,7,1.031551E7,8333333.0,0.8078449829431603,-0.09267196782847113
2,2,7,1.0381725E7,8333333.0,0.8026925197883782,-0.09545078415137913
4,2,2,1.0168905E7,8333333.0,0.8194916758490712,-0.08645545350431257
1,2,7,1.0561032E7,8333333.0,0.7890642694766951,-0.10288762195871919
3,2,7,1.2147365E7,8333333.0,0.6860198075879007,-0.16366334464028104
6,0,0,1.1726731E7,1.25E7,1.0659407127186595,0.02773305004217488
5,1,3,9313793.0,9090909.0,0.9760694703006605,-0.010519270965957
0,2,8,1.0660088E7,8333333.0,0.7817321020239233,-0.10694205326536697
2,2,8,1.0580801E7,8333333.0,0.7875899943681013,-0.10369980982483308
4,2,3,1.0215071E7,8333333.0,0.8157880645176132,-0.08842265296849305
1,2,8,1.1421119E7,8333333.0,0.7296424282069034,-0.13688992001902428
3,2,8,1.0416863E7,8333333.0,0.7999848898847954,-0.096918215885091
6,0,1,1.045288E7,1.25E7,1.1958426768507817,0.07767404832319473
5,1,4,1.0944095E7,9090909.0,0.8306679538143629,-0.08057254377822615
2,2,9,9940180.0,8333333.0,0.8383482995277751,-0.07657551223311086
0,2,9,1.0258372E7,8333333.0,0.8123445903502037,-0.09025970728327323
4,2,4,1.1085003E7,8333333.0,0.7517664181056153,-0.1239170784056146
3,2,9,1.0053757E7,8333333.0,0.8288775032060154,-0.08150964751073794
6,0,2,1.09402E7,1.25E7,1.1425750900349172,0.05788475151316429
1,2,9,1.4159895E7,8333333.0,0.588516581514199,-0.2302412963572174
5,1,5,9116322.0,9090909.0,0.9972123626172924,-0.0012123461097087126
0,2,10,9524818.0,8333333.0,0.8749073210637726,-0.05803794935752183
2,2,10,1.1507602E7,8333333.0,0.7241589516217193,-0.14016609646104794
3,2,10,9541967.0,8333333.0,0.873334921405618,-0.05881917367808147
6,0,3,1.0132249E7,1.25E7,1.2336846439521967,0.09120415897233121
4,2,5,1.3539099E7,8333333.0,0.6155012973906167,-0.21077102729969682
1,2,10,1.1066898E7,8333333.0,0.7529962777284114,-0.12320717063330558
5,1,6,1.1178435E7,9090909.0,0.8132541809296203,-0.08977369533784452
0,2,11,1.0380554E7,8333333.0,0.8027830691887928,-0.0954017954214957
2,2,11,1.2166467E7,8333333.0,0.6849427200188847,-0.1643457459088393
3,2,11,1.1516669E7,8333333.0,0.7235888259009615,-0.14050814840014922
4,2,6,1.0192496E7,8333333.0,0.8175949247367867,-0.0874618131066826
6,0,4,1.0761608E7,1.25E7,1.1615364544034683,0.06503284452611632
1,2,11,1.2004382E7,8333333.0,0.6941909212819118,-0.15852107038651808
0,3,0,1.0217147E7,7692307.0,0.752882091253067,-0.12327303326506463
5,1,7,1.0683329E7,9090909.0,0.8509434652812807,-0.07009929247941983
2,3,0,1.0697688E7,7692307.0,0.7190625675379577,-0.14323331886014778
3,3,0,1.0386417E7,7692307.0,0.740612186088812,-0.1304091463135997
4,2,7,1.0319133E7,8333333.0,0.8075613522957791,-0.09282447339148031
6,0,5,9937748.0,1.25E7,1.257830244840179,0.09962203323660217
1,3,0,1.0520744E7,7692307.0,0.7311561805895096,-0.13598984448761464
0,3,1,1.0639989E7,7692307.0,0.7229619316335759,-0.1408845703634831
5,1,8,1.0467962E7,9090909.0,0.8684507070239651,-0.06125482692905657
2,3,1,1.0590495E7,7692307.0,0.7263406479111694,-0.13885965091012603
3,3,1,1.0430412E7,7692307.0,0.7374883178152503,-0.1322448547376728
6,0,6,9780199.0,1.25E7,1.2780926032282165,0.10656232143899873
4,2,8,1.0635975E7,8333333.0,0.7835043801814127,-0.10595857126520616
1,3,1,1.0520725E7,7692307.0,0.7311575010277334,-0.13598906017021203
5,1,9,1.0387679E7,9090909.0,0.875162680710484,-0.05791121010007251
0,3,2,1.0877339E7,7692307.0,0.7071864727209477,-0.15046605523315487
2,3,2,1.1009752E7,7692307.0,0.6986812237005884,-0.1557209277815735
3,3,2,1.0616708E7,7692307.0,0.7245472890466612,-0.1399332641585785
4,2,9,9922633.0,8333333.0,0.8398308190981164,-0.075808192190743
6,0,7,1.3718727E7,1.25E7,0.9111632588067391,-0.0404038008025266
1,3,2,1.1098778E7,7692307.0,0.6930769315324624,-0.1592185560293806
5,1,10,1.1007784E7,9090909.0,0.8258618628417854,-0.08309258854227403
0,3,3,1.3039887E7,7692307.0,0.5899059554733872,-0.2292172193314909
3,3,3,1.0019622E7,7692307.0,0.7677242714345911,-0.11479472905124234
4,2,10,9932074.0,8333333.0,0.8390325122426595,-0.07622121007236382
2,3,3,1.0176475E7,7692307.0,0.7558911116078996,-0.12154076142177717
6,1,0,1.1058436E7,9090909.0,0.8220790896651208,-0.08508639833243414
5,2,0,1.1089922E7,8333333.0,0.7514329676980596,-0.12410975500691289
1,3,3,1.1258517E7,7692307.0,0.6832433614480486,-0.16542457932134141
0,3,4,1.3364809E7,7692307.0,0.5755643047349199,-0.23990614791359918
2,3,4,1.1764356E7,7692307.0,0.6538655409611882,-0.18451154956909385
7,0,0,9683047.0,1.25E7,1.2909159689093732,0.11089797315199532
4,2,11,1.6246685E7,8333333.0,0.5129251290340152,-0.28994602362196065
3,3,4,1.7154613E7,7692307.0,0.4484104071598701,-0.3483243164168197
6,1,1,1.3652207E7,9090909.0,0.6658929944440485,-0.17659555409723857
1,3,4,1.2097917E7,7692307.0,0.6358373098443311,-0.1966539920171743
5,2,1,1.3253063E7,8333333.0,0.6287854362421729,-0.20149752586322237
2,3,5,1.0592276E7,7692307.0,0.7262185199856952,-0.13893267992734878
0,3,5,1.322833E7,7692307.0,0.5815025025834705,-0.23544841187989565
7,0,1,1.186932E7,1.25E7,1.0531353101946868,0.02248417431522288
3,3,5,9902396.0,7692307.0,0.7768127027034669,-0.10968368131205579
1,3,5,1.096617E7,7692307.0,0.7014579383686373,-0.15399836552238852
5,2,2,1.0257224E7,8333333.0,0.8124355088667266,-0.09021110327822793
6,1,2,1.2687191E7,9090909.0,0.7165422984488844,-0.144758167526608
4,3,0,1.6298306E7,7692307.0,0.47196972495178335,-0.32608585879827856
2,3,6,1.1777311E7,7692307.0,0.6531462912034844,-0.18498953488602102
7,0,2,1.0838812E7,1.25E7,1.1532629221726514,0.061928329525121575
3,3,6,1.1086564E7,7692307.0,0.693840490164491,-0.15874035980974224
0,3,6,1.6021434E7,7692307.0,0.4801259987089795,-0.3186447764508805
6,1,3,1.1564456E7,9090909.0,0.7861077944349479,-0.10451789757582403
1,3,6,1.1779231E7,7692307.0,0.6530398291705121,-0.1850603301162463
4,3,1,1.0111052E7,7692307.0,0.7607820630335993,-0.11873973531533329
5,2,3,1.4194693E7,8333333.0,0.5870738451335298,-0.2313072675480833
2,3,7,1.0481783E7,7692307.0,0.7338739029418945,-0.13437855583470262
7,0,3,1.0618464E7,1.25E7,1.177194743043815,0.07084831401867048
0,3,7,1.1334941E7,7692307.0,0.678636703975786,-0.1683626552964499
1,3,7,1.1424216E7,7692307.0,0.6733334698853733,-0.17176979719810087
4,3,2,1.1470008E7,7692307.0,0.6706453038219328,-0.17350711220259946
2,3,8,1.1844525E7,7692307.0,0.6494398888938138,-0.18746104032589014
7,0,4,1.0492893E7,1.25E7,1.1912825185580374,0.07601476878809102
3,3,7,1.9789335E7,7692307.0,0.38870972672906895,-0.4103745918310206
6,1,4,1.8478006E7,9090909.0,0.49198539063143504,-0.30804779329433474
0,3,8,1.1839188E7,7692307.0,0.6497326505838069,-0.18726530837379704
4,3,3,1.1574344E7,7692307.0,0.664599825268715,-0.17743977723853388
1,3,8,1.2075807E7,7692307.0,0.6370014856978089,-0.19585955474532815
5,2,4,2.1991787E7,8333333.0,0.3789293248429516,-0.42144178394467563
2,3,9,1.1474641E7,7692307.0,0.6703745241354392,-0.17368249831218893
7,0,5,1.0506583E7,1.25E7,1.1897302862405408,0.07544851729690753
3,3,8,1.0533422E7,7692307.0,0.7302761628652114,-0.13651287504670262
6,1,5,1.1748234E7,9090909.0,0.773810685078285,-0.1113652776665973
0,3,9,1.0555169E7,7692307.0,0.7287715620659413,-0.13740858263056183
1,3,9,1.0986563E7,7692307.0,0.7001559086312981,-0.1548052418158361
7,0,6,9719902.0,1.25E7,1.286021196510006,0.10924812679307644
5,2,5,1.1768289E7,8333333.0,0.7081176371518408,-0.1498945884655383
2,3,10,1.001323E7,7692307.0,0.7682143524117593,-0.11451758324868427
4,3,4,1.5920955E7,7692307.0,0.48315612976734124,-0.31591250622657396
6,1,6,1.3505713E7,9090909.0,0.6731158140262569,-0.17191020610992702
3,3,9,1.734438E7,7692307.0,0.4435042936098033,-0.35310217136321564
7,0,7,9817804.0,1.25E7,1.2731971426604156,0.10489565529595977
0,3,10,1.3405418E7,7692307.0,0.5738207491926026,-0.24122375184302317
5,2,6,1.2428363E7,8333333.0,0.6705093019893288,-0.17359519279431523
2,3,11,1.1567294E7,7692307.0,0.6650048835968032,-0.17717516535651082
4,3,5,1.0965572E7,7692307.0,0.7014961918995197,-0.15397468221440114
1,3,10,1.6670384E7,7692307.0,0.461435501425762,-0.33588899525015853
3,3,10,1.1623634E7,7692307.0,0.6617815908518799,-0.17928531802029485
7,1,0,1.1366665E7,9090909.0,0.7997868328133186,-0.09702575009445767
5,2,7,1.2466956E7,8333333.0,0.6684336577429165,-0.17494169013112923
4,3,6,1.1452835E7,7692307.0,0.6716509056491253,-0.1728563953143831
0,3,11,1.5185068E7,7692307.0,0.5065704677779513,-0.2953601324588637
2,3,12,1.2429387E7,7692307.0,0.6188806414990539,-0.2083931017661081
6,1,7,1.8484214E7,9090909.0,0.4918201552957567,-0.3081936773981038
7,1,1,1.2745273E7,9090909.0,0.7132769145078336,-0.14674183186618667
1,3,11,1.9857794E7,7692307.0,0.3873696645256769,-0.4118743925093941
3,3,11,1.5659827E7,7692307.0,0.4912127701027604,-0.3087303513272474
5,2,8,1.1194497E7,8333333.0,0.7444133488087942,-0.12818584770943248
6,1,8,1.0496787E7,9090909.0,0.866065873300087,-0.06244907412269765
0,3,12,1.2155747E7,7692307.0,0.6328123643902757,-0.19872504383716733
8,0,0,1.2581276E7,1.25E7,0.9935399239314041,-0.002814676722526227
4,3,7,1.2999725E7,7692307.0,0.5917284404093164,-0.22787755660435144
7,1,2,1.1715724E7,9090909.0,0.7759579348233195,-0.11016182148573157
2,4,0,2.0843466E7,8333333.0,0.39980553138331215,-0.39815120163202916
1,3,12,1.197013E7,7692307.0,0.6426251845218055,-0.19204225842264877
3,3,12,1.3061597E7,7692307.0,0.5889254583493887,-0.2299396713864303
0,4,0,1.0300234E7,8333333.0,0.8090430761087564,-0.09202835450849926
4,3,8,1.0381366E7,7692307.0,0.7409725271221533,-0.13019789396457945
8,0,1,1.1215834E7,1.25E7,1.1144958101198716,0.04707844011527852
6,1,9,1.6568631E7,9090909.0,0.5486819641284787,-0.2606793153793079
5,2,9,2.1936069E7,8333333.0,0.3798918119741509,-0.42034006694216325
1,4,0,1.2604864E7,8333333.0,0.6611204214500054,-0.17971942764304144
0,4,1,1.1139598E7,8333333.0,0.74808202234946,-0.12605078194725117
7,1,3,1.3736899E7,9090909.0,0.6617875693779215,-0.1792813946274752
3,4,0,1.1805986E7,8333333.0,0.7058565883442518,-0.1512835273015013
8,0,2,1.0767171E7,1.25E7,1.1609363313724654,0.06480840260522532
4,3,9,1.0778189E7,7692307.0,0.7136919755257586,-0.14648918625340487
2,4,1,1.8244837E7,8333333.0,0.45675020281080064,-0.3403212511355953
6,1,10,1.4872119E7,9090909.0,0.6112719377783354,-0.21376554130781608
5,2,10,1.1768608E7,8333333.0,0.7080984429084561,-0.14990636061543006
1,4,1,1.1681811E7,8333333.0,0.7133596836997277,-0.14669143893024672
7,1,4,1.1764524E7,9090909.0,0.7727392115482106,-0.11196704954228566
4,3,10,1.2074012E7,7692307.0,0.6370961864208848,-0.19579499454332816
3,4,1,1.8450525E7,8333333.0,0.45165831324582906,-0.34518999171172443
8,0,3,1.9157101E7,1.25E7,0.6524995613897948,-0.18541977592233405
2,4,2,1.5765484E7,8333333.0,0.5285808542255982,-0.2768885715387014
1,4,2,1.0561825E7,8333333.0,0.7890050251732064,-0.10292023076010536
5,2,11,1.1604986E7,8333333.0,0.7180821243558587,-0.14382588428834106
0,4,2,2.266662E7,8333333.0,0.3676478010395904,-0.43456802726935984
7,1,5,1.0731141E7,9090909.0,0.8471521341486428,-0.07203859074568945
4,3,11,1.0487743E7,7692307.0,0.733456855302423,-0.1346254279081908
6,2,0,1.9791654E7,8333333.0,0.421052884210688,-0.37566335338410767
8,0,4,1.0879878E7,1.25E7,1.148909941821039,0.06028598751941144
3,4,2,1.3010951E7,8333333.0,0.6404860797646537,-0.19349030471257056
5,3,0,1.0918153E7,7692307.0,0.7045428837643144,-0.1520925673305087
2,4,3,1.2482471E7,8333333.0,0.6676028328044984,-0.17548182916961566
0,4,3,1.1474833E7,8333333.0,0.726226952496825,-0.13892763713142742
1,4,3,1.3176327E7,8333333.0,0.6324473428748391,-0.19897562770294264
4,3,12,1.3428524E7,7692307.0,0.5728333955392269,-0.24197167108492604
7,1,6,1.6168715E7,9090909.0,0.5622530300026934,-0.25006819545675146
8,0,5,1.1277513E7,1.25E7,1.108400407075567,0.04469667661095201
3,4,3,1.1181021E7,8333333.0,0.7453105579535179,-0.12766272657804698
6,2,1,1.6846702E7,8333333.0,0.4946566396200277,-0.30569615714962145
2,4,4,1.2103007E7,8333333.0,0.6885340973528314,-0.16207454788997613
5,3,1,1.266563E7,7692307.0,0.6073371004837501,-0.21657018826122662
0,4,4,1.2317141E7,8333333.0,0.676563903912442,-0.1696911764413573
4,4,0,1.2270134E7,8333333.0,0.6791558266600838,-0.16803056902683267
1,4,4,1.378042E7,8333333.0,0.6047227152728292,-0.2184437176312668
7,1,7,1.1553037E7,9090909.0,0.7868847818976084,-0.10408885372645958
8,0,6,1.2028521E7,1.25E7,1.0391967557773727,0.016697782262253637
6,2,2,1.1913369E7,8333333.0,0.6994942404621228,-0.15521585707753766
5,3,2,1.0998702E7,7692307.0,0.6993831635769384,-0.15528482677890632
0,4,5,1.0989441E7,8333333.0,0.7583036298206615,-0.12015686514318741
3,4,4,1.4508344E7,8333333.0,0.5743820935042621,-0.24079910778648736
2,4,5,1.8832626E7,8333333.0,0.4424944774032044,-0.35409214518825965
8,0,7,1.0822543E7,1.25E7,1.15499656596421,0.06258069298572908
4,4,1,1.897721E7,8333333.0,0.43912319039521613,-0.3574136269021472
5,3,3,1.1508996E7,7692307.0,0.6683734184980167,-0.1749808305159113
0,4,6,1.1691431E7,8333333.0,0.7127727136224813,-0.14704893432192762
3,4,5,1.1312289E7,8333333.0,0.7366619611645353,-0.13273175512523544
6,2,3,1.2566756E7,8333333.0,0.6631252329559036,-0.17840444618689974
1,4,5,2.0415879E7,8333333.0,0.40817899635866767,-0.38914934650925637
7,1,8,1.8235808E7,9090909.0,0.4985196707488914,-0.30231770048341466
9,0,0,1.15031E7,1.25E7,1.0866635950309047,0.03609511774427606
4,4,2,1.2391082E7,8333333.0,0.6725266607064662,-0.17229049442117375
0,4,7,1.2661676E7,8333333.0,0.6581540232114611,-0.18167245957275632
5,3,4,1.3656885E7,7692307.0,0.5632548710778483,-0.24929504377087283
3,4,6,1.4025679E7,8333333.0,0.5941482761725831,-0.22610515857506908
2,4,6,1.8787026E7,8333333.0,0.4435685030722798,-0.3530392998257443
8,1,0,1.8605825E7,9090909.0,0.4886055307947914,-0.3110416213166065
1,4,6,1.3815117E7,8333333.0,0.6032039395685176,-0.21953583072037597
6,2,4,1.4942811E7,8333333.0,0.5576817507763432,-0.25361356685290176
7,1,9,1.5520204E7,9090909.0,0.5857467466278149,-0.23229011489576515
9,0,1,1.2579487E7,1.25E7,0.9936812208637761,-0.002752917639192057
0,4,8,1.1835274E7,8333333.0,0.7041098499282737,-0.1523595802101145
5,3,5,1.1154967E7,7692307.0,0.6895858141041564,-0.16141168123156677
3,4,7,1.1745072E7,8333333.0,0.7095174044058649,-0.1490369468665202
2,4,7,1.2302385E7,8333333.0,0.6773754032246593,-0.1691705774548177
9,0,2,1.1119006E7,1.25E7,1.1242012100721952,0.05084404842480213
7,1,10,1.6095145E7,9090909.0,0.5648230568907581,-0.24808758306807818
1,4,7,2.0086131E7,8333333.0,0.41487994875668194,-0.3820775542159975
6,2,5,1.976237E7,8333333.0,0.42167680293406107,-0.3750202895111769
0,4,9,1.1030543E7,8333333.0,0.7554780394763885,-0.12177815537901311
4,4,3,2.4203135E7,8333333.0,0.34430799976945137,-0.46305288663204475
3,4,8,1.0524527E7,8333333.0,0.7918011897351777,-0.10138385002630672
5,3,6,1.1134075E7,7692307.0,0.6908797542678669,-0.160597533815711
8,1,1,2.2198794E7,9090909.0,0.4095226524467951,-0.3877220705566679
2,4,8,1.2732862E7,8333333.0,0.6544744614368709,-0.18410729559670672
8,1,2,1.1168223E7,9090909.0,0.8139978043060208,-0.08937676658385188
3,4,9,1.1903373E7,8333333.0,0.7000816491258403,-0.1548513061329954
4,4,4,1.3022456E7,8333333.0,0.6399202270293715,-0.19387416214157163
2,4,9,1.169045E7,8333333.0,0.7128325256940494,-0.14701249218222148
1,4,8,1.6687021E7,8333333.0,0.4993900948527601,-0.3015600759082793
7,2,0,1.9446119E7,8333333.0,0.4285345060369115,-0.36801420249674194
5,3,7,1.7101188E7,7692307.0,0.4498112645741337,-0.3469696727751531
9,0,3,2.3310412E7,1.25E7,0.5362410582876013,-0.2706399365204693
6,2,6,2.2970706E7,8333333.0,0.3627808827469212,-0.44035560677256497
0,4,10,2.2629392E7,8333333.0,0.3682526247280528,-0.4338541490315705
3,4,10,1.3009383E7,8333333.0,0.6405632765212617,-0.19343796305174107
4,4,5,1.2002638E7,8333333.0,0.6942917881885632,-0.1584579713781637
1,4,9,1.1475498E7,8333333.0,0.7261848679682572,-0.13895280503253932
7,2,1,1.1873606E7,8333333.0,0.7018367461409786,-0.1537638971230682
8,1,3,1.853236E7,9090909.0,0.4905424349624117,-0.30932341749326997
5,3,8,1.4603224E7,7692307.0,0.5267540236320418,-0.2783921383311218
9,0,4,1.4412361E7,1.25E7,0.8673110533381727,-0.061825118762238444
0,4,11,1.0960126E7,8333333.0,0.7603318611483116,-0.11899681034058104
2,4,10,2.1920639E7,8333333.0,0.38015921889868265,-0.42003447336536026
4,4,6,1.1645623E7,8333333.0,0.7155764015372986,-0.14534399014368443
6,2,7,1.6109006E7,8333333.0,0.5173089512785581,-0.28625000669192285
8,1,4,1.2339577E7,9090909.0,0.7367277662759428,-0.13269296186334137
3,4,11,1.8857729E7,8333333.0,0.44190543834838225,-0.3546706537213457
9,0,5,1.1682754E7,1.25E7,1.0699531976792458,0.029364781017741304
1,4,10,2.0018936E7,8333333.0,0.41627252317505786,-0.38062225456427884
7,2,2,1.8565747E7,8333333.0,0.4488552494009533,-0.3478936913393173
2,4,11,1.2052027E7,8333333.0,0.6914465923450055,-0.16024135936611703
5,3,9,1.7776066E7,7692307.0,0.4327339356188259,-0.36377904546665285
6,2,8,1.2058962E7,8333333.0,0.6910489476623278,-0.16049119004001056
0,5,0,2.0908545E7,9090909.0,0.4347939562509012,-0.3617165013500623
4,4,7,1.7806229E7,8333333.0,0.468001001222662,-0.32975321781260214
8,1,5,1.2377768E7,9090909.0,0.7344546286535666,-0.13403502783017
5,3,10,1.2037214E7,7692307.0,0.6390438019960433,-0.1944693729633256
1,4,11,1.4976302E7,8333333.0,0.5564346258508943,-0.2545858525331943
9,0,6,2.0728362E7,1.25E7,0.6030384841793095,-0.21965497155238486
8,1,6,1.0844163E7,9090909.0,0.8383227917175351,-0.07658872639454226
2,5,0,1.7190984E7,9090909.0,0.5288184201672226,-0.27669342561460225
3,5,0,2.1596219E7,9090909.0,0.4209491022479444,-0.37577041235711184
6,2,9,1.6076561E7,8333333.0,0.518352961183676,-0.2853744161367978
7,2,3,1.9919869E7,8333333.0,0.41834276118984515,-0.3784677414446245
4,4,8,1.2606638E7,8333333.0,0.661027388904163,-0.17978054565276325
9,0,7,1.0608888E7,1.25E7,1.1782573253671826,0.07124014850097603
0,5,1,2.2345235E7,9090909.0,0.4068388182088933,-0.3905776159026308
6,2,10,1.1049497E7,8333333.0,0.7541821134482412,-0.12252377174854184
8,1,7,1.1953204E7,9090909.0,0.7605416087602955,-0.1188770209789322
4,4,9,1.0332426E7,8333333.0,0.8065223985151212,-0.09338356700230636
7,2,4,1.0595752E7,8333333.0,0.7864786756050915,-0.10431304823788279
1,5,0,1.8208023E7,9090909.0,0.4992803996348203,-0.3016554828083469
5,3,11,1.8832066E7,7692307.0,0.40846856632724204,-0.38884135895013433
4,4,10,1.098594E7,8333333.0,0.7585452860656439,-0.12001848620049632
8,1,8,1.1057348E7,9090909.0,0.8221599790474171,-0.0850436675482402
3,5,1,2.2889921E7,9090909.0,0.39715772719355386,-0.40103698329745696
7,2,5,1.2439271E7,8333333.0,0.6699213322066864,-0.1739761928132499
6,2,11,1.3329216E7,8333333.0,0.6251930346090873,-0.2039858691808239
1,5,1,1.061067E7,9090909.0,0.8567704961138175,-0.06713549735311831
2,5,1,2.5973373E7,9090909.0,0.35000879554611564,-0.4559210419093032
5,3,12,1.154042E7,7692307.0,0.6665534703243037,-0.17616500613707317
9,1,0,1.8315881E7,9090909.0,0.49634025248362335,-0.3042205027139363
0,5,2,1.8498039E7,9090909.0,0.4914525804600153,-0.3085183802490631
8,1,9,1.2443578E7,9090909.0,0.7305703391741507,-0.13633796392602346
3,5,2,1.2990524E7,9090909.0,0.699810800549693,-0.15501935910527495
4,4,11,1.3874464E7,8333333.0,0.6006237790519331,-0.22139747782034025
2,5,2,1.0935147E7,9090909.0,0.8313476718694317,-0.0802173150878785
1,5,2,1.2026088E7,9090909.0,0.755932353064438,-0.1215170669396855
7,2,6,1.6687522E7,8333333.0,0.4993751019474311,-0.3015731146807023
5,4,0,1.9367757E7,8333333.0,0.4302683578692153,-0.3662605909569045
9,1,1,1.9131295E7,9090909.0,0.47518523968189297,-0.32313705797691233
1,5,3,1.1511374E7,9090909.0,0.789732746064892,-0.10251985370475573
0,5,3,2.01434E7,9090909.0,0.4513095604515623,-0.34552546637486947
4,5,0,1.2954384E7,9090909.0,0.7017631251320017,-0.15380945597304324
3,5,3,1.4492427E7,9090909.0,0.6272868581639225,-0.2025338109588816
6,3,0,2.6809693E7,7692307.0,0.2869226066855745,-0.5422352322628563
2,5,3,1.470479E7,9090909.0,0.6182277339560782,-0.20885151620264458
7,2,7,1.2722751E7,8333333.0,0.6549945841115652,-0.1837622910008674
5,4,1,1.1892612E7,8333333.0,0.7007151162419155,-0.15445851354732712
8,1,10,2.2288663E7,9090909.0,0.40787143670304493,-0.38947670732473005
4,5,1,1.1683988E7,9090909.0,0.7780655885644525,-0.10898379176224558
1,5,4,1.2723946E7,9090909.0,0.7144724600371615,-0.14601450680919387
2,5,4,1.55721E7,9090909.0,0.5837946712389466,-0.23373987348312414
3,5,4,1.7352028E7,9090909.0,0.52391046164748,-0.2807429293046605
6,3,1,1.8230528E7,7692307.0,0.4219464735195821,-0.37474263844468486
5,4,2,1.3745742E7,8333333.0,0.6062483203889611,-0.21734945160092345
4,5,2,1.3938833E7,9090909.0,0.6522001519065477,-0.18561910437678408
7,2,8,2.2936952E7,8333333.0,0.3633147508003679,-0.4397169691586064
9,1,2,3.3080868E7,9090909.0,0.27480865979695573,-0.5609695858673099
2,5,5,1.3461793E7,9090909.0,0.6753118993881424,-0.1704955976912231
8,2,0,2.3681225E7,8333333.0,0.35189619624829377,-0.4535854275589678
0,5,4,3.3042654E7,9090909.0,0.275126477431262,-0.5604676122676854
3,5,5,1.7893374E7,9090909.0,0.5080600785519824,-0.2940849289742349
6,3,2,1.6865588E7,7692307.0,0.4560948008453663,-0.34094487837742943
7,2,9,1.0348827E7,8333333.0,0.8052442078701286,-0.09407239038171224
1,5,5,2.6486422E7,9090909.0,0.34322903259639975,-0.4644159837512664
5,4,3,1.9196473E7,8333333.0,0.43410750506095575,-0.3624027058028938
2,5,6,1.0849584E7,9090909.0,0.837903923320931,-0.07680577607576164
0,5,5,1.0628657E7,9090909.0,0.8553205734271038,-0.067871081556279
8,2,1,1.1323933E7,8333333.0,0.7359044777110567,-0.13317855454196756
4,5,3,1.8752732E7,9090909.0,0.48477784463618423,-0.31445723655653524
9,1,3,1.5543141E7,9090909.0,0.5848823606502701,-0.23293147623929225
1,5,6,1.3580493E7,9090909.0,0.669409350603104,-0.17430822552026723
5,4,4,1.0986057E7,8333333.0,0.7585372076624034,-0.12002311140178162
3,5,6,1.6944593E7,9090909.0,0.5365079586154711,-0.2704238312802363
8,2,2,1.1576388E7,8333333.0,0.7198560552738903,-0.14275433780501204
0,5,6,1.3123549E7,9090909.0,0.6927172672575078,-0.15944398663602347
9,1,4,1.0667274E7,9090909.0,0.8522241952348838,-0.06944614003953846
6,3,3,2.0324452E7,7692307.0,0.3784754934597991,-0.4219622361103941
4,5,4,1.5476055E7,9090909.0,0.5874177237028428,-0.2310529539824049
2,5,7,1.8037957E7,9090909.0,0.5039877298742867,-0.29758003679407247
7,2,10,2.397651E7,8333333.0,0.3475623850176694,-0.45896723125447836
5,4,5,1.074138E7,8333333.0,0.77581586351102,-0.11024134439971174
3,5,7,1.134345E7,9090909.0,0.8014236409557939,-0.09613785059159813
9,1,5,1.1159845E7,9090909.0,0.8146088946575871,-0.08905085219303724
1,5,7,1.7019582E7,9090909.0,0.5341440817994237,-0.2723415791320737
0,5,7,1.3347161E7,9090909.0,0.6811118109686397,-0.16678158867344495
2,5,8,1.2671794E7,9090909.0,0.7174129408985026,-0.14423079366211353
8,2,3,1.8830369E7,8333333.0,0.44254751460260816,-0.3540400939561774
5,4,6,1.3055097E7,8333333.0,0.6383202667892854,-0.19496136641929018
6,3,4,2.0700437E7,7692307.0,0.3716011889024372,-0.4299229051925454
3,5,8,1.4693693E7,9090909.0,0.6186946331327325,-0.2085236512516148
9,1,6,1.0911043E7,9090909.0,0.8331842336245948,-0.0792589568167342
4,5,5,1.9857261E7,9090909.0,0.4578128373293779,-0.3393120336292678
0,5,8,1.235415E7,9090909.0,0.7358587195395879,-0.13320555959470212
1,5,8,1.6704068E7,9090909.0,0.5442332370773395,-0.2642149387809924
7,2,11,2.5400558E7,8333333.0,0.3280767690221609,-0.48402452073458097
2,5,9,1.5681555E7,9090909.0,0.5797198683421383,-0.2367818150967278
8,2,4,1.5369653E7,8333333.0,0.5421939584452558,-0.2658453259818442
3,5,9,9981898.0,9090909.0,0.9107395206803356,-0.04060581721685919
4,5,6,1.104572E7,9090909.0,0.823025479552261,-0.08458671951718402
6,3,5,1.3379002E7,7692307.0,0.5749537222582073,-0.24036711005249062
5,4,7,1.4380319E7,8333333.0,0.579495698252591,-0.23694978356940408
0,5,9,1.2855475E7,9090909.0,0.7071624346824991,-0.15048081762650828
7,3,0,1.2246456E7,7692307.0,0.628125149022705,-0.2019538178630298
1,5,9,1.4048406E7,9090909.0,0.6471132027363105,-0.18901973938806524
9,1,7,2.0283721E7,9090909.0,0.44818744055886,-0.34854031775278077
6,3,6,1.0474458E7,7692307.0,0.734387115782029,-0.13407495107948933
4,5,7,1.2202503E7,9090909.0,0.7450036275344493,-0.12784161260156118
3,5,10,1.452154E7,9090909.0,0.6260292641138612,-0.20340536495871975
8,2,5,1.5962833E7,8333333.0,0.5220459927131982,-0.2822912335846276
0,5,10,1.1288965E7,9090909.0,0.8052916277090061,-0.09404681606798607
5,4,8,1.9976107E7,8333333.0,0.4171650161865873,-0.37969211902346417
7,3,1,1.4932916E7,7692307.0,0.5151242396327683,-0.2880880135225102
6,3,7,1.1760329E7,7692307.0,0.6540894391644996,-0.1843628628686592
2,5,10,2.5589389E7,9090909.0,0.3552608856741363,-0.4494526058261687
4,5,8,1.0950703E7,9090909.0,0.8301667025395538,-0.08083468988467128
3,6,0,1.0921329E7,1.25E7,1.1445493492596002,0.05863452278520752
0,6,0,1.0636841E7,1.25E7,1.1751609335892113,0.0700973455726699
8,2,6,1.2521843E7,8333333.0,0.6655037121931652,-0.1768495176791468
9,1,8,1.8563324E7,9090909.0,0.4897242002563765,-0.3100484343152143
1,5,10,1.994117E7,9090909.0,0.4558864399631516,-0.341143325404442
4,5,9,1.1333032E7,9090909.0,0.802160357440092,-0.09573880454637923
5,4,9,1.3400274E7,8333333.0,0.621877806379183,-0.20629494204327553
7,3,2,1.6882636E7,7692307.0,0.4556342386342986,-0.3413836483083897
1,6,0,1.207592E7,1.25E7,1.035117821250886,0.014989785741596788
0,6,1,1.500884E7,1.25E7,0.8328425114799012,-0.07943711487368245
6,3,8,1.845515E7,7692307.0,0.41681086309241594,-0.38006097080350854
2,6,0,1.9066144E7,1.25E7,0.6556123776260161,-0.18335285576667906
3,6,1,2.1814252E7,1.25E7,0.5730198770968631,-0.24183031282535267
4,5,10,1.1472137E7,9090909.0,0.7924337897987097,-0.10103701419072074
5,4,10,1.1488454E7,8333333.0,0.7253659195571485,-0.13944285307867263
9,1,9,2.5465805E7,9090909.0,0.3569849451057997,-0.4473500987206968
1,6,1,1.3223113E7,1.25E7,0.945314465663267,-0.02442369626939107
0,6,2,1.5089751E7,1.25E7,0.8283768234479151,-0.08177206041775165
2,6,1,1.3837073E7,1.25E7,0.9033702431142772,-0.04413421913671309
3,6,2,1.2424931E7,1.25E7,1.006041804175814,0.0026160273855806715
4,6,0,1.3084384E7,1.25E7,0.9553372936777154,-0.019843268289725623
8,2,7,3.3877262E7,8333333.0,0.24598602449040893,-0.6090895663076394
6,3,9,1.8681391E7,7692307.0,0.4117630748160027,-0.38535260167784774
7,3,3,2.5984812E7,7692307.0,0.29603088912092185,-0.5286629704449293
9,1,10,1.4720507E7,9090909.0,0.6175676557879426,-0.2093154576215673
3,6,3,1.0618025E7,1.25E7,1.177243413911721,0.07086626946107745
2,6,2,1.3200443E7,1.25E7,0.9469379171592953,-0.023678493139244347
8,2,8,1.2018314E7,8333333.0,0.6933861937706071,-0.15902480996680796
4,6,1,1.3762769E7,1.25E7,0.908247460957893,-0.04179580755114663
0,6,3,1.7591939E7,1.25E7,0.7105527139447221,-0.1484036974323693
5,4,11,2.7282644E7,8333333.0,0.3054444796479403,-0.5150677195419648
6,3,10,1.6737163E7,7692307.0,0.4595944366437729,-0.33762523705410447
9,2,0,1.1409535E7,8333333.0,0.7303832277126105,-0.13644920835915794
2,6,3,1.0660827E7,1.25E7,1.1725169163705593,0.06911911717252872
3,6,4,1.2432201E7,1.25E7,1.0054534993441628,0.0023619899549179976
8,2,9,1.1351759E7,8333333.0,0.734100591811366,-0.13424442581234217
1,6,2,3.1362042E7,1.25E7,0.3985709859071039,-0.39949431908025146
7,3,4,1.9785545E7,7692307.0,0.38878418562642575,-0.4102914089588833
5,5,0,1.31657E7,9090909.0,0.6904994797086368,-0.16083664432612205
8,2,10,2.0037519E7,8333333.0,0.41588646778076666,-0.381025210589029
3,6,5,2.2798441E7,1.25E7,0.5482831040947054,-0.2609951371394918
5,5,1,1.6385602E7,9090909.0,0.5548108028011421,-0.2558550913059455
2,6,4,2.3823575E7,1.25E7,0.5246903539875942,-0.280096919884885
1,6,3,1.8627317E7,1.25E7,0.6710574582480129,-0.17324029245141592
0,6,4,3.0382821E7,1.25E7,0.4114167015630313,-0.3857180819912342
7,3,5,1.8488804E7,7692307.0,0.4160521686529859,-0.38085220990784546
9,2,1,2.4609871E7,8333333.0,0.3386175002705215,-0.470290600643743
4,6,2,3.3518398E7,1.25E7,0.37292951769353655,-0.428373240494751
6,3,11,2.7088991E7,7692307.0,0.28396432336663996,-0.5467362202990407
7,3,6,1.1076459E7,7692307.0,0.6944734774895117,-0.15834433567136272
1,6,4,1.1186383E7,1.25E7,1.1174300039610658,0.04822032836277436
3,6,6,1.1472543E7,1.25E7,1.0895579123129022,0.037250318868186694
8,2,11,1.6295874E7,8333333.0,0.5113768675432812,-0.29125892145150534
2,6,5,1.7442746E7,1.25E7,0.7166302828694519,-0.14470484366472006
5,5,2,2.0218472E7,9090909.0,0.4496338298957508,-0.3471410204275965
9,2,2,2.1075782E7,8333333.0,0.3953985194950299,-0.4029649611638303
0,6,5,2.1557358E7,1.25E7,0.5798484211284147,-0.23668552104238216
7,3,7,1.0693332E7,7692307.0,0.7193554824632771,-0.14305644213437035
6,3,12,1.9469131E7,7692307.0,0.3951027398192554,-0.40328995871577367
4,6,3,2.181694E7,1.25E7,0.5729492770296842,-0.24188382424758625
3,6,7,1.3949647E7,1.25E7,0.8960800226701077,-0.04765320478852613
1,6,5,1.5250219E7,1.25E7,0.8196603602872851,-0.08636606738351012
8,3,0,1.1984741E7,7692307.0,0.641841738590763,-0.1925720444074684
2,6,6,1.4138948E7,1.25E7,0.88408274788195,-0.05350708423278168
0,6,6,1.1759832E7,1.25E7,1.0629403549302405,0.02650889551913726
9,2,3,1.2240266E7,8333333.0,0.6808130640298177,-0.16697211922542862
6,4,0,1.1030632E7,8333333.0,0.7554719439466387,-0.12178165947241613
3,7,0,1.182277E7,1.6666666E7,1.40970906141285,0.14912949133582643
1,6,6,1.2183429E7,1.25E7,1.0259837357775057,0.011140476255263779
7,3,8,1.9069217E7,7692307.0,0.4033887180580094,-0.39427625226521673
9,2,4,1.147726E7,8333333.0,0.7260733833685044,-0.13901948345773044
0,6,7,1.220711E7,1.25E7,1.0239933940138166,0.010297154928287523
3,7,1,1.0233112E7,1.6666666E7,1.6286996565658618,0.21184100479827658
2,6,7,1.7127274E7,1.25E7,0.7298300943862988,-0.13677823256298963
5,5,3,2.9073201E7,9090909.0,0.31269033636853405,-0.5048855403326079
1,6,7,1.0425873E7,1.25E7,1.1989403669122,0.07879758262760006
8,3,1,2.155053E7,7692307.0,0.3569428222878973,-0.44740134678313104
4,6,4,2.5079338E7,1.25E7,0.49841825968452597,-0.30240605556443884
6,4,1,1.6703019E7,8333333.0,0.4989117835524225,-0.3019762385515788
7,3,9,1.1341664E7,7692307.0,0.6782344283872278,-0.1686201684371851
9,2,5,1.4247268E7,8333333.0,0.584907436288838,-0.2329128571480839
2,7,0,1.1409953E7,1.6666666E7,1.4607129407106234,0.16456487677313594
1,7,0,1.2091136E7,1.6666666E7,1.3784201914526477,0.1393816261435709
3,7,2,1.4221231E7,1.6666666E7,1.171956633008774,0.06891154138049452
6,4,2,1.1685565E7,8333333.0,0.7131305161539044,-0.14683097890247895
7,3,10,1.0852449E7,7692307.0,0.7088083989153048,-0.1494711449853399
0,7,0,1.7962173E7,1.6666666E7,0.9278758199244601,-0.03251014267149773
8,3,2,1.6557709E7,7692307.0,0.46457556416772394,-0.33294363703730817
4,6,5,1.9422211E7,1.25E7,0.6435930492156634,-0.1913886549141875
5,5,4,2.0066045E7,9090909.0,0.4530493677254287,-0.3438544713590113
2,7,1,1.1341827E7,1.6666666E7,1.4694868824925649,0.16716571365700014
7,3,11,1.161198E7,7692307.0,0.6624457672162715,-0.17884967054254758
0,7,1,1.4545381E7,1.6666666E7,1.1458390811488541,0.059123630653902685
1,7,1,1.8608963E7,1.6666666E7,0.8956257261621725,-0.04787344013788622
4,6,6,1.3828453E7,1.25E7,0.9039333611648389,-0.04386358495067583
6,4,3,2.2680975E7,8333333.0,0.36741511332735916,-0.4348429833059903
8,3,3,1.8700147E7,7692307.0,0.4113500819004257,-0.3857884118890876
7,3,12,1.174278E7,7692307.0,0.6550669432621576,-0.18371431588032103
9,2,6,2.8167335E7,8333333.0,0.29585095643588577,-0.5289270223844137
5,5,5,1.8706705E7,9090909.0,0.4859706185562877,-0.31338998708462673
2,7,2,1.7988115E7,1.6666666E7,0.9265376611167985,-0.03313692315264902
3,7,3,2.7896386E7,1.6666666E7,0.5974489311984714,-0.2236992114619659
0,7,2,1.2212772E7,1.6666666E7,1.3646914885498558,0.13503448290496467
6,4,4,1.1244368E7,8333333.0,0.7411117281113532,-0.13011631395797826
4,6,7,1.3064613E7,1.25E7,0.9567830290878114,-0.019186536573559308
7,4,0,1.1500904E7,8333333.0,0.7245806938306762,-0.13991324175401398
3,7,4,1.2163166E7,1.6666666E7,1.3702572175698333,0.13680209831402146
8,3,4,1.879445E7,7692307.0,0.40928609243686304,-0.3879730124535463
1,7,2,2.6782341E7,1.6666666E7,0.6223005673775865,-0.20599980305081364
2,7,3,1.8964217E7,1.6666666E7,0.8788480958639104,-0.05608618388997067
6,4,5,1.3034008E7,8333333.0,0.6393530677593569,-0.19425924663988656
9,2,7,2.2872402E7,8333333.0,0.3643400898602604,-0.43849303889488217
7,4,1,1.194147E7,8333333.0,0.6978481711213108,-0.15623905533774113
3,7,5,1.2893452E7,1.6666666E7,1.2926457553803279,0.11147952444562066
5,5,6,2.7215478E7,9090909.0,0.3340345152122627,-0.4762086559675752
4,7,0,1.9778189E7,1.6666666E7,0.8426790744086832,-0.07433779044054244
1,7,3,1.0724377E7,1.6666666E7,1.5540917668224457,0.19147665966948493
0,7,3,2.7349478E7,1.6666666E7,0.6093961281454805,-0.21510030943463568
8,3,5,1.4725604E7,7692307.0,0.5223763317280568,-0.2820165086716549
6,4,6,1.2904884E7,8333333.0,0.6457503221261036,-0.1899353685111231
7,4,2,1.3439323E7,8333333.0,0.6200708919638288,-0.2075586552942331
3,8,0,1.2167624E7,2.5E7,2.0546328519027215,0.3127342278480202
4,7,1,1.3698047E7,1.6666666E7,1.216718412486101,0.08519008024034072
9,2,8,2.0084809E7,8333333.0,0.4149072565240725,-0.3820489695074851
2,7,4,2.1948036E7,1.6666666E7,0.7593693576956043,-0.11954693162630867
8,3,6,1.4762992E7,7692307.0,0.5210533880936873,-0.283117775804892
0,7,4,1.7408487E7,1.6666666E7,0.9573873938613965,-0.018912295271113558
7,4,3,1.1298716E7,8333333.0,0.7375469035596611,-0.132210355947189
6,4,7,1.6578299E7,8333333.0,0.5026651407360913,-0.2987212315630316
5,5,7,2.3728039E7,9090909.0,0.3831293854498469,-0.41665453700336585
1,7,4,2.5889723E7,1.6666666E7,0.6437560571814538,-0.19127867160029757
8,3,7,1.072786E7,7692307.0,0.7170402111884383,-0.14445648867310767
3,8,1,1.9946769E7,2.5E7,1.2533358159409176,0.09806745045936037
0,7,5,1.2721297E7,1.6666666E7,1.310138895428666,0.11731734017530705
7,4,4,1.3022141E7,8333333.0,0.6399357064249266,-0.19386365687156837
6,4,8,1.0213443E7,8333333.0,0.815918099312837,-0.08835343291479407
5,5,8,1.2932545E7,9090909.0,0.7029481822796673,-0.15307668775319164
4,7,2,2.3691087E7,1.6666666E7,0.7034994215335075,-0.1527362553364266
9,2,9,2.3739703E7,8333333.0,0.35102937050223415,-0.45465654474951983
8,3,8,1.4381486E7,7692307.0,0.5348756727920884,-0.2717471542313898
3,8,2,1.5112567E7,2.5E7,1.6542523847867805,0.21860176939935247
2,7,5,3.392303E7,1.6666666E7,0.49130829409990795,-0.30864590419121596
6,4,9,1.5576839E7,8333333.0,0.5349822900525582,-0.27166059453905855
1,7,5,2.1088694E7,1.6666666E7,0.7903128567373588,-0.1022009529403487
5,5,9,1.4550446E7,9090909.0,0.6247855907647092,-0.20426899501349638
7,4,5,1.9773324E7,8333333.0,0.42144320297386517,-0.37526094606201427
0,8,0,2.0284097E7,2.5E7,1.2324926271058554,0.09078432996401813
9,2,10,1.4152972E7,8333333.0,0.5888044574666014,-0.2300289108889328
8,3,9,1.367547E7,7692307.0,0.5624894062141923,-0.2498856525340112
2,8,0,1.0834829E7,2.5E7,2.3073737481228362,0.3631179471871689
4,7,3,2.2051346E7,1.6666666E7,0.7558117314017929,-0.12158637142466307
1,8,0,1.166585E7,2.5E7,2.143007153357878,0.33102362071922875
3,8,3,1.8150282E7,2.5E7,1.3773890675637988,0.13905663163640886
9,2,11,1.2597985E7,8333333.0,0.6614814194492215,-0.17948235033363083
8,3,10,1.0900707E7,7692307.0,0.7056704670623658,-0.1513980577964666
5,5,10,1.7114372E7,9090909.0,0.5311856608001743,-0.27475365713290856
6,4,10,2.1369021E7,8333333.0,0.3899726150299539,-0.40896588927850896
7,4,6,1.8692517E7,8333333.0,0.4458111767398687,-0.35084904770951836
1,8,1,1.2494865E7,2.5E7,2.0008219376519873,0.3012084404922247
0,8,1,2.0910198E7,2.5E7,1.195588870081479,0.07758186347271624
4,7,4,1.4104683E7,1.6666666E7,1.1816405941204067,0.07248540232730155
2,8,1,1.6826962E7,2.5E7,1.4857108490528474,0.1719342947005067
6,4,11,1.07252E7,8333333.0,0.7769862566665423,-0.10958666293225189
9,3,0,1.5880471E7,7692307.0,0.4843878371113804,-0.31480677044585037
3,9,0,1.8178809E7,3.3333333E7,1.8336367910571039,0.26331331428859694
7,4,7,1.2314727E7,8333333.0,0.6766965276615552,-0.1696060520096519
1,8,2,1.0483982E7,2.5E7,2.384590129971608,0.37741374203915584
8,3,11,1.6879549E7,7692307.0,0.45571756686153164,-0.3413042300438804
4,7,5,1.4774331E7,1.6666666E7,1.1280826184278665,0.052340907637907615
2,8,2,1.2169595E7,2.5E7,2.0543000814735413,0.31266388337475043
5,6,0,2.38825E7,1.25E7,0.5233957918978331,-0.28116977340973565
0,8,2,1.8743946E7,2.5E7,1.333763979046888,0.12507898425341532
1,8,3,1.0805917E7,2.5E7,2.313547290803733,0.3642783812619787
6,5,0,1.4226683E7,9090909.0,0.6390041164198289,-0.1944963441379087
7,4,8,1.2118963E7,8333333.0,0.6876275635134789,-0.1626467229653801
8,3,12,1.1296206E7,7692307.0,0.6809637678349705,-0.1668759950592431
3,9,1,1.5871634E7,3.3333333E7,2.1001828167156575,0.3222571008458551
9,3,1,2.0009942E7,7692307.0,0.38442425270398084,-0.4151892212031437
2,8,3,1.2520926E7,2.5E7,1.9966574357200098,0.3003035598440415
0,8,3,1.1406206E7,2.5E7,2.1917892768200047,0.34079879784453715
4,8,0,1.5169538E7,2.5E7,1.64803964365955,0.21696765445788413
1,9,0,1.1424812E7,3.3333333E7,2.917626390701221,0.4650296786317731
5,6,1,1.5356406E7,1.25E7,0.8139925448701995,-0.0893795726741414
7,4,9,1.2503648E7,8333333.0,0.6664721367716046,-0.17621800243809937
2,9,0,1.0768179E7,3.3333333E7,3.0955403880266106,0.49073647469770937
6,5,1,1.8658505E7,9090909.0,0.48722601301658414,-0.3122695327561891
9,3,2,1.3143789E7,7692307.0,0.5852427332788133,-0.23266397005595246
8,4,0,2.0024661E7,8333333.0,0.41615351191213673,-0.38074643601210617
0,9,0,1.3984668E7,3.3333333E7,2.3835626988070078,0.3772265803821158
3,9,2,1.8850345E7,3.3333333E7,1.7683142138777832,0.2475594378425235
4,8,1,1.5927803E7,2.5E7,1.5695824464930914,0.19578413310811044
7,4,10,1.153646E7,8333333.0,0.7223474965457342,-0.14125382801725658
1,9,1,1.5450007E7,3.3333333E7,2.157496304046982,0.3339500604088574
0,9,1,1.0105594E7,3.3333333E7,3.298503086508324,0.5183168947990413
8,4,1,1.1953653E7,8333333.0,0.697136933789194,-0.15668190805973745
2,9,1,1.5678594E7,3.3333333E7,2.126040957499123,0.3275716268121717
6,5,2,1.4101099E7,9090909.0,0.6446950695119579,-0.1906456511661826
9,3,3,1.5196877E7,7692307.0,0.5061768283049208,-0.2956977397973711
3,10,0,1.1796664E7,2.5E7,2.11924320299366,0.3261807989275745
5,6,2,2.4392015E7,1.25E7,0.5124627875146847,-0.29033766542106293
1,9,2,1.2860775E7,3.3333333E7,2.5918603661132398,0.413611600647631
7,4,11,1.5847068E7,8333333.0,0.5258596101184143,-0.27913018491257974
4,8,2,1.6536586E7,2.5E7,1.511799352054892,0.1794941548703494
0,9,2,1.1344264E7,3.3333333E7,2.9383424962606655,0.46810241622171594
6,5,3,1.1708544E7,9090909.0,0.7764337734905382,-0.10989558183395483
2,9,2,1.2581702E7,3.3333333E7,2.6493500640851293,0.4231393463138273
3,10,1,1.1803066E7,2.5E7,2.118093722427715,0.325945173067334
8,4,2,1.3661152E7,8333333.0,0.6100022165041425,-0.2146685869338734
9,3,4,1.4004756E7,7692307.0,0.5492639072040956,-0.2602189380569132
5,6,3,1.3244273E7,1.25E7,0.9438041635052373,-0.02511811113869188
6,5,4,1.1558468E7,9090909.0,0.7865150468037806,-0.10429296448208816
2,10,0,1.151666E7,2.5E7,2.1707682609367644,0.336613463082124
1,10,0,1.8937457E7,2.5E7,1.320135010735602,0.12061834894758076
4,8,3,1.7146367E7,2.5E7,1.4580348128556913,0.16376789356400612
8,4,3,1.1873582E7,8333333.0,0.7018381647593792,-0.15376301928712693
9,3,5,1.213883E7,7692307.0,0.6336942687227681,-0.19812022071653387
5,6,4,1.1704833E7,1.25E7,1.0679349291015088,0.02854479127578663
0,10,0,1.8807998E7,2.5E7,1.3292217491728784,0.12359743873704584
3,10,2,1.7873356E7,2.5E7,1.3987300426400056,0.1457339029800865
7,5,0,2.5830756E7,9090909.0,0.3519412672242346,-0.4535298065464821
2,10,1,1.159549E7,2.5E7,2.1560106558670658,0.33365090297705285
6,5,5,1.3469579E7,9090909.0,0.674921539864015,-0.17074671129437016
1,10,1,1.1648236E7,2.5E7,2.1462477236896644,0.3316798475564897
9,3,6,1.2000356E7,7692307.0,0.6410065668051848,-0.1931375213194866
5,6,5,1.2630768E7,1.25E7,0.9896468686623014,-0.004519745149941398
3,10,3,1.4141429E7,2.5E7,1.7678552853463394,0.24744671127217288
4,9,0,2.0240921E7,3.3333333E7,1.646828867125167,0.2166484711037392
6,5,6,1.0664195E7,9090909.0,0.8524702520912267,-0.06932076726572091
2,10,2,1.1966128E7,2.5E7,2.0892305347226774,0.31998636455374485
0,10,1,1.7834103E7,2.5E7,1.4018086583889304,0.14668873811215796
8,4,4,2.299451E7,8333333.0,0.3624053306637106,-0.4408054228583373
1,10,2,1.1731975E7,2.5E7,2.1309285094794355,0.32856887981303
7,5,1,1.7248622E7,9090909.0,0.5270513203895361,-0.2781470943191031
5,6,6,1.2214613E7,1.25E7,1.0233643914874748,0.010030301389719224
3,11,0,1.2963309E7,2.0E7,1.5428159584871424,0.18831412244644188
2,10,3,1.1977361E7,2.5E7,2.0872711442862912,0.31957886919890066
0,10,2,1.229958E7,2.5E7,2.0325897307062517,0.3080497270535079
9,3,7,2.0934422E7,7692307.0,0.3674477852791923,-0.4348043659028518
4,9,1,1.4932109E7,3.3333333E7,2.23232585564437,0.34875758944968416
6,5,7,1.4590241E7,9090909.0,0.6230814830269082,-0.2054551550824701
7,5,2,1.3073861E7,9090909.0,0.6953499811570584,-0.15779655277954005
5,6,7,1.1658432E7,1.25E7,1.0721853504828094,0.030269869063562844
1,10,3,1.9476178E7,2.5E7,1.2836194041767333,0.10843627360201534
2,11,0,1.0774795E7,2.0E7,1.8561838067452792,0.26862097958905196
8,4,5,2.3440934E7,8333333.0,0.3555034539152749,-0.4491561754994524
0,10,3,1.3977862E7,2.5E7,1.7885424823910838,0.2524992601958682
3,11,1,1.635228E7,2.0E7,1.2230710335194848,0.0874516807236832
7,5,3,1.2822967E7,9090909.0,0.7089551895438864,-0.1493812141100729
4,9,2,1.6576522E7,3.3333333E7,2.010876165699898,0.30338532658424333
5,7,0,1.2555821E7,1.6666666E7,1.3274055117542691,0.12300361662039419
9,3,8,2.1833369E7,7692307.0,0.3523188290364167,-0.4530641461230443
2,11,1,1.208817E7,2.0E7,1.6545101533151834,0.2186694366607114
8,4,6,1.1492837E7,8333333.0,0.7250892882236126,-0.1396085106770436
3,11,2,1.1352128E7,2.0E7,1.7617842223061615,0.24595271633469365
6,5,8,2.4381889E7,9090909.0,0.37285499084997065,-0.42846003928622844
1,11,0,1.8629397E7,2.0E7,1.073572053888808,0.03083119786976897
5,7,1,1.0917005E7,1.6666666E7,1.526670181061564,0.18374522303129476
7,5,4,1.2266226E7,9090909.0,0.7411333363660509,-0.13010365161758075
4,10,0,1.1942473E7,2.5E7,2.0933687687633875,0.3208457405851215
0,11,0,1.7503325E7,2.0E7,1.1426400412493054,0.057909438864147705
2,11,2,1.1292226E7,2.0E7,1.7711299791555712,0.24825043423278326
9,3,9,1.2304652E7,7692307.0,0.625154372508869,-0.2040127268952373
1,11,1,1.1155333E7,2.0E7,1.792864453261951,0.2535474566421604
3,11,3,1.2803717E7,2.0E7,1.562046396370679,0.19369392927784826
6,5,9,1.3727042E7,9090909.0,0.6622627802843468,-0.17896965197612508
8,4,7,1.7665777E7,8333333.0,0.4717218495399325,-0.3263140073352622
5,7,2,1.2664864E7,1.6666666E7,1.3159767053163776,0.11924820170795573
2,11,3,1.2140588E7,2.0E7,1.6473666679076828,0.21679027441310628
0,11,1,1.4840194E7,2.0E7,1.3476912768121494,0.12959041732348078
9,3,10,1.2507411E7,7692307.0,0.6150199269856887,-0.211110812615276
1,11,2,1.1555278E7,2.0E7,1.7308108035133383,0.23824959734918771
7,5,5,2.1961522E7,9090909.0,0.41394712989382065,-0.383055124245363
8,4,8,1.0181426E7,8333333.0,0.8184838744592359,-0.08698987251637572
3,11,4,1.2389999E7,2.0E7,1.6142051343184127,0.20795872433993542
5,7,3,1.1072585E7,1.6666666E7,1.505219061312241,0.17759970936235522
4,10,1,2.7461607E7,2.5E7,0.9103618735786293,-0.04078593904340421
2,11,4,1.1176602E7,2.0E7,1.7894526440147014,0.2527202097306431
7,5,6,1.017467E7,9090909.0,0.8934844078481169,-0.04891302194357343
1,11,3,1.1765157E7,2.0E7,1.6999348159994805,0.23043226867563724
0,11,2,1.5886065E7,2.0E7,1.258965011159151,0.10001366047191251
5,7,4,1.1497258E7,1.6666666E7,1.4496209444025698,0.16125445514837794
9,3,11,1.7177565E7,7692307.0,0.4478112584641653,-0.3489049919820943
6,5,10,2.5232329E7,9090909.0,0.3602881446258885,-0.4433500282140028
8,4,9,1.6306558E7,8333333.0,0.5110418152009762,-0.2915435629414869
2,12,0,1.1353782E7,1.25E7,1.1009547303268639,0.04176946177516859
3,12,0,1.8957487E7,1.25E7,0.6593700947810224,-0.18087075383542042
7,5,7,1.1235308E7,9090909.0,0.8091374976102124,-0.09197767198546333
1,11,4,1.1879861E7,2.0E7,1.6835213812686867,0.22621863644019907
4,10,2,1.7857449E7,2.5E7,1.3999759988114764,0.14612059019746276
9,3,12,1.208444E7,7692307.0,0.6365464183694073,-0.1961699211436385
5,7,5,1.2237622E7,1.6666666E7,1.3619203142571326,0.1341516978184541
8,4,10,1.1484334E7,8333333.0,0.725626144276194,-0.13928707805610033
2,12,1,1.0616037E7,1.25E7,1.1774638690501926,0.07094758950549909
7,5,8,1.0992469E7,9090909.0,0.8270124755412092,-0.08248793903531332
6,6,0,1.8944427E7,1.25E7,0.6598246545012948,-0.1805714609734223
1,12,0,1.2191923E7,1.25E7,1.025268942397356,0.010837801858717662
0,11,3,2.3419225E7,2.0E7,0.8539992249957034,-0.06854252343305842
3,12,1,1.5409009E7,1.25E7,0.8112137516436002,-0.09086469581607495
5,8,0,1.2276737E7,2.5E7,2.036371716686608,0.30885705645986095
4,10,3,1.525103E7,2.5E7,1.639233546848967,0.21464083330328462
8,4,11,1.1182052E7,8333333.0,0.7452418393332458,-0.12770277095040666
2,12,2,1.6895699E7,1.25E7,0.7398332557889437,-0.13086615087812692
7,5,9,1.2745719E7,9090909.0,0.7132519554212673,-0.14675702902594795
1,12,1,1.1259098E7,1.25E7,1.1102132693045215,0.04540641372840689
9,4,0,2.2462855E7,8333333.0,0.37098280694951735,-0.43064621712342593
6,6,1,1.7338637E7,1.25E7,0.7209332544420879,-0.14210494134062845
0,11,4,1.6489229E7,2.0E7,1.2129129870171613,0.0838296461973666
8,5,0,1.198028E7,9090909.0,0.7588227487170583,-0.11985965789118128
5,8,1,1.3955776E7,2.5E7,1.7913729770383244,0.25318601857127704
3,12,2,1.8775852E7,1.25E7,0.6657487500434068,-0.17668964028483136
4,11,0,1.5974841E7,2.0E7,1.2519686424422003,0.09759345141046165
1,12,2,1.1888816E7,1.25E7,1.0514083151762126,0.021771407360802096
2,12,3,1.3164729E7,1.25E7,0.9495068223584398,-0.022501910440413445
6,6,2,1.1673455E7,1.25E7,1.0708055155907141,0.029710599519417243
9,4,1,1.540593E7,8333333.0,0.5409172312220035,-0.2668691836430956
0,12,0,1.4954998E7,1.25E7,0.8358409676818412,-0.07787634627910521
5,8,2,1.5080981E7,2.5E7,1.6577170941333326,0.21951041587636902
7,5,10,2.2649083E7,9090909.0,0.4013808859281411,-0.396443312799169
1,12,3,1.1862404E7,1.25E7,1.0537493074759552,0.022737302214559052
2,12,4,1.1374325E7,1.25E7,1.098966312286663,0.04098437976448435
3,12,3,1.8814258E7,1.25E7,0.6643897410145008,-0.1775770822037717
4,11,1,1.888185E7,2.0E7,1.0592182439750342,0.024985452448201974
6,6,3,1.177835E7,1.25E7,1.0612691930533564,0.025825557538736933
5,8,3,1.1684941E7,2.5E7,2.1395058819723607,0.3303134847926683
1,12,4,1.2109683E7,1.25E7,1.0322318098665342,0.01377723841601053
2,12,5,1.2141124E7,1.25E7,1.0295587130153683,0.012651118328031383
9,4,2,1.961417E7,8333333.0,0.4248628924904801,-0.37175119851831934
4,11,2,1.3357074E7,2.0E7,1.4973339220850315,0.1753186636343816
6,6,4,1.274317E7,1.25E7,0.9809176209687228,-0.008367463834078895
5,9,0,1.1030824E7,3.3333333E7,3.0218352681540384,0.4802707855881563
8,5,1,3.9211373E7,9090909.0,0.23184367963855793,-0.634804739041467
0,12,1,2.473898E7,1.25E7,0.5052754802340275,-0.29647177648457806
3,12,4,2.0300248E7,1.25E7,0.6157560242613784,-0.21059133053932474
1,12,5,1.125317E7,1.25E7,1.110798112887302,0.045635133264637265
7,6,0,2.5542243E7,1.25E7,0.4893853683875766,-0.3103490192987536
2,12,6,1.4002204E7,1.25E7,0.8927166037575227,-0.04928638764888769
4,11,3,1.1774389E7,2.0E7,1.6986019401940942,0.23009161581321602
9,4,3,1.7602672E7,8333333.0,0.47341295685109624,-0.3247598600277023
1,12,6,1.1925567E7,1.25E7,1.0481681919190928,0.020430976313322167
6,6,5,1.8665182E7,1.25E7,0.669696121902267,-0.174122215982922
7,6,1,1.3148743E7,1.25E7,0.9506612152963976,-0.021974223904646515
8,5,2,1.7874319E7,9090909.0,0.5086016983360317,-0.2936221939504485
0,12,2,1.9134002E7,1.25E7,0.6532872736189742,-0.1848958020135981
5,9,1,2.001986E7,3.3333333E7,1.6650132918012415,0.2214177048290609
2,12,7,1.4660962E7,1.25E7,0.8526043516107606,-0.06925245508588657
3,12,5,1.8385431E7,1.25E7,0.6798861555108499,-0.167563802253539
9,4,4,1.1004099E7,8333333.0,0.7572935321646961,-0.12073575234900073
4,11,4,1.3786584E7,2.0E7,1.4506856810940258,0.16157332439240019
7,6,2,1.2458626E7,1.25E7,1.0033209119528912,0.0014398642259652306
1,12,7,1.5183197E7,1.25E7,0.8232785229619296,-0.08445321397118688
8,5,3,1.2244577E7,9090909.0,0.7424436956866701,-0.1293364761249111
3,12,6,1.076234E7,1.25E7,1.1614574525614318,0.06500330500475385
5,9,2,1.2237592E7,3.3333333E7,2.7238473876233167,0.43518277116667675
9,4,5,1.0664331E7,8333333.0,0.781421075546136,-0.10711487968666675
0,12,3,1.3164211E7,1.25E7,0.9495441846077977,-0.022484821674845588
6,6,6,1.7451622E7,1.25E7,0.7162658003937972,-0.14492578464319042
4,12,0,1.4879342E7,1.25E7,0.8400909126223458,-0.07567371308838808
8,5,4,9129196.0,9090909.0,0.9958060928914222,-0.0018252207990325851
3,12,7,9730407.0,1.25E7,1.284632801073994,0.10877900684480202
9,4,6,1.0232326E7,8333333.0,0.8144123828736497,-0.08915563165170251
6,6,7,9530035.0,1.25E7,1.3116426120155906,0.11781551737718493
7,6,3,1.3233724E7,1.25E7,0.9445564982313368,-0.024772059831865777
5,10,0,1.2655147E7,2.5E7,1.9754808063470144,0.29567281445883503
4,12,1,1.0125923E7,1.25E7,1.2344553676736432,0.09147539242634861
0,12,4,1.6488226E7,1.25E7,0.7581167312966234,-0.12026391857000475
8,5,5,1.0214767E7,9090909.0,0.8899771282105603,-0.05062115427596427
9,4,7,1.0962709E7,8333333.0,0.7601527140782447,-0.11909914953639648
6,7,0,1.1301195E7,1.6666666E7,1.4747702344752038,0.16872436358716886
7,6,4,1.1631526E7,1.25E7,1.0746655254005364,0.03127331720447688
5,10,1,9602436.0,2.5E7,2.6035060270123123,0.4155585873872287
4,12,2,1.1330271E7,1.25E7,1.1032392782132043,0.04266971546618868
0,12,5,1.020115E7,1.25E7,1.2253520436421383,0.08826087943224915
8,5,6,1.1312508E7,9090909.0,0.8036156968905569,-0.09495158883970048
5,10,2,9289920.0,2.5E7,2.6910888360717853,0.4299280345823946
6,7,1,9899844.0,1.6666666E7,1.683528144483893,0.22622038112914503
9,4,8,1.0648762E7,8333333.0,0.7825635505798703,-0.10648038407484373
7,6,5,1.0390402E7,1.25E7,1.2030333378824034,0.0802776624668225
4,12,3,9942240.0,1.25E7,1.257261944994287,0.09942577045757935
0,12,6,9684093.0,1.25E7,1.290776534260875,0.11085106152451574
8,5,7,1.0489354E7,9090909.0,0.8666795877038758,-0.062141431948848413
6,7,2,9747888.0,1.6666666E7,1.7097720039458804,0.23293820160277703
5,10,3,9896796.0,2.5E7,2.5260700533788913,0.4024453903103763
7,6,6,9595984.0,1.25E7,1.3026282661580095,0.11482049783872274
9,4,9,1.0558713E7,8333333.0,0.7892375709047116,-0.10279224875155392
0,12,7,1.0006276E7,1.25E7,1.2492159920433936,0.09663753528578234
4,12,4,1.112329E7,1.25E7,1.1237682376347287,0.05067675296362498
7,6,7,8122056.0,1.25E7,1.5390191843050578,0.18724403346753943
8,5,8,1.0250076E7,9090909.0,0.8869113750961456,-0.05211977501570009
6,7,3,1.0032797E7,1.6666666E7,1.6612183023338358,0.22042670726736388
9,4,10,9539150.0,8333333.0,0.8735928253565569,-0.058690941398555116
5,11,0,1.4857077E7,2.0E7,1.3461598132660952,0.12909662147753354
4,12,5,1.0162883E7,1.25E7,1.2299659456868686,0.08989308720767646
7,7,0,8225483.0,1.6666666E7,2.0262233840857733,0.30668732312092767
6,7,4,8242809.0,1.6666666E7,2.0219643570535237,0.30577349563114037
8,5,9,9834639.0,9090909.0,0.9243764819430587,-0.03415111240569687
9,4,11,1.0624259E7,8333333.0,0.7843683968924327,-0.10547991287743426
5,11,1,9027490.0,2.0E7,2.2154552372807945,0.34546297964484274
4,12,6,1.0616675E7,1.25E7,1.1773931103664754,0.07092149016599528
7,7,1,1.0675078E7,1.6666666E7,1.5612687794880749,0.19347767525984963
6,7,5,1.008282E7,1.6666666E7,1.652976647406182,0.21826671807581935
8,5,10,9625619.0,9090909.0,0.9444492868458642,-0.024821356994982793
9,5,0,1.0605559E7,9090909.0,0.8571833884475113,-0.0669262538405275
8,6,0,8910532.0,1.25E7,1.4028343088830162,0.14700637880653322
6,8,0,9395717.0,2.5E7,2.6607868244648065,0.42501008136567336
7,7,2,1.0386442E7,1.6666666E7,1.6046559543682042,0.20538193198317956
5,11,2,1.4321829E7,2.0E7,1.3964696827479228,0.1450315116387384
4,12,7,1.4289961E7,1.25E7,0.8747399660502923,-0.058121030512941305
9,5,1,1.0807015E7,9090909.0,0.8412044398939023,-0.07509844376468301
8,6,1,9242918.0,1.25E7,1.352386767901652,0.1311009128661288
6,8,1,9159820.0,2.5E7,2.729311274675703,0.4360530692590811
7,7,3,9222097.0,1.6666666E7,1.8072533828260535,0.257019046334383
5,11,3,1.1343752E7,2.0E7,1.7630850886020781,0.2462732723779554
9,5,2,8648913.0,9090909.0,1.0511042254674083,0.02164578196651296
8,6,2,8326523.0,1.25E7,1.5012268626412248,0.17644632698569943
7,7,4,9053328.0,1.6666666E7,1.8409435734571862,0.26504047719943336
6,8,2,1.0207544E7,2.5E7,2.449168967579273,0.3890187480303687
5,11,4,9724764.0,2.0E7,2.0566051782850465,0.3131509249712613
9,5,3,8548353.0,9090909.0,1.0634690682520949,0.026724862661135978
6,8,3,7473271.0,2.5E7,3.3452553774645666,0.5244292774970101
8,6,3,9562713.0,1.25E7,1.307160426125933,0.11632889125742427
7,7,5,9012566.0,1.6666666E7,1.8492697862073908,0.2670002741197706
5,12,0,7213548.0,1.25E7,1.732850464154394,0.23876108701015808
9,5,4,7776892.0,9090909.0,1.168964285475483,0.06780124267778402
8,6,4,8081275.0,1.25E7,1.5467856247931173,0.18943012726058592
5,12,1,7128360.0,1.25E7,1.7535590233938803,0.24392038846836733
7,8,0,8443887.0,2.5E7,2.960721762382656,0.47139759592709
6,9,0,9392160.0,3.3333333E7,3.5490593218173454,0.5501132585537397
9,5,5,8321001.0,9090909.0,1.0925258872099644,0.03843173629622765
5,12,2,6829888.0,1.25E7,1.8301910660906884,0.2624964310513834
7,8,1,7407449.0,2.5E7,3.374981049481407,0.528271338610374
8,6,5,8532626.0,1.25E7,1.4649651818795293,0.16582730284897812
6,9,1,7882183.0,3.3333333E7,4.228946853936276,0.6262322273111847
9,5,6,1.0143712E7,9090909.0,0.8962112686164592,-0.04758959973654421
5,12,3,8261770.0,1.25E7,1.5129929785021854,0.1798369125540318
7,8,2,7880245.0,2.5E7,3.172490195419051,0.50140028858172
8,6,6,8510679.0,1.25E7,1.4687429757367185,0.16694580260741843
6,9,2,9504203.0,3.3333333E7,3.507220226672347,0.5449630371177936
9,5,7,1.1013806E7,9090909.0,0.825410307753741,-0.0833301119395594
5,12,4,9178072.0,1.25E7,1.3619418108726975,0.13415855268928878
7,8,3,9785158.0,2.5E7,2.5548897626384774,0.4073721661103989
8,6,7,9223891.0,1.25E7,1.355176465116511,0.1319958508092528
6,10,0,8842751.0,2.5E7,2.827174484501486,0.45135261263445875
9,5,8,8432228.0,9090909.0,1.078114704678289,0.0326649695322602
5,12,5,7856615.0,1.25E7,1.5910159782552664,0.20167454120110553
8,7,0,7032549.0,1.6666666E7,2.369932438437329,0.37473596540584847
7,9,0,8955786.0,3.3333333E7,3.7219885557783536,0.5707750334454866
6,10,1,9809320.0,2.5E7,2.54859664074574,0.4063011063362815
9,5,9,7767596.0,9090909.0,1.1703632629709373,0.06832068107743462
8,7,1,7136037.0,1.6666666E7,2.3355632825334287,0.3683916390751968
5,12,6,8555283.0,1.25E7,1.4610855070486857,0.16467563287663403
7,9,1,8608495.0,3.3333333E7,3.8721440855805804,0.5879515093823039
6,10,2,8410307.0,2.5E7,2.972543095038029,0.47312815960748067
5,12,7,7162307.0,1.25E7,1.7452477253488297,0.24185708064542882
9,5,10,8272726.0,9090909.0,1.0989012569738197,0.04095867015050235
8,7,2,8248616.0,1.6666666E7,2.0205409004371155,0.305467645995873
7,9,2,8388732.0,3.3333333E7,3.9735842079589623,0.599182420993129
6,10,3,7506183.0,2.5E7,3.3305875969184338,0.5225208604093394
9,6,0,6936429.0,1.25E7,1.802080003990526,0.2557740677309129
8,7,3,6961912.0,1.6666666E7,2.3939782634425715,0.3791202028332143
7,10,0,6950257.0,2.5E7,3.596989291187362,0.555939144856276
6,11,0,6818700.0,2.0E7,2.9331104169416458,0.46732841230406047
9,6,1,7197998.0,1.25E7,1.7365939807151933,0.23969829136205653
8,7,4,7200130.0,1.6666666E7,2.3147729277110276,0.3645083944559527
7,10,1,7674100.0,2.5E7,3.257711001941596,0.5129125545492204
6,11,1,7038106.0,2.0E7,2.8416735979821843,0.45357419226278856
8,7,5,7272462.0,1.6666666E7,2.291750166587326,0.3601672715909909
9,6,2,7302594.0,1.25E7,1.7117205201329828,0.23343285702785024
6,11,2,7462845.0,2.0E7,2.679943104807885,0.42812557405480767
7,10,2,7872507.0,2.5E7,3.175608481516752,0.5018269532014972
9,6,3,6953425.0,1.25E7,1.7976752463713925,0.25471123831624354
8,8,0,7088104.0,2.5E7,3.5270362850206487,0.5474099275731275
6,11,3,6928936.0,2.0E7,2.886446057518788,0.4603634457283506
7,10,3,7062690.0,2.5E7,3.539727780774747,0.5489698643271433
9,6,4,6920676.0,1.25E7,1.8061819394521577,0.25676149532428283
8,8,1,6896877.0,2.5E7,3.6248290349385672,0.5592875278908105
7,11,0,6858806.0,2.0E7,2.915959425007793,0.46478147656712426
6,11,4,7092507.0,2.0E7,2.819877371992724,0.450230222565866
9,6,5,7181094.0,1.25E7,1.7406818515396123,0.24071940136038694
8,8,2,7513738.0,2.5E7,3.3272387192633013,0.5220839612954902
6,12,0,7983572.0,1.25E7,1.5657151961553049,0.19471276667020396
7,11,1,8100817.0,2.0E7,2.4688867801852576,0.3925011742299398
9,6,6,7940146.0,1.25E7,1.5742783570982195,0.19708152488682865
8,8,3,7855296.0,2.5E7,3.1825662584834484,0.5027774540834921
7,11,2,7820117.0,2.0E7,2.5575064925499196,0.40781674489642633
6,12,1,8882750.0,1.25E7,1.4072218625988573,0.14836257370088846
9,6,7,7397304.0,1.25E7,1.689804826190731,0.22783654615019366
8,9,0,7431200.0,3.3333333E7,4.485592232748412,0.6518197910667568
6,12,2,8219810.0,1.25E7,1.5207164155862483,0.1820482340209534
8,9,1,6694280.0,3.3333333E7,4.979375377187688,0.6971748674074509
9,7,0,6974983.0,1.6666666E7,2.389491988725994,0.37830557879574295
7,11,3,9785264.0,2.0E7,2.043889669200545,0.31045744853183477
9,7,1,6874999.0,1.6666666E7,2.4242426798898444,0.38457609291238753
8,9,2,7038052.0,3.3333333E7,4.736158954210626,0.6754262696815232
6,12,3,7130001.0,1.25E7,1.7531554343400513,0.2438204222453281
7,11,4,6534194.0,2.0E7,3.0608212734424476,0.4858379711445901
8,10,0,7138915.0,2.5E7,3.501932716666328,0.5443077976408458
9,7,2,7231919.0,1.6666666E7,2.3045979912109082,0.36259517899879024
6,12,4,7112676.0,1.25E7,1.7574257564944615,0.24487698704842664
7,12,0,7052404.0,1.25E7,1.7724452541289466,0.24857282992174104
9,7,3,7002473.0,1.6666666E7,2.3801114263489485,0.3765972892900088
7,12,1,6929608.0,1.25E7,1.8038538399286077,0.25620134524358784
6,12,5,6986967.0,1.25E7,1.789045232359048,0.25262132095619616
8,10,1,7098009.0,2.5E7,3.5221144408241805,0.5468034629915627
7,12,2,6488941.0,1.25E7,1.9263543928046194,0.2847361876073424
8,10,2,6456151.0,2.5E7,3.8722762215443844,0.5879663293217366
9,7,4,8892757.0,1.6666666E7,1.8741843502526832,0.2728123071279429
6,12,6,1.0638321E7,1.25E7,1.1749974455555534,0.07003692245257773
7,12,3,6928661.0,1.25E7,1.8041003882279707,0.256260699968915
8,10,3,6917322.0,2.5E7,3.614115404776588,0.55800201619875
9,7,5,7690217.0,1.6666666E7,2.167255618404526,0.3359101374921812
6,12,7,7340848.0,1.25E7,1.702800548383511,0.23116378136879065
8,11,0,6812990.0,2.0E7,2.935568671024029,0.4676922441747533
7,12,4,7205354.0,1.25E7,1.7348210788810654,0.2392546903882506
9,8,0,7051558.0,2.5E7,3.5453158011321753,0.5496549262836865
8,11,1,6870903.0,2.0E7,2.910825549421961,0.4640161782338433
7,12,5,6596696.0,1.25E7,1.89488798634953,0.2775835423525789
9,8,1,6751558.0,2.5E7,3.7028490312902593,0.5685360058074405
8,11,2,6559773.0,2.0E7,3.0488859904146075,0.484141184726298
7,12,6,6677910.0,1.25E7,1.8718431365502082,0.2722694513545083
9,8,2,6750998.0,2.5E7,3.7031561852040245,0.5685720293440221
7,12,7,6929426.0,1.25E7,1.8039012177920652,0.2562127517522537
8,11,3,7271831.0,2.0E7,2.7503389448957214,0.43938621849466686
9,8,3,6937688.0,2.5E7,3.6035059518387107,0.5567252437115633
8,11,4,6044391.0,2.0E7,3.308852785996141,0.5196774454155916
9,9,0,6034870.0,3.3333333E7,5.523455020572109,0.742210821746898
8,12,0,6053843.0,1.25E7,2.064804125247384,0.3148788592084131
9,9,1,6126785.0,3.3333333E7,5.440591272584235,0.7356461005192481
8,12,1,6398730.0,1.25E7,1.9535126501665174,0.29081622788725603
9,9,2,6816171.0,3.3333333E7,4.890331096446964,0.6893382637232256
8,12,2,6986697.0,1.25E7,1.7891143697801695,0.2526381038858742
9,10,0,6647645.0,2.5E7,3.7607303037391437,0.5752721896314893
8,12,3,6299000.0,1.25E7,1.9844419749166535,0.2976384046581838
9,10,1,6507447.0,2.5E7,3.8417523800040168,0.5845293689943024
8,12,4,6800758.0,1.25E7,1.8380304077868967,0.2643526919384593
9,10,2,6951797.0,2.5E7,3.5961924664946343,0.5558429269154067
8,12,5,7106057.0,1.25E7,1.7590627263473964,0.2452813262231423
9,10,3,7990410.0,2.5E7,3.1287505897694863,0.4953709444807972
8,12,6,8372061.0,1.25E7,1.4930612665149,0.17407762899992593
9,11,0,8432970.0,2.0E7,2.371643679510303,0.3750494403217745
8,12,7,7928797.0,1.25E7,1.5765317235388925,0.19770271420176047
9,11,1,7288481.0,2.0E7,2.7440559974019276,0.43839296968577685
9,11,2,7650169.0,2.0E7,2.6143213306791,0.41735896639837117
9,11,3,1.1549792E7,2.0E7,1.731632915986712,0.23845583256704198
9,11,4,1.2061359E7,2.0E7,1.6581879371967951,0.21963375146273018
9,12,0,1.0691621E7,1.25E7,1.1691398338942243,0.06786645766036574
9,12,1,9618600.0,1.25E7,1.2995654253217723,0.11379814850881045
9,12,2,1.3691753E7,1.25E7,0.9129583333850676,-0.03954904283138741
9,12,3,1.1908225E7,1.25E7,1.0496946438281105,0.02106298117719931
9,12,4,1.6019497E7,1.25E7,0.780299156708853,-0.10773886243841804
9,12,5,1.2860049E7,1.25E7,0.972002517253239,-0.012332610353791604
9,12,6,1.1435188E7,1.25E7,1.0931171398318944,0.03866670399607768
9,12,7,8090439.0,1.25E7,1.5450335884121986,0.18893792525179973
