 Number of tacts (im units) = 1
 Number of massive (im units) = 100
 Trajectory File: sinus.txt
 Coef Load Impact: 10
 Command Line: curl 192.168.1.108:9000 > /dev/null 2>&1
cycle , cPeriod , count , procDur , procTime , spb
0,0,0,1.5377861E7,5000000.0,4.879259266755019
0,0,1,7598893.0,5000000.0,1.8178032491735112
0,0,2,8114684.0,5000000.0,2.103016079681453
0,0,3,7670586.0,5000000.0,1.8585853912338233
0,0,4,8365708.0,5000000.0,2.235326973857773
0,0,5,9989426.0,5000000.0,3.00570529716337
0,0,6,1.0931469E7,5000000.0,3.3970852318782505
0,0,7,6818223.0,5000000.0,1.3470119702820504
0,0,8,1.1123458E7,5000000.0,3.4726981500174947
0,0,9,1.4754391E7,5000000.0,4.699512839968872
0,0,10,1.1397198E7,5000000.0,3.578280888677727
0,0,11,1.2919876E7,5000000.0,4.122883411516701
0,0,12,1.158014E7,5000000.0,3.6474380556143764
0,0,13,8887998.0,5000000.0,2.4983394387075037
0,0,14,1.322805E7,5000000.0,4.225258234752757
0,0,15,1.3069613E7,5000000.0,4.172927236842475
0,0,16,1.2363026E7,5000000.0,3.9315477825003047
0,0,17,1.334866E7,5000000.0,4.264676670713606
0,0,18,1.3227004E7,5000000.0,4.224914805456935
0,0,19,9049613.0,5000000.0,2.5766000298430254
0,1,0,1.1808741E7,4347826.0,4.3393144207150725
0,1,1,9418450.0,4347826.0,3.357072812718597
0,1,2,1.3123944E7,4347826.0,4.797922132825587
0,1,3,1.6981951E7,4347826.0,5.917154281296789
0,1,4,1.0978538E7,4347826.0,4.022723541429015
0,1,5,8364143.0,4347826.0,2.8414929395433193
0,1,6,1.5107833E7,4347826.0,5.409300202513894
0,1,7,1.4539392E7,4347826.0,5.2427409052733465
0,1,8,1.222217E7,4347826.0,4.488761647965412
0,1,9,1.1334502E7,4347826.0,4.161302881423578
0,1,10,8868620.0,4347826.0,3.0958389147865377
0,1,11,8801534.0,4347826.0,3.06286215680461
0,1,12,1.5887073E7,4347826.0,5.627717358038097
0,1,13,1.3911214E7,4347826.0,5.050928762408294
0,1,14,1.3499304E7,4347826.0,4.920392223280076
0,1,15,1.2705973E7,4347826.0,4.657357728345161
0,1,16,1.0589631E7,4347826.0,3.866086719067316
0,1,17,1.3962361E7,4347826.0,5.0668670730102665
0,1,18,8361939.0,4347826.0,2.840348397691073
0,1,19,9146468.0,4347826.0,3.229812639892971
0,1,20,1.2126719E7,4347826.0,4.45471158930266
0,1,21,1.1830673E7,4347826.0,4.347372953223541
0,1,22,1.177356E7,4347826.0,4.326356460842803
0,2,0,1.4511568E7,4000000.0,5.596543499144671
0,2,1,1.189259E7,4000000.0,4.732164554030749
0,2,2,8440168.0,4000000.0,3.2429109993594056
0,2,3,1.4019176E7,4000000.0,5.446624966842934
0,2,4,1.2677628E7,4000000.0,5.009780127795881
0,2,5,8079568.0,4000000.0,3.0532814912090385
0,2,6,1.3166113E7,4000000.0,5.173975868370188
0,2,7,1.4291512E7,4000000.0,5.530181869745138
0,2,8,1.3442187E7,4000000.0,5.264099414347015
0,2,9,1.2178568E7,4000000.0,4.8353623405757675
0,2,10,1.0468047E7,4000000.0,4.1780567256296335
0,2,11,1.3628894E7,4000000.0,5.324006224534386
0,2,12,1.1049569E7,4000000.0,4.412853469128733
0,2,13,8283621.0,4000000.0,3.1616022909939225
0,2,14,1.0125158E7,4000000.0,4.033418176444478
0,2,15,8893635.0,4000000.0,3.4701931045026986
0,2,16,1.4448947E7,4000000.0,5.577762067159627
0,2,17,1.2498328E7,4000000.0,4.947919265647068
0,2,18,9073362.0,4000000.0,3.557082469455706
0,2,19,1.5397105E7,4000000.0,5.853790801113373
0,2,20,1.3598554E7,4000000.0,5.314327388651783
0,2,21,1.4002861E7,4000000.0,5.441567864625226
0,2,22,1.2651475E7,4000000.0,5.000811703117312
0,2,23,1.1013636E7,4000000.0,4.398707276482707
0,2,24,9137509.0,4000000.0,3.587678263970146
0,3,0,9684573.0,4000000.0,3.8402048578376107
0,3,1,1.2789006E7,4000000.0,5.04776799789421
0,3,2,1.2033582E7,4000000.0,4.783349303825764
0,3,3,7764044.0,4000000.0,2.880279966072007
0,3,4,1.2633489E7,4000000.0,4.994633152205405
0,3,5,1.1016171E7,4000000.0,4.399706773678923
0,3,6,1.0489473E7,4000000.0,4.18693678091405
0,3,7,1.0087162E7,4000000.0,4.017090043333469
0,3,8,1.2145902E7,4000000.0,4.823697813394542
0,3,9,1.173895E7,4000000.0,4.675692614950942
0,3,10,1.5124021E7,4000000.0,5.776072803893664
0,3,11,1.5664189E7,4000000.0,5.92847923246134
0,3,12,9870739.0,4000000.0,3.922896772087122
0,3,13,1.0068758E7,4000000.0,4.009159114984693
0,3,14,1.267111E7,4000000.0,5.007546697874886
0,3,15,1.388681E7,4000000.0,5.405425021772433
0,3,16,1.073135E7,4000000.0,4.28594368165576
0,3,17,1.3153934E7,4000000.0,5.169956671236835
0,3,18,1.4758543E7,4000000.0,5.66983493645966
0,3,19,1.3379479E7,4000000.0,5.243792109057503
0,3,20,1.4629628E7,4000000.0,5.63173291762401
0,3,21,1.1246368E7,4000000.0,4.489522989208722
0,3,22,1.4565661E7,4000000.0,5.612702066737429
0,3,23,1.6288107E7,4000000.0,6.0981062230984975
0,3,24,1.3750312E7,4000000.0,5.362525612631241
0,4,0,8800677.0,4347826.0,3.0624392663264937
0,4,1,1.3963683E7,4347826.0,5.067278257140396
0,4,2,9599357.0,4347826.0,3.439699880863538
0,4,3,1.2788605E7,4347826.0,4.685510182795516
0,4,4,1.3283151E7,4347826.0,4.8502895434300175
0,4,5,1.4109846E7,4347826.0,5.11250118435492
0,4,6,1.1173891E7,4347826.0,4.099322752564079
0,4,7,8275131.0,4347826.0,2.795027223327261
0,4,8,1.296144E7,4347826.0,4.743810984998593
0,4,9,1.2631285E7,4347826.0,4.631753789501597
0,4,10,1.3887352E7,4347826.0,5.043472883229148
0,4,11,1.4133764E7,4347826.0,5.1198568006527525
0,4,12,1.3217367E7,4347826.0,4.8287279370635865
0,4,13,7596142.0,4347826.0,2.4232091941511977
0,4,14,8988801.0,4347826.0,3.1542961054003182
0,4,15,9459022.0,4347826.0,3.3757408026381746
0,4,16,1.1201677E7,4347826.0,4.110108903491774
0,4,17,1.4130047E7,4347826.0,5.1187145112434855
0,4,18,1.5789129E7,4347826.0,5.600860177182934
0,4,19,9027614.0,4347826.0,3.1730082607355525
0,4,20,1.1275387E7,4347826.0,4.138593016020515
0,4,21,1.283635E7,4347826.0,4.70169394899804
0,4,22,1.3734113E7,4347826.0,4.995284610159699
0,5,0,1.1995114E7,5000000.0,3.800343754655939
0,5,1,1.2447113E7,5000000.0,3.9609862793405086
0,5,2,1.1320093E7,5000000.0,3.548799904686108
0,5,3,1.4551953E7,5000000.0,4.6395127903430575
0,5,4,1.1504931E7,5000000.0,3.6191401402639123
0,5,5,1.287591E7,5000000.0,4.108079280578013
0,5,6,1.2681934E7,5000000.0,4.0421548434220735
0,5,7,8929469.0,5000000.0,2.518556295551597
0,5,8,1.211881E7,5000000.0,3.844899722758827
0,5,9,8761278.0,5000000.0,2.4359745661118897
0,5,10,8529176.0,5000000.0,2.3193707185626202
0,5,11,8913864.0,5000000.0,2.5109599937643283
0,5,12,9357173.0,5000000.0,2.7217465466422626
0,5,13,1.0767976E7,5000000.0,3.331640745759053
0,5,14,1.214117E7,5000000.0,3.8529053578542682
0,5,15,1.1595512E7,5000000.0,3.653199253404914
0,5,16,1.2835345E7,5000000.0,4.094375421878114
0,5,17,1.2902371E7,5000000.0,4.11699521280938
0,5,18,1.2834778E7,5000000.0,4.094183568515137
0,5,19,1.0705395E7,5000000.0,3.306326918769247
0,6,0,9724852.0,5882352.0,2.1833199149836906
0,6,1,1.0043769E7,5882352.0,2.3234570653720725
0,6,2,1.1598924E7,5882352.0,2.9486669366671507
0,6,3,8818359.0,5882352.0,1.7583676607075327
0,6,4,9033199.0,5882352.0,1.8629056864458369
0,6,5,1.1624384E7,5882352.0,2.9581893887993975
0,6,6,7994820.0,5882352.0,1.3325768110065175
0,6,7,8039759.0,5882352.0,1.356920213876236
0,6,8,1.6411792E7,5882352.0,4.4560499502764515
0,6,9,1.272897E7,5882352.0,3.3524225379524393
0,6,10,1.195321E7,5882352.0,3.0793354034046216
0,6,11,8661373.0,5882352.0,1.680357326586706
0,6,12,1.212784E7,5882352.0,3.142324496369281
0,6,13,1.36623E7,5882352.0,3.6597280830936745
0,6,14,1.2701585E7,5882352.0,3.3430690975858535
0,6,15,1.1710276E7,5882352.0,2.9901612196375793
0,6,16,1.0776725E7,5882352.0,2.6293579155619646
0,7,0,1.3236908E7,6666666.0,2.978778528937834
0,7,1,7952159.0,6666666.0,0.7657635749263264
0,7,2,1.3766667E7,6666666.0,3.1492010993747495
0,7,3,9309178.0,6666666.0,1.4500263697616658
0,7,4,1.2156113E7,6666666.0,2.6088603099803516
0,7,5,1.3269065E7,6666666.0,2.9893162401973523
0,7,6,1.1193407E7,6666666.0,2.250535977796692
0,7,7,1.218688E7,6666666.0,2.619838372899445
0,7,8,1.2075784E7,6666666.0,2.580066386640274
0,7,9,1.1020761E7,6666666.0,2.1830288671866303
0,7,10,1.056275E7,6666666.0,1.998683034805704
0,7,11,1.2869405E7,6666666.0,2.8564977081996483
0,7,12,1.2935583E7,6666666.0,2.8787730940527867
0,7,13,1.2444046E7,6666666.0,2.7105291031469707
0,7,14,1.2429431E7,6666666.0,2.7054255025659506
0,8,0,1.1614801E7,6666666.0,2.411030757826201
0,8,1,9743354.0,6666666.0,1.6479978430762408
0,8,2,8243819.0,6666666.0,0.9221975039529537
0,8,3,1.0033961E7,6666666.0,1.775637111643359
0,8,4,1.0417157E7,6666666.0,1.938405120742814
0,8,5,1.1507876E7,6666666.0,2.3708647610610587
0,8,6,8520534.0,6666666.0,1.065581162642655
0,8,7,1.0898154E7,6666666.0,2.1344424303961054
0,8,8,1.0674152E7,6666666.0,2.044246853532283
0,8,9,1.2429552E7,6666666.0,2.705467780749504
0,8,10,1.4526271E7,6666666.0,3.382454445208034
0,8,11,1.2210277E7,6666666.0,2.6281681886301413
0,8,12,1.5599923E7,6666666.0,3.692137572012832
0,8,13,1.0408693E7,6666666.0,1.9348750187808612
0,8,14,1.2684523E7,6666666.0,2.793654427568816
0,9,0,1.0687932E7,5882352.0,2.5934267288695727
0,9,1,1.2306157E7,5882352.0,3.2057144231289776
0,9,2,1.1029705E7,5882352.0,2.730128878399979
0,9,3,1.1235202E7,5882352.0,2.810298759602599
0,9,4,1.2333582E7,5882352.0,3.215382164402275
0,9,5,1.2886484E7,5882352.0,3.405834297321416
0,9,6,9054704.0,5882352.0,1.8732324857811309
0,9,7,1.3527627E7,5882352.0,3.616706107304333
0,9,8,8933086.0,5882352.0,1.8145050588472433
0,9,9,1.1763857E7,5882352.0,3.009987275021645
0,9,10,8858949.0,5882352.0,1.778311923715246
0,9,11,9299765.0,5882352.0,1.9892096517280198
0,9,12,1.2943438E7,5882352.0,3.4249863861338743
0,9,13,1.3517534E7,5882352.0,3.6134646147435454
0,9,14,9480231.0,5882352.0,2.07267910566655
0,9,15,1.64274E7,5882352.0,4.4601782301585855
0,9,16,1.5443814E7,5882352.0,4.192035533550882
0,10,0,1.3890256E7,5000000.0,4.437402456033846
0,10,1,1.0643243E7,5000000.0,3.2810397347361486
0,10,2,1.2770167E7,5000000.0,4.072265723873999
0,10,3,8629957.0,5000000.0,2.370386274499618
0,10,4,8410245.0,5000000.0,2.2583864313826
0,10,5,1.1266556E7,5000000.0,3.5282117534989874
0,10,6,8411991.0,5000000.0,2.2592879502628795
0,10,7,1.0827008E7,5000000.0,3.3553845334040506
0,10,8,9708291.0,5000000.0,2.881727812266532
0,10,9,8872181.0,5000000.0,2.4906038887039044
0,10,10,1.4967159E7,5000000.0,4.761693679699047
0,10,11,1.1792709E7,5000000.0,3.726435775706869
0,10,12,9703581.0,5000000.0,2.879620311197181
0,10,13,9911271.0,5000000.0,2.9715934670748996
0,10,14,1.397801E7,5000000.0,4.464753425002606
0,10,15,1.2644728E7,5000000.0,4.029394873618353
0,10,16,1.4397314E7,5000000.0,4.59311472218561
0,10,17,1.4073863E7,5000000.0,4.494433147986142
0,10,18,1.0701801E7,5000000.0,3.3048686667098686
0,10,19,9104327.0,5000000.0,2.602778435446332
0,11,0,8984064.0,4347826.0,3.152006817622981
0,11,1,8559719.0,4347826.0,2.9418735251702426
0,11,2,1.1603387E7,4347826.0,4.263126219222278
0,11,3,1.2824451E7,4347826.0,4.697666272379096
0,11,4,9483018.0,4347826.0,3.3867441961084825
0,11,5,1.0942009E7,4347826.0,4.008249123601341
0,11,6,1.4379884E7,4347826.0,5.19483227387127
0,11,7,1.2906669E7,4347826.0,4.725420171341509
0,11,8,1.3389021E7,4347826.0,4.884766674330649
0,11,9,1.0365697E7,4347826.0,3.7732635451750323
0,11,10,1.3705577E7,4347826.0,4.986251686097296
0,11,11,1.1355082E7,4347826.0,4.169181195004458
0,11,12,8455302.0,4347826.0,2.888569687119002
0,11,13,1.4253467E7,4347826.0,5.156483592818013
0,11,14,1.258444E7,4347826.0,4.6156173917498995
0,11,15,1.5947062E7,4347826.0,5.644085274121483
0,11,16,8073245.0,4347826.0,2.68775976987909
0,11,17,9438578.0,4347826.0,3.36634413866837
0,11,18,1.3103927E7,4347826.0,4.79129309737539
0,11,19,9736577.0,4347826.0,3.5013414744509443
0,11,20,1.0873015E7,4347826.0,3.9807783187196515
0,11,21,1.4693906E7,4347826.0,5.288651019477953
0,11,22,1.0712476E7,4347826.0,3.916177066518442
0,12,0,1.4987461E7,4000000.0,5.736680746700632
0,12,1,1.3269494E7,4000000.0,5.207943710845014
0,12,2,1.1529843E7,4000000.0,4.597634022895567
0,12,3,1.284971E7,4000000.0,5.068333350303278
0,12,4,1.1030854E7,4000000.0,4.405491451494237
0,12,5,8169364.0,4000000.0,3.10128255896988
0,12,6,8628284.0,4000000.0,3.338644401422966
0,12,7,1.792798E7,4000000.0,6.514713677113983
0,12,8,1.1358185E7,4000000.0,4.532489467846506
0,12,9,1.483215E7,4000000.0,5.691441175870008
0,12,10,1.4940321E7,4000000.0,5.72299937277994
0,12,11,1.3272224E7,4000000.0,5.208837114911606
0,12,12,1.1442284E7,4000000.0,4.564527315198122
0,12,13,8416833.0,4000000.0,3.230887190131986
0,12,14,9093014.0,4000000.0,3.5664786841851797
0,12,15,1.4313133E7,4000000.0,5.536747155055572
0,12,16,1.290545E7,4000000.0,5.087131612256602
0,12,17,1.4523182E7,4000000.0,5.600017885100698
0,12,18,1.3141964E7,4000000.0,5.166002818580847
0,12,19,1.3789048E7,4000000.0,5.374742920619017
0,12,20,1.2077694E7,4000000.0,4.799240308150968
0,12,21,1.1403725E7,4000000.0,4.549867444558519
0,12,22,1.3042846E7,4000000.0,5.1331237516268144
0,12,23,8661521.0,4000000.0,3.355341713481414
0,12,24,1.2034582E7,4000000.0,4.783710190914745
0,13,0,1.4854878E7,4000000.0,5.698090980567986
0,13,1,1.2457575E7,4000000.0,4.933735191639857
0,13,2,1.4982373E7,4000000.0,5.735206137034691
0,13,3,8418294.0,4000000.0,3.2316409762360685
0,13,4,1.1127021E7,4000000.0,4.443189163640159
0,13,5,8373178.0,4000000.0,3.2083033236523377
0,13,6,8384820.0,4000000.0,3.2143375255560653
0,13,7,1.4087059E7,4000000.0,5.467603422078796
0,13,8,1.6647598E7,4000000.0,6.1929158882072874
0,13,9,8530714.0,4000000.0,3.2892539075198552
0,13,10,8801649.0,4000000.0,3.425040540620377
0,13,11,1.2910743E7,4000000.0,5.088912448590545
0,13,12,1.2292469E7,4000000.0,4.875791304017035
0,13,13,1.2693893E7,4000000.0,5.015348418885592
0,13,14,1.0813168E7,4000000.0,4.318929591798467
0,13,15,1.1619806E7,4000000.0,4.631388859662105
0,13,16,1.1855672E7,4000000.0,4.71866184246516
0,13,17,1.4541395E7,4000000.0,5.6054608037671105
0,13,18,1.1758587E7,4000000.0,4.682951454655305
0,13,19,1.1299913E7,4000000.0,4.510151084594063
0,13,20,1.2643801E7,4000000.0,4.99817660559446
0,13,21,8404007.0,4000000.0,3.224264141456131
0,13,22,8063579.0,4000000.0,3.044678538213809
0,13,23,8569824.0,4000000.0,3.309119115037892
0,13,24,1.3231238E7,4000000.0,5.1954049015466355
0,14,0,7790639.0,4347826.0,2.5330092532759503
0,14,1,1.250204E7,4347826.0,4.587087287880631
0,14,2,1.1885906E7,4347826.0,4.367601360099299
0,14,3,1.0789262E7,4347826.0,3.947195840769374
0,14,4,1.2282821E7,4347826.0,4.510259675373739
0,14,5,1.2982492E7,4347826.0,4.750859083520958
0,14,6,1.550784E7,4347826.0,5.522791562883606
0,14,7,1.3063179E7,4347826.0,4.77776722573101
0,14,8,1.4169183E7,4347826.0,5.130726541026015
0,14,9,1.2578351E7,4347826.0,4.6135155429113315
0,14,10,1.4764458E7,4347826.0,5.309453534424632
0,14,11,1.3064756E7,4347826.0,4.778291478718315
0,14,12,1.37299E7,4347826.0,4.9939521882251405
0,14,13,1.2905316E7,4347826.0,4.7249648786280245
0,14,14,1.3173163E7,4347826.0,4.814179103651236
0,14,15,1.2407049E7,4347826.0,4.553963421234215
0,14,16,1.3412415E7,4347826.0,4.892348273831427
0,14,17,1.3537135E7,4347826.0,4.932546046694231
0,14,18,1.2399412E7,4347826.0,4.551289354132841
0,14,19,1.6564302E7,4347826.0,5.809009846537157
0,14,20,1.5137283E7,4347826.0,5.417757750856023
0,14,21,1.803493E7,4347826.0,6.178423057092518
0,14,22,1.1353078E7,4347826.0,4.168414663375305
0,15,0,1.1307072E7,5000000.0,3.543801532973983
0,15,1,1.3672749E7,5000000.0,4.368858368963443
0,15,2,1.4332401E7,5000000.0,4.573489462640378
0,15,3,1.4524044E7,5000000.0,4.631175515842808
0,15,4,1.2233743E7,5000000.0,3.8858934849290545
0,15,5,1.4916253E7,5000000.0,4.746897366426104
0,15,6,1.6913242E7,5000000.0,5.292568585992593
0,15,7,1.1266869E7,5000000.0,3.5283324046408744
0,15,8,1.3306172E7,5000000.0,4.250831286450544
0,15,9,1.3387459E7,5000000.0,4.277281494496617
0,15,10,1.314056E7,5000000.0,4.196438692383949
0,15,11,1.2860754E7,5000000.0,4.102964268058444
0,15,12,1.3042804E7,5000000.0,4.164009636563518
0,15,13,1.370942E7,5000000.0,4.380490772858964
0,15,14,1.2624653E7,5000000.0,4.022494456423026
0,15,15,8110737.0,5000000.0,2.100903147938253
0,15,16,8662049.0,5000000.0,2.386506318079113
0,15,17,8562683.0,5000000.0,2.3363986192106587
0,15,18,1.3205028E7,5000000.0,4.2176932208784805
0,15,19,1.7050394E7,5000000.0,5.327644147724877
0,16,0,1.4105987E7,5882352.0,3.798524701307592
0,16,1,1.1507216E7,5882352.0,2.914192561038074
0,16,2,1.5077267E7,5882352.0,4.08771616590966
0,16,3,1.3585858E7,5882352.0,3.635360618783326
0,16,4,1.2017827E7,5882352.0,3.102749387963902
0,16,5,1.1450543E7,5882352.0,2.89275072852403
0,16,6,7719228.0,5882352.0,1.1802285958132526
0,16,7,1.4200511E7,5882352.0,3.82752963451782
0,16,8,1.61072E7,5882352.0,4.374690421327088
0,16,9,1.2498487E7,5882352.0,3.273064336877516
0,16,10,1.53324E7,5882352.0,4.160591317064327
0,16,11,1.724471E7,5882352.0,4.671048862079049
0,16,12,1.4645027E7,5882352.0,3.961391675617578
0,16,13,1.3065775E7,5882352.0,3.4658416598814883
0,16,14,1.1966609E7,5882352.0,3.084200918793068
0,16,15,9920210.0,5882352.0,2.2696985665625578
0,16,16,9003916.0,5882352.0,1.848804255605328
0,17,0,8429377.0,6666666.0,1.0188678037672074
0,17,1,8504969.0,6666666.0,1.05764037464469
0,17,2,9280468.0,6666666.0,1.4366118007173654
0,17,3,1.2229711E7,6666666.0,2.6350749684044956
0,17,4,1.2111727E7,6666666.0,2.5929737569382434
0,17,5,1.428725E7,6666666.0,3.3103994661845144
0,17,6,1.3472923E7,6666666.0,3.0555313020926893
0,17,7,1.4866372E7,6666666.0,3.4829629840301948
0,17,8,1.4187731E7,6666666.0,3.280042481207338
0,17,9,1.0816833E7,6666666.0,2.1019142721557786
0,17,10,1.3960668E7,6666666.0,3.2099750170158172
0,17,11,1.2624889E7,6666666.0,2.773188709075604
0,17,12,1.2741948E7,6666666.0,2.8132713087523364
0,17,13,1.474602E7,6666666.0,3.4476612108542346
0,17,14,1.483077E7,6666666.0,3.4725500227075363
0,18,0,8285458.0,6666666.0,0.9440782264846135
0,18,1,1.4029449E7,6666666.0,3.231319171372555
0,18,2,9494671.0,6666666.0,1.5357122307369864
0,18,3,1.5489656E7,6666666.0,3.661330753792183
0,18,4,1.6200944E7,6666666.0,3.8563162332692666
0,18,5,1.2978795E7,6666666.0,2.893256752928054
0,18,6,1.2222545E7,6666666.0,2.6325294737504112
0,18,7,1.411866E7,6666666.0,3.258847823297062
0,18,8,1.3225182E7,6666666.0,2.9749295983143504
0,18,9,1.2956223E7,6666666.0,2.8856971688007844
0,18,10,8452827.0,6666666.0,1.0309328305261762
0,18,11,1.488303E7,6666666.0,3.4878265965731536
0,18,12,1.3789714E7,6666666.0,3.1564656144489285
0,18,13,1.266539E7,6666666.0,2.787098698639819
0,18,14,1.108775E7,6666666.0,2.209347276492833
0,19,0,8039374.0,5555555.0,1.6049478149387555
0,19,1,1.3025296E7,5555555.0,3.7006014996351
0,19,2,1.0617803E7,5555555.0,2.813072118239539
0,19,3,1.1505737E7,5555555.0,3.1618699116208098
0,19,4,1.152692E7,5555555.0,3.169858275797781
0,19,5,1.2271408E7,5555555.0,3.4416694431181623
0,19,6,1.6134436E7,5555555.0,4.630263372148012
0,19,7,8735354.0,5555555.0,1.9655305798123013
0,19,8,8791877.0,5555555.0,1.9935415212984007
0,19,9,9354822.0,5555555.0,2.263080768569483
0,19,10,9845499.0,5555555.0,2.4851028093726817
0,19,11,1.4072047E7,5555555.0,4.0362982550849456
0,19,12,1.139361E7,5555555.0,3.119338981323771
0,19,13,1.1134513E7,5555555.0,3.019437751980149
0,19,14,1.120243E7,5555555.0,3.0458478737459114
0,19,15,8463496.0,5555555.0,1.8282234181838277
0,19,16,8219904.0,5555555.0,1.7013929399084537
0,19,17,8521515.0,5555555.0,1.8578936133339508
0,20,0,8326115.0,4761904.0,2.4266176927294225
0,20,1,8851950.0,4761904.0,2.692583163825634
0,20,2,8594942.0,4761904.0,2.5646231456756396
0,20,3,1.389521E7,4761904.0,4.6508447892939655
0,20,4,8407212.0,4761904.0,2.4687136313925264
0,20,5,1.1994402E7,4761904.0,4.011979646220859
0,20,6,1.1318832E7,4761904.0,3.760209781646328
0,20,7,8998536.0,4761904.0,2.763912226782082
0,20,8,1.0384498E7,4761904.0,3.3860487124532175
0,20,9,1.2704612E7,4761904.0,4.2618077041718605
0,20,10,1.3062426E7,4761904.0,4.382432073597927
0,20,11,1.4587461E7,4761904.0,4.861990721771293
0,20,12,1.1274462E7,4761904.0,3.7431519140022895
0,20,13,1.114217E7,4761904.0,3.691891445784181
0,20,14,1.1744968E7,4761904.0,3.920712020700984
0,20,15,1.5966512E7,4761904.0,5.254294159511072
0,20,16,1.2033398E7,4761904.0,4.026076452824697
0,20,17,1.2869015E7,4761904.0,4.317646713091509
0,20,18,1.210634E7,4761904.0,4.052322308940852
0,20,19,7728033.0,4761904.0,2.1028833214288145
0,20,20,1.2415187E7,4761904.0,4.1617262959019845
0,21,0,1.1934274E7,4166666.0,4.570073158247904
0,21,1,1.1324588E7,4166666.0,4.3423372209716815
0,21,2,8492773.0,4166666.0,3.0926082735167992
0,21,3,9187145.0,4166666.0,3.4339188206433917
0,21,4,8604714.0,4166666.0,3.1494775119804364
0,21,5,1.3321106E7,4166666.0,5.047515953240374
0,21,6,1.2196847E7,4166666.0,4.664588871621149
0,21,7,1.1373587E7,4166666.0,4.361087652118063
0,21,8,1.1683769E7,4166666.0,4.477942731413699
0,21,9,1.2335739E7,4166666.0,4.713764831848818
0,21,10,1.1394074E7,4166666.0,4.368903468992827
0,21,11,1.3397599E7,4166666.0,5.072382860948114
0,21,12,1.5244822E7,4166666.0,5.633336690658163
0,21,13,1.4897376E7,4166666.0,5.533210904111846
0,21,14,1.2785487E7,4166666.0,4.8692858618013535
0,21,15,8606224.0,4166666.0,3.1502395676793844
0,21,16,9021079.0,4166666.0,3.3546979726842006
0,21,17,1.2172351E7,4166666.0,4.65585778312832
0,21,18,1.5351038E7,4166666.0,5.663490579455463
0,21,19,1.0034512E7,4166666.0,3.8170756785675914
0,21,20,1.1377007E7,4166666.0,4.36239336496169
0,21,21,1.2038988E7,4166666.0,4.608012927644169
0,21,22,1.2850788E7,4166666.0,4.8914107027141736
0,21,23,7781959.0,4166666.0,2.713002495502015
0,22,0,1.3204697E7,4000000.0,5.186684488429414
0,22,1,1.3345169E7,4000000.0,5.2326408663091115
0,22,2,1.3870409E7,4000000.0,5.400292760772776
0,22,3,1.3314362E7,4000000.0,5.222603693442616
0,22,4,1.416901E7,4000000.0,5.492795154786185
0,22,5,1.270999E7,4000000.0,5.020852175308036
0,22,6,1.6905868E7,4000000.0,6.259774823797279
0,22,7,1.0826047E7,4000000.0,4.324099168691956
0,22,8,1.0581182E7,4000000.0,4.224741931391378
0,22,9,1.2515631E7,4000000.0,4.9539275897343815
0,22,10,1.2935706E7,4000000.0,5.097301451290837
0,22,11,1.1270017E7,4000000.0,4.4986457982024035
0,22,12,1.2481722E7,4000000.0,4.942145141713091
0,22,13,1.0210647E7,4000000.0,4.069932708007845
0,22,14,9230037.0,4000000.0,3.6314345063658706
0,22,15,9777561.0,4000000.0,3.8817054277007523
0,22,16,1.1080193E7,4000000.0,4.424873338753696
0,22,17,1.1138586E7,4000000.0,4.447700710201536
0,22,18,1.2185156E7,4000000.0,4.837711022670927
0,22,19,7789440.0,4000000.0,2.894462450799134
0,22,20,1.5018517E7,4000000.0,5.745670591488203
0,22,21,1.2320436E7,4000000.0,4.885660857409991
0,22,22,1.1560765E7,4000000.0,4.609265818816397
0,22,23,1.2628012E7,4000000.0,4.992749945887098
0,22,24,1.2226455E7,4000000.0,4.852405624284627
0,23,0,1.0106993E7,4000000.0,4.025619735850072
0,23,1,1.542154E7,4000000.0,5.860677533407406
0,23,2,1.3232288E7,4000000.0,5.195749533782141
0,23,3,1.5196508E7,4000000.0,5.796838117114205
0,23,4,1.4807581E7,4000000.0,5.68424125656592
0,23,5,1.2871526E7,4000000.0,5.075700469588824
0,23,6,1.516342E7,4000000.0,5.7873717300353515
0,23,7,1.3341564E7,4000000.0,5.2314675255208
0,23,8,1.2022734E7,4000000.0,4.779432472288444
0,23,9,1.2994135E7,4000000.0,5.11687383141598
0,23,10,1.3518207E7,4000000.0,5.288591010435639
0,23,11,9553983.0,4000000.0,3.781244728527031
0,23,12,1.3085076E7,4000000.0,5.147162580999643
0,23,13,8184561.0,4000000.0,3.109353985420984
0,23,14,1.2319659E7,4000000.0,4.8853869568324555
0,23,15,1.2712869E7,4000000.0,5.021835804898039
0,23,16,1.179252E7,4000000.0,4.695466301496475
0,23,17,1.3984507E7,4000000.0,5.435871693364285
0,23,18,1.2131718E7,4000000.0,4.818623153166562
0,23,19,1.6326887E7,4000000.0,6.1084339563767145
0,23,20,9312145.0,4000000.0,3.6698973845740386
0,23,21,1.4190829E7,4000000.0,5.499477754902707
0,23,22,1.3476398E7,4000000.0,5.2751383723901455
0,23,23,1.5370557E7,4000000.0,5.846296144699825
0,23,24,1.3856935E7,4000000.0,5.396071884579384
0,24,0,7682076.0,4545454.0,2.2790133233235874
0,24,1,1.5708692E7,4545454.0,5.385627575172024
0,24,2,1.2009921E7,4545454.0,4.219628836063224
0,24,3,1.0960289E7,4545454.0,3.822447386780985
0,24,4,9464884.0,4545454.0,3.1853802863106457
0,24,5,1.2613421E7,4545454.0,4.43255624421525
0,24,6,1.222326E7,4545454.0,4.296097826406465
0,24,7,7561691.0,4545454.0,2.2104165937099665
0,24,8,1.4614367E7,4545454.0,5.072027422060563
0,24,9,1.2869565E7,4545454.0,4.519866006428374
0,24,10,1.1273934E7,4545454.0,3.9449822097717973
0,24,11,1.2968386E7,4545454.0,4.553086616113761
0,24,12,1.7467519E7,4545454.0,5.84653957260703
0,24,13,1.2262675E7,4545454.0,4.310079511638415
0,24,14,1.1964087E7,4545454.0,4.20302295394667
0,24,15,1.0487176E7,4545454.0,3.630812895074867
0,24,16,1.0234804E7,4545454.0,3.525022631277177
0,24,17,9891569.0,4545454.0,3.3768791775988327
0,24,18,1.0203917E7,4545454.0,3.51189650281356
0,24,19,8133188.0,4545454.0,2.526835441432582
0,24,20,1.1706361E7,4545454.0,4.108446456672339
0,24,21,8121291.0,4545454.0,2.520478052341444
0,25,0,8727388.0,5263157.0,2.196379589326392
0,25,1,8943697.0,5263157.0,2.3027075228219345
0,25,2,1.1960646E7,5263157.0,3.5650831151377926
0,25,3,1.2899865E7,5263157.0,3.893388401161118
0,25,4,1.2598279E7,5263157.0,3.79064896737595
0,25,5,1.2993702E7,5263157.0,3.924865771353143
0,25,6,1.2726074E7,5263157.0,3.8344811904049876
0,25,7,9032483.0,5263157.0,2.3456082763982495
0,25,8,9451545.0,5263157.0,2.542564811895315
0,25,9,1.3862548E7,5263157.0,4.205967377164196
0,25,10,1.0735993E7,5263157.0,3.095958944425416
0,25,11,8609587.0,5263157.0,2.1373599372517282
0,25,12,8225648.0,5263157.0,1.9392379559810302
0,25,13,8801821.0,5263157.0,2.2332620698270125
0,25,14,9283389.0,5263157.0,2.4646022377266026
0,25,15,1.190162E7,5263157.0,3.543597545935666
0,25,16,1.2269566E7,5263157.0,3.675828758849105
0,25,17,1.2407342E7,5263157.0,3.7243242820978004
0,25,18,1.3515401E7,5263157.0,4.09582610463493
0,26,0,1.0370802E7,6250000.0,2.1993232541975107
0,26,1,9522426.0,6250000.0,1.828675890436176
0,26,2,1.2926924E7,6250000.0,3.156151781663879
0,26,3,1.4239025E7,6250000.0,3.5760023518592687
0,26,4,1.1378564E7,6250000.0,2.602074392468605
0,26,5,9144545.0,6250000.0,1.6528208405882299
0,26,6,1.21485E7,6250000.0,2.886426406776124
0,26,7,1.3201653E7,6250000.0,3.2474829597031336
0,26,8,1.4913823E7,6250000.0,3.777089671541911
0,26,9,1.1983352E7,6250000.0,2.8269829916342646
0,26,10,1.3354036E7,6250000.0,3.2973252533220205
0,26,11,1.1260798E7,6250000.0,2.556891506771562
0,26,12,1.1830487E7,6250000.0,2.771226053108558
0,26,13,1.0423586E7,6250000.0,2.2213713656094876
0,26,14,1.2785957E7,6250000.0,3.108532221958067
0,26,15,1.2924432E7,6250000.0,3.155314485661104
0,27,0,1.0081526E7,6666666.0,1.7961757697749638
0,27,1,1.3804672E7,6666666.0,3.1611739471486153
0,27,2,8216841.0,6666666.0,0.9079618572372787
0,27,3,1.2025367E7,6666666.0,2.5618964188798192
0,27,4,1.2294603E7,6666666.0,2.6580581216068295
0,27,5,9529042.0,6666666.0,1.551405436243065
0,27,6,1.131486E7,6666666.0,2.297404872360102
0,27,7,1.5122438E7,6666666.0,3.557131151181106
0,27,8,1.3436276E7,6666666.0,3.043702187656467
0,27,9,1.3002034E7,6666666.0,2.90102599859496
0,27,10,1.4323499E7,6666666.0,3.3214042456106108
0,27,11,1.5810576E7,6666666.0,3.750389946225784
0,27,12,7807372.0,6666666.0,0.6859617529138691
0,27,13,1.3814405E7,6666666.0,3.164234866503265
0,27,14,1.2180803E7,6666666.0,2.617672218964136
0,28,0,1.4172132E7,6250000.0,3.5555517137807473
0,28,1,8384436.0,6250000.0,1.2759383667901578
0,28,2,1.5489679E7,6250000.0,3.941624004168612
0,28,3,1.7674399E7,6250000.0,4.514646376328516
0,28,4,1.4934015E7,6250000.0,3.7829656586176528
0,28,5,1.6297793E7,6250000.0,4.162487801386272
0,28,6,1.5411869E7,6250000.0,3.919752915344614
0,28,7,1.4983436E7,6250000.0,3.7973139980622523
0,28,8,1.3606471E7,6250000.0,3.3786548302739017
0,28,9,1.2614743E7,6250000.0,3.049983897236448
0,28,10,1.4463378E7,6250000.0,3.643897192816695
0,28,11,1.097402E7,6250000.0,2.444857300124062
0,28,12,9503108.0,6250000.0,1.8198564757646971
0,28,13,9380240.0,6250000.0,1.7633393290516384
0,28,14,7344226.0,6250000.0,0.7006601537017927
0,28,15,8488675.0,6250000.0,1.3295988902514164
0,29,0,1.1780076E7,5555555.0,3.264206408746842
0,29,1,1.1784304E7,5555555.0,3.2657648601800564
0,29,2,1.2933343E7,5555555.0,3.669833440087257
0,29,3,1.200997E7,5555555.0,3.3481447110212965
0,29,4,8610041.0,5555555.0,1.9027776805044865
0,29,5,8165034.0,5555555.0,1.6723054605389915
0,29,6,1.6001371E7,5555555.0,4.594297432028199
0,29,7,1.5221218E7,5555555.0,4.377219545490653
0,29,8,1.227589E7,5555555.0,3.443255367474905
0,29,9,1.2506593E7,5555555.0,3.5241156543474856
0,29,10,1.2980922E7,5555555.0,3.6857808886240866
0,29,11,1.0377651E7,5555555.0,2.713716098306915
0,29,12,1.2896845E7,5555555.0,3.657560288571975
0,29,13,1.1625289E7,5555555.0,3.2067630661476336
0,29,14,1.2035251E7,5555555.0,3.35727700624341
0,29,15,1.4315255E7,5555555.0,4.110716371185624
0,29,16,1.0200964E7,5555555.0,2.6391376344154356
0,29,17,1.1910829E7,5555555.0,3.3121453819320505
0,30,0,1.6386907E7,4761904.0,5.367163532036978
0,30,1,1.1623681E7,4761904.0,3.8756304690805172
0,30,2,8449848.0,4761904.0,2.490682609393756
0,30,3,9394577.0,4761904.0,2.9509659456481714
0,30,4,1.3340844E7,4761904.0,4.474026700345465
0,30,5,1.2714528E7,4761904.0,4.26519606766567
0,30,6,1.1328331E7,4761904.0,3.763852943066164
0,30,7,1.1361386E7,4761904.0,3.776506793491162
0,30,8,1.0884608E7,4761904.0,3.5903215712939476
0,30,9,1.1757124E7,4761904.0,3.925204628586955
0,30,10,1.5354025E7,4761904.0,5.084416076270286
0,30,11,1.0096946E7,4761904.0,3.2640939781414877
0,30,12,1.1324173E7,4761904.0,3.7622585970494633
0,30,13,1.28808E7,4761904.0,4.321622012196834
0,30,14,1.4839211E7,4761904.0,4.936301743651538
0,30,15,1.3121623E7,4761904.0,4.402069200191158
0,30,16,1.2188521E7,4761904.0,4.081703741455773
0,30,17,1.2679177E7,4761904.0,4.253104288110391
0,30,18,1.1209512E7,4761904.0,3.7180607045380683
0,30,19,1.1056373E7,4761904.0,3.6583204594338876
0,30,20,1.0427228E7,4761904.0,3.4038823407530194
0,31,0,1.0716196E7,4166666.0,4.102519594850312
0,31,1,1.2577693E7,4166666.0,4.798123013342143
0,31,2,1.4000157E7,4166666.0,5.263442171520626
0,31,3,1.0816233E7,4166666.0,4.14287345336634
0,31,4,1.2303197E7,4166666.0,4.702292892274937
0,31,5,1.2641293E7,4166666.0,4.820028087246635
0,31,6,1.459605E7,4166666.0,5.444466536062546
0,31,7,1.6360234E7,4166666.0,5.940008222810985
0,31,8,1.846237E7,4166666.0,6.464987615102624
0,31,9,1.4957015E7,4166666.0,5.550562403970044
0,31,10,1.0452866E7,4166666.0,3.9944669421357997
0,31,11,1.1909469E7,4166666.0,4.56103709498395
0,31,12,1.3958203E7,4166666.0,5.25040821361336
0,31,13,1.2192072E7,4166666.0,4.662888299178733
0,31,14,1.36078E7,4166666.0,5.139992288274417
0,31,15,1.2982825E7,4166666.0,4.935805143271705
0,31,16,7791079.0,4166666.0,2.71808919230164
0,31,17,1.1341254E7,4166666.0,4.348723882574466
0,31,18,1.2051951E7,4166666.0,4.612686684787676
0,31,19,1.5561408E7,4166666.0,5.7226020070111066
0,31,20,1.3833652E7,4166666.0,5.211481575464032
0,31,21,1.1588E7,4166666.0,4.442197977304529
0,31,22,1.2780392E7,4166666.0,4.86755485899516
0,31,23,1.4569747E7,4166666.0,5.436633216195146
0,32,0,9223704.0,4000000.0,3.6284536613850413
0,32,1,1.2960709E7,4000000.0,5.105687684138237
0,32,2,1.3436003E7,4000000.0,5.2621010081124595
0,32,3,8615416.0,4000000.0,3.332162611052563
0,32,4,1.3167487E7,4000000.0,5.174429069313984
0,32,5,1.3719378E7,4000000.0,5.352744307358344
0,32,6,1.4243826E7,4000000.0,5.515666684438825
0,32,7,1.2536546E7,4000000.0,4.961179072269663
0,32,8,1.5752333E7,4000000.0,5.952848927653961
0,32,9,9916826.0,4000000.0,3.943127018688645
0,32,10,1.5185896E7,4000000.0,5.793804299757701
0,32,11,8584078.0,4000000.0,3.316336639038936
0,32,12,8277906.0,4000000.0,3.1586049912128162
0,32,13,8607949.0,4000000.0,3.328396939130097
0,32,14,1.4129951E7,4000000.0,5.480806644720109
0,32,15,1.4802111E7,4000000.0,5.682636653017166
0,32,16,1.5007939E7,4000000.0,5.742610645139808
0,32,17,1.5378805E7,4000000.0,5.848625988793922
0,32,18,1.5693112E7,4000000.0,5.9364908294175125
0,32,19,1.5349027E7,4000000.0,5.840208587181897
0,32,20,1.3837777E7,4000000.0,5.390063362077723
0,32,21,1.3104028E7,4000000.0,5.153448210670516
0,32,22,1.5467686E7,4000000.0,5.873653558168285
0,32,23,1.1823128E7,4000000.0,4.706724000582647
0,32,24,1.3332367E7,4000000.0,5.228472686471132
0,33,0,1.281104E7,4166666.0,4.877956983928727
0,33,1,1.1287316E7,4166666.0,4.328019949334919
0,33,2,1.1620574E7,4166666.0,4.454388918241056
0,33,3,1.1841554E7,4166666.0,4.536200109960062
0,33,4,1.3007191E7,4166666.0,4.943948287505513
0,33,5,1.3439463E7,4166666.0,5.085932271787358
0,33,6,1.5761858E7,4166666.0,5.778187217879184
0,33,7,1.169033E7,4166666.0,4.480380819975403
0,33,8,1.3078669E7,4166666.0,4.967748598224567
0,33,9,1.0817635E7,4166666.0,4.143436349344516
0,33,10,1.6795712E7,4166666.0,6.05409730279471
0,33,11,1.1832403E7,4166666.0,4.532842640820592
0,33,12,1.1808435E7,4166666.0,4.524036545445561
0,33,13,1.1747111E7,4166666.0,4.501423836763849
0,33,14,1.0520933E7,4166666.0,4.022655661100412
0,33,15,1.2554873E7,4166666.0,4.790236351231645
0,33,16,1.7210786E7,4166666.0,6.1601201578939
0,33,17,1.359606E7,4166666.0,5.136243836742858
0,33,18,1.3037392E7,4166666.0,4.954020350112015
0,33,19,1.3209718E7,4166666.0,5.011048576284612
0,33,20,1.1745707E7,4166666.0,4.500904742414829
0,33,21,1.2355848E7,4166666.0,4.720838682280052
0,33,22,1.2566079E7,4166666.0,4.794110968950762
0,33,23,1.5478526E7,4166666.0,5.699409122131937
0,34,0,1.1963883E7,4545454.0,4.202948901635245
0,34,1,1.31597E7,4545454.0,4.616687217725019
0,34,2,1.910402E7,4545454.0,6.235474970499865
0,34,3,1.0638719E7,4545454.0,3.6931207097893726
0,34,4,1.1560302E7,4545454.0,4.053919126293547
0,34,5,1.1574319E7,4545454.0,4.0591818072752215
0,34,6,8313087.0,4545454.0,2.621850585401528
0,34,7,8689530.0,4545454.0,2.81419019866469
0,34,8,1.1712711E7,4545454.0,4.1108016055250935
0,34,9,7536282.0,4545454.0,2.1957987388379294
0,34,10,1.2459835E7,4545454.0,4.379350241319674
0,34,11,9586301.0,4545454.0,3.2407379420783258
0,34,12,1.4339206E7,4545454.0,4.989478368937687
0,34,13,1.2815574E7,4545454.0,4.501607956193304
0,34,14,1.3080233E7,4545454.0,4.590382131423872
0,34,15,1.3731969E7,4545454.0,4.801555472700439
0,34,16,1.1845095E7,4545454.0,4.15961281137769
0,34,17,1.1755042E7,4545454.0,4.126469181071957
0,34,18,8928310.0,4545454.0,2.931919939387675
0,34,19,8342268.0,4545454.0,2.63706870623285
0,34,20,7992688.0,4545454.0,2.451155932584834
0,34,21,8317237.0,4545454.0,2.624018098358353
0,35,0,7976978.0,5263157.0,1.8059206907910883
0,35,1,7667101.0,5263157.0,1.6338485911044487
0,35,2,1.0855336E7,5263157.0,3.1439694528983115
0,35,3,1.2250017E7,5263157.0,3.6689036617741326
0,35,4,1.4921217E7,5263157.0,4.525579211655072
0,35,5,1.2283376E7,5263157.0,3.680714207955407
0,35,6,1.212801E7,5263157.0,3.625432211631437
0,35,7,1.2358493E7,5263157.0,3.7071919070668913
0,35,8,1.182685E7,5263157.0,3.516227634696451
0,35,9,1.25991E7,5263157.0,3.790931977580916
0,35,10,1.0648157E7,5263157.0,3.0602812068030016
0,35,11,1.3875947E7,5263157.0,4.210163071426354
0,35,12,1.2860399E7,5263157.0,3.8800811777313386
0,35,13,1.2161253E7,5263157.0,3.637319983175828
0,35,14,1.4981269E7,5263157.0,4.5430227695511425
0,35,15,1.2515754E7,5263157.0,3.762106931838275
0,35,16,1.7222339E7,5263157.0,5.148458083006573
0,35,17,8941183.0,5263157.0,2.301486584985398
0,35,18,8805290.0,5263157.0,2.2349733870070048
0,36,0,1.2448085E7,6250000.0,2.992225278305333
0,36,1,1.2265057E7,6250000.0,2.927895535210318
0,36,2,8152649.0,6250000.0,1.154187274888991
0,36,3,1.26383E7,6250000.0,3.0580864281494384
0,36,4,1.1330529E7,6250000.0,2.5837016934348345
0,36,5,1.4659981E7,6250000.0,3.7025339009606095
0,36,6,1.1119246E7,6250000.0,2.5019532123814816
0,36,7,8598673.0,6250000.0,1.3855141608031198
0,36,8,1.4925236E7,6250000.0,3.780411896390671
0,36,9,1.1446779E7,6250000.0,2.6280328074491828
0,36,10,1.2428148E7,6250000.0,2.985263990445109
0,36,11,1.4582746E7,6250000.0,3.6795929404231984
0,36,12,1.3976849E7,6250000.0,3.4952925591417037
0,36,13,1.3544482E7,6250000.0,3.3588238302966085
0,36,14,7349066.0,6250000.0,0.70352130335898
0,36,15,1.1109996E7,6250000.0,2.498338852351146
0,37,0,1.5041308E7,6666666.0,3.5337690685793186
0,37,1,9749435.0,6666666.0,1.650707506460096
0,37,2,1.5987237E7,6666666.0,3.7986471561604986
0,37,3,1.3460092E7,6666666.0,3.051393307947678
0,37,4,1.1750987E7,6666666.0,2.4616564829726144
0,37,5,1.2109561E7,6666666.0,2.5921970171956583
0,37,6,9570237.0,6666666.0,1.5701399538399543
0,37,7,1.415637E7,6666666.0,3.27043207599122
0,37,8,1.1952847E7,6666666.0,2.535626629263935
0,37,9,8704284.0,6666666.0,1.1582435506220272
0,37,10,1.3413216E7,6666666.0,3.0362422079926814
0,37,11,1.3413084E7,6666666.0,3.03619946868714
0,37,12,1.2052304E7,6666666.0,2.57161380004989
0,37,13,8570379.0,6666666.0,1.090913302390373
0,37,14,9198205.0,6666666.0,1.3979438693348687
0,38,0,1.2788977E7,6250000.0,3.1095578897791016
0,38,1,8502369.0,6250000.0,1.3365993193279126
0,38,2,1.3276894E7,6250000.0,3.272164706072248
0,38,3,1.3272676E7,6250000.0,3.2707847559336356
0,38,4,8595402.0,6250000.0,1.3838617575567194
0,38,5,1.0029476E7,6250000.0,2.0539822611968956
0,38,6,1.2864616E7,6250000.0,3.1351681000213496
0,38,7,1.3659709E7,6250000.0,3.395614300951142
0,38,8,1.4568863E7,6250000.0,3.675456420378575
0,38,9,1.3232686E7,6250000.0,3.257679898501891
0,38,10,1.7618968E7,6250000.0,4.5010044944301555
0,38,11,1.181858E7,6250000.0,2.76685281941356
0,38,12,1.0473736E7,6250000.0,2.2422160557367503
0,38,13,1.2771572E7,6250000.0,3.103643387218299
0,38,14,1.1808907E7,6250000.0,2.7632968502509074
0,38,15,1.652292E7,6250000.0,4.222067827725549
0,39,0,1.2043644E7,5555555.0,3.36030458183127
0,39,1,1.3141137E7,5555555.0,3.739054914934506
0,39,2,1.2402315E7,5555555.0,3.487753061052504
0,39,3,1.1050266E7,5555555.0,2.986452809377555
0,39,4,1.8028789E7,5555555.0,5.112391045241179
0,39,5,1.1136376E7,5555555.0,3.020164342303215
0,39,6,8499962.0,5555555.0,1.8468953269090775
0,39,7,8052516.0,5555555.0,1.6120414494964002
0,39,8,8501390.0,5555555.0,1.8476248836191749
0,39,9,8403221.0,5555555.0,1.7971833392751526
0,39,10,8080898.0,5555555.0,1.6273217351211022
0,39,11,8645652.0,5555555.0,1.9207029910104025
0,39,12,1.0220911E7,5555555.0,2.647621551573305
0,39,13,1.7221243E7,5555555.0,4.913370434180232
0,39,14,9191761.0,5555555.0,2.1867127203167573
0,39,15,1.6746254E7,5555555.0,4.791902226474666
0,39,16,1.3553251E7,5555555.0,3.873160298695936
0,39,17,1.1963735E7,5555555.0,3.3313933325710625
0,40,0,1.5789929E7,4761904.0,5.205995414125192
0,40,1,1.419391E7,4761904.0,4.7432141137097
0,40,2,1.1388641E7,4761904.0,3.786912672804768
0,40,3,1.1657006E7,4761904.0,3.8880638422834277
0,40,4,1.5180844E7,4761904.0,5.035152816535774
0,40,5,1.6477498E7,4761904.0,5.391106318196115
0,40,6,8721168.0,4761904.0,2.627940168125207
0,40,7,1.3385799E7,4761904.0,4.48863663609108
0,40,8,9229139.0,4761904.0,2.873805511634759
0,40,9,8599399.0,4761904.0,2.566874642896959
0,40,10,1.1986617E7,4761904.0,4.009159930627968
0,40,11,1.1314103E7,4761904.0,3.7583949232244676
0,40,12,8489227.0,4761904.0,2.510875108939306
0,40,13,7913062.0,4761904.0,2.205639327227699
0,40,14,9098300.0,4761904.0,2.8117961702675407
0,40,15,9511199.0,4761904.0,3.0045463260545895
0,40,16,1.2420523E7,4761904.0,4.163592476004019
0,40,17,1.4441924E7,4761904.0,4.818444194298145
0,40,18,1.2140163E7,4761904.0,4.064438820579181
0,40,19,1.2094925E7,4761904.0,4.048225438898267
0,40,20,1.5114999E7,4761904.0,5.016274870021952
0,41,0,1.3424463E7,4166666.0,5.081082334436009
0,41,1,1.1431662E7,4166666.0,4.383206863846381
0,41,2,8581344.0,4166666.0,3.1376662306523495
0,41,3,1.3161709E7,4166666.0,4.9952359569557885
0,41,4,1.287145E7,4166666.0,4.89838785183713
0,41,5,1.1886993E7,4166666.0,4.552833181580426
0,41,6,1.3240458E7,4166666.0,5.021143192202711
0,41,7,1.3287064E7,4166666.0,5.036403380809177
0,41,8,8547286.0,4166666.0,3.120395472912178
0,41,9,1.148785E7,4166666.0,4.404500674321222
0,41,10,1.0023619E7,4166666.0,3.8123586186815537
0,41,11,1.2141697E7,4166666.0,4.644907019107573
0,41,12,1.1564802E7,4166666.0,4.433495128498088
0,41,13,1.2990911E7,4166666.0,4.9385091865361135
0,41,14,1.2109128E7,4166666.0,4.633241811441346
0,41,15,1.4446138E7,4166666.0,5.399630704390642
0,41,16,1.2833848E7,4166666.0,4.885682025391142
0,41,17,1.1689452E7,4166666.0,4.480054631685633
0,41,18,1.216177E7,4166666.0,4.652080970970093
0,41,19,1.3692499E7,4166666.0,5.166940290818594
0,41,20,1.2290976E7,4166666.0,4.697976818463328
0,41,21,1.2416299E7,4166666.0,4.742034735927511
0,41,22,1.2106257E7,4166666.0,4.632212003768755
0,41,23,1.4888639E7,4166666.0,5.530663110459548
0,42,0,1.0366819E7,4000000.0,4.1358552468725165
0,42,1,1.6366055E7,4000000.0,6.118840150108551
0,42,2,1.323383E7,4000000.0,5.196255601269525
0,42,3,1.0362173E7,4000000.0,4.13390847377645
0,42,4,1.4835E7,4000000.0,5.692275593248983
0,42,5,1.3260161E7,4000000.0,5.204888058167425
0,42,6,1.5639318E7,4000000.0,5.921578190777932
0,42,7,1.3661276E7,4000000.0,5.334312741872509
0,42,8,1.198894E7,4000000.0,4.7672079539881
0,42,9,1.2725645E7,4000000.0,5.02619812477829
0,42,10,1.1783788E7,4000000.0,4.692249292633695
0,42,11,1.6720129E7,4000000.0,6.211796324791049
0,42,12,1.1771873E7,4000000.0,4.687855767702938
0,42,13,1.2404445E7,4000000.0,4.9151734649997225
0,42,14,1.2409138E7,4000000.0,4.916816229793403
0,42,15,1.4536531E7,4000000.0,5.604007874572863
0,42,16,1.3814628E7,4000000.0,5.382792034097319
0,42,17,1.0199981E7,4000000.0,4.065393714532844
0,42,18,1.0762269E7,4000000.0,4.298438515911739
0,42,19,1.2592137E7,4000000.0,4.980394487521758
0,42,20,1.2063727E7,4000000.0,4.794215093019247
0,42,21,1.6697724E7,4000000.0,6.2059728690920934
0,42,22,1.4150431E7,4000000.0,5.487096766645765
0,42,23,1.4693516E7,4000000.0,5.650657388863202
0,42,24,1.3694805E7,4000000.0,5.3449586139733
0,43,0,1.5478945E7,4166666.0,5.6995266830192115
0,43,1,1.529187E7,4166666.0,5.646719085157277
0,43,2,1.3511291E7,4166666.0,5.109081589172178
0,43,3,1.2375616E7,4166666.0,4.727781364805098
0,43,4,1.3326881E7,4166666.0,5.0493983098118145
0,43,5,1.3127972E7,4166666.0,4.984089529596049
0,43,6,7986792.0,4166666.0,2.8258368544859094
0,43,7,8338572.0,4166666.0,3.0130299425611664
0,43,8,9047189.0,4166666.0,3.3672497422457974
0,43,9,8794034.0,4166666.0,3.2439945157996455
0,43,10,1.7374956E7,4166666.0,6.201350246633897
0,43,11,1.2240768E7,4166666.0,4.680199780032545
0,43,12,1.3343441E7,4166666.0,5.0547915086975
0,43,13,1.5175316E7,4166666.0,5.613490544799552
0,43,14,1.2647202E7,4166666.0,4.822057663257599
0,43,15,8808471.0,4166666.0,3.2511184005434437
0,43,16,8583473.0,4166666.0,3.138743565711283
0,43,17,8875497.0,4166666.0,3.2840399273589864
0,43,18,1.6636784E7,4166666.0,6.012806892808439
0,43,19,1.2817738E7,4166666.0,4.88022701374132
0,43,20,1.3041369E7,4166666.0,4.955344944610902
0,43,21,1.0876961E7,4166666.0,4.167188825451794
0,43,22,1.3749055E7,4166666.0,5.184841604639799
0,43,23,1.0039886E7,4166666.0,3.8194009274756797
0,44,0,1.3155258E7,4545454.0,4.615221027958015
0,44,1,9203769.0,4545454.0,3.0638844296845646
0,44,2,1.7192798E7,4545454.0,5.777692935731862
0,44,3,1.510747E7,4545454.0,5.216144734488145
0,44,4,9385530.0,4545454.0,3.148815351561031
0,44,5,1.4303434E7,4545454.0,4.978630492984941
0,44,6,1.6761884E7,4545454.0,5.6674556374848795
0,44,7,1.1250023E7,4545454.0,3.935761432749616
0,44,8,1.4490312E7,4545454.0,5.035004695763944
0,44,9,1.0716242E7,4545454.0,3.724652454584429
0,44,10,1.2814441E7,4545454.0,4.501223987905875
0,44,11,1.4500187E7,4545454.0,5.037963360376557
0,44,12,1.4530257E7,4545454.0,5.0469602876996476
0,44,13,1.4646599E7,4545454.0,5.081595243849097
0,44,14,1.6070462E7,4545454.0,5.484510951499591
0,44,15,1.2022177E7,4545454.0,4.224058506441281
0,44,16,1.3388183E7,4545454.0,4.691443729354331
0,44,17,1.3419344E7,4545454.0,4.701540189535633
0,44,18,1.1926442E7,4545454.0,4.189336334196744
0,44,19,1.3207835E7,4545454.0,4.6325436776548905
0,44,20,8279006.0,4545454.0,2.604009302745003
0,44,21,1.175646E7,4545454.0,4.126993034950867
0,45,0,1.3076747E7,5263157.0,3.952533961675004
0,45,1,1.4127948E7,5263157.0,4.288327625343252
0,45,2,1.3732882E7,5263157.0,4.165153631742499
0,45,3,1.2854124E7,5263157.0,3.8779615989018676
0,45,4,1.5937934E7,5263157.0,4.811856988347381
0,45,5,1.7703759E7,5263157.0,5.268191637227418
0,45,6,1.0740373E7,5263157.0,3.0977303892379227
0,45,7,1.6133589E7,5263157.0,4.864846639644298
0,45,8,7545695.0,5263157.0,1.5645292164655085
0,45,9,1.1541449E7,5263157.0,3.410140116095044
0,45,10,1.5611991E7,5263157.0,4.722119670301134
0,45,11,1.2943556E7,5263157.0,3.9080728179698623
0,45,12,9775892.0,5263157.0,2.6891006980257792
0,45,13,1.1636704E7,5263157.0,3.4458366220035677
0,45,14,1.2439548E7,5263157.0,3.735582750193571
0,45,15,1.1187486E7,5263157.0,3.2748617963186657
0,45,16,1.1114159E7,5263157.0,3.246302803264345
0,45,17,1.395647E7,5263157.0,4.2352926116584175
0,45,18,1.5885111E7,5263157.0,4.7974392866555124
0,46,0,1.4410741E7,6250000.0,3.6280629545722567
0,46,1,1.1231853E7,6250000.0,2.5457139352902947
0,46,2,1.3489617E7,6250000.0,3.3411960192398524
0,46,3,9134654.0,6250000.0,1.648120845648899
0,46,4,8753068.0,6250000.0,1.4628028504207813
0,46,5,1.3156451E7,6250000.0,3.2325873523289683
0,46,6,1.340882E7,6250000.0,3.315105435025267
0,46,7,1.6394095E7,6250000.0,4.188074300501907
0,46,8,1.5357586E7,6250000.0,3.9044293863325703
0,46,9,1.3519678E7,6250000.0,3.350863307342869
0,46,10,8507072.0,6250000.0,1.3390009114795178
0,46,11,1.3723636E7,6250000.0,3.415891731470366
0,46,12,1.5186005E7,6250000.0,3.8556352118952897
0,46,13,1.1394847E7,6250000.0,2.6082848088650734
0,46,14,1.1915511E7,6250000.0,2.8023265457730338
0,46,15,1.2046216E7,6250000.0,2.8497062886945512
0,47,0,1.5607234E7,6666666.0,3.6941724430619836
0,47,1,7576669.0,6666666.0,0.5556961723707023
0,47,2,1.5434246E7,6666666.0,3.6457672049257
0,47,3,1.2415565E7,6666666.0,2.7005779043523717
0,47,4,1.4915256E7,6666666.0,3.4972201431886445
0,47,5,1.0567549E7,6666666.0,2.000655727434889
0,47,6,8106904.0,6666666.0,0.8494633272245049
0,47,7,1.3612912E7,6666666.0,3.1004233953684794
0,47,8,1.4374599E7,6666666.0,3.3368704075001148
0,47,9,8134825.0,6666666.0,0.8643951712103113
0,47,10,1.3160194E7,6666666.0,2.9535359392936615
0,47,11,1.1713035E7,6666666.0,2.4476074349869776
0,47,12,1.5979738E7,6666666.0,3.7966095693199957
0,47,13,1.2758735E7,6666666.0,2.818989196795439
0,47,14,1.3926928E7,6666666.0,3.19946632851579
0,48,0,1.1660658E7,6250000.0,2.7084304060089206
0,48,1,1.3682933E7,6250000.0,3.402991830506023
0,48,2,1.4493741E7,6250000.0,3.6530047895957067
0,48,3,1.4572557E7,6250000.0,3.6765574537700454
0,48,4,1.3459766E7,6250000.0,3.3315749233644287
0,48,5,7942432.0,6250000.0,1.04073487911334
0,48,6,1.0743691E7,6250000.0,2.3527349172418663
0,48,7,8195259.0,6250000.0,1.1768266606498934
0,48,8,8890633.0,6250000.0,1.530526658556408
0,48,9,1.2538295E7,6250000.0,3.023584663248393
0,48,10,1.3932429E7,6250000.0,3.4814682121446703
0,48,11,8126919.0,6250000.0,1.1404591387075371
0,48,12,7929754.0,6250000.0,1.0337969732539585
0,48,13,1.0505506E7,6250000.0,2.25536957790617
0,48,14,1.3642618E7,6250000.0,3.390177014993978
0,48,15,1.2462373E7,6250000.0,2.9972072824402316
0,49,0,1.4251434E7,5555555.0,4.091311144178869
0,49,1,1.2015693E7,5555555.0,3.3502137214514693
0,49,2,1.3898616E7,5555555.0,3.982441046509959
0,49,3,1.6183659E7,5555555.0,4.643492675306419
0,49,4,1.0540065E7,5555555.0,2.781158376876789
0,49,5,1.2385657E7,5555555.0,3.481915973154713
0,49,6,1.7408656E7,5555555.0,4.960377921191014
0,49,7,1.5672412E7,5555555.0,4.504083885035262
0,49,8,1.2631816E7,5555555.0,3.567383394748349
0,49,9,1.2188612E7,5555555.0,3.412268009056843
0,49,10,8939129.0,5555555.0,2.0656775313159694
0,49,11,8733492.0,5555555.0,1.964604752967911
0,49,12,9562401.0,5555555.0,2.3583950044593127
0,49,13,1.3226562E7,5555555.0,3.767195205763115
0,49,14,1.366493E7,5555555.0,3.908799598492809
0,49,15,1.6327267E7,5555555.0,4.681860433641846
0,49,16,1.2167074E7,5555555.0,3.40458697967464
0,49,17,1.4408842E7,5555555.0,4.139016276660803
0,50,0,8109524.0,4545454.0,2.514180963669213
0,50,1,1.5181382E7,4545454.0,5.237340412331432
0,50,2,1.1903337E7,4545454.0,4.180914621894
0,50,3,8272444.0,4545454.0,2.6005656883915016
0,50,4,1.196807E7,4545454.0,4.204468536087378
0,50,5,1.3652151E7,4545454.0,4.776238160970418
0,50,6,8495225.0,4545454.0,2.7159761878703614
0,50,7,1.3521316E7,4545454.0,4.734416955286915
0,50,8,1.2570236E7,4545454.0,4.417661643653975
0,50,9,1.7630851E7,4545454.0,5.886960081231122
0,50,10,1.3812974E7,4545454.0,4.827099272827408
0,50,11,1.3491904E7,4545454.0,4.72495975296203
0,50,12,1.3216592E7,4545454.0,4.635422163472011
0,50,13,1.074657E7,4545454.0,3.736926048383386
0,50,14,1.2359625E7,4545454.0,4.344280270802034
0,50,15,1.4074008E7,4545454.0,4.908405264922794
0,50,16,1.1171689E7,4545454.0,3.9054157014697943
0,50,17,1.1546221E7,4545454.0,4.0486259877658
0,50,18,8182094.0,4545454.0,2.5528719752141233
0,50,19,8125558.0,4545454.0,2.5227592757305324
0,50,20,1.2994933E7,4545454.0,4.561967776206502
0,50,21,1.1499304E7,4545454.0,4.030942882384028
0,51,0,1.5882612E7,4166666.0,5.811332377472194
0,51,1,1.151819E7,4166666.0,4.415955494203104
0,51,2,1.3204503E7,4166666.0,5.009333707803309
0,51,3,1.1253139E7,4166666.0,4.3148499455504234
0,51,4,8268798.0,4166666.0,2.9765369379753097
0,51,5,1.1374787E7,4166666.0,4.361545841682529
0,51,6,1.3601944E7,4166666.0,5.138122936967554
0,51,7,1.1446372E7,4166666.0,4.388791673021124
0,51,8,9974055.0,4166666.0,3.790830699207206
0,51,9,1.1585647E7,4166666.0,4.441316031601783
0,51,10,1.2157313E7,4166666.0,4.650489093079373
0,51,11,1.2569557E7,4166666.0,4.795312829303689
0,51,12,1.3909022E7,4166666.0,5.235079052500453
0,51,13,1.115331E7,4166666.0,4.276150845386299
0,51,14,8183113.0,4166666.0,2.931298595564968
0,51,15,8078023.0,4166666.0,2.875163965713047
0,51,16,1.3254115E7,4166666.0,5.0256204564822005
0,51,17,1.2295858E7,4166666.0,4.699701502242065
0,51,18,1.4276117E7,4166666.0,5.348214097598918
0,51,19,1.2906619E7,4166666.0,4.910238011839762
0,51,20,1.1530038E7,4166666.0,4.42042049817202
0,51,21,1.3692332E7,4166666.0,5.166887321947997
0,51,22,1.1199567E7,4166666.0,4.294125434094619
0,51,23,1.12567E7,4166666.0,4.31622403148943
0,52,0,1.051106E7,4000000.0,4.195865238380215
0,52,1,9600819.0,4000000.0,3.802482908792373
0,52,2,1.2005061E7,4000000.0,4.773043798036169
0,52,3,1.2613198E7,4000000.0,4.987652219436108
0,52,4,1.2749855E7,4000000.0,5.034452543786423
0,52,5,1.1943682E7,4000000.0,4.750782404717463
0,52,6,1.2928922E7,4000000.0,5.095023240420922
0,52,7,8246723.0,4000000.0,3.1422141591955777
0,52,8,9207263.0,4000000.0,3.6207055736467817
0,52,9,1.6251997E7,4000000.0,6.088467421588282
0,52,10,1.2358535E7,4000000.0,4.899070005312244
0,52,11,1.2684579E7,4000000.0,5.0121606627542885
0,52,12,1.5211112E7,4000000.0,5.8010097274548835
0,52,13,1.7891819E7,4000000.0,6.505945047175468
0,52,14,1.1365435E7,4000000.0,4.535260712129446
0,52,15,1.1837145E7,4000000.0,4.7118697623961445
0,52,16,1.1827019E7,4000000.0,4.708153031737787
0,52,17,9381149.0,4000000.0,3.701960425521165
0,52,18,1.2259432E7,4000000.0,4.8641035773044
0,52,19,1.4837292E7,4000000.0,5.692946524199987
0,52,20,8649303.0,4000000.0,3.3492112013105317
0,52,21,1.6955012E7,4000000.0,6.272381101604829
0,52,22,8498822.0,4000000.0,3.272987421094183
0,52,23,8984523.0,4000000.0,3.5143503347073897
0,52,24,1.2474005E7,4000000.0,4.939459224669944
0,53,0,1.4323837E7,4166666.0,5.362706814551444
0,53,1,1.4942299E7,4166666.0,5.546287337249945
0,53,2,7083463.0,4166666.0,2.3045694093632254
0,53,3,1.2583261E7,4166666.0,4.800045159628576
0,53,4,1.4513587E7,4166666.0,5.419860717953615
0,53,5,7989600.0,4166666.0,2.827363480670021
0,53,6,1.6325897E7,4166666.0,5.930883634091259
0,53,7,1.2803585E7,4166666.0,4.87542900200121
0,53,8,1.3240327E7,4166666.0,5.021100223252109
0,53,9,1.1687426E7,4166666.0,4.479301853130225
0,53,10,1.1106634E7,4166666.0,4.257937718752263
0,53,11,1.435993E7,4166666.0,5.373636340654677
0,53,12,1.7587251E7,4166666.0,6.254092729511821
0,53,13,9858657.0,4166666.0,3.7402906820741966
0,53,14,1.203006E7,4166666.0,4.604791045904381
0,53,15,1.3571915E7,4166666.0,5.128524422229023
0,53,16,1.3800957E7,4166666.0,5.201205139339277
0,53,17,1.1733011E7,4166666.0,4.496207890329749
0,53,18,1.5148402E7,4166666.0,5.605781328696699
0,53,19,1.0900975E7,4166666.0,4.176766548442016
0,53,20,8145646.0,4166666.0,2.9113684344180495
0,53,21,7286121.0,4166666.0,2.4270769045652862
0,53,22,6793990.0,4166666.0,2.123362144998831
0,53,23,6488235.0,4166666.0,1.9233788257367839
0,54,0,7679907.0,4761904.0,2.0757532518597004
0,54,1,7052195.0,4761904.0,1.7054367667605126
0,54,2,1.4487629E7,4761904.0,4.832166802324695
0,54,3,1.2105645E7,4761904.0,4.052072982282996
0,54,4,8606750.0,4761904.0,2.5705855243158164
0,54,5,1.1539153E7,4761904.0,3.843932960107494
0,54,6,1.1113356E7,4761904.0,3.68064590776049
0,54,7,1.0843972E7,4761904.0,3.5740775174797084
0,54,8,1.2963299E7,4761904.0,4.349349024202233
0,54,9,1.2584204E7,4761904.0,4.2204511415383426
0,54,10,1.7017624E7,4761904.0,5.531182880235811
0,54,11,1.2231975E7,4761904.0,4.097159490048721
0,54,12,1.3839772E7,4761904.0,4.633482997205741
0,54,13,1.6358381E7,4761904.0,5.359596832654341
0,54,14,1.259361E7,4761904.0,4.223696041263807
0,54,15,9045549.0,4761904.0,2.78654294779505
0,54,16,1.2716183E7,4761904.0,4.265761334888097
0,54,17,1.2248217E7,4761904.0,4.102922363158622
0,54,18,1.3826434E7,4761904.0,4.629295491157092
0,54,19,1.2469903E7,4761904.0,4.180824394535068
0,54,20,7874899.0,4761904.0,2.1846435664789157
0,55,0,8161904.0,5555555.0,1.6706403084510617
0,55,1,8971176.0,5555555.0,2.081219254491264
0,55,2,9164037.0,5555555.0,2.1735938252713414
0,55,3,1.3434291E7,5555555.0,3.834872998443562
0,55,4,1.2817867E7,5555555.0,3.630883095032446
0,55,5,8036591.0,5555555.0,1.6034441521039453
0,55,6,1.3696213E7,5555555.0,3.918730499550091
0,55,7,1.1135983E7,5555555.0,3.020011078132674
0,55,8,9960084.0,5555555.0,2.535355496655562
0,55,9,1.1231708E7,5555555.0,3.057183527525013
0,55,10,1.2288948E7,5555555.0,3.4478725506851875
0,55,11,8699263.0,5555555.0,1.947550093592911
0,55,12,1.1756809E7,5555555.0,3.255620112810156
0,55,13,1.7035146E7,5555555.0,4.866184085806292
0,55,14,1.2619818E7,5555555.0,3.5632564019478137
0,55,15,1.3828642E7,5555555.0,3.960520821587799
0,55,16,1.4312252E7,5555555.0,4.109805229091456
0,55,17,1.5413635E7,5555555.0,4.431776190668287
0,56,0,1.3393526E7,6250000.0,3.310149077453331
0,56,1,9227540.0,6250000.0,1.6920591912905156
0,56,2,1.0797221E7,6250000.0,2.3743197335870434
0,56,3,1.5176069E7,6250000.0,3.8527927511818145
0,56,4,1.1709027E7,6250000.0,2.7264079010337205
0,56,5,1.4387822E7,6250000.0,3.62115038929451
0,56,6,9706902.0,6250000.0,1.9120062770457846
0,56,7,1.1076083E7,6250000.0,2.4850618418115347
0,56,8,1.3421991E7,6250000.0,3.319369259238864
0,56,9,8045923.0,6250000.0,1.0969585468496295
0,56,10,8636252.0,6250000.0,1.4044528892264543
0,56,11,1.3212206E7,6250000.0,3.250953190926355
0,56,12,9401500.0,6250000.0,1.7731713303771393
0,56,13,1.1804953E7,6250000.0,2.7618424498288716
0,56,14,1.0539884E7,6250000.0,2.269558137945848
0,56,15,1.2681797E7,6250000.0,3.0730077972596277
0,57,0,1.5420187E7,6666666.0,3.6418094290406975
0,57,1,1.6163758E7,6666666.0,3.8463364214912383
0,57,2,1.0266201E7,6666666.0,1.8750106546231153
0,57,3,1.3579896E7,6666666.0,3.089877464503016
0,57,4,1.1874564E7,6666666.0,2.5070897502453633
0,57,5,1.410623E7,6666666.0,3.255022631589284
0,57,6,1.1573127E7,6666666.0,2.3954202145077867
0,57,7,1.1996753E7,6666666.0,2.5515501978281714
0,57,8,1.2924967E7,6666666.0,2.875207454127211
0,57,9,1.315183E7,6666666.0,2.9507748904522755
0,57,10,1.4479034E7,6666666.0,3.3683089041918235
0,57,11,1.2462883E7,6666666.0,2.717098204231551
0,57,12,1.4345838E7,6666666.0,3.328172247531746
0,57,13,1.2288299E7,6666666.0,2.6558307259365126
0,57,14,1.2426152E7,6666666.0,2.7042796420046256
0,58,0,8170767.0,6250000.0,1.1638280886186467
0,58,1,1.4167748E7,6250000.0,3.5542080616383585
0,58,2,7847124.0,6250000.0,0.9883049802675357
0,58,3,1.213102E7,6250000.0,2.880173013912273
0,58,4,1.3367453E7,6250000.0,3.301686484504438
0,58,5,1.2229318E7,6250000.0,2.9152222079643115
0,58,6,1.4358303E7,6250000.0,3.61223096567307
0,58,7,1.3594339E7,6250000.0,3.374780783137931
0,58,8,1.0085102E7,6250000.0,2.07800277650236
0,58,9,1.0433307E7,6250000.0,2.2254196933870545
0,58,10,7756523.0,6250000.0,0.9378706727562759
0,58,11,8797185.0,6250000.0,1.4846370769870256
0,58,12,8402353.0,6250000.0,1.2852090583882139
0,58,13,1.2591508E7,6250000.0,3.041977283999831
0,58,14,1.2826508E7,6250000.0,3.122284190189818
0,58,15,1.2342272E7,6250000.0,2.955150958570772
0,59,0,1.2279111E7,5263157.0,3.679206000758039
0,59,1,1.5248623E7,5263157.0,4.619843020393086
0,59,2,1.2730241E7,5263157.0,3.835903002731127
0,59,3,1.7593321E7,5263157.0,5.241015014966885
0,59,4,1.7706188E7,5263157.0,5.268787459242175
0,59,5,8567005.0,5263157.0,2.1158269515307677
0,59,6,1.5965388E7,5263157.0,4.819331522597635
0,59,7,8456027.0,5263157.0,2.05920035781923
0,59,8,8926354.0,5263157.0,2.2942778081396504
0,59,9,8058838.0,5263157.0,1.8502610038837766
0,59,10,1.4585426E7,5263157.0,4.42672792967934
0,59,11,1.0487656E7,5263157.0,2.9943210863732217
0,59,12,1.2826696E7,5263157.0,3.8686847661691823
0,59,13,1.1144879E7,5263157.0,3.2582903248766204
0,59,14,1.491834E7,5263157.0,4.524741756039824
0,59,15,1.2006503E7,5263157.0,3.581702085011082
0,59,16,1.3473988E7,5263157.0,4.082498310149268
0,59,17,1.2856949E7,5263157.0,3.8789159596291034
0,59,18,1.4731137E7,5263157.0,4.469899432663371
0,60,0,1.1476555E7,4545454.0,4.022342752658857
0,60,1,1.3505388E7,4545454.0,4.729297986056614
0,60,2,1.353162E7,4545454.0,4.737725262051052
0,60,3,1.2798871E7,4545454.0,4.495943947654818
0,60,4,1.5271067E7,4545454.0,5.262921155095576
0,60,5,1.2759612E7,4545454.0,4.482602013022394
0,60,6,7833888.0,4545454.0,2.3640009114637177
0,60,7,1.0869516E7,4545454.0,3.7863293910212574
0,60,8,1.4428393E7,4545454.0,5.016406960409637
0,60,9,1.1039307E7,4545454.0,3.853645440551443
0,60,10,1.2166397E7,4545454.0,4.275847166982065
0,60,11,1.3868549E7,4545454.0,4.844537582316343
0,60,12,8272632.0,4545454.0,2.600664385263733
0,60,13,8682503.0,4545454.0,2.81067674978881
0,60,14,1.4677358E7,4545454.0,5.090706203102087
0,60,15,1.2913711E7,4545454.0,4.534737959033191
0,60,16,1.3513549E7,4545454.0,4.731921536623831
0,60,17,1.1168771E7,4545454.0,3.9042811936705806
0,60,18,1.1948413E7,4545454.0,4.197329586306954
0,60,19,1.265344E7,4545454.0,4.446313430281567
0,60,20,1.1979003E7,4545454.0,4.20843406615491
0,60,21,1.5211833E7,4545454.0,5.24604281890043
0,61,0,8320014.0,4166666.0,3.0033536827282177
0,61,1,1.5031296E7,4166666.0,5.572077383181413
0,61,2,1.6045304E7,4166666.0,5.855592610049346
0,61,3,1.5351447E7,4166666.0,5.663606287642021
0,61,4,1.5727974E7,4166666.0,5.768840937527948
0,61,5,1.2274521E7,4166666.0,4.692158644486598
0,61,6,1.278671E7,4166666.0,4.869701267761015
0,61,7,1.2724861E7,4166666.0,4.848643582183155
0,61,8,1.4632495E7,4166666.0,5.455296955842783
0,61,9,1.3843655E7,4166666.0,5.214620788315649
0,61,10,1.8210756E7,4166666.0,6.405392866374246
0,61,11,1.6159247E7,4166666.0,5.886324305479275
0,61,12,1.3141453E7,4166666.0,4.988546973506219
0,61,13,1.4583121E7,4166666.0,5.440617904637075
0,61,14,1.2414184E7,4166666.0,4.741294893024378
0,61,15,1.3692831E7,4166666.0,5.167045592283284
0,61,16,1.3214504E7,4166666.0,5.012621779395846
0,61,17,1.2739047E7,4166666.0,4.853482511194091
0,61,18,1.1858651E7,4166666.0,4.542465991664553
0,61,19,1.4451269E7,4166666.0,5.401172963881304
0,61,20,8344350.0,4166666.0,3.0160382328556024
0,61,21,1.2378181E7,4166666.0,4.7286814007471145
0,61,22,1.7099891E7,4166666.0,6.132046532722041
0,61,23,1.4228815E7,4166666.0,5.3338004400328956
0,62,0,1.4614063E7,4000000.0,5.627109838923612
0,62,1,1.2595265E7,4000000.0,4.981473180073198
0,62,2,1.5245617E7,4000000.0,5.81085013908236
0,62,3,1.1987176E7,4000000.0,4.766568905138437
0,62,4,1.2839149E7,4000000.0,5.064762476033014
0,62,5,1.1428145E7,4000000.0,4.559157507345436
0,62,6,8112847.0,4000000.0,3.0711329437720596
0,62,7,8109792.0,4000000.0,3.069497242382294
0,62,8,9306618.0,4000000.0,3.667318968734076
0,62,9,9661903.0,4000000.0,3.830026817753219
0,62,10,1.453391E7,4000000.0,5.6032247520600995
0,62,11,1.3047866E7,4000000.0,5.134794965755473
0,62,12,1.1727004E7,4000000.0,4.671270819588181
0,62,13,1.3907541E7,4000000.0,5.411903576046955
0,62,14,8896924.0,4000000.0,3.4717988939185944
0,62,15,1.1585998E7,4000000.0,4.618734578662309
0,62,16,1.3469871E7,4000000.0,5.273034452074632
0,62,17,1.3221826E7,4000000.0,5.192314461939215
0,62,18,1.690095E7,4000000.0,6.258511256029932
0,62,19,8352699.0,4000000.0,3.197668400127211
0,62,20,9829062.0,4000000.0,3.904520832019105
0,62,21,1.5743889E7,4000000.0,5.950520278400059
0,62,22,1.0799422E7,4000000.0,4.313405207397328
0,62,23,1.4949428E7,4000000.0,5.725645845300724
0,62,24,1.0277303E7,4000000.0,4.098191694508256
0,63,0,9140378.0,4166666.0,3.411754675364582
0,63,1,1.2295112E7,4166666.0,4.699438004150205
0,63,2,1.4960714E7,4166666.0,5.551636319237306
0,63,3,1.397017E7,4166666.0,5.254130021813937
0,63,4,1.1701335E7,4166666.0,4.484467242319404
0,63,5,1.4339842E7,4166666.0,5.367556773906099
0,63,6,1.4840258E7,4166666.0,5.516527624788219
0,63,7,1.3565131E7,4166666.0,5.126353033473881
0,63,8,1.5553257E7,4166666.0,5.720326594820121
0,63,9,1.2518899E7,4166666.0,4.777774468422884
0,63,10,1.4816474E7,4166666.0,5.509561744547561
0,63,11,1.7192334E7,4166666.0,6.155461509173379
0,63,12,9070196.0,4166666.0,3.3782798313189333
0,63,13,1.6447376E7,4166666.0,5.963079320488449
0,63,14,1.2083317E7,4166666.0,4.623974803393478
0,63,15,1.5872037E7,4166666.0,5.808439784128834
0,63,16,1.6856389E7,4166666.0,6.069758562598605
0,63,17,9903408.0,4166666.0,3.7599598265490193
0,63,18,8800208.0,4166666.0,3.2470424836988343
0,63,19,1.3069702E7,4166666.0,4.964769966192856
0,63,20,1.2526677E7,4166666.0,4.78047190495925
0,63,21,1.4711004E7,4166666.0,5.478536247678834
0,63,22,1.4830196E7,4166666.0,5.513582020218481
0,63,23,1.5276276E7,4166666.0,5.6422880746941075
0,64,0,1.2917904E7,4761904.0,4.334114169606715
0,64,1,1.0464127E7,4761904.0,3.4192236613629685
0,64,2,1.2531906E7,4761904.0,4.202364928633296
0,64,3,1.2046946E7,4761904.0,4.030963278579048
0,64,4,1.1529537E7,4761904.0,3.8403123158664365
0,64,5,1.2413488E7,4761904.0,4.161131929649331
0,64,6,9611771.0,4761904.0,3.0502277943019496
0,64,7,1.0918254E7,4761904.0,3.6037255764539635
0,64,8,1.3987204E7,4761904.0,4.679502732282726
0,64,9,1.1479984E7,4761904.0,3.8216064699409835
0,64,10,1.3391961E7,4761904.0,4.4906354012191
0,64,11,1.2869144E7,4761904.0,4.317690246887509
0,64,12,1.3948517E7,4761904.0,4.667474002927755
0,64,13,1.2052268E7,4761904.0,4.032881445097061
0,64,14,1.2822026E7,4761904.0,4.301760174149163
0,64,15,1.4490291E7,4761904.0,4.832964714606928
0,64,16,1.2675682E7,4761904.0,4.251906995533165
0,64,17,1.1803215E7,4761904.0,3.942196822545792
0,64,18,1.2451372E7,4761904.0,4.174365726166442
0,64,19,1.3178464E7,4761904.0,4.420841587584084
0,64,20,1.3235843E7,4761904.0,4.439709712553935
0,65,0,1.5490184E7,5555555.0,4.453291250853816
0,65,1,1.1456405E7,5555555.0,3.143209066875431
0,65,2,8352841.0,5555555.0,1.7710676303093522
0,65,3,1.1224746E7,5555555.0,3.0544907085431037
0,65,4,1.3290097E7,5555555.0,3.788006992581077
0,65,5,1.4109648E7,5555555.0,4.047887278743123
0,65,6,1.3044792E7,5555555.0,3.7070970717233704
0,65,7,1.3588587E7,5555555.0,3.8844684779599143
0,65,8,1.3218704E7,5555555.0,3.7646142628153423
0,65,9,1.2494709E7,5555555.0,3.5199869445613716
0,65,10,1.2136283E7,5555555.0,3.393582435284199
0,65,11,7779414.0,5555555.0,1.4621943264951636
0,65,12,9044005.0,5555555.0,2.116333423068978
0,65,13,1.8579698E7,5555555.0,5.243111990946065
0,65,14,1.5699844E7,5555555.0,4.511678856378009
0,65,15,1.2612636E7,5555555.0,3.56078410729644
0,65,16,1.2044145E7,5555555.0,3.3604852389563096
0,65,17,1.4231021E7,5555555.0,4.085086080519896
0,66,0,1.2346114E7,6250000.0,2.956502654394826
0,66,1,1.3835712E7,6250000.0,3.451214959496393
0,66,2,1.3190167E7,6250000.0,3.2437027681634194
0,66,3,1.1581348E7,6250000.0,2.678790942830986
0,66,4,1.0783282E7,6250000.0,2.3687094550637857
0,66,5,1.1667877E7,6250000.0,2.71111824900029
0,66,6,1.1281681E7,6250000.0,2.5649379813939808
0,66,7,1.1648489E7,6250000.0,2.7038957655689004
0,66,8,1.2688959E7,6250000.0,3.07545976767944
0,66,9,1.4174862E7,6250000.0,3.556388221481889
0,66,10,1.2490638E7,6250000.0,3.0070460460115362
0,66,11,1.1801074E7,6250000.0,2.7604151632206975
0,66,12,1.2181527E7,6250000.0,2.8982171480391883
0,66,13,1.6618218E7,6250000.0,4.247044344590552
0,66,14,1.3954078E7,6250000.0,3.4882112890940604
0,66,15,1.3501128E7,6250000.0,3.3449003735170537
0,67,0,1.3710797E7,6666666.0,3.131540032733054
0,67,1,1.1885233E7,6666666.0,2.5109900261095444
0,67,2,1.3835491E7,6666666.0,3.170858786694979
0,67,3,1.3483887E7,6666666.0,3.059064067996482
0,67,4,1.3889285E7,6666666.0,3.187711919558649
0,67,5,9614088.0,6666666.0,1.589993954950988
0,67,6,9013747.0,6666666.0,1.3099666651009172
0,67,7,1.1455753E7,6666666.0,2.3511494363139573
0,67,8,9371659.0,6666666.0,1.4790778032804646
0,67,9,1.4242457E7,6666666.0,3.2967621941912126
0,67,10,1.3617354E7,6666666.0,3.1018403011788935
0,67,11,8310802.0,6666666.0,0.9573423810656029
0,67,12,7980236.0,6666666.0,0.781070374426519
0,67,13,8387353.0,6666666.0,0.997162241154391
0,67,14,1.2625816E7,6666666.0,2.7735075841208
0,68,0,1.2601917E7,6250000.0,3.04556597550911
0,68,1,1.6410045E7,6250000.0,4.1922975464289305
0,68,2,7565373.0,6250000.0,0.8295032781728433
0,68,3,9547640.0,6250000.0,1.840160179423581
0,68,4,9124789.0,6250000.0,1.6434281335209053
0,68,5,1.4583213E7,6250000.0,3.6797320172991324
0,68,6,1.2501845E7,6250000.0,3.0109409279925794
0,68,7,1.1832306E7,6250000.0,2.7718937525336744
0,68,8,1.2931213E7,6250000.0,3.1575924802338995
0,68,9,1.2438298E7,6250000.0,2.9888094019897506
0,68,10,1.3545746E7,6250000.0,3.359229104276233
0,68,11,1.0585964E7,6250000.0,2.2885039539563135
0,68,12,9211297.0,6250000.0,1.6844076814970632
0,68,13,1.5844666E7,6250000.0,4.04003071503431
0,68,14,1.6213234E7,6250000.0,4.139896334247883
0,68,15,1.5756699E7,6250000.0,4.015852214285463
0,69,0,1.6645741E7,5263157.0,5.00056807711937
0,69,1,1.3730877E7,5263157.0,4.164519515751485
0,69,2,1.3790601E7,5263157.0,4.1833686810131825
0,69,3,1.3421007E7,5263157.0,4.065387776602747
0,69,4,1.4054846E7,5263157.0,4.2657976615527
0,69,5,1.2951985E7,5263157.0,3.910900075618
0,69,6,8447176.0,5263157.0,2.0546521774410555
0,69,7,1.2994522E7,5263157.0,3.925139835079297
0,69,8,1.3369156E7,5263157.0,4.048576657313039
0,69,9,1.1435475E7,5263157.0,3.370078835677695
0,69,10,1.362185E7,5263157.0,4.129897684265243
0,69,11,1.2929899E7,5263157.0,3.9034880724921623
0,69,12,1.5433907E7,5263157.0,4.672295537790853
0,69,13,1.2823126E7,5263157.0,3.8674758444773234
0,69,14,1.3341827E7,5263157.0,4.0396897975240105
0,69,15,1.4469424E7,5263157.0,4.392049178162002
0,69,16,1.6427605E7,5263157.0,4.943279265258255
0,69,17,1.2516245E7,5263157.0,3.762277304640416
0,69,18,8796665.0,5263157.0,2.230717279993657
0,70,0,8879511.0,4545454.0,2.9081178251691226
0,70,1,1.3045966E7,4545454.0,4.578989752804144
0,70,2,1.2884288E7,4545454.0,4.524831568943339
0,70,3,1.2479348E7,4545454.0,4.386146285885111
0,70,4,1.3150348E7,4545454.0,4.613599787275775
0,70,5,1.2653247E7,4545454.0,4.4462471878413705
0,70,6,1.6584799E7,4545454.0,5.621329453791299
0,70,7,1.147896E7,4545454.0,4.023252754662994
0,70,8,1.1746322E7,4545454.0,4.1232463485112705
0,70,9,1.2994313E7,4545454.0,4.561760565440302
0,70,10,8062315.0,4545454.0,2.4888249525982356
0,70,11,1.1875926E7,4545454.0,4.17090215740656
0,70,12,1.1587499E7,4545454.0,4.064124426105321
0,70,13,1.186918E7,4545454.0,4.168434490466061
0,70,14,1.4996257E7,4545454.0,5.18405607520179
0,70,15,9585194.0,4545454.0,3.2402364016486396
0,70,16,1.4753233E7,4545454.0,5.113099342826088
0,70,17,1.5136145E7,4545454.0,5.2243801243383805
0,70,18,1.3216575E7,4545454.0,4.635416577303549
0,70,19,1.3428894E7,4545454.0,4.704629787055661
0,70,20,1.3401444E7,4545454.0,4.695743288728496
0,70,21,1.5260175E7,4545454.0,5.259822469691578
0,71,0,1.1379344E7,4166666.0,4.36328537634592
0,71,1,1.1564025E7,4166666.0,4.433203330896277
0,71,2,1.1253659E7,4166666.0,4.315050625478888
0,71,3,1.3195254E7,4166666.0,5.006290657196847
0,71,4,1.3486787E7,4166666.0,5.101198098423875
0,71,5,1.4251968E7,4166666.0,5.340861497556871
0,71,6,1.53577E7,4166666.0,5.665374909501086
0,71,7,1.7438041E7,4166666.0,6.2170900563260565
0,71,8,1.7660041E7,4166666.0,6.272030187105553
0,71,9,1.1769696E7,4166666.0,4.509765567755933
0,71,10,8338447.0,4166666.0,3.0129648388274126
0,71,11,1.3512933E7,4166666.0,5.109609346446662
0,71,12,1.4805549E7,4166666.0,5.506358271624782
0,71,13,1.3030983E7,4166666.0,4.95188489411171
0,71,14,1.7322949E7,4166666.0,6.188331379913156
0,71,15,1.3263595E7,4166666.0,5.028725635522048
0,71,16,8662863.0,4166666.0,3.1787275744415067
0,71,17,7981345.0,4166666.0,2.822873951381206
0,71,18,7684780.0,4166666.0,2.6584275022334953
0,71,19,1.1370899E7,4166666.0,4.360061132043888
0,71,20,1.4835298E7,4166666.0,5.5150758571109435
0,71,21,1.3455806E7,4166666.0,5.091210282274133
0,71,22,9481207.0,4166666.0,3.5707493968364705
0,71,23,9795300.0,4166666.0,3.7122905284131487
0,72,0,9355551.0,4000000.0,3.6900937925875072
0,72,1,1.2546837E7,4000000.0,4.964742646420749
0,72,2,7871492.0,4000000.0,2.9399706707350526
0,72,3,1.2867508E7,4000000.0,5.074344556043303
0,72,4,1.4766132E7,4000000.0,5.672067550973282
0,72,5,1.3605698E7,4000000.0,5.316608355502139
0,72,6,1.4251015E7,4000000.0,5.517858058727697
0,72,7,1.2126401E7,4000000.0,4.816719342077781
0,72,8,1.0759753E7,4000000.0,4.297423104886283
0,72,9,1.3659216E7,4000000.0,5.333657814695929
0,72,10,1.4918056E7,4000000.0,5.716522417631421
0,72,11,1.2811217E7,4000000.0,5.055303961278525
0,72,12,1.3055907E7,4000000.0,5.137470565209574
0,72,13,1.2694444E7,4000000.0,5.015536927695418
0,72,14,1.2749313E7,4000000.0,5.034267920029894
0,72,15,1.2268971E7,4000000.0,4.867481485985797
0,72,16,1.1237685E7,4000000.0,4.4861686303003605
0,72,17,1.0643389E7,4000000.0,4.250199439289893
0,72,18,1.167026E7,4000000.0,4.650205404078499
0,72,19,1.5673796E7,4000000.0,5.93114198644399
0,72,20,1.5968728E7,4000000.0,6.01210332162919
0,72,21,1.3977312E7,4000000.0,5.433636682211213
0,72,22,1.5403151E7,4000000.0,5.855495815819298
0,72,23,1.470598E7,4000000.0,5.654339796715872
0,72,24,1.217786E7,4000000.0,4.835109856514251
0,73,0,1.6012183E7,4166666.0,5.846618561239289
0,73,1,1.5578352E7,4166666.0,5.727328238958693
0,73,2,1.2676295E7,4166666.0,4.832036486419992
0,73,3,1.4811488E7,4166666.0,5.50810002247082
0,73,4,9600968.0,4166666.0,3.625263333908897
0,73,5,1.4584982E7,4166666.0,5.441172086739297
0,73,6,1.3147715E7,4166666.0,4.990615926085557
0,73,7,1.5250063E7,4166666.0,5.634829490124083
0,73,8,1.3521499E7,4166666.0,5.11236151572211
0,73,9,9855322.0,4166666.0,3.7388212962024108
0,73,10,1.1785047E7,4166666.0,4.515426300743404
0,73,11,1.2218095E7,4166666.0,4.672148088006928
0,73,12,1.285091E7,4166666.0,4.891451932617966
0,73,13,1.1249328E7,4166666.0,4.3133789101422995
0,73,14,8532899.0,4166666.0,3.1130791631780026
0,73,15,8885463.0,4166666.0,3.2889137396539248
0,73,16,1.3936395E7,4166666.0,5.243617582688361
0,73,17,1.3929865E7,4166666.0,5.2415821871823
0,73,18,1.0911482E7,4166666.0,4.1809505176980135
0,73,19,8617681.0,4166666.0,3.1560172500493504
0,73,20,1.5475007E7,4166666.0,5.6984216534068635
0,73,21,1.5608795E7,4166666.0,5.735806879926946
0,73,22,9812509.0,4166666.0,3.7199137928564725
0,73,23,1.0195201E7,4166666.0,3.886071035816818
0,74,0,1.4407861E7,4761904.0,4.808188741918624
0,74,1,1.0047969E7,4761904.0,3.2429765073063304
0,74,2,1.6666803E7,4761904.0,5.440716663517305
0,74,3,8934569.0,4761904.0,2.732929713776022
0,74,4,1.2433695E7,4761904.0,4.168195740891452
0,74,5,8963858.0,4761904.0,2.747143323088652
0,74,6,8578512.0,4761904.0,2.5563132733404856
0,74,7,1.2409884E7,4761904.0,4.159870862197434
0,74,8,1.2611579E7,4761904.0,4.229888289111972
0,74,9,1.43382E7,4761904.0,4.787139981794558
0,74,10,1.2230334E7,4761904.0,4.096576816315124
0,74,11,1.2951471E7,4761904.0,4.345384616654993
0,74,12,1.1111641E7,4761904.0,3.6799756579170895
0,74,13,1.3389996E7,4761904.0,4.489998114960691
0,74,14,1.4336824E7,4761904.0,4.7867231806036985
0,74,15,1.5041467E7,4761904.0,4.995095594484175
0,74,16,1.6957985E7,4761904.0,5.515936109996252
0,74,17,8342577.0,4761904.0,2.435195880010675
0,74,18,8390697.0,4761904.0,2.4601740260409652
0,74,19,7898117.0,4761904.0,2.197429271589213
0,74,20,7711044.0,4761904.0,2.0933254548140545
0,75,0,8900647.0,5555555.0,2.046941257750655
0,75,1,1.3544834E7,5555555.0,3.8704623539727274
0,75,2,8409595.0,5555555.0,1.8004762952680982
0,75,3,9318751.0,5555555.0,2.2463025593419466
0,75,4,1.3842573E7,5555555.0,3.96489371012092
0,75,5,1.2841283E7,5555555.0,3.6388096572227653
0,75,6,1.1684756E7,5555555.0,3.228921964582651
0,75,7,1.2115555E7,5555555.0,3.38615862005591
0,75,8,1.3036497E7,5555555.0,3.7043345757065103
0,75,9,1.2770263E7,5555555.0,3.614723900618392
0,75,10,1.4328609E7,5555555.0,4.114765803155777
0,75,11,1.309113E7,5555555.0,3.722496841273278
0,75,12,1.4719203E7,5555555.0,4.231568434477607
0,75,13,1.2796846E7,5555555.0,3.623754921194566
0,75,14,1.51161E7,5555555.0,4.347123048463056
0,75,15,1.2501024E7,5555555.0,3.5221813748759945
0,75,16,1.3625922E7,5555555.0,3.896384470751823
0,75,17,1.3837366E7,5555555.0,3.96325976765165
0,76,0,1.192301E7,6250000.0,2.805058908596399
0,76,1,1.5478737E7,6250000.0,3.9385550384076673
0,76,2,1.1159211E7,6250000.0,2.5175347201917098
0,76,3,1.6401638E7,6250000.0,4.190072050230361
0,76,4,1.4520354E7,6250000.0,3.660971870621841
0,76,5,1.3101866E7,6250000.0,3.2145313600568706
0,76,6,1.2750488E7,6250000.0,3.0964678951620495
0,76,7,8920136.0,6250000.0,1.5449145851178763
0,76,8,1.2194659E7,6250000.0,2.9028964327214437
0,76,9,8848233.0,6250000.0,1.5097653301821468
0,76,10,1.2661055E7,6250000.0,3.0658987803620312
0,76,11,1.3687616E7,6250000.0,3.4044779542067922
0,76,12,1.3910887E7,6250000.0,3.474748054534219
0,76,13,1.3428014E7,6250000.0,3.3213176802602957
0,76,14,1.2008182E7,6250000.0,2.8359724425262387
0,76,15,1.4083475E7,6250000.0,3.5282980984271854
0,77,0,1.1937373E7,6666666.0,2.5300006670477977
0,77,1,1.3428133E7,6666666.0,3.041069365862809
0,77,2,1.2481154E7,6666666.0,2.723460442948536
0,77,3,1.3854865E7,6666666.0,3.1769360091513272
0,77,4,1.7049575E7,6666666.0,4.0780486015644755
0,77,5,9097717.0,6666666.0,1.3502372571879662
0,77,6,9223400.0,6666666.0,1.4098234599505401
0,77,7,1.272255E7,6666666.0,2.80665468824052
0,77,8,1.1879093E7,6666666.0,2.5087458486999075
0,77,9,1.2440726E7,6666666.0,2.7093702758219917
0,77,10,9487079.0,6666666.0,1.5322381950106434
0,77,11,1.567779E7,6666666.0,3.713761453711992
0,77,12,1.2473583E7,6666666.0,2.720825236956686
0,77,13,1.2943835E7,6666666.0,2.8815427067126427
0,77,14,1.4865934E7,6666666.0,3.4828350282752067
0,78,0,1.5525992E7,5882352.0,4.215083489161136
0,78,1,1.5927162E7,5882352.0,4.325873882897033
0,78,2,1.239202E7,5882352.0,3.235910965431624
0,78,3,8142549.0,5882352.0,1.4120937159516367
0,78,4,7782873.0,5882352.0,1.2158893460605908
0,78,5,1.253593E7,5882352.0,3.2860554925424785
0,78,6,1.2632303E7,5882352.0,3.319315250323398
0,78,7,1.173127E7,5882352.0,2.997940212363362
0,78,8,1.3425799E7,5882352.0,3.583891318638365
0,78,9,1.2699971E7,5882352.0,3.3425172012416016
0,78,10,1.591499E7,5882352.0,4.322553609385867
0,78,11,1.3608554E7,5882352.0,3.642609718230507
0,78,12,1.2150447E7,5882352.0,3.1504124625342893
0,78,13,1.2695229E7,5882352.0,3.340895300679983
0,78,14,1.5976254E7,5882352.0,4.339239474552276
0,78,15,1.6130282E7,5882352.0,4.380909509371437
0,78,16,1.4603324E7,5882352.0,3.949007117560168
0,79,0,1.3589542E7,5263157.0,4.11958495001448
0,79,1,1.1732683E7,5263157.0,3.481510116090765
0,79,2,1.1787842E7,5263157.0,3.501879808725587
0,79,3,8484355.0,5263157.0,2.0737250663538545
0,79,4,1.3185479E7,5263157.0,3.9884958618032136
0,79,5,1.323247E7,5263157.0,4.00394592836399
0,79,6,1.3313479E7,5263157.0,4.030452323668301
0,79,7,1.4755075E7,5263157.0,4.476950961419768
0,79,8,1.1662024E7,5263157.0,3.4552760563029983
0,79,9,1.3075422E7,5263157.0,3.95209389095734
0,79,10,1.383766E7,5263157.0,4.1981633029319045
0,79,11,7237972.0,5263157.0,1.383705734958052
0,79,12,1.4502784E7,5263157.0,4.402050535545061
0,79,13,1.2408286E7,5263157.0,3.7246546980688287
0,79,14,1.4740129E7,5263157.0,4.472549591026065
0,79,15,1.1575291E7,5263157.0,3.4228559266775993
0,79,16,9333924.0,5263157.0,2.488179351722958
0,79,17,9231113.0,5263157.0,2.440077420728523
0,79,18,1.6209445E7,5263157.0,4.885218199482649
0,80,0,1.8366833E7,4545454.0,6.064570101361882
0,80,1,8034284.0,4545454.0,2.4736991226908462
0,80,2,8484544.0,4545454.0,2.7105123915453992
0,80,3,1.5257315E7,4545454.0,5.259008456336036
0,80,4,1.3141639E7,4545454.0,4.610722659136904
0,80,5,1.5481932E7,4545454.0,5.3224788854693
0,80,6,9577408.0,4545454.0,3.2367072180626346
0,80,7,1.1480337E7,4545454.0,4.0237736970091795
0,80,8,1.3331833E7,4545454.0,4.673125978095733
0,80,9,8977793.0,4545454.0,2.95592320637828
0,80,10,1.3674495E7,4545454.0,4.7833402971537105
0,80,11,1.2274927E7,4545454.0,4.314416509552458
0,80,12,1.3542348E7,4545454.0,4.741167026808774
0,80,13,1.37433E7,4545454.0,4.80513759672145
0,80,14,9454322.0,4545454.0,3.1805312257375977
0,80,15,1.1962464E7,4545454.0,4.202433767527607
0,80,16,1.5350684E7,4545454.0,5.285504645948789
0,80,17,1.5264734E7,4545454.0,5.261119737151224
0,80,18,7954001.0,4545454.0,2.4300837418826995
0,80,19,1.4104456E7,4545454.0,4.917790732868392
0,80,20,1.4436355E7,4545454.0,5.018802860593913
0,80,21,1.1035471E7,4545454.0,3.8521360675925393
0,81,0,9502896.0,4000000.0,3.7579598502994016
0,81,1,1.0876721E7,4000000.0,4.344379972107906
0,81,2,1.2579715E7,4000000.0,4.976108107248956
0,81,3,1.112164E7,4000000.0,4.441088418204119
0,81,4,1.187896E7,4000000.0,4.727184286074281
0,81,5,1.3434572E7,4000000.0,5.261638438625807
0,81,6,1.2492699E7,4000000.0,4.945962848505847
0,81,7,1.3788667E7,4000000.0,5.374622920686017
0,81,8,1.2646695E7,4000000.0,4.999170534884035
0,81,9,8614625.0,4000000.0,3.331763857578411
0,81,10,1.1259061E7,4000000.0,4.494421807572322
0,81,11,1.4134158E7,4000000.0,5.4820995047914165
0,81,12,1.1591042E7,4000000.0,4.620624881652945
0,81,13,8107817.0,4000000.0,3.0684394642523625
0,81,14,1.4049422E7,4000000.0,5.4559846619612165
0,81,15,1.2681335E7,4000000.0,5.011049840327803
0,81,16,1.4211329E7,4000000.0,5.505747023896324
0,81,17,1.2640073E7,4000000.0,4.99689590799229
0,81,18,1.4524749E7,4000000.0,5.600486448217157
0,81,19,1.2789704E7,4000000.0,5.048005021222161
0,81,20,1.2369074E7,4000000.0,4.902771964383108
0,81,21,1.2773426E7,4000000.0,5.042474050224527
0,81,22,1.1247357E7,4000000.0,4.489904888821062
0,81,23,1.335689E7,4000000.0,5.236453580489188
0,81,24,1.2438346E7,4000000.0,4.927026421754892
0,82,0,1.0936843E7,4000000.0,4.368319864697508
0,82,1,1.1756288E7,4000000.0,4.682102253443665
0,82,2,1.5224534E7,4000000.0,5.804840170819866
0,82,3,1.1903214E7,4000000.0,4.736042502329792
0,82,4,1.3415606E7,4000000.0,5.255503037576547
0,82,5,1.4682841E7,4000000.0,5.647501045278199
0,82,6,1.1686111E7,4000000.0,4.656100157924908
0,82,7,8930047.0,4000000.0,3.4879375331499993
0,82,8,8299978.0,4000000.0,3.170169499045856
0,82,9,9333879.0,4000000.0,3.6800217526907235
0,82,10,8235878.0,4000000.0,3.136499133592623
0,82,11,8595041.0,4000000.0,3.321879613683245
0,82,12,1.3659266E7,4000000.0,5.3336737121561875
0,82,13,1.1270763E7,4000000.0,4.498933262685548
0,82,14,1.5525499E7,4000000.0,5.8898557626228385
0,82,15,1.1961542E7,4000000.0,4.757271782010038
0,82,16,1.4306101E7,4000000.0,5.534612954777395
0,82,17,1.3341979E7,4000000.0,5.2316026141857535
0,82,18,1.2173235E7,4000000.0,4.833460146714379
0,82,19,1.2879898E7,4000000.0,5.078524323936136
0,82,20,8330374.0,4000000.0,3.186045085770293
0,82,21,1.2048059E7,4000000.0,4.788570942975618
0,82,22,8329695.0,4000000.0,3.185691082490503
0,82,23,1.4758909E7,4000000.0,5.669942636663854
0,82,24,1.2496237E7,4000000.0,4.947192619863252
0,83,0,1.7498326E7,4166666.0,6.23207814528639
0,83,1,1.2790296E7,4166666.0,4.87091906473249
0,83,2,1.4391916E7,4166666.0,5.383299267361305
0,83,3,1.3345199E7,4166666.0,5.055363654524556
0,83,4,1.2735483E7,4166666.0,4.852267316610637
0,83,5,1.4521365E7,4166666.0,5.422187529143829
0,83,6,1.4658332E7,4166666.0,5.462958651048014
0,83,7,1.3514788E7,4166666.0,5.110205487175801
0,83,8,1.2049422E7,4166666.0,4.611775258912674
0,83,9,1.2875785E7,4166666.0,4.899850274187989
0,83,10,1.273091E7,4166666.0,4.850707591456713
0,83,11,1.5349531E7,4166666.0,5.663064214859579
0,83,12,1.2701343E7,4166666.0,4.840609555131269
0,83,13,1.3043164E7,4166666.0,4.9559426617302735
0,83,14,1.3960756E7,4166666.0,5.251202479485086
0,83,15,1.2567563E7,4166666.0,4.794623821812988
0,83,16,1.4559783E7,4166666.0,5.433662134693691
0,83,17,1.2383664E7,4166666.0,4.730604711940762
0,83,18,1.4322016E7,4166666.0,5.362154657663249
0,83,19,1.2907413E7,4166666.0,4.910505176472347
0,83,20,1.389927E7,4166666.0,5.232033025825288
0,83,21,1.3929007E7,4166666.0,5.241314678386113
0,83,22,1.5798745E7,4166666.0,5.78833900607437
0,83,23,1.608066E7,4166666.0,5.865151807651285
0,84,0,1.2584677E7,5000000.0,4.008720690312531
0,84,1,8689852.0,5000000.0,2.4004237554985495
0,84,2,1.3739056E7,5000000.0,4.3898688937185835
0,84,3,1.6798635E7,5000000.0,5.263039895296007
0,84,4,8094409.0,5000000.0,2.0921514061147444
0,84,5,1.2632248E7,5000000.0,4.025106389446383
0,84,6,1.3613536E7,5000000.0,4.350009398116768
0,84,7,1.2415925E7,5000000.0,3.9500907617405767
0,84,8,1.5984548E7,5000000.0,5.047303557661373
0,84,9,1.3383628E7,5000000.0,4.2760385250411534
0,84,10,1.3221925E7,5000000.0,4.223246850054506
0,84,11,1.5574755E7,5000000.0,4.9345121934286444
0,84,12,8413699.0,5000000.0,2.260169667419963
0,84,13,1.6398972E7,5000000.0,5.1584662000920805
0,84,14,1.3164644E7,5000000.0,4.204391150174989
0,84,15,1.5449625E7,5000000.0,4.899479381687048
0,84,16,1.2746055E7,5000000.0,4.064057838188882
0,84,17,1.2066127E7,5000000.0,3.825978877622962
0,84,18,1.3275318E7,5000000.0,4.240749287313203
0,84,19,1.4442524E7,5000000.0,4.606730935709683
0,85,0,1.2509746E7,5882352.0,3.2769748265967347
0,85,1,1.8165601E7,5882352.0,4.8969876172176106
0,85,2,1.0236867E7,5882352.0,2.406160517236009
0,85,3,9039661.0,5882352.0,1.8660113499231756
0,85,4,8728617.0,5882352.0,1.7139442851723041
0,85,5,8606582.0,5882352.0,1.6527970175464113
0,85,6,8380532.0,5882352.0,1.5372057958288157
0,85,7,1.3621004E7,5882352.0,3.646581113342009
0,85,8,1.3191959E7,5882352.0,3.507582837367416
0,85,9,8101722.0,5882352.0,1.3902632772119143
0,85,10,1.1655626E7,5882352.0,2.96984594422961
0,85,11,8447503.0,5882352.0,1.5717734554532425
0,85,12,1.2884128E7,5882352.0,3.4050402162167726
0,85,13,1.1624379E7,5882352.0,2.9581875207667547
0,85,14,1.2378327E7,5882352.0,3.2311094219195757
0,85,15,1.3122307E7,5882352.0,3.4845918484499956
0,85,16,1.3639805E7,5882352.0,3.6525715238605243
0,86,0,1.3948944E7,6666666.0,3.2063263322506366
0,86,1,1.2556683E7,6666666.0,2.7496623288553455
0,86,2,1.6384166E7,6666666.0,3.905156419590167
0,86,3,1.2160157E7,6666666.0,2.6103048464170735
0,86,4,1.1680142E7,6666666.0,2.4353942517945377
0,86,5,1.3093384E7,6666666.0,2.9314320744640785
0,86,6,1.327096E7,6666666.0,2.989936426534483
0,86,7,1.0530707E7,6666666.0,1.985488318749292
0,86,8,1.1418005E7,6666666.0,2.3368153133550615
0,86,9,1.38494E7,6666666.0,3.1752226127667726
0,86,10,1.1838457E7,6666666.0,2.493864035160806
0,86,11,1.0672995E7,6666666.0,2.0437760845662436
0,86,12,1.309708E7,6666666.0,2.932657827788472
0,86,13,1.2950925E7,6666666.0,2.883920908289826
0,86,14,1.3197542E7,6666666.0,2.965843552637701
0,87,0,1.693993E7,6666666.0,4.0500291387081475
0,87,1,1.4535638E7,6666666.0,3.3852540111641845
0,87,2,1.4249736E7,6666666.0,3.2989812087841215
0,87,3,1.401967E7,6666666.0,3.2282909365744477
0,87,4,1.1649999E7,6666666.0,2.4241719056867153
0,87,5,1.4851913E7,6666666.0,3.4787369902291903
0,87,6,1.3794936E7,6666666.0,3.1581099244630777
0,87,7,1.0844696E7,6666666.0,2.1130868480371987
0,87,8,1.413208E7,6666666.0,3.262973897435673
0,87,9,9506902.0,6666666.0,1.5413031958026433
0,87,10,1.215185E7,6666666.0,2.607337025289376
0,87,11,8959595.0,6666666.0,1.2837968120524046
0,87,12,1.4371916E7,6666666.0,3.336059726902254
0,87,13,1.549339E7,6666666.0,3.6623775557130007
0,87,14,1.1373406E7,6666666.0,2.319818450527073
0,88,0,1.0861125E7,5882352.0,2.6632380285740864
0,88,1,1.1567165E7,5882352.0,2.936759214917781
0,88,2,1.1923405E7,5882352.0,3.068492866674461
0,88,3,8531101.0,5882352.0,1.614540744793871
0,88,4,9177182.0,5882352.0,1.9315833549465136
0,88,5,1.139727E7,5882352.0,2.872498276473841
0,88,6,1.4257236E7,5882352.0,3.8448432940381405
0,88,7,1.204545E7,5882352.0,3.1127202009525714
0,88,8,1.318028E7,5882352.0,3.503736273117997
0,88,9,1.3859985E7,5882352.0,3.7221175112525717
0,88,10,1.2690007E7,5882352.0,3.3391085252357926
0,88,11,1.5051621E7,5882352.0,4.080322651105586
0,88,12,1.46017E7,5882352.0,3.948524122415677
0,88,13,1.3240356E7,5882352.0,3.5234865321658653
0,88,14,1.3352937E7,5882352.0,3.5602579084362413
0,88,15,1.1006443E7,5882352.0,2.7209597967704298
0,88,16,1.0348789E7,5882352.0,2.4533852313290354
0,89,0,1.1466183E7,5000000.0,3.6044886448725033
0,89,1,1.4863503E7,5000000.0,4.731511707873014
0,89,2,1.0720043E7,5000000.0,3.3122652305667155
0,89,3,1.1920996E7,5000000.0,3.7734253791663646
0,89,4,9919292.0,5000000.0,2.975106706945409
0,89,5,1.4911933E7,5000000.0,4.745639393732129
0,89,6,1.3807723E7,5000000.0,4.411520616380879
0,89,7,1.3726345E7,5000000.0,4.385849059780171
0,89,8,1.2316922E7,5000000.0,3.915321868179223
0,89,9,1.064536E7,5000000.0,3.28190348462262
0,89,10,1.0056595E7,5000000.0,3.0348095620229314
0,89,11,1.1578514E7,5000000.0,3.6468282077115273
0,89,12,1.1465241E7,5000000.0,3.6041318371991697
0,89,13,1.3880294E7,5000000.0,4.434286607183678
0,89,14,1.3767215E7,5000000.0,4.398760904262733
0,89,15,1.259111E7,5000000.0,4.010940137484441
0,89,16,1.2561414E7,5000000.0,4.000685250200042
0,89,17,1.310598E7,5000000.0,4.184994965421305
0,89,18,1.2669081E7,5000000.0,4.0377510848710365
0,89,19,1.1504137E7,5000000.0,3.618840406420918
0,90,0,1.0713825E7,4347826.0,3.916723930166872
0,90,1,1.4804199E7,4347826.0,5.321127590096309
0,90,2,1.3054333E7,4347826.0,4.774825315235231
0,90,3,1.7518269E7,4347826.0,6.052190355259404
0,90,4,8128531.0,4347826.0,2.7173991105540374
0,90,5,1.3340229E7,4347826.0,4.868911295001099
0,90,6,1.4562844E7,4347826.0,5.249740419945895
0,90,7,1.1092895E7,4347826.0,4.0677274688955745
0,90,8,1.6112244E7,4347826.0,5.68883874815409
0,90,9,1.005638E7,4347826.0,3.6416952035841827
0,90,10,1.351391E7,4347826.0,4.925088669856811
0,90,11,1.3135672E7,4347826.0,4.801801402059697
0,90,12,1.3583515E7,4347826.0,4.947400113766223
0,90,13,1.2807495E7,4347826.0,4.691920397048901
0,90,14,1.4669417E7,4347826.0,5.281406989207146
0,90,15,1.8242432E7,4347826.0,6.228105807667481
0,90,16,1.4119538E7,4347826.0,5.115483312681909
0,90,17,1.1546955E7,4347826.0,4.241953180184057
0,90,18,1.15047E7,4347826.0,4.226031430629231
0,90,19,1.0688244E7,4347826.0,3.9063420437874186
0,90,20,8026609.0,4347826.0,2.6625995241947162
0,90,21,8676620.0,4347826.0,3.000784222731952
0,90,22,8875033.0,4347826.0,3.0989782126906587
0,91,0,8545799.0,4000000.0,3.2969268252444905
0,91,1,1.4065257E7,4000000.0,5.460876806629226
0,91,2,1.2653399E7,4000000.0,5.001472115482764
0,91,3,1.4074622E7,4000000.0,5.463767485706546
0,91,4,1.3556308E7,4000000.0,5.300814361419568
0,91,5,1.5108378E7,4000000.0,5.771578506774405
0,91,6,1.2077934E7,4000000.0,4.799326607439615
0,91,7,8517410.0,4000000.0,3.282475619234142
0,91,8,9346853.0,4000000.0,3.686054211712295
0,91,9,8759489.0,4000000.0,3.4041878025640813
0,91,10,8693636.0,4000000.0,3.3714146112441563
0,91,11,7876722.0,4000000.0,2.9428552647897916
0,91,12,1.9244037E7,4000000.0,6.822361919098591
0,91,13,1.0449099E7,4000000.0,4.170188525929767
0,91,14,7648164.0,4000000.0,2.814972006403158
0,91,15,1.2183187E7,4000000.0,4.837009189282643
0,91,16,1.1703031E7,4000000.0,4.662383641017746
0,91,17,8149871.0,4000000.0,3.090907432486338
0,91,18,8349735.0,4000000.0,3.1961270093839538
0,91,19,9863379.0,4000000.0,3.9196572986685356
0,91,20,9277222.0,4000000.0,3.6535795787718617
0,91,21,1.2277673E7,4000000.0,4.870560709964311
0,91,22,1.1142435E7,4000000.0,4.449201179571835
0,91,23,1.3446548E7,4000000.0,5.265508151687904
0,91,24,1.3129577E7,4000000.0,5.161907431754483
0,92,0,1.5910084E7,4000000.0,5.996124812564052
0,92,1,1.4586707E7,4000000.0,5.618972681360599
0,92,2,1.1417979E7,4000000.0,4.555292485870083
0,92,3,9096717.0,4000000.0,3.5682469263749117
0,92,4,1.26611E7,4000000.0,5.00411447621707
0,92,5,1.3011145E7,4000000.0,5.122555254719801
0,92,6,1.271028E7,4000000.0,5.020951265836782
0,92,7,1.330278E7,4000000.0,5.218824174960231
0,92,8,1.2283863E7,4000000.0,4.872749728517462
0,92,9,8534105.0,4000000.0,3.290979906028855
0,92,10,8180744.0,4000000.0,3.1073281116991263
0,92,11,1.3331685E7,4000000.0,5.228250523060469
0,92,12,1.2611281E7,4000000.0,4.986992112622079
0,92,13,8852237.0,4000000.0,3.4499304140289757
0,92,14,1.1294271E7,4000000.0,4.507982128620413
0,92,15,1.5284175E7,4000000.0,5.821820102806119
0,92,16,8452278.0,4000000.0,3.249137814678891
0,92,17,1.1893487E7,4000000.0,4.732492108801931
0,92,18,1.244704E7,4000000.0,4.930060938783708
0,92,19,1.2198232E7,4000000.0,4.842368976840171
0,92,20,1.2649075E7,4000000.0,4.999987763116248
0,92,21,9289649.0,4000000.0,3.6593931359754617
0,92,22,1.2871438E7,4000000.0,5.075670777658704
0,92,23,1.6444589E7,4000000.0,6.139630322941402
0,92,24,1.4299692E7,4000000.0,5.532666920013673
0,93,0,1.6346039E7,4347826.0,5.751403754703207
0,93,1,1.1197773E7,4347826.0,4.108595039825909
0,93,2,1.3316751E7,4347826.0,4.861261239756577
0,93,3,1.451702E7,4347826.0,5.2360531985674355
0,93,4,1.4700778E7,4347826.0,5.290681639527492
0,93,5,1.2889078E7,4347826.0,4.7194969659267585
0,93,6,1.6269039E7,4347826.0,5.730897449468349
0,93,7,1.2489538E7,4347826.0,4.582742184049518
0,93,8,1.126259E7,4347826.0,4.133661191764799
0,93,9,8365712.0,4347826.0,2.842307540798505
0,93,10,8219191.0,4347826.0,2.7655691753229465
0,93,11,8598653.0,4347826.0,2.961582679836604
0,93,12,1.0438943E7,4347826.0,3.803843709073495
0,93,13,1.2979139E7,4347826.0,4.749737282347589
0,93,14,9659311.0,4347826.0,3.4667399393783755
0,93,15,9563092.0,4347826.0,3.4232617855145264
0,93,16,7835313.0,4347826.0,2.5578419476880554
0,93,17,7899777.0,4347826.0,2.59342676622229
0,93,18,8627505.0,4347826.0,2.97613064358897
0,93,19,8646187.0,4347826.0,2.9855246893718657
0,93,20,7912350.0,4347826.0,2.6003333458010753
0,93,21,1.3215017E7,4347826.0,4.827955708546353
0,93,22,1.326919E7,4347826.0,4.845722574498286
0,94,0,1.5350342E7,5000000.0,4.871480515070377
0,94,1,1.3458253E7,5000000.0,4.300186839544994
0,94,2,1.4127622E7,5000000.0,4.510990620283972
0,94,3,1.3982082E7,5000000.0,4.466018404490379
0,94,4,1.1756287E7,5000000.0,3.7130017539484523
0,94,5,1.535344E7,5000000.0,4.872356918055196
0,94,6,1.2484612E7,5000000.0,3.974050454448686
0,94,7,1.1617257E7,5000000.0,3.6613359270360464
0,94,8,1.2731119E7,5000000.0,4.058965732506489
0,94,9,1.2339987E7,5000000.0,3.9234469783841326
0,94,10,1.5503051E7,5000000.0,4.914471713873409
0,94,11,1.2775969E7,5000000.0,4.0742384501033815
0,94,12,1.2850564E7,5000000.0,4.099521845540624
0,94,13,8209256.0,5000000.0,2.1533379471570475
0,94,14,1.2694311E7,5000000.0,4.0463912962374975
0,94,15,1.3957541E7,5000000.0,4.458389079197533
0,94,16,1.3943234E7,5000000.0,4.453935115680615
0,94,17,1.3672941E7,5000000.0,4.368919354471966
0,94,18,1.3853819E7,5000000.0,4.425995049490134
0,94,19,1.4089649E7,5000000.0,4.499301698051414
0,95,0,1.0860897E7,5882352.0,2.663146859214367
0,95,1,1.3548818E7,5882352.0,3.623503998419688
0,95,2,1.1231833E7,5882352.0,2.808996284113066
0,95,3,1.0490976E7,5882352.0,2.5126488436847327
0,95,4,1.0585908E7,5882352.0,2.551771061709427
0,95,5,1.3225259E7,5882352.0,3.5185317676501264
0,95,6,1.242023E7,5882352.0,3.24578629121897
0,95,7,1.1953943E7,5882352.0,3.079601715211247
0,95,8,1.0919342E7,5882352.0,2.6864545941918387
0,95,9,1.4783054E7,5882352.0,4.002131541756165
0,95,10,1.3096251E7,5882352.0,3.4759598094600275
0,95,11,1.2842732E7,5882352.0,3.391064107287545
0,95,12,1.3729821E7,5882352.0,3.6811386610513708
0,95,13,1.3443328E7,5882352.0,3.5895578585697074
0,95,14,1.1385483E7,5882352.0,2.868004500401278
0,95,15,1.2782744E7,5882352.0,3.3707308225749424
0,95,16,1.2110318E7,5882352.0,3.1360453812339504
0,96,0,1.285914E7,6666666.0,2.8530322708083933
0,96,1,1.8081763E7,6666666.0,4.33332075076014
0,96,2,1.2076144E7,6666666.0,2.5801958554044218
0,96,3,1.1866386E7,6666666.0,2.504097738204157
0,96,4,1.0737435E7,6666666.0,2.0699185029283385
0,96,5,8398313.0,6666666.0,1.0028335897896867
0,96,6,8541053.0,6666666.0,1.0760271929802299
0,96,7,8635484.0,6666666.0,1.123779863270628
0,96,8,8297941.0,6666666.0,0.9506164506949027
0,96,9,8585012.0,6666666.0,1.0983220903275304
0,96,10,1.2749132E7,6666666.0,2.815719201615718
0,96,11,1.3526214E7,6666666.0,3.0726755665858407
0,96,12,1.191442E7,6666666.0,2.521642080068436
0,96,13,1.420613E7,6666666.0,3.285670870591182
0,96,14,1.2386896E7,6666666.0,2.6905379377161482
0,97,0,8751271.0,6666666.0,1.1816243530176034
0,97,1,8092381.0,6666666.0,0.8416762422383448
0,97,2,8792223.0,6666666.0,1.2018999719188337
0,97,3,1.1882293E7,6666666.0,2.509915597257919
0,97,4,1.0759973E7,6666666.0,2.0790248404173584
0,97,5,1.3645962E7,6666666.0,3.1109546004800697
0,97,6,1.3740509E7,6666666.0,3.1409412340348632
0,97,7,1.1946779E7,6666666.0,2.533421323647173
0,97,8,1.2973116E7,6666666.0,2.891356038639926
0,97,9,7396909.0,6666666.0,0.4514157833981046
0,97,10,1.1060093E7,6666666.0,2.1985008128175023
0,97,11,1.2390562E7,6666666.0,2.6918230764759636
0,97,12,8346310.0,6666666.0,0.9758581379649267
0,97,13,9185089.0,6666666.0,1.3917467129480043
0,97,14,1.2251268E7,6666666.0,2.642723427697025
0,98,0,9632096.0,5882352.0,2.141697932740063
0,98,1,1.1574826E7,5882352.0,2.9396346201907333
0,98,2,8572980.0,5882352.0,1.6358080142290543
0,98,3,1.3478269E7,5882352.0,3.600831106596365
0,98,4,1.4043522E7,5882352.0,3.7792502980914944
0,98,5,8456296.0,5882352.0,1.5762916725993514
0,98,6,8542441.0,5882352.0,1.6203097880878483
0,98,7,1.3293463E7,5882352.0,3.540871219871958
0,98,8,1.4662662E7,5882352.0,3.966618143055998
0,98,9,1.3089851E7,5882352.0,3.473836939290558
0,98,10,1.5726032E7,5882352.0,4.270681459174568
0,98,11,1.332455E7,5882352.0,3.5510154171095456
0,98,12,8989317.0,5882352.0,1.8417568655864425
0,98,13,1.3351675E7,5882352.0,3.5598474327951264
0,98,14,1.1793251E7,5882352.0,3.020825327490745
0,98,15,1.4339878E7,5882352.0,3.8699444734695634
0,98,16,1.1121091E7,5882352.0,2.7659638530908905
0,99,0,1.2633972E7,5000000.0,4.025699057196418
0,99,1,1.3495531E7,5000000.0,4.312199727990503
0,99,2,1.1187713E7,5000000.0,3.497713124879766
0,99,3,8066773.0,5000000.0,2.0772983167791663
0,99,4,8063017.0,5000000.0,2.0752757112728175
0,99,5,9047199.0,5000000.0,2.5754413872207413
0,99,6,8676048.0,5000000.0,2.393519417352131
0,99,7,1.5273924E7,5000000.0,4.849806209731995
0,99,8,1.1673925E7,5000000.0,3.6824689448986354
0,99,9,1.4147874E7,5000000.0,4.517211790269108
0,99,10,1.0914907E7,5000000.0,3.3905003533727625
0,99,11,1.0113517E7,5000000.0,3.0593220447764895
0,99,12,1.3045789E7,5000000.0,4.165003457145671
0,99,13,1.5216639E7,5000000.0,4.8334873318758795
0,99,14,1.1057351E7,5000000.0,3.4468109154068562
0,99,15,8525960.0,5000000.0,2.317732864639491
0,99,16,8732704.0,5000000.0,2.421787354119109
0,99,17,1.2417132E7,5000000.0,3.9505129356518025
0,99,18,8244566.0,5000000.0,2.1719779466622624
0,99,19,8249951.0,5000000.0,2.174813647602323
