 Number of tacts (im units) = 1
 Number of massive (im units) = 100
 Trajectory File: sinus.txt
 Coef Load Impact: 10
 Command Line: curl 192.168.1.104:9000 > /dev/null 2>&1
cycle , cPeriod , count , procDur , procTime , spb
0,0,0,6.21429135E8,5000000.0,20.944216064643513
0,0,1,1.4998458E7,5000000.0,4.7707660695198815
0,0,2,1.9736555E7,5000000.0,5.963013448558576
0,0,3,1.6334153E7,5000000.0,5.141266149184562
0,0,4,1.032945547E9,5000000.0,23.151074234171492
0,0,5,1.3364458E7,5000000.0,4.269813461577914
0,0,6,1.2181698E7,5000000.0,3.8673782424267413
0,0,7,1.2483778E7,5000000.0,3.9737603263322625
0,0,8,1.2366795E7,5000000.0,3.9328715736550945
0,0,9,1.7062691E7,5000000.0,5.330775215744838
0,0,10,1.3616291E7,5000000.0,4.350888200102345
0,0,11,1.6782713E7,5000000.0,5.258921634612118
0,0,12,1.5317834E7,5000000.0,4.862273544101313
0,0,13,1.6009957E7,5000000.0,5.054201611443178
0,0,14,1.4384767E7,5000000.0,4.589328273798078
0,0,15,1.8783336E7,5000000.0,5.748027229831541
0,0,16,1.4183235E7,5000000.0,4.528052943821692
0,0,17,1.6397994E7,5000000.0,5.158207188326523
0,0,18,1.8914394E7,5000000.0,5.778224271149988
0,0,19,1.6582563E7,5000000.0,5.206816515967281
0,1,0,1.8313396E7,4347826.0,6.2449673118454285
0,1,1,1.3188865E7,4347826.0,4.819352675852344
0,1,2,1.8812166E7,4347826.0,6.36166647042351
0,1,3,1.6642812E7,4347826.0,5.829545520491828
0,1,4,1.422077E7,4347826.0,5.146509571097113
0,1,5,1.1314658E7,4347826.0,4.153692760868041
0,1,6,1.5440404E7,4347826.0,5.503865042184376
0,1,7,1.642139E7,4347826.0,5.771377602018935
0,1,8,1.599581E7,4347826.0,5.657340815977232
0,1,9,1.7685506E7,4347826.0,6.093453346311337
0,1,10,1.2484856E7,4347826.0,4.581113822786305
0,1,11,1.4368207E7,4347826.0,5.191304208690122
0,1,12,1.5677334E7,4347826.0,5.570000556328873
0,1,13,2.1200137E7,4347826.0,6.880665121488272
0,1,14,1.5823648E7,4347826.0,5.610344581023181
0,1,15,2.4565687E7,4347826.0,7.520567587528733
0,1,16,1.3549134E7,4347826.0,4.936393826415562
0,1,17,1.652966E7,4347826.0,5.799917653262034
0,1,18,1.6187572E7,4347826.0,5.709095578127112
0,1,19,1.7254114E7,4347826.0,5.9862050785053835
0,1,20,1.2209873E7,4347826.0,4.484389913931605
0,1,21,1.6048156E7,4347826.0,5.671529820653866
0,1,22,1.3241301E7,4347826.0,4.836585027197529
0,2,0,1.7726636E7,4000000.0,6.465663356292529
0,2,1,1.6022982E7,4000000.0,6.026833534805985
0,2,2,1.8744951E7,4000000.0,6.708243181691415
0,2,3,2.4997516E7,4000000.0,7.958368637004448
0,2,4,1.3891172E7,4000000.0,5.406788974377509
0,2,5,1.7474849E7,4000000.0,6.403534403715821
0,2,6,1.236113E7,4000000.0,4.8999818252618095
0,2,7,1.7830303E7,4000000.0,6.490987321115487
0,2,8,2.4566217E7,4000000.0,7.882782924407624
0,2,9,1.4216029E7,4000000.0,5.507183094095703
0,2,10,1.8604629E7,4000000.0,6.675610227307849
0,2,11,2.2931488E7,4000000.0,7.583722452258764
0,2,12,2.0451306E7,4000000.0,7.08661055513341
0,2,13,2.2126176E7,4000000.0,7.428463712842913
0,2,14,1.7511417E7,4000000.0,6.412612986950447
0,2,15,1.5654279E7,4000000.0,5.925730784830183
0,2,16,1.735517E7,4000000.0,6.373688807676463
0,2,17,2.002002E7,4000000.0,6.99404515675742
0,2,18,1.5298012E7,4000000.0,5.825750059258325
0,2,19,1.7829597E7,4000000.0,6.490815356581506
0,2,20,1.666514E7,4000000.0,6.197489750917534
0,2,21,2.050123E7,4000000.0,7.0971992661500725
0,2,22,1.6455484E7,4000000.0,6.142506692579425
0,2,23,1.7636195E7,4000000.0,6.443449007630306
0,2,24,1.6501167E7,4000000.0,6.154546682640147
0,3,0,1.4367938E7,4000000.0,5.553344539476628
0,3,1,2.1523844E7,4000000.0,7.308598443887772
0,3,2,1.6372489E7,4000000.0,6.12054715988427
0,3,3,1.5659195E7,4000000.0,5.927094409760829
0,3,4,1.8470456E7,4000000.0,6.6441762613930315
0,3,5,1.6555355E7,4000000.0,6.168785065289599
0,3,6,1.2692739E7,4000000.0,5.014953584444804
0,3,7,2.3246677E7,4000000.0,7.643008900397367
0,3,8,1.5518583E7,4000000.0,5.887920720261764
0,3,9,1.6591795E7,4000000.0,6.17833381822669
0,3,10,1.881187E7,4000000.0,6.723719775512185
0,3,11,2.1200557E7,4000000.0,7.24287279923839
0,3,12,1.9141465E7,4000000.0,6.799151822940466
0,3,13,1.713617E7,4000000.0,6.318537706154498
0,3,14,1.7665322E7,4000000.0,6.450615667490808
0,3,15,2.1575368E7,4000000.0,7.318982206609695
0,3,16,1.8559554E7,4000000.0,6.665075442582088
0,3,17,1.6341317E7,4000000.0,6.11227063486779
0,3,18,1.2131803E7,4000000.0,4.818653581587039
0,3,19,1.626015E7,4000000.0,6.09064556318267
0,3,20,1.2674138E7,4000000.0,5.0085844022188795
0,3,21,1.7043816E7,4000000.0,6.295068457108961
0,3,22,1.6305502E7,4000000.0,6.102741827109063
0,3,23,1.8707931E7,4000000.0,6.699657681138433
0,3,24,1.8674294E7,4000000.0,6.691842005409984
0,4,0,2.0402357E7,4347826.0,6.714081872746547
0,4,1,1.1284432E7,4347826.0,4.142075485271973
0,4,2,1.6053334E7,4347826.0,5.67293086269073
0,4,3,1.429478E7,4347826.0,5.169053205555006
0,4,4,1.4229255E7,4347826.0,5.14910007060508
0,4,5,1.4538135E7,4347826.0,5.242365420684102
0,4,6,1.7015157E7,4347826.0,5.925638054182427
0,4,7,1.768006E7,4347826.0,6.092115792280878
0,4,8,1.6305948E7,4347826.0,5.740738977197619
0,4,9,1.6428836E7,4347826.0,5.773346390159164
0,4,10,1.9631061E7,4347826.0,6.546716172526999
0,4,11,1.9233043E7,4347826.0,6.457758472756206
0,4,12,2.0491914E7,4347826.0,6.733103692743771
0,4,13,1.570296E7,4347826.0,5.577093691190649
0,4,14,1.7165465E7,4347826.0,5.963834173472068
0,4,15,1.6370852E7,4347826.0,5.757991270030132
0,4,16,1.7438488E7,4347826.0,6.032366715314933
0,4,17,1.6438701E7,4347826.0,5.7759534094759015
0,4,18,1.7064741E7,4347826.0,5.93827545866373
0,4,19,1.3083417E7,4347826.0,4.7844902832793
0,4,20,1.5500415E7,4347826.0,5.520711706026288
0,4,21,1.8017543E7,4347826.0,6.174234119073053
0,4,22,1.6517127E7,4347826.0,5.796623527873898
0,5,0,1.3043158E7,5000000.0,4.164127508579589
0,5,1,1.464814E7,5000000.0,4.66812477758885
0,5,2,1.7824136E7,5000000.0,5.520384828820442
0,5,3,1.5570407E7,5000000.0,4.933299605470628
0,5,4,1.3238019E7,5000000.0,4.228529957421394
0,5,5,1.3087588E7,5000000.0,4.178896105255443
0,5,6,1.2719354E7,5000000.0,4.05495050265709
0,5,7,1.2796124E7,5000000.0,4.081084355986223
0,5,8,1.8822512E7,5000000.0,5.757075783544691
0,5,9,1.8094513E7,5000000.0,5.585768945611499
0,5,10,1.7650703E7,5000000.0,5.4779200300485975
0,5,11,1.7390119E7,5000000.0,5.413325495394091
0,5,12,1.3959943E7,5000000.0,4.459136406820685
0,5,13,1.5611742E7,5000000.0,4.944813611721047
0,5,14,1.4976891E7,5000000.0,4.764516647231295
0,5,15,1.223296E7,5000000.0,3.8856155132060586
0,5,16,1.6855908E7,5000000.0,5.277821478795106
0,5,17,1.5505612E7,5000000.0,4.915189079966028
0,5,18,1.6124297E7,5000000.0,5.085107846657837
0,5,19,1.2622495E7,5000000.0,4.021752029995907
0,6,0,1.5726622E7,5882352.0,4.27084439216226
0,6,1,1.5819488E7,5882352.0,4.296414142512621
0,6,2,2.0595654E7,5882352.0,5.442245780819191
0,6,3,1.6893939E7,5882352.0,4.581799125806611
0,6,4,1.581641E7,5882352.0,4.295569052912499
0,6,5,1.9438842E7,5882352.0,5.19119380674306
0,6,6,1.4476568E7,5882352.0,3.9111460553548527
0,6,7,1.8413671E7,5882352.0,4.95589370141328
0,6,8,1.5441696E7,5882352.0,4.191439891313397
0,6,9,1.8563257E7,5882352.0,4.9910316819170015
0,6,10,1.3384708E7,5882352.0,3.5705789194890167
0,6,11,1.1219417E7,5882352.0,2.804192809173353
0,6,12,1.5521543E7,5882352.0,4.213838832435111
0,6,13,2.4278255E7,5882352.0,6.15666459466916
0,6,14,2.218631E7,5882352.0,5.765340677752943
0,6,15,2.1319483E7,5882352.0,5.592256596547546
0,6,16,1.61177E7,5882352.0,4.377520588198895
0,7,0,1.4565274E7,6666666.0,3.394099614157768
0,7,1,1.7938373E7,6666666.0,4.298743527224657
0,7,2,1.9410766E7,6666666.0,4.6413397661687625
0,7,3,1.3980274E7,6666666.0,3.216069857347029
0,7,4,2.6085818E7,6666666.0,5.9249576237872255
0,7,5,1.5685953E7,6666666.0,3.716022118796401
0,7,6,1.3199708E7,6666666.0,2.966556264643621
0,7,7,1.7404552E7,6666666.0,4.167541513388805
0,7,8,1.5237087E7,6666666.0,3.589932497546005
0,7,9,1.479109E7,6666666.0,3.4609148213059813
0,7,10,2.3545299E7,6666666.0,5.479955123722008
0,7,11,1.6978745E7,6666666.0,4.059968882918964
0,7,12,1.7562562E7,6666666.0,4.206791728992888
0,7,13,1.7104633E7,6666666.0,4.092050628077473
0,7,14,1.6560159E7,6666666.0,3.9515580477041334
0,8,0,1.4939391E7,6666666.0,3.5042419643504434
0,8,1,1.8725293E7,6666666.0,4.485199244394206
0,8,2,1.6934415E7,6666666.0,4.048615010057773
0,8,3,1.5529797E7,6666666.0,3.6725708130731323
0,8,4,1.4902636E7,6666666.0,3.493543963337383
0,8,5,1.634217E7,6666666.0,3.894010264350939
0,8,6,1.5471333E7,6666666.0,3.65619036326982
0,8,7,2.9330487E7,6666666.0,6.434105765006924
0,8,8,1.7379923E7,6666666.0,4.1613915050404024
0,8,9,1.4834607E7,6666666.0,3.473673479143877
0,8,10,1.7447876E7,6666666.0,4.1783386858700435
0,8,11,1.7233944E7,6666666.0,4.124759798999255
0,8,12,1.509631E7,6666666.0,3.5496210789234217
0,8,13,1.8228269E7,6666666.0,4.368367314559781
0,8,14,1.6104306E7,6666666.0,3.8303331652971906
0,9,0,1.8683359E7,5882352.0,5.019039496985306
0,9,1,1.4437193E7,5882352.0,3.8993175313548507
0,9,2,1.3758561E7,5882352.0,3.6902200452943212
0,9,3,1.4077158E7,5882352.0,3.789639759626536
0,9,4,1.7025458E7,5882352.0,4.615477945161402
0,9,5,1.5469767E7,5882352.0,4.199327634286084
0,9,6,2.2226822E7,5882352.0,5.7732636240250255
0,9,7,1.5172465E7,5882352.0,4.11505135194031
0,9,8,3.0498727E7,5882352.0,7.147307033789604
0,9,9,1.3924585E7,5882352.0,3.7423125145114655
0,9,10,1.3257016E7,5882352.0,3.528947713011969
0,9,11,1.3941481E7,5882352.0,3.7475790207096873
0,9,12,1.6376286E7,5882352.0,4.4466440522534265
0,9,13,1.7730003E7,5882352.0,4.79157799950992
0,9,14,2.0422975E7,5882352.0,5.405679965876318
0,9,15,2.0059481E7,5882352.0,5.327686831713333
0,9,16,1.64226E7,5882352.0,4.458909059060884
0,10,0,1.7187242E7,5000000.0,5.362361876344028
0,10,1,1.7749271E7,5000000.0,5.502105160309281
0,10,2,1.5860481E7,5000000.0,5.013463496719331
0,10,3,1.5106608E7,5000000.0,4.8019695555189115
0,10,4,1.9389312E7,5000000.0,5.885923947424483
0,10,5,1.5370785E7,5000000.0,4.877260435451556
0,10,6,1.5513275E7,5000000.0,4.917334868551239
0,10,7,2.1518654E7,5000000.0,6.338450982227148
0,10,8,2.1407052E7,5000000.0,6.3158685967562125
0,10,9,1.7921667E7,5000000.0,5.544083991614034
0,10,10,1.5668895E7,5000000.0,4.960683659472702
0,10,11,1.7042646E7,5000000.0,5.325670188404313
0,10,12,1.2730057E7,5000000.0,4.058603439154408
0,10,13,1.4013706E7,5000000.0,4.475829976529189
0,10,14,1.6788352E7,5000000.0,5.260380621156921
0,10,15,1.7232713E7,5000000.0,5.373836508355997
0,10,16,1.3586024E7,5000000.0,4.341223731097949
0,10,17,2.4196935E7,5000000.0,6.847903535085125
0,10,18,1.8523162E7,5000000.0,5.687451206630057
0,10,19,1.3670553E7,5000000.0,4.3681607862908685
0,11,0,1.5716139E7,4347826.0,5.580737059393334
0,11,1,1.5227931E7,4347826.0,5.443687449979569
0,11,2,1.2454381E7,4347826.0,4.570499920746224
0,11,3,1.837128E7,4347826.0,6.2586726108390245
0,11,4,1.5891008E7,4347826.0,5.628792909953912
0,11,5,1.8064138E7,4347826.0,6.185450870661277
0,11,6,1.7020756E7,4347826.0,5.927066906598469
0,11,7,1.9611145E7,4347826.0,6.542307954679001
0,11,8,1.436765E7,4347826.0,5.1911358461969135
0,11,9,1.8897265E7,4347826.0,6.381267980111904
0,11,10,1.3829154E7,4347826.0,5.0252345761324655
0,11,11,1.6437925E7,4347826.0,5.775748392989101
0,11,12,1.6512442E7,4347826.0,5.79539149868129
0,11,13,1.6480699E7,4347826.0,5.787034722954671
0,11,14,1.7131784E7,4347826.0,5.955304348151578
0,11,15,1.5812238E7,4347826.0,5.607211872646765
0,11,16,1.2826612E7,4347826.0,4.69839802402433
0,11,17,1.7220483E7,4347826.0,5.977731730808746
0,11,18,1.1529604E7,4347826.0,4.235422358170668
0,11,19,1.9535642E7,4347826.0,6.525555327227424
0,11,20,1.9165021E7,4347826.0,6.442371441706667
0,11,21,1.8532261E7,4347826.0,6.296562526851497
0,11,22,2.1609487E7,4347826.0,6.963723017434244
0,12,0,1.9652932E7,4000000.0,6.913673601484319
0,12,1,2.1289675E7,4000000.0,7.2610904038823945
0,12,2,2.0900788E7,4000000.0,7.181026688309578
0,12,3,1.6008633E7,4000000.0,6.022942571495101
0,12,4,1.5754961E7,4000000.0,5.953573411261527
0,12,5,1.44253E7,4000000.0,5.570648625268272
0,12,6,1.6822737E7,4000000.0,6.238366640635389
0,12,7,1.4681925E7,4000000.0,5.6472300989709465
0,12,8,1.8222841E7,4000000.0,6.585560945054491
0,12,9,1.218231E7,4000000.0,4.836696553541378
0,12,10,1.5355785E7,4000000.0,5.842120314995828
0,12,11,1.7890709E7,4000000.0,6.505675604572046
0,12,12,1.3118342E7,4000000.0,5.158189576024918
0,12,13,1.1831822E7,4000000.0,4.709916361078593
0,12,14,1.2258705E7,4000000.0,4.863846027484497
0,12,15,2.1624345E7,4000000.0,7.328829702565757
0,12,16,1.9116287E7,4000000.0,6.7934355079599005
0,12,17,1.6910017E7,4000000.0,6.26084052875485
0,12,18,1.9402798E7,4000000.0,6.8580437099091105
0,12,19,2.0158827E7,4000000.0,7.024052664927353
0,12,20,1.6769356E7,4000000.0,6.224563932210741
0,12,21,1.027899264E9,4000000.0,24.098905637665045
0,12,22,1.7916273E7,4000000.0,6.511876800764279
0,12,23,1.5443163E7,4000000.0,5.866762640475198
0,12,24,1.7730234E7,4000000.0,6.466544760404766
0,13,0,2.192961E7,4000000.0,7.389709168496048
0,13,1,1.2313953E7,4000000.0,4.883375003118108
0,13,2,2.0949935E7,4000000.0,7.191226885192149
0,13,3,1.5948011E7,4000000.0,6.0064653521328815
0,13,4,1.9909586E7,4000000.0,6.970022380723827
0,13,5,1.3569899E7,4000000.0,5.305166239142426
0,13,6,1.5502212E7,4000000.0,5.883336804457352
0,13,7,1.2429772E7,4000000.0,4.924031710988775
0,13,8,2.1241209E7,4000000.0,7.251192408124336
0,13,9,1.3708095E7,4000000.0,5.349171141929846
0,13,10,1.8956369E7,4000000.0,6.756951626508715
0,13,11,2.0402567E7,4000000.0,7.076248213822155
0,13,12,1.5984432E7,4000000.0,6.016372170840302
0,13,13,2.0465273E7,4000000.0,7.089575510372871
0,13,14,1.026220365E9,4000000.0,24.091806375056954
0,13,15,1.7423589E7,4000000.0,6.390776267576768
0,13,16,1.391141E7,4000000.0,5.4131115909439345
0,13,17,1.4707116E7,4000000.0,5.654675265332768
0,13,18,1.6979579E7,4000000.0,6.278669266033195
0,13,19,1.7876402E7,4000000.0,6.502201210744721
0,13,20,1.3673667E7,4000000.0,5.338250078265605
0,13,21,1.8138021E7,4000000.0,6.565299090551346
0,13,22,2.2492679E7,4000000.0,7.499811940154592
0,13,23,1.5821356E7,4000000.0,5.971837114797251
0,13,24,1.924101E7,4000000.0,6.821678739785112
0,14,0,1.5462153E7,4347826.0,5.5099781105925585
0,14,1,1.57592E7,4347826.0,5.592620118922994
0,14,2,1.6309525E7,4347826.0,5.741691574983338
0,14,3,1.7534978E7,4347826.0,6.056330700402172
0,14,4,1.4666859E7,4347826.0,5.280649616125761
0,14,5,1.5759084E7,4347826.0,5.592588151345126
0,14,6,1.6209964E7,4347826.0,5.715098950474504
0,14,7,1.1928084E7,4347826.0,4.382985335494961
0,14,8,1.1724998E7,4347826.0,4.30840622010515
0,14,9,1.3856005E7,4347826.0,5.033658760938453
0,14,10,1.7832867E7,4347826.0,6.129490152588008
0,14,11,1.3418507E7,4347826.0,4.8943204177847495
0,14,12,1.6684719E7,4347826.0,5.840467414733133
0,14,13,1.7701592E7,4347826.0,6.097401712756694
0,14,14,1.6077734E7,4347826.0,5.679526838520354
0,14,15,2.0281622E7,4347826.0,6.68830528968384
0,14,16,1.6655442E7,4347826.0,5.832840071352953
0,14,17,1.5468144E7,4347826.0,5.511660511685326
0,14,18,1.506308E7,4347826.0,5.396416273410949
0,14,19,2.4925749E7,4347826.0,7.583760621056149
0,14,20,1.5104769E7,4347826.0,5.408419326184795
0,14,21,1.2362317E7,4347826.0,4.538277204732541
0,14,22,1.2947912E7,4347826.0,4.739275837778333
0,15,0,1.7000387E7,5000000.0,5.3148880351587104
0,15,1,1.8885817E7,5000000.0,5.77165772803002
0,15,2,1.9614207E7,5000000.0,5.936007500114635
0,15,3,1.7314615E7,5000000.0,5.394428348798421
0,15,4,2.7416125E7,5000000.0,7.390360671954532
0,15,5,1.5917583E7,5000000.0,5.029071187733186
0,15,6,1.8123823E7,5000000.0,5.592798078061626
0,15,7,1.4071933E7,5000000.0,4.493837543334288
0,15,8,1.1953776E7,5000000.0,3.7853510905930032
0,15,9,1.8626535E7,5000000.0,5.711620684700947
0,15,10,1.2985092E7,5000000.0,4.1447502663745
0,15,11,1.2184506E7,5000000.0,3.868379218131108
0,15,12,2.3938349E7,5000000.0,6.801241899835344
0,15,13,1.5277688E7,5000000.0,4.850876323111384
0,15,14,1.9019904E7,5000000.0,5.8023831623722275
0,15,15,1.8297017E7,5000000.0,5.634102872502675
0,15,16,1.3437353E7,5000000.0,4.293437219180403
0,15,17,2.0238667E7,5000000.0,6.072119003925738
0,15,18,1.5521187E7,5000000.0,4.9195492700867085
0,15,19,1.2509549E7,5000000.0,3.982716482557196
0,16,0,1.565698E7,5882352.0,4.251569876793784
0,16,1,1.6160794E7,5882352.0,4.38911685258638
0,16,2,2.2717771E7,5882352.0,5.8681470831417855
0,16,3,1.4641898E7,5882352.0,3.9604636796336736
0,16,4,2.1296258E7,5882352.0,5.587522904205649
0,16,5,1.7192831E7,5882352.0,4.657963850886895
0,16,6,1.7248068E7,5882352.0,4.67189446568618
0,16,7,1.3118909E7,5882352.0,3.4834671043392387
0,16,8,1.2403384E7,5882352.0,3.239891802233398
0,16,9,1.6938379E7,5882352.0,4.59320836940367
0,16,10,1.9181412E7,5882352.0,5.133295645674706
0,16,11,1.9196462E7,5882352.0,5.136701843885526
0,16,12,1.3416349E7,5882352.0,3.5808333792934604
0,16,13,1.4969236E7,5882352.0,4.056486262484449
0,16,14,1.4229434E7,5882352.0,3.836366164897047
0,16,15,2.1968229E7,5882352.0,5.722440379302358
0,16,16,2.1245979E7,5882352.0,5.577257387410011
0,17,0,2.2040004E7,6666666.0,5.1930297148419715
0,17,1,1.469264E7,6666666.0,3.431911401011267
0,17,2,2.4873308E7,6666666.0,5.718248501438598
0,17,3,1.9309232E7,6666666.0,4.618563031006195
0,17,4,1.340907E7,6666666.0,3.034899604356055
0,17,5,1.4298944E7,6666666.0,3.313952677888508
0,17,6,1.8181075E7,6666666.0,4.357108608411279
0,17,7,1.7973101E7,6666666.0,4.307143173236978
0,17,8,1.6118335E7,6666666.0,3.83411480297958
0,17,9,1.7269038E7,6666666.0,4.133594476421533
0,17,10,1.6635176E7,6666666.0,3.9711870254566684
0,17,11,1.8228202E7,6666666.0,4.368351351560901
0,17,12,1.8005069E7,6666666.0,4.314860925224458
0,17,13,1.3035321E7,6666666.0,2.912130327967046
0,17,14,2.0605722E7,6666666.0,4.900791387746382
0,18,0,1.8678123E7,6666666.0,4.474245334958985
0,18,1,1.9453393E7,6666666.0,4.650866630395399
0,18,2,1.5405345E7,6666666.0,3.637627311957683
0,18,3,1.7647144E7,6666666.0,4.2276573201616054
0,18,4,1.4283026E7,6666666.0,3.309115292447497
0,18,5,1.4940271E7,6666666.0,3.5044977765776264
0,18,6,2.3978526E7,6666666.0,5.559137852620787
0,18,7,1.3598911E7,6666666.0,3.0959543397100653
0,18,8,1.8580099E7,6666666.0,4.451393261922251
0,18,9,1.6927392E7,6666666.0,4.046813540815367
0,18,10,1.646729E7,6666666.0,3.927134362702952
0,18,11,1.3237216E7,6666666.0,2.9788795805914656
0,18,12,1.6677949E7,6666666.0,3.9823394394571414
0,18,13,1.8937935E7,6666666.0,4.534239240901869
0,18,14,1.6876523E7,6666666.0,4.033742781007909
0,19,0,1.4221347E7,5555555.0,4.082132818436522
0,19,1,1.1898436E7,5555555.0,3.307624274707364
0,19,2,1.3257422E7,5555555.0,3.77731629160676
0,19,3,2.1473983E7,5555555.0,5.871851534948594
0,19,4,1.6241516E7,5555555.0,4.658991128286879
0,19,5,1.8892096E7,5555555.0,5.31552692306164
0,19,6,1.5837807E7,5555555.0,4.549675948686878
0,19,7,1.7301356E7,5555555.0,4.933526909817313
0,19,8,1.825418E7,5555555.0,5.166348772195573
0,19,9,1.7223599E7,5555555.0,4.913964542175246
0,19,10,1.7166808E7,5555555.0,4.899620983902523
0,19,11,1.9317747E7,5555555.0,5.412290224484632
0,19,12,1.4128938E7,5555555.0,4.053820679132932
0,19,13,1.607416E7,5555555.0,4.614008354542637
0,19,14,1.02838026E9,5555555.0,22.674262801992697
0,19,15,1.7437726E7,5555555.0,4.967623978194971
0,19,16,1.4650546E7,5555555.0,4.2112635891356405
0,19,17,1.9978812E7,5555555.0,5.5584220873984105
0,20,0,1.518024E7,4761904.0,5.034980020421443
0,20,1,1.3511946E7,4761904.0,4.529372651453852
0,20,2,1.6143585E7,4761904.0,5.3021934893358935
0,20,3,1.8445323E7,4761904.0,5.88105628874102
0,20,4,1.4875214E7,4761904.0,4.946825865779719
0,20,5,1.1071228E7,4761904.0,3.6641515890695597
0,20,6,1.5962907E7,4761904.0,5.253313476703212
0,20,7,2.0366293E7,4761904.0,6.311313516820627
0,20,8,1.5647081E7,4761904.0,5.166526949960292
0,20,9,2.0650734E7,4761904.0,6.371548568470939
0,20,10,1.6345001E7,4761904.0,5.356043157079081
0,20,11,1.502872E7,4761904.0,4.991413574088079
0,20,12,1.9172846E7,4761904.0,6.049059481661593
0,20,13,1.6553137E7,4761904.0,5.410996736734726
0,20,14,1.4923935E7,4761904.0,4.961027130592251
0,20,15,1.032244471E9,4761904.0,23.360019295671314
0,20,16,1.8425584E7,4761904.0,5.876406259601642
0,20,17,2.1825705E7,4761904.0,6.61187645128533
0,20,18,2.1268471E7,4761904.0,6.499556336192485
0,20,19,1.7952944E7,4761904.0,5.763550404288006
0,20,20,1.7703892E7,4761904.0,5.702881157984501
0,21,0,1.7351012E7,4166666.0,6.19536121345697
0,21,1,1.6777765E7,4166666.0,6.049454182983717
0,21,2,2.271446E7,4166666.0,7.365137278145788
0,21,3,1.7315307E7,4166666.0,6.186415071837742
0,21,4,1.6187197E7,4166666.0,5.8938296336014195
0,21,5,1.6052504E7,4166666.0,5.857540980057758
0,21,6,1.8296935E7,4166666.0,6.4258965644440025
0,21,7,1.6750905E7,4166666.0,6.042495868037511
0,21,8,1.8159687E7,4166666.0,6.393196699573462
0,21,9,1.5357595E7,4166666.0,5.665345216854084
0,21,10,1.6010161E7,4166666.0,5.84607010454694
0,21,11,1.5783291E7,4166666.0,5.784088749720402
0,21,12,1.5912301E7,4166666.0,5.8194429658676805
0,21,13,1.4385127E7,4166666.0,5.381250116381934
0,21,14,1.3253509E7,4166666.0,5.025421885342004
0,21,15,1.2722014E7,4166666.0,4.847671803609056
0,21,16,1.8183924E7,4166666.0,6.398989187787315
0,21,17,1.3221766E7,4166666.0,5.015007779090137
0,21,18,1.6218558E7,4166666.0,5.9022354945350255
0,21,19,1.3641304E7,4166666.0,5.15067198596586
0,21,20,1.5688925E7,4166666.0,5.758044980895242
0,21,21,2.0522765E7,4166666.0,6.924471833961217
0,21,22,2.0111564E7,4166666.0,6.836571565422726
0,21,23,1.6961923E7,4166666.0,6.096863985619868
0,22,0,1.6856916E7,4000000.0,6.247181313513815
0,22,1,1.030817711E9,4000000.0,24.111218804479655
0,22,2,1.8828293E7,4000000.0,6.727509567139229
0,22,3,1.2797792E7,4000000.0,5.050750560595469
0,22,4,1.537121E7,4000000.0,5.846480645673192
0,22,5,1.7449689E7,4000000.0,6.397276997501887
0,22,6,1.5987598E7,4000000.0,6.017232282840823
0,22,7,1.5151367E7,4000000.0,5.783918265779635
0,22,8,1.7042603E7,4000000.0,6.294759360863461
0,22,9,2.3243648E7,4000000.0,7.642442985666702
0,22,10,2.2431931E7,4000000.0,7.488066690828292
0,22,11,1.5941515E7,4000000.0,6.004696008183734
0,22,12,1.2543409E7,4000000.0,4.963555921114646
0,22,13,1.490288E7,4000000.0,5.712102131409461
0,22,14,1.5345746E7,4000000.0,5.83928014232873
0,22,15,1.2738208E7,4000000.0,5.030483447992208
0,22,16,1.6841519E7,4000000.0,6.243212682565119
0,22,17,2.0303725E7,4000000.0,7.055157312422433
0,22,18,1.532491E7,4000000.0,5.8333794134907135
0,22,19,1.7150773E7,4000000.0,6.322237075154939
0,22,20,1.6517964E7,4000000.0,6.158965239289493
0,22,21,1.2269371E7,4000000.0,4.867623074845204
0,22,22,1.8020188E7,4000000.0,6.536993262216686
0,22,23,1.6581081E7,4000000.0,6.175528495443762
0,22,24,1.2947346E7,4000000.0,5.101207627510044
0,23,0,1.2613159E7,4000000.0,4.987638791032795
0,23,1,1.5119979E7,4000000.0,5.774911966500261
0,23,2,1.6309238E7,4000000.0,6.103736790853361
0,23,3,1.6960888E7,4000000.0,6.273885950009971
0,23,4,1.6419311E7,4000000.0,6.13294937632306
0,23,5,1.9402302E7,4000000.0,6.857932688387178
0,23,6,1.980319E7,4000000.0,6.946751629642575
0,23,7,1.7633816E7,4000000.0,6.442863135074716
0,23,8,1.4769515E7,4000000.0,5.673062428951546
0,23,9,2.2020598E7,4000000.0,7.407691173392773
0,23,10,2.2964134E7,4000000.0,7.589900810642219
0,23,11,1.9531271E7,4000000.0,6.886705146493828
0,23,12,1.4698147E7,4000000.0,5.652025952297218
0,23,13,1.326098E7,4000000.0,5.205156287336594
0,23,14,1.7831637E7,4000000.0,6.491312232681784
0,23,15,1.8793324E7,4000000.0,6.719436098042319
0,23,16,1.7098042E7,4000000.0,6.308863882289293
0,23,17,1.719675E7,4000000.0,6.3338638636837405
0,23,18,2.1106162E7,4000000.0,7.223492759085416
0,23,19,1.4450777E7,4000000.0,5.578312078573539
0,23,20,1.2336422E7,4000000.0,4.891292258264446
0,23,21,1.2107166E7,4000000.0,4.809825056879309
0,23,22,2.2255393E7,4000000.0,7.453752764087281
0,23,23,1.5810037E7,4000000.0,5.968728949785051
0,23,24,1.468336E7,4000000.0,5.6476545542977235
0,24,0,1.6992552E7,4545454.0,5.726813405463237
0,24,1,1.2610925E7,4545454.0,4.431696757883776
0,24,2,1.7137239E7,4545454.0,5.763635864843248
0,24,3,1.6282334E7,4545454.0,5.541393921311881
0,24,4,1.3328875E7,4545454.0,4.672162280445438
0,24,5,1.8953656E7,4545454.0,6.20115727055953
0,24,6,1.8971217E7,4545454.0,6.20517924629128
0,24,7,1.4746513E7,4545454.0,5.111120709539637
0,24,8,2.1410865E7,4545454.0,6.7305694610486295
0,24,9,1.9043482E7,4545454.0,6.22169092696478
0,24,10,1.5311598E7,4545454.0,5.274432512887094
0,24,11,4.1463783E7,4545454.0,9.600916559022176
0,24,12,2.1591226E7,4545454.0,6.767000362221158
0,24,13,1.7457248E7,4545454.0,5.843985145399412
0,24,14,1.6602493E7,4545454.0,5.625960387397396
0,24,15,1.2505248E7,4545454.0,4.3951504187600134
0,24,16,1.3293271E7,4545454.0,4.660545914167174
0,24,17,1.4573786E7,4545454.0,5.059951210368828
0,24,18,1.5434012E7,4545454.0,5.309015665171395
0,24,19,1.8090046E7,4545454.0,5.99862404137923
0,24,20,1.9022428E7,4545454.0,6.216886819061211
0,24,21,1.4688353E7,4545454.0,5.093958341660327
0,25,0,2.1179726E7,5263157.0,6.046740121663671
0,25,1,1.6356347E7,5263157.0,4.924399903229759
0,25,2,1.87341E7,5263157.0,5.513865088861976
0,25,3,1.6609725E7,5263157.0,4.991161168687768
0,25,4,2.0499493E7,5263157.0,5.904967948618137
0,25,5,2.0477585E7,5263157.0,5.900324120956203
0,25,6,1.6466707E7,5263157.0,4.95360432743318
0,25,7,1.7898588E7,5263157.0,5.315724460982043
0,25,8,1.7147775E7,5263157.0,5.12961451178554
0,25,9,1.4154121E7,5263157.0,4.296365787416723
0,25,10,1.560079E7,5263157.0,4.719002656984943
0,25,11,1.736983E7,5263157.0,5.185492427738523
0,25,12,1.5070377E7,5263157.0,4.568777915283015
0,25,13,1.6162654E7,5263157.0,4.87266350708878
0,25,14,1.5045642E7,5263157.0,4.561643986708085
0,25,15,1.2075512E7,5263157.0,3.6065922862140987
0,25,16,2.0797266E7,5263157.0,5.967599213247402
0,25,17,1.5003615E7,5263157.0,4.549495861986141
0,25,18,1.7492638E7,5263157.0,5.216089835441283
0,26,0,1.46735E7,6250000.0,3.7065369904790617
0,26,1,1.7764867E7,6250000.0,4.536819430665621
0,26,2,1.2159572E7,6250000.0,2.8903827130073796
0,26,3,1.7046157E7,6250000.0,4.357464667577911
0,26,4,1.3158785E7,6250000.0,3.2333577374575078
0,26,5,1.1254032E7,6250000.0,2.5542812835959823
0,26,6,1.7778069E7,6250000.0,4.540045701007365
0,26,7,1.557091E7,6250000.0,3.9643397713990067
0,26,8,1.1415503E7,6250000.0,2.616150351717588
0,26,9,2.0492433E7,6250000.0,5.157135064913004
0,26,10,1.961245E7,6250000.0,4.966518320615348
0,26,11,1.5867082E7,6250000.0,4.046170488046993
0,26,12,2.2238317E7,6250000.0,5.512218993217748
0,26,13,1.1817546E7,6250000.0,2.766472841328679
0,26,14,2.3790814E7,6250000.0,5.805292842837942
0,26,15,2.6335808E7,6250000.0,6.246666299956462
0,27,0,1.5904552E7,6666666.0,3.7761274287801965
0,27,1,1.6171037E7,6666666.0,3.8482917328437134
0,27,2,1.4597367E7,6666666.0,3.403658294686223
0,27,3,1.6892829E7,6666666.0,4.037936883620415
0,27,4,1.3810022E7,6666666.0,3.1628567291539156
0,27,5,1.812152E7,6666666.0,4.342859251816968
0,27,6,1.2277972E7,6666666.0,2.65217941118972
0,27,7,1.5976264E7,6666666.0,3.795665309123696
0,27,8,1.2264337E7,6666666.0,2.6473537805858487
0,27,9,2.2053176E7,6666666.0,5.1956244594649705
0,27,10,1.6803287E7,6666666.0,4.0148554768296485
0,27,11,1.4087384E7,6666666.0,3.249216554351373
0,27,12,1.5934109E7,6666666.0,3.7841908619058158
0,27,13,1.8123922E7,6666666.0,4.343434869212976
0,27,14,1.6499418E7,6666666.0,3.935599276780482
0,28,0,1.9813226E7,6250000.0,5.0107517601041724
0,28,1,2.2448606E7,6250000.0,5.553093602756913
0,28,2,1.3352975E7,6250000.0,3.296980185545217
0,28,3,1.6808951E7,6250000.0,4.296605938272932
0,28,4,1.5788444E7,6250000.0,4.024593137084257
0,28,5,1.9573131E7,6250000.0,4.957802854349942
0,28,6,1.7259417E7,6250000.0,4.41146104396693
0,28,7,1.7470868E7,6250000.0,4.464344650999749
0,28,8,2.0300178E7,6250000.0,5.116198286518402
0,28,9,1.513972E7,6250000.0,3.8423782587946302
0,28,10,1.8601563E7,6250000.0,4.736694200865383
0,28,11,1.4664086E7,6250000.0,3.703749816106254
0,28,12,1.6521166E7,6250000.0,4.221606775468286
0,28,13,1.5030229E7,6250000.0,3.8108558018752476
0,28,14,1.4404702E7,6250000.0,3.626242608159667
0,28,15,1.7228864E7,6250000.0,4.403766254669193
0,29,0,1.6099729E7,5555555.0,4.620911143288835
0,29,1,1.9666687E7,5555555.0,5.490037544713349
0,29,2,2.1053794E7,5555555.0,5.786029178157165
0,29,3,1.8438723E7,5555555.0,5.2100338860950215
0,29,4,1.3209752E7,5555555.0,3.7616721277540375
0,29,5,1.552195E7,5555555.0,4.462188286663754
0,29,6,1.6392594E7,5555555.0,4.6992023125192555
0,29,7,2.0213931E7,5555555.0,5.609233274412823
0,29,8,1.8554865E7,5555555.0,5.23730347424061
0,29,9,1.931466E7,5555555.0,5.411596161042772
0,29,10,1.7123776E7,5555555.0,4.888720866275074
0,29,11,1.876951E7,5555555.0,5.287254835369551
0,29,12,1.5325356E7,5555555.0,4.406831202739303
0,29,13,1.73942E7,5555555.0,4.956770078552209
0,29,14,1.6067797E7,5555555.0,4.612288847653589
0,29,15,2.0381038E7,5555555.0,5.644988472508837
0,29,16,2.1022104E7,5555555.0,5.779487288197337
0,29,17,1.6264279E7,5555555.0,4.665073641824863
0,30,0,1.7717884E7,4761904.0,5.7063121822825735
0,30,1,1.7606895E7,4761904.0,5.6790213851524385
0,30,2,1.4214227E7,4761904.0,4.749426110288853
0,30,3,1.9423664E7,4761904.0,6.105505210437161
0,30,4,1.9706088E7,4761904.0,6.168197820753938
0,30,5,2.0544E7,4761904.0,6.349043706098012
0,30,6,2.1364789E7,4761904.0,6.519179722758167
0,30,7,1.8008032E7,4761904.0,5.77685617948905
0,30,8,1.4914401E7,4761904.0,4.9582517990648
0,30,9,1.6148807E7,4761904.0,5.303598083832497
0,30,10,1.7352042E7,4761904.0,5.615699544227853
0,30,11,1.9254517E7,4761904.0,6.067519930294045
0,30,12,1.5112136E7,4761904.0,5.015452175376623
0,30,13,1.8575401E7,4761904.0,5.9115756216953415
0,30,14,1.6152307E7,4761904.0,5.304539246847871
0,30,15,1.4913503E7,4761904.0,4.957990301344499
0,30,16,1.52221E7,4761904.0,5.046939348881386
0,30,17,1.7336619E7,4761904.0,5.611837691943756
0,30,18,1.7510167E7,4761904.0,5.655096523280529
0,30,19,1.4955694E7,4761904.0,4.970259349402532
0,30,20,1.5921354E7,4761904.0,5.241993629068419
0,31,0,2.4887778E7,4166666.0,7.761974353920714
0,31,1,1.48304E7,4166666.0,5.5136417601335586
0,31,2,1.8817107E7,4166666.0,6.547641656505582
0,31,3,1.352785E7,4166666.0,5.114400902551902
0,31,4,1.1130093E7,4166666.0,4.267101043940007
0,31,5,1.5771853E7,4166666.0,5.78094031819902
0,31,6,1.575828E7,4166666.0,5.777201241445371
0,31,7,1.5949218E7,4166666.0,5.829507053875048
0,31,8,2.0669069E7,4166666.0,6.955322262745596
0,31,9,1.3736279E7,4166666.0,5.180804144734516
0,31,10,1.2740272E7,4166666.0,4.853900113203581
0,31,11,1.4615786E7,4166666.0,5.450334867788753
0,31,12,1.5124322E7,4166666.0,5.598872262086211
0,31,13,1.6369251E7,4166666.0,5.9424011926010065
0,31,14,1.8756295E7,4166666.0,6.533583659258434
0,31,15,1.663534E7,4166666.0,6.012429927855879
0,31,16,1.6660443E7,4166666.0,6.018978562825593
0,31,17,2.1760521E7,4166666.0,7.178806004195564
0,31,18,1.4678165E7,4166666.0,5.46883076575334
0,31,19,1.7703865E7,4166666.0,6.282794004381632
0,31,20,1.9751296E7,4166666.0,6.758069087400592
0,31,21,1.5896491E7,4166666.0,5.815125797001727
0,31,22,1.6772765E7,4166666.0,6.04815973402831
0,31,23,2.1344048E7,4166666.0,7.094881001083326
0,32,0,1.7100028E7,4000000.0,6.309368301890767
0,32,1,1.4075018E7,4000000.0,5.463889675983113
0,32,2,1.4027326E7,4000000.0,5.449148989358924
0,32,3,1.8796801E7,4000000.0,6.720239522834274
0,32,4,1.808075E7,4000000.0,6.551564499721004
0,32,5,1.5604079E7,4000000.0,5.911781490542434
0,32,6,1.7712995E7,4000000.0,6.462320087103182
0,32,7,1.849238E7,4000000.0,6.649328178490428
0,32,8,1.8641537E7,4000000.0,6.6842172586916915
0,32,9,2.2655441E7,4000000.0,7.531125290385974
0,32,10,2.210014E7,4000000.0,7.423350335351974
0,32,11,1.8999058E7,4000000.0,6.766720772278248
0,32,12,1.6570411E7,4000000.0,6.172732891383518
0,32,13,2.0454428E7,4000000.0,7.0872734780259
0,32,14,1.7122117E7,4000000.0,6.314974690469263
0,32,15,1.8008111E7,4000000.0,6.534081676157962
0,32,16,1.7358731E7,4000000.0,6.374579818257775
0,32,17,1.6143698E7,4000000.0,6.0594303329825365
0,32,18,1.5646886E7,4000000.0,5.923679270668066
0,32,19,1.6534942E7,4000000.0,6.163426845395925
0,32,20,1.5046825E7,4000000.0,5.753848786718219
0,32,21,1.3926201E7,4000000.0,5.417726678270448
0,32,22,1.9738982E7,4000000.0,6.932647596812932
0,32,23,3.1157706E7,4000000.0,8.915054837246808
0,32,24,1.818327E7,4000000.0,6.576119962077117
0,33,0,1.6662143E7,4166666.0,6.019421686069315
0,33,1,1.5352865E7,4166666.0,5.664007423206156
0,33,2,1.4659466E7,4166666.0,5.463294617577782
0,33,3,1.6509409E7,4166666.0,5.9794283796649985
0,33,4,1.3198055E7,4166666.0,5.0072124505561995
0,33,5,1.181692E7,4166666.0,4.527156065839975
0,33,6,1.3096379E7,4166666.0,4.973625459614216
0,33,7,1.1666796E7,4166666.0,4.4716291526719845
0,33,8,1.5740377E7,4166666.0,5.772264411950218
0,33,9,1.5910867E7,4166666.0,5.819051566565468
0,33,10,4.5309299E7,4166666.0,10.363986542698399
0,33,11,1.9753901E7,4166666.0,6.758641840968686
0,33,12,1.8906987E7,4166666.0,6.56833636789858
0,33,13,2.1915261E7,4166666.0,7.209579584535845
0,33,14,1.9519132E7,4166666.0,6.706718122347351
0,33,15,1.8556618E7,4166666.0,6.487101388049107
0,33,16,1.8902618E7,4166666.0,6.567332690341049
0,33,17,1.7122648E7,4166666.0,6.137822399311846
0,33,18,1.7022917E7,4166666.0,6.112452928260678
0,33,19,1.6434408E7,4166666.0,5.959653757487784
0,33,20,1.4738828E7,4166666.0,5.486742619287305
0,33,21,1.5945114E7,4166666.0,5.828389397883026
0,33,22,2.7547012E7,4166666.0,8.202858094033004
0,33,23,1.7329614E7,4166666.0,6.1900020054063285
0,34,0,1.7802459E7,4545454.0,5.9290272717748715
0,34,1,1.7691029E7,4545454.0,5.901758273523558
0,34,2,1.2591002E7,4545454.0,4.424830258536012
0,34,3,1.8890683E7,4545454.0,6.18670393229355
0,34,4,1.8149701E7,4545454.0,6.01292207757629
0,34,5,1.805191E7,4545454.0,5.989458925629208
0,34,6,2.3521295E7,4545454.0,7.138839617307459
0,34,7,2.3299586E7,4545454.0,7.097709372462755
0,34,8,1.637948E7,4545454.0,5.567228430166892
0,34,9,1.6501404E7,4545454.0,5.599436300915745
0,34,10,1.3277891E7,4545454.0,4.655518320810418
0,34,11,2.5050841E7,4545454.0,7.4124504340142305
0,34,12,1.8644314E7,4545454.0,6.129691414718015
0,34,13,2.0709951E7,4545454.0,6.586018042861042
0,34,14,1.8307138E7,4545454.0,6.0504318821909475
0,34,15,2.4547534E7,4545454.0,7.3243060316499
0,34,16,1.670297E7,4545454.0,5.652164340209507
0,34,17,1.8949226E7,4545454.0,6.200142084134606
0,34,18,1.3439173E7,4545454.0,4.70795277504529
0,34,19,1.6387116E7,4545454.0,5.569252609134918
0,34,20,1.704625E7,4545454.0,5.740515864459982
0,34,21,1.6803559E7,4545454.0,5.678240081374866
0,35,0,1.7883759E7,5263157.0,5.312124835031944
0,35,1,2.0226519E7,5263157.0,5.846748215589795
0,35,2,1.6913181E7,5263157.0,5.069789713708618
0,35,3,1.3079231E7,5263157.0,3.953358849581157
0,35,4,1.8128042E7,5263157.0,5.371045734996546
0,35,5,1.8824614E7,5263157.0,5.534797545088245
0,35,6,1.4883709E7,5263157.0,4.514648450728877
0,35,7,1.9472778E7,5263157.0,5.681815874744084
0,35,8,1.6463442E7,5263157.0,4.952743127875254
0,35,9,1.7540833E7,5263157.0,5.228038885970277
0,35,10,2.3478482E7,5263157.0,6.494236889796304
0,35,11,1.6766158E7,5263157.0,5.03187229305393
0,35,12,1.3311087E7,5263157.0,4.029671967358638
0,35,13,1.4976082E7,5263157.0,4.541518841183014
0,35,14,1.5150549E7,5263157.0,4.59182045136115
0,35,15,1.5662652E7,5263157.0,4.73618973466089
0,35,16,1.8153745E7,5263157.0,5.3771990553585
0,35,17,1.5355738E7,5263157.0,4.650243683477646
0,35,18,1.8366483E7,5263157.0,5.427796759484859
0,36,0,2.1427558E7,6250000.0,5.35092661977952
0,36,1,1.5972567E7,6250000.0,4.074947011955388
0,36,2,1.2427682E7,6250000.0,2.9851011463730415
0,36,3,2.2651197E7,6250000.0,5.5921113985505695
0,36,4,1.7602164E7,6250000.0,4.496860456681666
0,36,5,1.4622576E7,6250000.0,3.691438699178089
0,36,6,2.8935857E7,6250000.0,6.655563321465502
0,36,7,1.5148408E7,6250000.0,3.8448697634279045
0,36,8,1.4809436E7,6250000.0,3.7465850189611367
0,36,9,1.459619E7,6250000.0,3.6835949063810114
0,36,10,2.0912429E7,6250000.0,5.245244621512742
0,36,11,1.702909E7,6250000.0,4.353114234231119
0,36,12,1.3111187E7,6250000.0,3.2176199427079895
0,36,13,1.4084895E7,6250000.0,3.5287359641360103
0,36,14,1.3239133E7,6250000.0,3.2597952775623087
0,36,15,1.5131005E7,6250000.0,3.839877574378013
0,37,0,1.1155899E7,6666666.0,2.235958762091876
0,37,1,1.2227259E7,6666666.0,2.6342041409281602
0,37,2,1.5589405E7,6666666.0,3.689208422956578
0,37,3,1.9873574E7,6666666.0,4.743672787495238
0,37,4,1.7094333E7,6666666.0,4.089434623079629
0,37,5,1.6290547E7,6666666.0,3.8802696967229084
0,37,6,2.429319E7,6666666.0,5.615758493377363
0,37,7,1.5771199E7,6666666.0,3.739560141583309
0,37,8,1.5355117E7,6666666.0,3.623444324313177
0,37,9,1.3007828E7,6666666.0,2.9029608818094657
0,37,10,1.6932978E7,6666666.0,4.048246466089319
0,37,11,1.8393529E7,6666666.0,4.4075636387066774
0,37,12,1.5063982E7,6666666.0,3.540310905541924
0,37,13,2.0491995E7,6666666.0,4.876755437225858
0,37,14,1.5964958E7,6666666.0,3.792590828368099
0,38,0,1.8727452E7,6250000.0,4.765986752679169
0,38,1,1.4423067E7,6250000.0,3.6317760361811935
0,38,2,2.1298023E7,6250000.0,5.324592743557192
0,38,3,2.3285739E7,6250000.0,5.712100079836962
0,38,4,1.8467306E7,6250000.0,4.705235280870279
0,38,5,1.2320619E7,6250000.0,2.9475251041380273
0,38,6,1.3319355E7,6250000.0,3.2860317695543
0,38,7,1.5935424E7,6250000.0,4.064836060609415
0,38,8,1.6446572E7,6250000.0,4.201953732929015
0,38,9,1.6675426E7,6250000.0,4.26196920122238
0,38,10,1.3985093E7,6250000.0,3.4978534140440924
0,38,11,1.1626565E7,6250000.0,2.6957140659369228
0,38,12,1.6511429E7,6250000.0,4.219046440446004
0,38,13,1.7871166E7,6250000.0,4.562728715267609
0,38,14,1.4530478E7,6250000.0,3.6639988390148845
0,38,15,1.5893053E7,6250000.0,4.053273143311843
0,39,0,1.8411977E7,5555555.0,5.203729722400655
0,39,1,1.9189368E7,5555555.0,5.383332200565343
0,39,2,1.6079995E7,5555555.0,4.615584579033514
0,39,3,1.5181191E7,5555555.0,4.36578392848337
0,39,4,1.953766E7,5555555.0,5.461450961477197
0,39,5,1.9662295E7,5555555.0,5.489067562132845
0,39,6,1.2786932E7,5555555.0,3.6203890416836466
0,39,7,1.3595913E7,5555555.0,3.8868092541017942
0,39,8,1.9779704E7,5555555.0,5.5149233669743
0,39,9,1.575594E7,5555555.0,4.527168668415712
0,39,10,1.752442E7,5555555.0,4.989162017068118
0,39,11,1.8218221E7,5555555.0,5.1577851460527055
0,39,12,1.6490657E7,5555555.0,4.725105071360761
0,39,13,1.6488378E7,5555555.0,4.724504837226662
0,39,14,2.4920766E7,5555555.0,6.518339358160514
0,39,15,1.4570679E7,5555555.0,4.187523390866998
0,39,16,1.4273378E7,5555555.0,4.097993158413295
0,39,17,1.5068234E7,5555555.0,4.333349044308352
0,40,0,1.532221E7,4761904.0,5.075407745296331
0,40,1,1.9244852E7,4761904.0,6.065339397799722
0,40,2,1.6613761E7,4761904.0,5.426873227802732
0,40,3,1.2857882E7,4761904.0,4.3138880003568705
0,40,4,1.8605748E7,4761904.0,5.9186649870987225
0,40,5,1.4217349E7,4761904.0,4.750379886033083
0,40,6,1.766514E7,4761904.0,5.693364478818884
0,40,7,1.3042991E7,4761904.0,4.375965588258749
0,40,8,1.6609655E7,4761904.0,5.42579976013055
0,40,9,1.819793E7,4761904.0,5.822413543651676
0,40,10,1.4424603E7,4761904.0,4.813232333776199
0,40,11,1.4841711E7,4761904.0,4.937033349096494
0,40,12,1.5504721E7,4761904.0,5.126833199442984
0,40,13,1.2270736E7,4761904.0,4.110899767567215
0,40,14,1.1670511E7,4761904.0,3.8930923651505274
0,40,15,1.7870096E7,4761904.0,5.743462498077312
0,40,16,1.5181558E7,4761904.0,5.035357073274182
0,40,17,1.8479743E7,4761904.0,5.889152913617338
0,40,18,1.5015547E7,4761904.0,4.987605219185153
0,40,19,1.5448504E7,4761904.0,5.111057938717395
0,40,20,1.4051533E7,4761904.0,4.699430718871956
0,41,0,1.5851753E7,4166666.0,5.8028860779219755
0,41,1,1.4155757E7,4166666.0,5.311444100593104
0,41,2,2.0252947E7,4166666.0,6.866995374021179
0,41,3,2.3666925E7,4166666.0,7.54353145710628
0,41,4,1.8483029E7,4166666.0,6.469844561233732
0,41,5,2.1463946E7,4166666.0,7.1192087824560035
0,41,6,1.642989E7,4166666.0,5.958459669921027
0,41,7,1.2223841E7,4166666.0,4.674190034388743
0,41,8,1.873936E7,4166666.0,6.529660656685933
0,41,9,1.7725302E7,4166666.0,6.288049545357067
0,41,10,1.9417227E7,4166666.0,6.683985190267412
0,41,11,2.1197877E7,4166666.0,7.065036790447556
0,41,12,1.775946E7,4166666.0,6.2964106754076905
0,41,13,1.6270231E7,4166666.0,5.916050301658976
0,41,14,1.8503182E7,4166666.0,6.474577318292823
0,41,15,1.5117069E7,4166666.0,5.5967890656236925
0,41,16,1.8254238E7,4166666.0,6.415750197908409
0,41,17,1.9726516E7,4166666.0,6.752617002733413
0,41,18,1.658326E7,4166666.0,5.9988122105835275
0,41,19,1.7356941E7,4166666.0,6.196844984054591
0,41,20,1.6784813E7,4166666.0,6.051278183245823
0,41,21,1.46185E7,4166666.0,5.451141232772164
0,41,22,1.5911548E7,4166666.0,5.819237444690821
0,41,23,1.7332851E7,4166666.0,6.190813148665764
0,42,0,1.6569704E7,4000000.0,6.1725475895529405
0,42,1,2.2709387E7,4000000.0,7.541454200335394
0,42,2,2.0089173E7,4000000.0,7.009020674248097
0,42,3,1.5719902E7,4000000.0,5.943898429331944
0,42,4,1.7380115E7,4000000.0,6.379926544153058
0,42,5,1.6569609E7,4000000.0,6.1725226898359296
0,42,6,1.4291639E7,4000000.0,5.5302204626904725
0,42,7,1.6614996E7,4000000.0,6.184402497319593
0,42,8,1.6810054E7,4000000.0,6.235091172253905
0,42,9,1.4202047E7,4000000.0,5.502909542335229
0,42,10,1.6165348E7,4000000.0,6.065250670073585
0,42,11,1.4396055E7,4000000.0,5.561835058742836
0,42,12,1.7459177E7,4000000.0,6.399637765190969
0,42,13,1.353635E7,4000000.0,5.294415837629324
0,42,14,1.1960318E7,4000000.0,4.7568273546567195
0,42,15,1.1275157E7,4000000.0,4.500626065620751
0,42,16,1.5755115E7,4000000.0,5.953615862032012
0,42,17,1.6199849E7,4000000.0,6.074509751422984
0,42,18,1.8160666E7,4000000.0,6.570717798847074
0,42,19,1.6295874E7,4000000.0,6.100176667041385
0,42,20,1.26883E7,4000000.0,5.013434471515799
0,42,21,1.7154463E7,4000000.0,6.323171362063445
0,42,22,1.7644863E7,4000000.0,6.445582993887113
0,42,23,1.5748797E7,4000000.0,5.951873937046031
0,42,24,1.508694E7,4000000.0,5.765411718487954
0,43,0,1.5200487E7,4166666.0,5.620688134872224
0,43,1,1.06851E7,4166666.0,4.089899022046629
0,43,2,1.6904256E7,4166666.0,6.082073722984463
0,43,3,1.5470581E7,4166666.0,5.697179351990576
0,43,4,1.0971836E7,4166666.0,4.204906186230782
0,43,5,2.6234953E7,4166666.0,7.990916016938666
0,43,6,2.5226786E7,4166666.0,7.820732342736586
0,43,7,1.4967916E7,4166666.0,5.55372648435281
0,43,8,1.8716319E7,4166666.0,6.524317498752662
0,43,9,1.5592428E7,4166666.0,5.731250585170629
0,43,10,1.8829931E7,4166666.0,6.55060039798816
0,43,11,1.5481815E7,4166666.0,5.7003318474703635
0,43,12,1.6468521E7,4166666.0,5.968659091310464
0,43,13,1.6714002E7,4166666.0,6.0329176099763
0,43,14,1.4818075E7,4166666.0,5.510030997827712
0,43,15,1.7634408E7,4166666.0,6.265721958629235
0,43,16,1.4976001E7,4166666.0,5.556071715921221
0,43,17,1.7178234E7,4166666.0,6.151898255555719
0,43,18,1.2243238E7,4166666.0,4.681076031552774
0,43,19,1.2090506E7,4166666.0,4.62655788106592
0,43,20,2.0260725E7,4166666.0,6.868662930850757
0,43,21,1.6091242E7,4166666.0,5.868008775432198
0,43,22,1.4795205E7,4166666.0,5.503322982521221
0,43,23,1.5994403E7,4166666.0,5.841793456379602
0,44,0,1.5802562E7,4545454.0,5.411502358579332
0,44,1,1.9181355E7,4545454.0,6.25302016076536
0,44,2,1.8333294E7,4545454.0,6.056632359520587
0,44,3,1.8043916E7,4545454.0,5.987535295930253
0,44,4,1.5074847E7,4545454.0,5.2067564596247715
0,44,5,1.2249641E7,4545454.0,4.305460939643326
0,44,6,1.5425168E7,4545454.0,5.3065263569635235
0,44,7,1.6982232E7,4545454.0,5.724175025663039
0,44,8,1.1127453E7,4545454.0,3.8881850152825588
0,44,9,1.776619E7,4545454.0,5.920170352849765
0,44,10,1.7987476E7,4545454.0,5.97392960420109
0,44,11,1.4410587E7,4545454.0,5.011044046376321
0,44,12,2.2749038E7,4545454.0,6.993857690900128
0,44,13,1.6164542E7,4545454.0,5.509861369243697
0,44,14,1.6161894E7,4545454.0,5.509149869967594
0,44,15,1.4240328E7,4545454.0,4.959427255354023
0,44,16,1.6672627E7,4545454.0,5.644267671817323
0,44,17,1.643532E7,4545454.0,5.582008972652158
0,44,18,1.493615E7,4545454.0,5.166613994107846
0,44,19,1.8264018E7,4545454.0,6.040190594364159
0,44,20,1.6006923E7,4545454.0,5.467305887448589
0,44,21,1.6626009E7,4545454.0,5.632107441960052
0,45,0,1.4150386E7,5263157.0,4.2952196166677865
0,45,1,1.7721108E7,5263157.0,5.27244547144445
0,45,2,1.5027322E7,5263157.0,4.556352671962605
0,45,3,1.9610691E7,5263157.0,5.712465714695406
0,45,4,1.3345707E7,5263157.0,4.040952606295819
0,45,5,1.6202064E7,5263157.0,4.883240181349435
0,45,6,1.3873604E7,5263157.0,4.209429688768367
0,45,7,1.9719787E7,5263157.0,5.736558944537979
0,45,8,1.652758E7,5263157.0,4.9696294277741595
0,45,9,1.7226728E7,5263157.0,5.149564712972131
0,45,10,1.8337367E7,5263157.0,5.420906517296384
0,45,11,1.7748872E7,5263157.0,5.279244321885372
0,45,12,1.6490882E7,5263157.0,4.959975588985727
0,45,13,1.3486225E7,5263157.0,4.08644075818557
0,45,14,1.5902898E7,5263157.0,4.802299482055493
0,45,15,1.735671E7,5263157.0,5.182210820141751
0,45,16,1.7677901E7,5263157.0,5.261843722114099
0,45,17,1.8503155E7,5263157.0,5.459994616867996
0,45,18,1.7092593E7,5263157.0,5.115616263373884
0,46,0,1.774884E7,6250000.0,4.532899570576674
0,46,1,1.2731536E7,6250000.0,3.0900078505920883
0,46,2,1.2065788E7,6250000.0,2.8567567300155043
0,46,3,1.7359169E7,6250000.0,4.436489139023537
0,46,4,1.6624735E7,6250000.0,4.248747139871598
0,46,5,1.5163148E7,6250000.0,3.849093565840321
0,46,6,1.8208515E7,6250000.0,4.643945108998555
0,46,7,2.3257903E7,6250000.0,5.706905375632428
0,46,8,1.811933E7,6250000.0,4.622621173497789
0,46,9,1.5992111E7,6250000.0,4.080257781807046
0,46,10,1.6930524E7,6250000.0,4.327903823943242
0,46,11,1.5907838E7,6250000.0,4.057311422854127
0,46,12,1.8214315E7,6250000.0,4.645328256884829
0,46,13,1.9982344E7,6250000.0,5.047664138209905
0,46,14,1.72973E7,6250000.0,4.4209830043132445
0,46,15,1.9228232E7,6250000.0,4.880593361641232
0,47,0,1.8172574E7,6666666.0,4.35507748495627
0,47,1,1.8238401E7,6666666.0,4.370780626114619
0,47,2,1.7150362E7,6666666.0,4.103645937993868
0,47,3,1.9420834E7,6666666.0,4.643591786143103
0,47,4,1.5865227E7,6666666.0,3.7653759286055495
0,47,5,1.5284294E7,6666666.0,3.6033668542388284
0,47,6,1.9390108E7,6666666.0,4.636715305258495
0,47,7,1.9522726E7,6666666.0,4.666317615176233
0,47,8,1.585431E7,6666666.0,3.762386482040712
0,47,9,1.462787E7,6666666.0,3.412723945303069
0,47,10,1.5550028E7,6666666.0,3.678224778566403
0,47,11,1.5886807E7,6666666.0,3.7712792205726076
0,47,12,1.3522598E7,6666666.0,3.071514399983835
0,47,13,1.8040718E7,6666666.0,4.323451204600576
0,47,14,1.0298875E7,6666666.0,1.888810895227004
0,48,0,1.4230941E7,6250000.0,3.5735360077223906
0,48,1,1.5530455E7,6250000.0,3.9530416221543048
0,48,2,1.253701E7,6250000.0,3.023139549292863
0,48,3,1.2335685E7,6250000.0,2.9528325350317135
0,48,4,1.242169E7,6250000.0,2.98300669297116
0,48,5,1.58346E7,6250000.0,4.037270797300129
0,48,6,1.3577707E7,6250000.0,3.3694641524174402
0,48,7,1.988767E7,6250000.0,5.027038876799592
0,48,8,1.342199E7,6250000.0,3.3193689356695084
0,48,9,1.5695654E7,6250000.0,3.9989939907132275
0,48,10,1.935118E7,6250000.0,4.908274353113024
0,48,11,1.3651958E7,6250000.0,3.3931492616552204
0,48,12,1.0884487E7,6250000.0,2.4092794765275336
0,48,13,1.381476E7,6250000.0,3.4446332709621923
0,48,14,1.7378535E7,6250000.0,4.441331455492043
0,48,15,1.6129344E7,6250000.0,4.117366871202981
0,49,0,1.3515454E7,5555555.0,3.8610318727509707
0,49,1,1.6180904E7,5555555.0,4.642753297919779
0,49,2,1.6909605E7,5555555.0,4.8340601134493015
0,49,3,1.863045E7,5555555.0,5.254958935071848
0,49,4,2.3838501E7,5555555.0,6.325514913838371
0,49,5,1.7462543E7,5555555.0,4.973800370688662
0,49,6,1.5367013E7,5555555.0,4.418620072045176
0,49,7,1.2724896E7,5555555.0,3.5992679008688166
0,49,8,2.067626E7,5555555.0,5.707445332324792
0,49,9,1.5944722E7,5555555.0,4.578895001507138
0,49,10,1.7164637E7,5555555.0,4.899071718748394
0,49,11,1.916106E7,5555555.0,5.376920793408937
0,49,12,1.807394E7,5555555.0,5.1232538475382485
0,49,13,2.138617E7,5555555.0,5.854055632679417
0,49,14,1.761415E7,5555555.0,5.011342389556973
0,49,15,1.2366691E7,5555555.0,3.475260579690021
0,49,16,2.6767686E7,5555555.0,6.828833776626136
0,49,17,1.9555937E7,5555555.0,5.465511780349434
0,50,0,1.5170854E7,4545454.0,5.234327617828355
0,50,1,1.7835503E7,4545454.0,5.937080948341787
0,50,2,1.7472961E7,4545454.0,5.84789240496058
0,50,3,1.5701834E7,4545454.0,5.383731146182442
0,50,4,1.7793056E7,4545454.0,5.926732785456399
0,50,5,1.8707859E7,4545454.0,6.144468209351474
0,50,6,1.9229881E7,4545454.0,6.2639932964595655
0,50,7,1.8393495E7,4545454.0,6.070869915393418
0,50,8,1.7952727E7,4545454.0,5.965531597292694
0,50,9,1.1552109E7,4545454.0,4.050840109708671
0,50,10,1.7327491E7,4545454.0,5.811584148816475
0,50,11,1.6158702E7,4545454.0,5.508292046683182
0,50,12,1.2578838E7,4545454.0,4.420632569167192
0,50,13,1.6672576E7,4545454.0,5.644254387136717
0,50,14,1.7484961E7,4545454.0,5.850874008951537
0,50,15,1.7265013E7,4545454.0,5.7958964263293264
0,50,16,1.5899211E7,4545454.0,5.437983058838912
0,50,17,1.6599182E7,4545454.0,5.625094196740239
0,50,18,1.6504313E7,4545454.0,5.600201842625459
0,50,19,2.3178933E7,4545454.0,7.075161730691048
0,50,20,1.3336381E7,4545454.0,4.6746072706358675
0,50,21,1.592066E7,4545454.0,5.443838006367275
0,51,0,1.7112768E7,4166666.0,6.135315738022657
0,51,1,1.6065589E7,4166666.0,5.861079635737038
0,51,2,1.3044487E7,4166666.0,4.956383154896983
0,51,3,1.3429887E7,4166666.0,5.08283669698947
0,51,4,1.4111366E7,4166666.0,5.2978036730231945
0,51,5,1.1542701E7,4166666.0,4.4251875711896735
0,51,6,1.9207912E7,4166666.0,6.636914685558029
0,51,7,1.7620898E7,4166666.0,6.262393484476885
0,51,8,1.525686E7,4166666.0,5.636764722754619
0,51,9,2.4260686E7,4166666.0,7.651143881003644
0,51,10,1.6346357E7,4166666.0,5.936322907586897
0,51,11,1.5792613E7,4166666.0,5.786653042592538
0,51,12,1.3030407E7,4166666.0,4.951692921525737
0,51,13,1.1537698E7,4166666.0,4.4233047828314715
0,51,14,1.1462989E7,4166666.0,4.395091868536294
0,51,15,1.1991294E7,4166666.0,4.590773622489172
0,51,16,1.4690518E7,4166666.0,5.472484208470764
0,51,17,1.5266063E7,4166666.0,5.639383614947919
0,51,18,1.2058438E7,4166666.0,4.615023659418892
0,51,19,1.8616607E7,4166666.0,6.50111842008817
0,51,20,1.577873E7,4166666.0,5.782833559410663
0,51,21,1.1379959E7,4166666.0,4.363520085736129
0,51,22,2.0117117E7,4166666.0,6.83777052955149
0,51,23,2.3576135E7,4166666.0,7.526839208741229
0,52,0,1.7696593E7,4000000.0,6.458296714336664
0,52,1,1.3712044E7,4000000.0,5.35042206842653
0,52,2,1.8199991E7,4000000.0,6.580111818960518
0,52,3,1.3953369E7,4000000.0,5.426190880709094
0,52,4,1.6650867E7,4000000.0,6.193768605391641
0,52,5,1.6021059E7,4000000.0,6.026312284511929
0,52,6,1.5752889E7,4000000.0,5.953002215088001
0,52,7,1.8923917E7,4000000.0,6.749510432440289
0,52,8,1.3628009E7,4000000.0,5.323724203780511
0,52,9,1.2524789E7,4000000.0,4.9571042689135645
0,52,10,1.2053377E7,4000000.0,4.790487491095193
0,52,11,1.9595716E7,4000000.0,6.9010114528779445
0,52,12,1.5623669E7,4000000.0,5.91723038171226
0,52,13,1.2797268E7,4000000.0,5.050572736977514
0,52,14,1.7178128E7,4000000.0,6.329158431633536
0,52,15,1.5356142E7,4000000.0,5.8422212810667915
0,52,16,1.2513411E7,4000000.0,4.953157177704745
0,52,17,1.2364733E7,4000000.0,4.90124751457617
0,52,18,1.9058442E7,4000000.0,6.780274034812264
0,52,19,1.4652671E7,4000000.0,5.638568070705542
0,52,20,1.2345042E7,4000000.0,4.89432580488568
0,52,21,1.4183263E7,4000000.0,5.497161647569327
0,52,22,1.8997664E7,4000000.0,6.76640210978518
0,52,23,1.6276454E7,4000000.0,6.094998038213934
0,52,24,2.7735625E7,4000000.0,8.409779654739802
0,53,0,1.266073E7,4166666.0,4.826700584149557
0,53,1,1.5116963E7,4166666.0,5.596758613042918
0,53,2,1.2223742E7,4166666.0,4.674154861051805
0,53,3,2.0683553E7,4166666.0,6.95836454699694
0,53,4,1.9985577E7,4166666.0,6.809280024137507
0,53,5,2.7620784E7,4166666.0,8.214473128143139
0,53,6,1.8743846E7,4166666.0,6.530700186258253
0,53,7,1.0605213E7,4166666.0,4.057307067100256
0,53,8,1.4727032E7,4166666.0,5.483265416869183
0,53,9,1.2897419E7,4166666.0,4.907141202415742
0,53,10,1.9162576E7,4166666.0,6.62665201504222
0,53,11,1.7167392E7,4166666.0,6.149156351285755
0,53,12,1.5973632E7,4166666.0,5.836149861486749
0,53,13,2.2670361E7,4166666.0,7.3566974703145185
0,53,14,1.924312E7,4166666.0,6.644867993231137
0,53,15,1.7409246E7,4166666.0,6.209912732907636
0,53,16,2.8402648E7,4166666.0,8.335701427309138
0,53,17,2.7239423E7,4166666.0,8.15409215079341
0,53,18,1.7521022E7,4166666.0,6.2377074613669325
0,53,19,1.5210176E7,4166666.0,5.623455505894382
0,53,20,9472959.0,4166666.0,3.566969688340895
0,53,21,9777416.0,4166666.0,3.7043540471646015
0,53,22,1.132427E7,4166666.0,4.342215267233216
0,53,23,1.2009729E7,4166666.0,4.5974451884039675
0,54,0,1.3706399E7,4761904.0,4.591427344118933
0,54,1,1.9657004E7,4761904.0,6.157366902594216
0,54,2,1.3767114E7,4761904.0,4.6106227287026975
0,54,3,1.9885144E7,4761904.0,6.207481045356965
0,54,4,1.4491131E7,4761904.0,4.833216467170967
0,54,5,2.040094E7,4761904.0,6.318695427943829
0,54,6,1.3680453E7,4761904.0,4.5831984260974625
0,54,7,1.6968957E7,4761904.0,5.5187451337046465
0,54,8,1.5644648E7,4761904.0,5.16585160314478
0,54,9,1.773057E7,4761904.0,5.709420616874744
0,54,10,1.7279265E7,4761904.0,5.597446293758916
0,54,11,1.6056009E7,4761904.0,5.278569671390137
0,54,12,1.2594928E7,4761904.0,4.224150533801382
0,54,13,1.6114697E7,4761904.0,5.29441508232278
0,54,14,1.4787985E7,4761904.0,4.921283656013827
0,54,15,1.2648375E7,4761904.0,4.242540973324527
0,54,16,1.4540513E7,4761904.0,4.847990932433057
0,54,17,1.5459508E7,4761904.0,5.11415032568863
0,54,18,1.4864885E7,4761904.0,4.943809179195088
0,54,19,1.6319698E7,4761904.0,5.349314819877157
0,54,20,1.7923058E7,4761904.0,5.756314744144776
0,55,0,1.7092624E7,5555555.0,4.880812877451958
0,55,1,1.7275078E7,5555555.0,4.926925654989989
0,55,2,1.7084801E7,5555555.0,4.878824731305041
0,55,3,1.4173631E7,5555555.0,4.067536705698063
0,55,4,1.4691583E7,5555555.0,4.223411415405432
0,55,5,1.5057549E7,5555555.0,4.330268336508178
0,55,6,1.7030924E7,5555555.0,4.865107594557385
0,55,7,1.6794514E7,5555555.0,4.80439989269409
0,55,8,1.8790168E7,5555555.0,5.292032116107589
0,55,9,1.7342664E7,5555555.0,4.943883586069219
0,55,10,1.6361981E7,5555555.0,4.691084325431572
0,55,11,1.4081498E7,5555555.0,4.039214063593358
0,55,12,1.6476421E7,5555555.0,4.721354289062935
0,55,13,1.6197439E7,5555555.0,4.647189015882574
0,55,14,1.856221E7,5555555.0,5.239022302036829
0,55,15,1.7911061E7,5555555.0,5.083938615061427
0,55,16,1.81403E7,5555555.0,5.139170135758641
0,55,17,1.3935065E7,5555555.0,3.9938154734996507
0,56,0,1.8208865E7,6250000.0,4.6440285873095535
0,56,1,1.7423275E7,6250000.0,4.452497740133211
0,56,2,1.236037E7,6250000.0,2.9615145393891744
0,56,3,2.0468575E7,6250000.0,5.1520759125987015
0,56,4,1.7283543E7,6250000.0,4.417527571198022
0,56,5,2.6843744E7,6250000.0,6.329630710956082
0,56,6,1.9004951E7,6250000.0,4.829867368656579
0,56,7,1.8106156E7,6250000.0,4.619462405244511
0,56,8,1.8816632E7,6250000.0,4.786618740791316
0,56,9,1.9551186E7,6250000.0,4.95293090046773
0,56,10,1.5465095E7,6250000.0,3.934725748159477
0,56,11,1.6910505E7,6250000.0,4.322765598242497
0,56,12,1.8760174E7,6250000.0,4.773568447847597
0,56,13,1.7875754E7,6250000.0,4.563843520735555
0,56,14,1.6809596E7,6250000.0,4.296772584345328
0,56,15,1.8501575E7,6250000.0,4.713286832045519
0,57,0,1.8502173E7,6666666.0,4.433140398875499
0,57,1,1.8186143E7,6666666.0,4.358319041636352
0,57,2,1.9050842E7,6666666.0,4.560054776606888
0,57,3,1.346152E7,6666666.0,3.0518540326031998
0,57,4,1.7969976E7,6666666.0,4.306387995676989
0,57,5,1.338353E7,6666666.0,3.026619792447188
0,57,6,1.2236263E7,6666666.0,2.6374010540232025
0,57,7,1.261501E7,6666666.0,2.7697890160690557
0,57,8,1.5821121E7,6666666.0,3.7532855452076035
0,57,9,1.82527E7,6666666.0,4.374184183115857
0,57,10,1.056097E7,6666666.0,1.997951114311002
0,57,11,2.2630524E7,6666666.0,5.307859124572642
0,57,12,1.5720896E7,6666666.0,3.7256859716349258
0,57,13,1.7235126E7,6666666.0,4.125057652163156
0,57,14,2.0661083E7,6666666.0,4.912443848476619
0,58,0,1.8392651E7,6250000.0,4.687643128562613
0,58,1,1.8555182E7,6250000.0,4.725852011740903
0,58,2,1.9606346E7,6250000.0,4.965166451710988
0,58,3,1.6114573E7,6250000.0,4.113387848281581
0,58,4,1.405381E7,6250000.0,3.5191406046753144
0,58,5,1.736872E7,6250000.0,4.438877966459169
0,58,6,1.5948E7,6250000.0,4.068262096462816
0,58,7,1.9123476E7,6250000.0,4.856868177933399
0,58,8,1.3086829E7,6250000.0,3.2095441036532653
0,58,9,1.6006886E7,6250000.0,4.084268345904495
0,58,10,1.8745709E7,6250000.0,4.770218536052585
0,58,11,1.8040215E7,6250000.0,4.60361691735307
0,58,12,1.4500284E7,6250000.0,3.654964909891754
0,58,13,1.9442221E7,6250000.0,4.928658581097634
0,58,14,1.5937757E7,6250000.0,4.065471835889008
0,58,15,1.4437224E7,6250000.0,3.6360367745593694
0,59,0,1.7682983E7,5263157.0,5.263092041908495
0,59,1,1.8075399E7,5263157.0,5.358415675591872
0,59,2,1.798774E7,5263157.0,5.3373027630603325
0,59,3,1.7245243E7,5263157.0,5.154229931044899
0,59,4,2.8015034E7,5263157.0,7.26144828661388
0,59,5,1.8223778E7,5263157.0,5.393920910239457
0,59,6,2.2703157E7,5263157.0,6.3483992723362626
0,59,7,1.5768923E7,5263157.0,4.765557072919178
0,59,8,1.03711117E9,5263157.0,22.9457898655267
0,59,9,2.288278E7,5263157.0,6.382624599964405
0,59,10,1.2685769E7,5263157.0,3.8207047368269027
0,59,11,1.9741866E7,5263157.0,5.74141874545231
0,59,12,1.3181635E7,5263157.0,3.9872295662198116
0,59,13,1.6413098E7,5263157.0,4.939442373911094
0,59,14,1.3110961E7,5263157.0,3.9638820031746147
0,59,15,1.2409742E7,5263157.0,3.72516427341976
0,59,16,1.6742985E7,5263157.0,5.025865629360124
0,59,17,1.2451206E7,5263157.0,3.739650931848693
0,59,18,1.3832452E7,5263157.0,4.196528466261594
0,60,0,1.5613297E7,4545454.0,5.359173539829923
0,60,1,1.2825664E7,4545454.0,4.505025912493687
0,60,2,1.1973358E7,4545454.0,4.206387009168975
0,60,3,1.9539342E7,4545454.0,6.33332667418525
0,60,4,1.4397166E7,4545454.0,5.00699745054268
0,60,5,1.0974375E7,4545454.0,3.8280252911546535
0,60,6,1.1370579E7,4545454.0,3.982053128497955
0,60,7,1.2244004E7,4545454.0,4.303461957427563
0,60,8,2.9690946E7,4545454.0,8.150467680558137
0,60,9,1.761733E7,4545454.0,5.883628223636638
0,60,10,2.0135584E7,4545454.0,6.463869630716785
0,60,11,1.7917449E7,4545454.0,5.956989099105693
0,60,12,2.1546514E7,4545454.0,6.757997488251109
0,60,13,1.7910317E7,4545454.0,5.9552600556114115
0,60,14,1.9162763E7,4545454.0,6.248808613304384
0,60,15,2.1839354E7,4545454.0,6.816625208903652
0,60,16,1.5984317E7,4545454.0,5.461168168065419
0,60,17,1.291893E7,4545454.0,4.536492779945147
0,60,18,1.58368E7,4545454.0,5.420901650686094
0,60,19,1.7689925E7,4545454.0,5.901487245722454
0,60,20,1.8326358E7,4545454.0,6.054988990640586
0,60,21,2.8106819E7,4545454.0,7.912344298819015
0,61,0,1.6504212E7,4166666.0,5.978061048016588
0,61,1,1.7110587E7,4166666.0,6.134762200085588
0,61,2,1.486509E7,4166666.0,5.523788541635027
0,61,3,1.5303432E7,4166666.0,5.650001493050355
0,61,4,1.2605961E7,4166666.0,4.807872703812334
0,61,5,1.7824738E7,4166666.0,6.312344662168535
0,61,6,1.4609478E7,4166666.0,5.448460099687847
0,61,7,1.50536E7,4166666.0,5.578516831002025
0,61,8,1.6249692E7,4166666.0,5.910564448848157
0,61,9,1.619225E7,4166666.0,5.8951851169330975
0,61,10,2.6305279E7,4166666.0,8.002542235861503
0,61,11,3.0413263E7,4166666.0,8.632743287408271
0,61,12,1.9169117E7,4166666.0,6.628134193371106
0,61,13,1.7128846E7,4166666.0,6.13939415978934
0,61,14,1.704829E7,4166666.0,6.118921355355962
0,61,15,1.8854948E7,4166666.0,6.556366502026747
0,61,16,1.7883023E7,4166666.0,6.326522463100037
0,61,17,2.0463242E7,4166666.0,6.911857514825335
0,61,18,2.0961108E7,4166666.0,7.016255468371211
0,61,19,1.2566212E7,4166666.0,4.794156934649706
0,61,20,3.2186171E7,4166666.0,8.878806254897842
0,61,21,1.9751329E7,4166666.0,6.7580763434844116
0,61,22,1.3953579E7,4166666.0,5.248969267362854
0,61,23,1.1290046E7,4166666.0,4.329070226104521
0,62,0,1.2740326E7,4000000.0,5.0312054955910135
0,62,1,1.6161363E7,4000000.0,6.06417993725505
0,62,2,1.4983493E7,4000000.0,5.735530779626337
0,62,3,1.8204942E7,4000000.0,6.581293083045337
0,62,4,1.8885512E7,4000000.0,6.740687720352401
0,62,5,1.9275168E7,4000000.0,6.829381806689621
0,62,6,1.5540598E7,4000000.0,5.894077350483454
0,62,7,1.3604905E7,4000000.0,5.316355222174483
0,62,8,1.5898555E7,4000000.0,5.992976622978753
0,62,9,1.5816329E7,4000000.0,5.970456989558061
0,62,10,1.3628397E7,4000000.0,5.323847849032192
0,62,11,1.4471771E7,4000000.0,5.5846169034142745
0,62,12,1.6652662E7,4000000.0,6.194236759139413
0,62,13,1.5424822E7,4000000.0,5.861601697167778
0,62,14,1.5667666E7,4000000.0,5.929443134483597
0,62,15,1.2404627E7,4000000.0,4.915237184912912
0,62,16,1.5806382E7,4000000.0,5.967724821937159
0,62,17,1.7554262E7,4000000.0,6.423225846514295
0,62,18,1.6737516E7,4000000.0,6.216310138501845
0,62,19,1.633036E7,4000000.0,6.109357674619918
0,62,20,1.4142868E7,4000000.0,5.484774966529868
0,62,21,1.1688666E7,4000000.0,4.657049576527432
0,62,22,2.2131916E7,4000000.0,7.42959021885682
0,62,23,1.7025948E7,4000000.0,6.290513113247988
0,62,24,1.221423E7,4000000.0,4.848061023890618
0,63,0,1.2228608E7,4166666.0,4.675883346843016
0,63,1,1.6964727E7,4166666.0,6.097581864767989
0,63,2,1.4785986E7,4166666.0,5.500616018519474
0,63,3,1.7652548E7,4166666.0,6.2701871228081485
0,63,4,1.5359559E7,4166666.0,5.665900577134936
0,63,5,1.3400297E7,4166666.0,5.073257352375451
0,63,6,1.7365879E7,4166666.0,6.199080818681494
0,63,7,1.9993885E7,4166666.0,6.811085010211402
0,63,8,1.7255931E7,4166666.0,6.171497067158435
0,63,9,1.7328863E7,4166666.0,6.189813794507183
0,63,10,1.7520932E7,4166666.0,6.237685152962914
0,63,11,1.3450047E7,4166666.0,5.089351131434742
0,63,12,1.1788756E7,4166666.0,4.516792900987473
0,63,13,1.5579896E7,4166666.0,5.727758655123689
0,63,14,1.7206709E7,4166666.0,6.159091251745442
0,63,15,1.4406116E7,4166666.0,5.387582186515525
0,63,16,1.6131257E7,4166666.0,5.8787952154452405
0,63,17,1.5303565E7,4166666.0,5.650039236816
0,63,18,1.2275924E7,4166666.0,4.692655022583837
0,63,19,1.6126382E7,4166666.0,5.877482543048234
0,63,20,1.1144076E7,4166666.0,4.272553764118429
0,63,21,1.1475814E7,4166666.0,4.399948117845175
0,63,22,1.3662727E7,4166666.0,5.157487018218799
0,63,23,1.5907251E7,4166666.0,5.818064450449221
0,64,0,1.9204535E7,4761904.0,6.056231602638178
0,64,1,1.0314662E7,4761904.0,3.356743654163049
0,64,2,1.2024331E7,4761904.0,4.0228028701404295
0,64,3,1.2250213E7,4761904.0,4.103630042620365
0,64,4,1.1597692E7,4761904.0,3.865909352243251
0,64,5,1.6887407E7,4761904.0,5.497823345710087
0,64,6,1.3546711E7,4761904.0,4.540532300634524
0,64,7,1.8846262E7,4761904.0,5.974445885901232
0,64,8,2.6525626E7,4761904.0,7.458850061869791
0,64,9,1.6478409E7,4761904.0,5.39134642220728
0,64,10,1.4747748E7,4761904.0,4.909450722746982
0,64,11,1.5391507E7,4761904.0,5.095005084022707
0,64,12,1.6010109E7,4761904.0,5.2661365291344495
0,64,13,1.6142836E7,4761904.0,5.301991988793605
0,64,14,2.061933E7,4761904.0,6.364939135278849
0,64,15,1.4508012E7,4761904.0,4.838272703472238
0,64,16,1.6319691E7,4761904.0,5.349312957059581
0,64,17,1.7628159E7,4761904.0,5.684263232651409
0,64,18,1.1316967E7,4761904.0,3.759494137183694
0,64,19,1.3333889E7,4761904.0,4.471761996747431
0,64,20,1.6368113E7,4761904.0,5.362179788239176
0,65,0,1.8140901E7,5555555.0,5.139314017976679
0,65,1,1.9425291E7,5555555.0,5.436400819901416
0,65,2,1.5394599E7,5555555.0,4.426409293747412
0,65,3,2.8565219E7,5555555.0,7.111101065329281
0,65,4,1.2027894E7,5555555.0,3.354621406069021
0,65,5,2.1891742E7,5555555.0,5.955528697574453
0,65,6,1.7843379E7,5555555.0,5.0674964869041474
0,65,7,1.3521313E7,5555555.0,3.8629141476615043
0,65,8,1.2317573E7,5555555.0,3.457976933301788
0,65,9,1.6266627E7,5555555.0,4.665700567767399
0,65,10,2.2276208E7,5555555.0,6.031138129143537
0,65,11,1.8583958E7,5555555.0,5.244107638145582
0,65,12,1.0849781E7,5555555.0,2.9069352068491576
0,65,13,1.9853488E7,5555555.0,5.531093662353189
0,65,14,1.5314697E7,5555555.0,4.4038095728032545
0,65,15,1.8651855E7,5555555.0,5.259945791118734
0,65,16,1.4566639E7,5555555.0,4.186319059213596
0,65,17,1.8538426E7,5555555.0,5.233454062520621
0,66,0,1.38391E7,6250000.0,3.4522783016517344
0,66,1,1.7163525E7,6250000.0,4.387264695971107
0,66,2,1.5409607E7,6250000.0,3.91911545455602
0,66,3,2.039499E7,6250000.0,5.136434793673424
0,66,4,1.6551575E7,6250000.0,4.229593089406881
0,66,5,1.3054474E7,6250000.0,3.1987936027029744
0,66,6,1.7924948E7,6250000.0,4.575778871159401
0,66,7,1.7402859E7,6250000.0,4.447405841527276
0,66,8,1.6332657E7,6250000.0,4.171768242556254
0,66,9,1.7482645E7,6250000.0,4.467271215952989
0,66,10,1.7787352E7,6250000.0,4.5423128220781726
0,66,11,1.418563E7,6250000.0,3.5596861072913826
0,66,12,1.2557326E7,6250000.0,3.0301715174804156
0,66,13,1.152686E7,6250000.0,2.6583100110456175
0,66,14,1.6066909E7,6250000.0,4.100523165839766
0,66,15,1.8954078E7,6250000.0,4.8182264616113
0,67,0,1.8200647E7,6666666.0,4.361781291259986
0,67,1,1.3958774E7,6666666.0,3.2093857833556405
0,67,2,2.0233657E7,6666666.0,4.821656860659171
0,67,3,1.6197105E7,6666666.0,3.8552870005992195
0,67,4,1.5505151E7,6666666.0,3.665673025423492
0,67,5,1.176733E7,6666666.0,2.467692353532755
0,67,6,1.2239518E7,6666666.0,2.6385561783862856
0,67,7,1.2484915E7,6666666.0,2.7247689241185546
0,67,8,1.6635033E7,6666666.0,3.9711496922911853
0,67,9,1.4970625E7,6666666.0,3.513312343168372
0,67,10,1.5489452E7,6666666.0,3.6612735564872705
0,67,11,1.6468121E7,6666666.0,3.9273535181369246
0,67,12,1.4679298E7,6666666.0,3.427965895354757
0,67,13,1.9109511E7,6666666.0,4.573408763680444
0,67,14,1.5803669E7,6666666.0,3.748492275075179
0,68,0,1.9860658E7,6250000.0,5.0211361558846
0,68,1,2.1652671E7,6250000.0,5.396314597430622
0,68,2,1.6176128E7,6250000.0,4.129945574430179
0,68,3,1.9724153E7,6250000.0,4.991183453447762
0,68,4,1.6824233E7,6250000.0,4.300552569510215
0,68,5,1.8159962E7,6250000.0,4.632349180740539
0,68,6,1.9645143E7,6250000.0,4.97375177111201
0,68,7,1.5346796E7,6250000.0,3.9013770287553133
0,68,8,1.9768662E7,6250000.0,5.000972586625091
0,68,9,1.5958471E7,6250000.0,4.071112613953932
0,68,10,1.7849373E7,6250000.0,4.557429477863371
0,68,11,1.3941737E7,6250000.0,3.48436868506846
0,68,12,1.8102386E7,6250000.0,4.618558038422621
0,68,13,1.7401587E7,6250000.0,4.44708839784136
0,68,14,1.2847769E7,6250000.0,3.1294770214351946
0,68,15,1.7102887E7,6250000.0,4.371894089744349
0,69,0,1.5530118E7,5263157.0,4.6992843035396525
0,69,1,1.6807742E7,5263157.0,5.0426304778167985
0,69,2,1.2506483E7,5263157.0,3.758888718913533
0,69,3,1.9475613E7,5263157.0,5.68244810874747
0,69,4,1.8251246E7,5263157.0,5.400461935727996
0,69,5,1.409846E7,5263157.0,4.2792535126603255
0,69,6,1.8225806E7,5263157.0,5.394404180067837
0,69,7,1.4503382E7,5263157.0,4.402229606505501
0,69,8,1.5654342E7,5263157.0,4.73388492390586
0,69,9,2.4793501E7,5263157.0,6.730915310233457
0,69,10,1.5420836E7,5263157.0,4.668615932673066
0,69,11,1.7277307E7,5263157.0,5.162297250679108
0,69,12,1.7440031E7,5263157.0,5.203009273471619
0,69,13,1.3178901E7,5263157.0,3.986328703568323
0,69,14,2.774279E7,5263157.0,7.2190380926620055
0,69,15,1.7477798E7,5263157.0,5.212403904560516
0,69,16,1.6172194E7,5263157.0,4.875226172283664
0,69,17,2.0408877E7,5263157.0,5.8857278306971015
0,69,18,1.6614558E7,5263157.0,4.9924246693904575
0,70,0,1.7029955E7,4545454.0,5.736362333207293
0,70,1,1.7726601E7,4545454.0,5.910482024099091
0,70,2,1.357815E7,4545454.0,4.752633350231911
0,70,3,1.1413342E7,4545454.0,3.9983556400256353
0,70,4,1.3228836E7,4545454.0,4.63944365408005
0,70,5,1.247985E7,4545454.0,4.386320983669828
0,70,6,1.1215232E7,4545454.0,3.922309948313589
0,70,7,1.9656282E7,4545454.0,6.359241070854658
0,70,8,1.3712013E7,4545454.0,4.795239492600765
0,70,9,1.6364899E7,4545454.0,5.563360622346085
0,70,10,1.2522486E7,4545454.0,4.401132877629725
0,70,11,1.9909882E7,4545454.0,6.414914190372457
0,70,12,1.0988367E7,4545454.0,3.8335588891115013
0,70,13,1.2290616E7,4545454.0,4.319963830084289
0,70,14,1.4325783E7,4545454.0,4.985411013281849
0,70,15,1.8971752E7,4545454.0,6.205301718282248
0,70,16,1.5225767E7,4545454.0,5.250019124347363
0,70,17,1.4551447E7,4545454.0,5.053289147728027
0,70,18,1.8837564E7,4545454.0,6.174474737638652
0,70,19,1.6247017E7,4545454.0,5.531963678302201
0,70,20,1.7849497E7,4545454.0,5.940487151111185
0,70,21,2.0455915E7,4545454.0,6.532416433455575
0,71,0,1.8994459E7,4166666.0,6.588382396943299
0,71,1,1.5362166E7,4166666.0,5.666637648843662
0,71,2,1.4012517E7,4166666.0,5.2672746368858885
0,71,3,1.353861E7,4166666.0,5.117853891137369
0,71,4,1.6065484E7,4166666.0,5.861051251424695
0,71,5,1.8725584E7,4166666.0,6.5264668224432665
0,71,6,1.6002754E7,4166666.0,5.844060403596645
0,71,7,1.778252E7,4166666.0,6.302046170198894
0,71,8,1.9527499E7,4166666.0,6.708579354362837
0,71,9,1.6507777E7,4166666.0,5.978999046532221
0,71,10,1.6461281E7,4166666.0,5.966749397410911
0,71,11,1.4583369E7,4166666.0,5.440691759963181
0,71,12,1.9639159E7,4166666.0,6.733341974256541
0,71,13,1.3303004E7,4166666.0,5.041610328659626
0,71,14,1.6083442E7,4166666.0,5.865903084495059
0,71,15,1.2478724E7,4166666.0,4.763814904481402
0,71,16,1.3416341E7,4166666.0,5.0784539929826895
0,71,17,1.8790211E7,4166666.0,6.541429681284814
0,71,18,2.0495876E7,4166666.0,6.918777961267276
0,71,19,1.6134663E7,4166666.0,5.87971210051212
0,71,20,1.7089138E7,4166666.0,6.129314680514193
0,71,21,1.3417681E7,4166666.0,5.078887736836842
0,71,22,1.8790404E7,4166666.0,6.5414742887692885
0,71,23,1.3698579E7,4166666.0,5.168868298539459
0,72,0,2.0400545E7,4000000.0,7.075817784180844
0,72,1,1.6563806E7,4000000.0,6.171001439518537
0,72,2,1.8666427E7,4000000.0,6.690012048918418
0,72,3,1.7038435E7,4000000.0,6.293697104831473
0,72,4,1.3236062E7,4000000.0,5.196988014749644
0,72,5,1.3761223E7,4000000.0,5.365970413032592
0,72,6,1.9498601E7,4000000.0,6.879434610716768
0,72,7,1.5860468E7,4000000.0,5.982560067115559
0,72,8,1.8466535E7,4000000.0,6.643254221657884
0,72,9,1.4754021E7,4000000.0,5.66850405943892
0,72,10,1.6170447E7,4000000.0,6.066620339556942
0,72,11,1.276404E7,4000000.0,5.039281651894409
0,72,12,1.4480887E7,4000000.0,5.587351732546616
0,72,13,1.9835505E7,4000000.0,6.953832704986666
0,72,14,2.4238379E7,4000000.0,7.824435806475073
0,72,15,1.7422391E7,4000000.0,6.390477647885472
0,72,16,1.8280255E7,4000000.0,6.599222582930704
0,72,17,1.7764088E7,4000000.0,6.4748292459338685
0,72,18,1.7676066E7,4000000.0,6.45325623161201
0,72,19,1.6884426E7,4000000.0,6.2542630969499955
0,72,20,1.8487789E7,4000000.0,6.6482498459513515
0,72,21,1.1807694E7,4000000.0,4.70105098422562
0,72,22,1.4917195E7,4000000.0,5.716271756057283
0,72,23,1.5327975E7,4000000.0,5.8342479207072255
0,72,24,2.0090199E7,4000000.0,7.009242472706534
0,73,0,1.1600492E7,4166666.0,4.44687720111327
0,73,1,1.1688989E7,4166666.0,4.479882611365588
0,73,2,1.9783536E7,4166666.0,6.765152287956661
0,73,3,2.001229E7,4166666.0,6.815080988583915
0,73,4,1.5316249E7,4166666.0,5.653637293632117
0,73,5,1.33089E7,4166666.0,5.043534730842348
0,73,6,1.1747698E7,4166666.0,4.5016408471348885
0,73,7,1.1247687E7,4166666.0,4.3127453352026315
0,73,8,1.3723635E7,4166666.0,5.176804700441092
0,73,9,1.1732467E7,4166666.0,4.496006525415556
0,73,10,1.1893064E7,4166666.0,4.555050671519089
0,73,11,1.2940846E7,4166666.0,4.921739801992405
0,73,12,1.523499E7,4166666.0,5.630534846936702
0,73,13,1.6206898E7,4166666.0,5.899112100447824
0,73,14,1.70999E7,4166666.0,6.132048818496441
0,73,15,1.5754639E7,4166666.0,5.776197674485646
0,73,16,2.3396325E7,4166666.0,7.493589567471805
0,73,17,2.2241637E7,4166666.0,7.273780596619586
0,73,18,1.5092805E7,4166666.0,5.589812721680741
0,73,19,1.5221488E7,4166666.0,5.626684208344278
0,73,20,1.5344902E7,4166666.0,5.6617543035984905
0,73,21,2.1769676E7,4166666.0,7.180632766450026
0,73,22,1.6223789E7,4166666.0,5.903636006313365
0,73,23,1.5937728E7,4166666.0,5.826377218980832
0,74,0,1.4802056E7,4761904.0,4.925414071456972
0,74,1,1.7531916E7,4761904.0,5.660487453893727
0,74,2,2.3419316E7,4761904.0,6.917935708513399
0,74,3,1.8192313E7,4761904.0,5.82107283695498
0,74,4,1.3929186E7,4761904.0,4.6614510189141445
0,74,5,1.8675283E7,4761904.0,5.934865559350988
0,74,6,1.6242159E7,4761904.0,5.328631218518963
0,74,7,1.2906367E7,4761904.0,4.33023374582162
0,74,8,1.9213173E7,4761904.0,6.058184574844587
0,74,9,2.0035515E7,4761904.0,6.240198743929857
0,74,10,1.4058118E7,4761904.0,4.701465485661233
0,74,11,1.7107732E7,4761904.0,5.554118024487425
0,74,12,1.725958E7,4761904.0,5.592495874715122
0,74,13,1.9628754E7,4761904.0,6.15112096419157
0,74,14,1.8038618E7,4761904.0,5.784226259211503
0,74,15,1.5122263E7,4761904.0,5.018361510788061
0,74,16,2.3113413E7,4761904.0,6.86083443738433
0,74,17,1.4238589E7,4761904.0,4.756863184182466
0,74,18,1.5619914E7,4761904.0,5.158980026337535
0,74,19,1.4941038E7,4761904.0,4.966001345259039
0,74,20,3.9082876E7,4761904.0,9.142058789651283
0,75,0,1.638394E7,5555555.0,4.696908973916873
0,75,1,2.5949155E7,5555555.0,6.693957687206153
0,75,2,1.5298389E7,5555555.0,4.3991824828843615
0,75,3,3.3556806E7,5555555.0,7.8105316568976955
0,75,4,1.8965129E7,5555555.0,5.33228349634188
0,75,5,1.4886623E7,5555555.0,4.280687386420964
0,75,6,1.983177E7,5555555.0,5.526340255685369
0,75,7,1.544046E7,5555555.0,4.439327831649741
0,75,8,1.8467726E7,5555555.0,5.216859709653148
0,75,9,1.7956883E7,5555555.0,5.0950350149977535
0,75,10,1.9597262E7,5555555.0,5.4746794737116815
0,75,11,1.6543602E7,5555555.0,4.739026219725386
0,75,12,1.6519196E7,5555555.0,4.732614546369415
0,75,13,1.853153E7,5555555.0,5.231838255487156
0,75,14,1.9699365E7,5555555.0,5.497247756364442
0,75,15,1.8572197E7,5555555.0,5.241358302229502
0,75,16,2.5019205E7,5555555.0,6.535460541460113
0,75,17,2.8323512E7,5555555.0,7.0741965163433775
0,76,0,2.4747382E7,6250000.0,5.9764924479049695
0,76,1,1.5423823E7,6250000.0,3.9231201538659644
0,76,2,1.6299493E7,6250000.0,4.162940784263378
0,76,3,1.4971481E7,6250000.0,3.7938474614620574
0,76,4,1.5491386E7,6250000.0,3.942102580796858
0,76,5,1.915705E7,6250000.0,4.864486154067837
0,76,6,1.0853277E7,6250000.0,2.3968086997781417
0,76,7,1.4747518E7,6250000.0,3.7283891757311642
0,76,8,1.9335795E7,6250000.0,4.904820156471229
0,76,9,2.492571E7,6250000.0,6.0076752053993925
0,76,10,1.7910043E7,6250000.0,4.572166111984407
0,76,11,1.7456874E7,6250000.0,4.460864599352005
0,76,12,1.8478758E7,6250000.0,4.707927605858424
0,76,13,1.3838931E7,6250000.0,3.452225266255219
0,76,14,1.5691471E7,6250000.0,3.9978364117195757
0,76,15,1.7382341E7,6250000.0,4.442282481470059
0,77,0,1.4115185E7,6666666.0,3.2577787706531627
0,77,1,1.8976905E7,6666666.0,4.543166859702122
0,77,2,1.8608092E7,6666666.0,4.457931470639139
0,77,3,1.7873117E7,6666666.0,4.282916008135883
0,77,4,1.5460951E7,6666666.0,3.6532750625565398
0,77,5,1.8592965E7,6666666.0,4.45439954250611
0,77,6,1.7080316E7,6666666.0,4.085872037202475
0,77,7,1.7726484E7,6666666.0,4.247139054958367
0,77,8,1.032828535E9,6666666.0,21.901195306027596
0,77,9,2.0958567E7,6666666.0,4.974528877974006
0,77,10,1.6925269E7,6666666.0,4.046268823112796
0,77,11,1.5309066E7,6666666.0,3.6103999785879823
0,77,12,1.495964E7,6666666.0,3.5101244495109536
0,77,13,1.843789E7,6666666.0,4.418025221426437
0,77,14,1.9074203E7,6666666.0,4.565377028507961
0,78,0,1.6487828E7,5882352.0,4.476124391270606
0,78,1,1.721283E7,5882352.0,4.663012703935691
0,78,2,1.7554181E7,5882352.0,4.748295628907517
0,78,3,1.8136856E7,5882352.0,4.890109957398974
0,78,4,1.6423841E7,5882352.0,4.459237228223747
0,78,5,1.2739094E7,5882352.0,3.355875330882739
0,78,6,1.1512595E7,5882352.0,2.9162221781019797
0,78,7,1.709046E7,5882352.0,4.632027430403823
0,78,8,1.5997523E7,5882352.0,4.345017341019561
0,78,9,1.2828983E7,5882352.0,3.386412205065511
0,78,10,1.8216611E7,5882352.0,4.909165753081384
0,78,11,1.1388783E7,5882352.0,2.869263089196466
0,78,12,1.3143234E7,5882352.0,3.491512309403708
0,78,13,1.1811214E7,5882352.0,3.027435291566933
0,78,14,1.1332327E7,5882352.0,2.8476808868049366
0,78,15,1.5211407E7,5882352.0,4.12618377441413
0,78,16,1.3083292E7,5882352.0,3.4716602518622026
0,79,0,1.8989373E7,5263157.0,5.572643000183026
0,79,1,1.5952399E7,5263157.0,4.8157967842169045
0,79,2,1.6730921E7,5263157.0,5.022735233489069
0,79,3,1.4102928E7,5263157.0,4.280629634829475
0,79,4,1.6586054E7,5263157.0,4.9849674978457434
0,79,5,1.4419434E7,5263157.0,4.377018883215746
0,79,6,1.7756268E7,5263157.0,5.281053661059708
0,79,7,1.5981333E7,5263157.0,4.8236667569329335
0,79,8,1.2451139E7,5263157.0,3.7396275623786397
0,79,9,2.3034088E7,5263157.0,6.411246964765046
0,79,10,1.4882969E7,5263157.0,4.51443251940011
0,79,11,1.6091279E7,5263157.0,4.85344239737524
0,79,12,1.7891127E7,5263157.0,5.313913733416083
0,79,13,1.5360538E7,5263157.0,4.651601018286139
0,79,14,2.3762964E7,5263157.0,6.5465428485301755
0,79,15,1.9219692E7,5263157.0,5.625000985018852
0,79,16,2.0129058E7,5263157.0,5.825771260265212
0,79,17,1.5479392E7,5263157.0,4.685075732337353
0,79,18,2.2153358E7,5263157.0,6.241932405715871
0,80,0,1.6459289E7,4545454.0,5.588338037867101
0,80,1,1.9578747E7,4545454.0,6.342076273301835
0,80,2,1.9569822E7,4545454.0,6.340096084284893
0,80,3,1.7230448E7,4545454.0,5.787193023994174
0,80,4,1.2330565E7,4545454.0,4.334057098382653
0,80,5,1.6165578E7,4545454.0,5.5101397035544935
0,80,6,1.0503625E7,4545454.0,3.637619411315084
0,80,7,1.7555741E7,4545454.0,5.868418980074677
0,80,8,1.7666404E7,4545454.0,5.895708907130919
0,80,9,1.7514212E7,4545454.0,5.858133352392572
0,80,10,1.9374919E7,4545454.0,6.296626284809755
0,80,11,1.6968867E7,4545454.0,5.720755786686146
0,80,12,1.7799157E7,4545454.0,5.92822166767906
0,80,13,2.0402695E7,4545454.0,6.52110270281312
0,80,14,1.4461944E7,4545454.0,5.026494084497417
0,80,15,1.2070716E7,4545454.0,4.241557648929237
0,80,16,1.0728283E7,4545454.0,3.729529541305782
0,80,17,1.8373865E7,4545454.0,6.066232540564337
0,80,18,1.8061215E7,4545454.0,5.991696954181728
0,80,19,1.2833587E7,4545454.0,4.50770792007799
0,80,20,1.2265235E7,4545454.0,4.310986065745722
0,80,21,1.856691E7,4545454.0,6.111623651850479
0,81,0,2.1484684E7,4000000.0,7.300689790696405
0,81,1,2.4538685E7,4000000.0,7.877912943431513
0,81,2,2.011681E7,4000000.0,7.014991227678795
0,81,3,1.829227E7,4000000.0,6.602076117592471
0,81,4,2.0699008E7,4000000.0,7.138895410637664
0,81,5,2.5214306E7,4000000.0,7.995870277855407
0,81,6,1.5467672E7,4000000.0,5.873649627311725
0,81,7,1.8249783E7,4000000.0,6.591977134939632
0,81,8,2.1646691E7,4000000.0,7.333315264388371
0,81,9,2.132934E7,4000000.0,7.269174258283244
0,81,10,2.2579881E7,4000000.0,7.516616574576417
0,81,11,1.8432881E7,4000000.0,6.635332280266412
0,81,12,1.6364322E7,4000000.0,6.118380251746952
0,81,13,2.9750963E7,4000000.0,8.71441036511977
0,81,14,2.408276E7,4000000.0,7.7964626634427585
0,81,15,2.4099764E7,4000000.0,7.799527983838534
0,81,16,1.9828324E7,4000000.0,6.952260154485491
0,81,17,2.6027064E7,4000000.0,8.133651886708329
0,81,18,1.7604781E7,4000000.0,6.435706355742297
0,81,19,1.5606318E7,4000000.0,5.912404606837076
0,81,20,1.7560479E7,4000000.0,6.424763667238761
0,81,21,1.650623E7,4000000.0,6.1558790100448935
0,81,22,1.5262231E7,4000000.0,5.815580311617391
0,81,23,2.0489744E7,4000000.0,7.09476541007742
0,81,24,1.8637828E7,4000000.0,6.683353081826718
0,82,0,1.8232741E7,4000000.0,6.587919714406484
0,82,1,1.570718E7,4000000.0,5.940382293344152
0,82,2,1.2987058E7,4000000.0,5.114507887616214
0,82,3,1.7485265E7,4000000.0,6.406122273685213
0,82,4,1.7620558E7,4000000.0,6.439596660104822
0,82,5,1.666474E7,4000000.0,6.197385509442455
0,82,6,1.2948681E7,4000000.0,5.101655405181774
0,82,7,1.3218342E7,4000000.0,5.191169929133139
0,82,8,1.4451195E7,4000000.0,5.578437699824192
0,82,9,1.3602526E7,4000000.0,5.31559573365454
0,82,10,2.1222612E7,4000000.0,7.247388428733825
0,82,11,2.4873697E7,4000000.0,7.936803483196892
0,82,12,2.2688723E7,4000000.0,7.53750061645544
0,82,13,1.6458927E7,4000000.0,6.143415276911465
0,82,14,2.2695051E7,4000000.0,7.53871171692465
0,82,15,1.02639499E9,4000000.0,24.092545321824556
0,82,16,2.1949849E7,4000000.0,7.39371545610436
0,82,17,5.4616397E7,4000000.0,11.352630553613208
0,82,18,1.7043711E7,4000000.0,6.2950417019145455
0,82,19,1.6317745E7,4000000.0,6.106001507294518
0,82,20,1.8733319E7,4000000.0,6.705547372319369
0,82,21,1.4483914E7,4000000.0,5.588259461483894
0,82,22,2.2644873E7,4000000.0,7.52909898029549
0,82,23,1.6927256E7,4000000.0,6.265265709957414
0,82,24,1.5883922E7,4000000.0,5.9889775441135455
0,83,0,1.3305537E7,4166666.0,5.042437181906472
0,83,1,2.3591329E7,4166666.0,7.529637184306028
0,83,2,1.4717028E7,4166666.0,5.480314273471063
0,83,3,1.3125634E7,4166666.0,4.983316012616038
0,83,4,1.1141041E7,4166666.0,4.271370836731757
0,83,5,1.1991147E7,4166666.0,4.590720382463403
0,83,6,1.1693171E7,4166666.0,4.481436120145517
0,83,7,1.661401E7,4166666.0,6.006857787305899
0,83,8,1.7564697E7,4166666.0,6.248519735896243
0,83,9,1.46055E7,4166666.0,5.447277402607131
0,83,10,1.8452241E7,4166666.0,6.462604293811443
0,83,11,2.0145579E7,4166666.0,6.84391065072118
0,83,12,1.7733041E7,4166666.0,6.289945293868958
0,83,13,1.7012927E7,4166666.0,6.109903497138123
0,83,14,1.7288968E7,4166666.0,6.179803816686245
0,83,15,2.7711888E7,4166666.0,8.228774263006946
0,83,16,1.8609089E7,4166666.0,6.4993642414910315
0,83,17,1.4169362E7,4166666.0,5.315616070271799
0,83,18,2.417102E7,4166666.0,7.635062889139786
0,83,19,1.857479E7,4166666.0,6.491352236794307
0,83,20,1.205212E7,4166666.0,4.61274758385111
0,83,21,1.2782293E7,4166666.0,4.868200795688915
0,83,22,1.2365459E7,4166666.0,4.724215530013762
0,83,23,1.5944415E7,4166666.0,5.82819900821443
0,84,0,1.5815455E7,5000000.0,5.001116864555124
0,84,1,1.6106931E7,5000000.0,5.080427938897238
0,84,2,1.7674044E7,5000000.0,5.483659275103825
0,84,3,2.3902685E7,5000000.0,6.794766838584895
0,84,4,1.677228E7,5000000.0,5.256220996602327
0,84,5,1.6965033E7,5000000.0,5.305847044257817
0,84,6,1.7724474E7,5000000.0,5.496033513787706
0,84,7,1.8203347E7,5000000.0,5.61181243538589
0,84,8,1.7125196E7,5000000.0,5.3466554641129616
0,84,9,1.7695989E7,5000000.0,5.489048353269678
0,84,10,1.8366046E7,5000000.0,5.650456633897678
0,84,11,1.2071805E7,5000000.0,3.828022071806896
0,84,12,1.2825527E7,5000000.0,4.091052149441086
0,84,13,1.5987666E7,5000000.0,5.048150624554436
0,84,14,1.5080896E7,5000000.0,4.794571406656374
0,84,15,2.0587362E7,5000000.0,6.146306967141965
0,84,16,1.6331429E7,5000000.0,5.1405418282944915
0,84,17,1.8019418E7,5000000.0,5.567707554773752
0,84,18,2.62479E7,5000000.0,7.201245584575881
0,84,19,1.847478E7,5000000.0,5.676092711284144
0,85,0,1.6800956E7,5882352.0,4.557829853122196
0,85,1,2.6846725E7,5882352.0,6.593403050656664
0,85,2,1.4683197E7,5882352.0,3.972696164927174
0,85,3,1.8023874E7,5882352.0,4.862971335572036
0,85,4,1.3978511E7,5882352.0,3.7590990341068937
0,85,5,1.6258057E7,5882352.0,4.415176327015745
0,85,6,1.7115366E7,5882352.0,4.638351815190078
0,85,7,1.2079656E7,5882352.0,3.1250355764810935
0,85,8,1.7590721E7,5882352.0,4.757326313407219
0,85,9,1.9136022E7,5882352.0,5.123006524668316
0,85,10,1.7410968E7,5882352.0,4.712719081844411
0,85,11,1.3563497E7,5882352.0,3.628206665324199
0,85,12,1.1655051E7,5882352.0,2.9696316910552856
0,85,13,1.5363694E7,5882352.0,4.169446395645437
0,85,14,1.5252524E7,5882352.0,4.1379070789709695
0,85,15,1.0700906E7,5882352.0,2.5986953996587614
0,85,16,1.7902236E7,5882352.0,4.833562688740395
0,86,0,1.7302955E7,6666666.0,4.142115807933095
0,86,1,1.7150731E7,6666666.0,4.1037393779689895
0,86,2,2.0468051E7,6666666.0,4.871677929129708
0,86,3,1.5618576E7,6666666.0,3.6973273769006063
0,86,4,1.6348707E7,6666666.0,3.895747130000668
0,86,5,1.1306579E7,6666666.0,2.2942252401843706
0,86,6,1.9962796E7,6666666.0,4.76312671216572
0,86,7,1.607867E7,6666666.0,3.8234142428874596
0,86,8,1.6701851E7,6666666.0,3.9885590743744483
0,86,9,2.0262504E7,6666666.0,4.827844160753368
0,86,10,1.5590275E7,6666666.0,3.6894507834935393
0,86,11,1.5144253E7,6666666.0,3.563391588282278
0,86,12,1.2173629E7,6666666.0,2.6151136467064973
0,86,13,1.5766134E7,6666666.0,3.738165158963978
0,86,14,1.6918578E7,6666666.0,4.0445516043721055
0,87,0,1.5159561E7,6666666.0,3.567779273934298
0,87,1,1.5783608E7,6666666.0,3.742975887719069
0,87,2,1.5232179E7,6666666.0,3.588533371399929
0,87,3,1.7673142E7,6666666.0,4.234050694201444
0,87,4,1.6641531E7,6666666.0,3.9728458082599354
0,87,5,1.5589354E7,6666666.0,3.6891942151950836
0,87,6,1.4895733E7,6666666.0,3.491531816389202
0,87,7,1.2369432E7,6666666.0,2.684410599210956
0,87,8,1.2463158E7,6666666.0,2.7171940325121247
0,87,9,1.8973838E7,6666666.0,4.542464907079537
0,87,10,1.7345965E7,6666666.0,4.1528976823814165
0,87,11,2.3692319E7,6666666.0,5.506988739556014
0,87,12,1.7537475E7,6666666.0,4.200583674270483
0,87,13,1.9745562E7,6666666.0,4.715608016630568
0,87,14,1.7582622E7,6666666.0,4.211749420068315
0,88,0,1.9407323E7,5882352.0,5.184146248365547
0,88,1,1.4539245E7,5882352.0,3.929908457483087
0,88,2,1.579622E7,5882352.0,4.2900216455744635
0,88,3,1.2625626E7,5882352.0,3.3170191124862725
0,88,4,1.8890995E7,5882352.0,5.0670382393964974
0,88,5,1.1052816E7,5882352.0,2.7392193109967184
0,88,6,1.3549617E7,5882352.0,3.623760102723232
0,88,7,1.5140186E7,5882352.0,4.105802014506818
0,88,8,2.0297448E7,5882352.0,5.378904283259271
0,88,9,2.0621252E7,5882352.0,5.447640203960552
0,88,10,1.5456938E7,5882352.0,4.1957245577682905
0,88,11,1.6190671E7,5882352.0,4.397138387267813
0,88,12,1.7084302E7,5882352.0,4.630462307317666
0,88,13,1.6913156E7,5882352.0,4.586736455061088
0,88,14,1.939278E7,5882352.0,5.180890615283288
0,88,15,2.0456837E7,5882352.0,5.412874755866861
0,88,16,1.6089614E7,5882352.0,4.369946160905377
0,89,0,1.5737719E7,5000000.0,4.9797178229569194
0,89,1,2.0744435E7,5000000.0,6.17931606449903
0,89,2,1.7273675E7,5000000.0,5.384147398573717
0,89,3,1.804602E7,5000000.0,5.574114300147414
0,89,4,1.5792345E7,5000000.0,4.9947661870228535
0,89,5,1.6164224E7,5000000.0,5.095848558266907
0,89,6,1.2542144E7,5000000.0,3.9940177839308912
0,89,7,1.7670077E7,5000000.0,5.482684376779464
0,89,8,2.0592162E7,5000000.0,6.147319418632456
0,89,9,1.3020462E7,5000000.0,4.156563900721074
0,89,10,1.8138687E7,5000000.0,5.596358423741254
0,89,11,1.9616578E7,5000000.0,5.936532451230371
0,89,12,1.5132876E7,5000000.0,4.809514691090712
0,89,13,3.2309906E7,5000000.0,8.103656901799019
0,89,14,2.3783466E7,5000000.0,6.773051409418901
0,89,15,1.3727691E7,5000000.0,4.386274906364703
0,89,16,1.2668287E7,5000000.0,4.03747889415356
0,89,17,1.1545237E7,5000000.0,3.634328481822916
0,89,18,1.517289E7,5000000.0,4.820983049618388
0,89,19,1.9396515E7,5000000.0,5.887537022834277
0,90,0,1.6761858E7,4347826.0,5.860500018631031
0,90,1,1.7479222E7,4347826.0,6.042499429889176
0,90,2,1.4479141E7,4347826.0,5.224706420600582
0,90,3,1.614843E7,4347826.0,5.69858149978597
0,90,4,1.0445076E7,4347826.0,3.806394490256065
0,90,5,1.1361943E7,4347826.0,4.171804509043983
0,90,6,2.0145851E7,4347826.0,6.659134622604928
0,90,7,1.7966348E7,4347826.0,6.161876522168162
0,90,8,1.7648241E7,4347826.0,6.084292704577743
0,90,9,1.9718058E7,4347826.0,6.565919844458431
0,90,10,1.5512489E7,4347826.0,5.524093312495278
0,90,11,3.2683857E7,4347826.0,8.760611463880846
0,90,12,1.4761247E7,4347826.0,5.308508920511509
0,90,13,2.004864E7,4347826.0,6.63812762281729
0,90,14,1.7902615E7,4347826.0,6.146443168634235
0,90,15,2.4509384E7,4347826.0,7.510602408693625
0,90,16,1.7474835E7,4347826.0,6.041409284672492
0,90,17,1.9317714E7,4347826.0,6.476835767246949
0,90,18,3.2887665E7,4347826.0,8.787608846922554
0,90,19,1.7640531E7,4347826.0,6.082394984527438
0,90,20,1.5061608E7,4347826.0,5.395991849776838
0,90,21,1.5542632E7,4347826.0,5.532524091225197
0,90,22,1.642986E7,4347826.0,5.773617075002905
0,91,0,1.3978522E7,4000000.0,5.4340126297314555
0,91,1,2.2110212E7,4000000.0,7.425329154293477
0,91,2,2.5861532E7,4000000.0,8.105942569596078
0,91,3,2.4041738E7,4000000.0,7.789058686968389
0,91,4,1.7833479E7,4000000.0,6.491760833738557
0,91,5,1.9254419E7,4000000.0,6.824704270397261
0,91,6,2.079816E7,4000000.0,7.1596492357741095
0,91,7,1.9230355E7,4000000.0,6.819273102333466
0,91,8,1.4785339E7,4000000.0,5.677712952035381
0,91,9,1.7108052E7,4000000.0,6.311405702988228
0,91,10,1.428852E7,4000000.0,5.5292725571911125
0,91,11,1.6780419E7,4000000.0,6.227428094505384
0,91,12,1.4688622E7,4000000.0,5.649210634230104
0,91,13,5.214073E7,4000000.0,11.15117115917705
0,91,14,1.475889E7,4000000.0,5.669937045735374
0,91,15,2.0365713E7,4000000.0,7.068396279329986
0,91,16,1.4561017E7,4000000.0,5.611317175819867
0,91,17,1.7384376E7,4000000.0,6.380991152748453
0,91,18,1.818644E7,4000000.0,6.576877028059288
0,91,19,1.7073459E7,4000000.0,6.302615246567721
0,91,20,1.2954632E7,4000000.0,5.103650892405572
0,91,21,1.946053E7,4000000.0,6.870946726075054
0,91,22,1.636319E7,4000000.0,6.118079818671739
0,91,23,1.7269508E7,4000000.0,6.352199735742511
0,91,24,1.753E7,4000000.0,6.417219247658325
0,92,0,1.7995683E7,4000000.0,6.531083429897878
0,92,1,1.6002603E7,4000000.0,6.021306398648259
0,92,2,1.7132609E7,4000000.0,6.317635122111089
0,92,3,1.741935E7,4000000.0,6.389719540233606
0,92,4,1.9536315E7,4000000.0,6.8878265781476244
0,92,5,1.2200954E7,4000000.0,4.843337984236274
0,92,6,1.2279065E7,4000000.0,4.871053070081079
0,92,7,1.6017767E7,4000000.0,6.025419806467035
0,92,8,2.0111391E7,4000000.0,7.013821181913304
0,92,9,1.399232E7,4000000.0,5.438297374357573
0,92,10,1.5299108E7,4000000.0,5.8260611909938405
0,92,11,1.6899795E7,4000000.0,6.258214451846005
0,92,12,1.7412727E7,4000000.0,6.388067997956464
0,92,13,1.6551799E7,4000000.0,6.16785212421977
0,92,14,1.6404135E7,4000000.0,6.128933433861073
0,92,15,2.5872928E7,4000000.0,8.107855886173004
0,92,16,1.5071966E7,4000000.0,5.761099144214608
0,92,17,2.6717787E7,4000000.0,8.24740491910784
0,92,18,1.5739334E7,4000000.0,5.949263601865466
0,92,19,1.6509431E7,4000000.0,6.1567211416871634
0,92,20,1.8363863E7,4000000.0,6.619040528092598
0,92,21,1.422408E7,4000000.0,5.509641948924427
0,92,22,1.852159E7,4000000.0,6.6561827495887735
0,92,23,1.2296928E7,4000000.0,4.877366388689532
0,92,24,1.427063E7,4000000.0,5.523831548409335
0,93,0,1.1216209E7,4347826.0,4.115739379349321
0,93,1,1.7868795E7,4347826.0,6.138231111153517
0,93,2,1.5050389E7,4347826.0,5.3927556977422055
0,93,3,1.6574746E7,4347826.0,5.811747264775102
0,93,4,1.792566E7,4347826.0,6.152029995081033
0,93,5,1.4543471E7,4347826.0,5.243959139670213
0,93,6,1.3007893E7,4347826.0,4.759348005595113
0,93,7,1.901781E7,4347826.0,6.408883489097352
0,93,8,1.2979431E7,4347826.0,4.7498349872587005
0,93,9,1.8970126E7,4347826.0,6.397980601953602
0,93,10,2.0604564E7,4347826.0,6.756912738335641
0,93,11,1.5196648E7,4347826.0,5.434756487243671
0,93,12,1.5689974E7,4347826.0,5.573500686176414
0,93,13,1.6187154E7,4347826.0,5.7089834319465105
0,93,14,2.0754471E7,4347826.0,6.788395130511797
0,93,15,1.7899654E7,4347826.0,6.145724808597418
0,93,16,1.7447075E7,4347826.0,6.034504726842177
0,93,17,1.2742629E7,4347826.0,4.669868835665108
0,93,18,1.6307431E7,4347826.0,5.741133943151381
0,93,19,1.7459471E7,4347826.0,6.037589256960957
0,93,20,2.6214577E7,4347826.0,7.802706990077359
0,93,21,2.2753346E7,4347826.0,7.187731156959351
0,93,22,2.1099233E7,4347826.0,6.859945128010782
0,94,0,1.8475264E7,5000000.0,5.6762064857247125
0,94,1,1.999839E7,5000000.0,6.020250292149251
0,94,2,1.798899E7,5000000.0,5.560367760334214
0,94,3,1.6703581E7,5000000.0,5.238395830882688
0,94,4,1.3691139E7,5000000.0,4.374695753420369
0,94,5,1.7621273E7,5000000.0,5.470672752737888
0,94,6,1.9081311E7,5000000.0,5.816382056812247
0,94,7,2.8755902E7,5000000.0,7.597569905321283
0,94,8,1.6261249E7,5000000.0,5.121838956536195
0,94,9,1.7127681E7,5000000.0,5.34728561368517
0,94,10,1.7353542E7,5000000.0,5.404181268979262
0,94,11,1.6270394E7,5000000.0,5.124280655002899
0,94,12,1.855557E7,5000000.0,5.695042954456567
0,94,13,1.5649266E7,5000000.0,4.955239682413168
0,94,14,1.8717224E7,5000000.0,5.732714335019499
0,94,15,1.5873575E7,5000000.0,5.017047439640944
0,94,16,1.3983339E7,5000000.0,4.466408821043822
0,94,17,1.8124891E7,5000000.0,5.593053991419991
0,94,18,1.4278484E7,5000000.0,4.557120948838836
0,94,19,2.1604217E7,5000000.0,6.355685264944514
0,95,0,1.7434421E7,5882352.0,4.718565198254314
0,95,1,1.9357088E7,5882352.0,5.172890152916945
0,95,2,1.719868E7,5882352.0,4.659441069174363
0,95,3,1.9572657E7,5882352.0,5.220987762634168
0,95,4,1.7896986E7,5882352.0,4.83228889231748
0,95,5,1.519237E7,5882352.0,4.120745196745021
0,95,6,1.7163189E7,5882352.0,4.65046975801647
0,95,7,1.557176E7,5882352.0,4.227866923924559
0,95,8,1.5657782E7,5882352.0,4.251792330456094
0,95,9,1.5570938E7,5882352.0,4.227637663078753
0,95,10,1.4969335E7,5882352.0,4.056514984732888
0,95,11,1.5729839E7,5882352.0,4.271732683666606
0,95,12,1.2825352E7,5882352.0,3.385182843030345
0,95,13,1.9016248E7,5882352.0,5.095738234648427
0,95,14,1.2557981E7,5882352.0,3.293688125084626
0,95,15,1.612021E7,5882352.0,4.378196859800731
0,95,16,1.7277462E7,5882352.0,4.679289373214249
0,96,0,1.8934538E7,6666666.0,4.533460153484482
0,96,1,1.2239009E7,6666666.0,2.6383755663001733
0,96,2,1.6119563E7,6666666.0,3.834445664268387
0,96,3,1.4282476E7,6666666.0,3.3089480543817524
0,96,4,2.2031269E7,6666666.0,5.191308156969522
0,96,5,1.8051995E7,6666666.0,4.326165070433711
0,96,6,1.9475432E7,6666666.0,4.655784023668503
0,96,7,1.8807429E7,6666666.0,4.50420733472626
0,96,8,1.4883764E7,6666666.0,3.4880407762727095
0,96,9,2.1393526E7,6666666.0,5.063736717290711
0,96,10,2.0135373E7,6666666.0,4.800509816404679
0,96,11,1.9955854E7,6666666.0,4.761616204007872
0,96,12,1.363093E7,6666666.0,3.106167900211687
0,96,13,1.8318853E7,6666666.0,4.3898958014855
0,96,14,1.1775688E7,6666666.0,2.470775928826491
0,97,0,1.9643288E7,6666666.0,4.693054865847369
0,97,1,1.5363788E7,6666666.0,3.6258960832886995
0,97,2,1.6573782E7,6666666.0,3.955129246228537
0,97,3,1.7120623E7,6666666.0,4.096108665960897
0,97,4,2.2855824E7,6666666.0,5.350881856122198
0,97,5,1.8236031E7,6666666.0,4.370216242864698
0,97,6,1.788977E7,6666666.0,4.286960595772146
0,97,7,2.0513221E7,6666666.0,4.881251614246967
0,97,8,1.9143434E7,6666666.0,4.581111478110216
0,97,9,1.908499E7,6666666.0,4.567832392121692
0,97,10,1.499807E7,6666666.0,3.521266787222695
0,97,11,2.2671629E7,6666666.0,5.315740286237367
0,97,12,1.5037675E7,6666666.0,3.5327199693724554
0,97,13,1.2730318E7,6666666.0,2.8093055483637612
0,97,14,1.3362749E7,6666666.0,3.019871133731323
0,98,0,1.4254482E7,5882352.0,3.8440043077610726
0,98,1,1.5793971E7,5882352.0,4.289403271161056
0,98,2,1.3041971E7,5882352.0,3.4579222104492064
0,98,3,2.3898663E7,5882352.0,6.088225960828167
0,98,4,1.9126309E7,5882352.0,5.120801587183803
0,98,5,1.9299112E7,5882352.0,5.159863173668371
0,98,6,1.6445254E7,5882352.0,4.464895764947428
0,98,7,1.4721569E7,5882352.0,3.984030897071725
0,98,8,1.8249432E7,5882352.0,4.916983427754498
0,98,9,2.0101248E7,5882352.0,5.336720125987142
0,98,10,1.5615616E7,5882352.0,4.240081116842015
0,98,11,1.3042588E7,5882352.0,3.458127665097977
0,98,12,1.5547305E7,5882352.0,4.221041093044832
0,98,13,1.5943919E7,5882352.0,4.330440702142257
0,98,14,1.8126133E7,5882352.0,4.887541531577715
0,98,15,2.1918065E7,5882352.0,5.712512014023505
0,98,16,2.3380643E7,5882352.0,5.993054415540035
0,99,0,1.6362639E7,5000000.0,5.148833445536766
0,99,1,1.6649215E7,5000000.0,5.224237572777747
0,99,2,1.4347232E7,5000000.0,4.5779811672833635
0,99,3,1.5617208E7,5000000.0,4.946333902132556
0,99,4,1.932704E7,5000000.0,5.8719534115132435
0,99,5,1.5627576E7,5000000.0,4.94921615304115
0,99,6,1.6814498E7,5000000.0,5.267139015647495
0,99,7,1.6121586E7,5000000.0,5.084377600044206
0,99,8,1.5792336E7,5000000.0,4.994763711993685
0,99,9,1.7004589E7,5000000.0,5.315961351853447
0,99,10,2.0860866E7,5000000.0,6.203623290552935
0,99,11,1.8550171E7,5000000.0,5.693779130659413
0,99,12,1.8526757E7,5000000.0,5.688294009372672
0,99,13,1.5551018E7,5000000.0,4.927888197221116
0,99,14,1.693672E7,5000000.0,5.29859303439887
0,99,15,1.6629704E7,5000000.0,5.21914514738539
0,99,16,1.7552757E7,5000000.0,5.453753361722745
0,99,17,1.9019903E7,5000000.0,5.802382934035379
0,99,18,1.8407506E7,5000000.0,5.660249463727621
0,99,19,1.5514283E7,5000000.0,4.917617049210067
