0,0,0,2.2410522E7,2.0E7,0.8924379360730642,-0.0494219768496295
0,0,1,8443703.0,2.0E7,2.368629024493164,0.37449704669505773
1,0,0,8406529.0,2.0E7,2.379103194671665,0.3764132801644104
0,0,2,7557259.0,2.0E7,2.6464621630673237,0.42266568918746383
0,0,3,8196289.0,2.0E7,2.440128697267751,0.3874127325023577
1,0,1,8534824.0,2.0E7,2.3433406476806082,0.36983542588012
1,0,2,7311177.0,2.0E7,2.7355376569326664,0.4370426975764738
0,0,4,7658107.0,2.0E7,2.6116114595943882,0.4169085655947356
1,0,3,8873685.0,2.0E7,2.2538550782453965,0.3529259876897893
0,1,0,9097847.0,1.4285714E7,1.5702301874278606,0.1959633223467451
0,1,1,8856307.0,1.4285714E7,1.6130554191493136,0.20764928854040746
1,0,4,8963214.0,2.0E7,2.231342462647885,0.3485662301781741
1,1,0,8361231.0,1.4285714E7,1.7085658798327663,0.23263172922563782
0,1,2,8234957.0,1.4285714E7,1.7347648566956695,0.23924061551860706
1,1,1,8660749.0,1.4285714E7,1.6494778915772759,0.21734649894754113
0,1,3,8044716.0,1.4285714E7,1.7757884802894224,0.24939123435143587
1,1,2,9068846.0,1.4285714E7,1.5752515810721672,0.1973499241865919
0,1,4,8998377.0,1.4285714E7,1.5875878505646073,0.20073776669459992
1,1,3,8490847.0,1.4285714E7,1.682483973624775,0.22595093607611888
0,1,5,8702723.0,1.4285714E7,1.6415223143377078,0.2152467907679878
0,1,6,1.004289E7,1.4285714E7,1.422470424349963,0.15304324541850486
1,1,4,1.1301217E7,1.4285714E7,1.264086336896283,0.10177673720359573
0,2,0,7816309.0,1.25E7,1.5992202969457834,0.20390829311332148
1,1,5,7629597.0,1.4285714E7,1.8724074154899661,0.27240035244044813
2,0,0,9465731.0,2.0E7,2.112884889714276,0.32487583726828356
0,2,1,1.1382577E7,1.25E7,1.0981695972713386,0.04066941613527485
1,1,6,1.1114083E7,1.4285714E7,1.2853704619625388,0.10902831552609137
2,0,1,8143284.0,2.0E7,2.4560116041636273,0.3902304144285457
1,2,0,7544834.0,1.25E7,1.6567627597903414,0.2192603240557688
0,2,2,8554108.0,1.25E7,1.461286203073424,0.16473528386211195
2,0,2,7920325.0,2.0E7,2.5251489048744844,0.4022869930125286
1,2,1,8233595.0,1.25E7,1.5181703739375085,0.18132051221093018
0,2,3,7639318.0,1.25E7,1.6362717195435508,0.2138554243351664
2,0,3,9207948.0,2.0E7,2.172036592734885,0.33686713762443804
1,2,2,8071729.0,1.25E7,1.5486149250055348,0.18994344052502712
0,2,4,8514761.0,1.25E7,1.4680388562873343,0.16673755070801394
2,0,4,7288558.0,2.0E7,2.7440270078114217,0.4383883815557586
1,2,3,7299085.0,1.25E7,1.7125434215384532,0.23364159184065297
0,2,5,7100238.0,1.25E7,1.7605043661916686,0.24563710649259737
2,1,0,7577057.0,1.4285714E7,1.8853908582184349,0.2754013969668355
0,2,6,7218048.0,1.25E7,1.731770140625277,0.23849024721781575
1,2,4,7806524.0,1.25E7,1.6012248217004137,0.20445231378628204
2,1,1,7685809.0,1.4285714E7,1.8587131166022992,0.2692123636873618
1,2,5,7971393.0,1.25E7,1.5681073558912477,0.1953757920698111
0,2,7,8106367.0,1.25E7,1.541997790132127,0.1880837513192762
2,1,2,8893065.0,1.4285714E7,1.6063881237795967,0.20585048468550984
1,2,6,8355743.0,1.25E7,1.495977078280172,0.1749249392151395
0,3,0,9043669.0,1.1111111E7,1.2286065533800496,0.08941282751390657
2,1,3,8540321.0,1.4285714E7,1.6727373596378872,0.2234277567339485
1,2,7,8167329.0,1.25E7,1.530488119188048,0.18482996262260645
0,3,1,8053238.0,1.1111111E7,1.3797072680578917,0.13978695208751218
2,1,4,7715808.0,1.4285714E7,1.8514864548210634,0.26752053916807733
1,3,0,7651511.0,1.1111111E7,1.452145987897031,0.16201027927800754
0,3,2,7679573.0,1.1111111E7,1.4468396875711709,0.16042041317830202
2,1,5,7771679.0,1.4285714E7,1.8381760234821845,0.2643870970210668
1,3,1,7663624.0,1.1111111E7,1.4498507494626562,0.1613232973929352
0,3,3,7196800.0,1.1111111E7,1.5438960371276123,0.18861805246219213
2,1,6,8579218.0,1.4285714E7,1.6651533974308614,0.22145424780575945
1,3,2,9087664.0,1.1111111E7,1.2226586502317867,0.08730522480979906
0,3,4,9114819.0,1.1111111E7,1.219016087977172,0.08600943726202889
3,0,0,1.0094998E7,2.0E7,1.9811791938938472,0.29692375842583374
2,2,0,9975453.0,1.25E7,1.2530759254742616,0.097977386249951
1,3,3,8862524.0,1.1111111E7,1.2537185794927044,0.09820006194159153
0,3,5,9201375.0,1.1111111E7,1.2075489804512913,0.08190475557948868
3,0,1,9132388.0,2.0E7,2.1900076956870427,0.34044564095360913
2,2,1,1.0774039E7,1.25E7,1.160196282935304,0.06453146973072296
1,3,4,1.1110253E7,1.1111111E7,1.0000772259641613,3.353751512809205E-5
0,3,6,1.5429428E7,1.1111111E7,0.7201246215997119,-0.14259233997190918
3,0,2,1.272815E7,2.0E7,1.571320262567616,0.19626471087740258
2,2,2,1.173618E7,1.25E7,1.06508250555121,0.027383251265599224
1,3,5,1.1523614E7,1.1111111E7,0.9642036777698385,-0.015831216316919323
0,3,7,1.2065536E7,1.1111111E7,0.9208965934045533,-0.0357891335763215
3,0,3,9334887.0,2.0E7,2.142500493042926,0.33092093053726496
2,2,3,8514023.0,1.25E7,1.4681661066689624,0.16677519395110696
1,3,6,8364462.0,1.1111111E7,1.3283712688275708,0.12331947372807611
3,0,4,8616804.0,2.0E7,2.3210461790705694,0.3656837811780281
0,3,8,9426005.0,1.1111111E7,1.1787720248397917,0.07142982042366634
2,2,4,9612563.0,1.25E7,1.300381594378107,0.1140708138565455
1,3,7,8292564.0,1.1111111E7,1.3398884832242477,0.1270686542336768
0,4,0,8723931.0,1.25E7,1.4328403101766853,0.1561977910438235
3,1,0,9033063.0,1.4285714E7,1.5814916822787575,0.19906691212279
2,2,5,9913262.0,1.25E7,1.2609371163598824,0.10069342860410724
1,3,8,1.2025158E7,1.1111111E7,0.9239887742015531,-0.034333305113157395
0,4,1,8074175.0,1.25E7,1.5481457857923564,0.18981185491534405
3,1,1,8454067.0,1.4285714E7,1.6898037358823865,0.2278362659314116
2,2,6,8629697.0,1.25E7,1.4484865459355063,0.16091446567502068
1,4,0,8245432.0,1.25E7,1.5159909147270876,0.18069659859437537
0,4,2,7352754.0,1.25E7,1.7000432763016415,0.23045997691932077
3,1,2,8101532.0,1.4285714E7,1.7633348853031747,0.24633479955274917
2,2,7,9446701.0,1.25E7,1.3232132571995239,0.12162984340236235
1,4,1,7906010.0,1.25E7,1.5810756626920532,0.19895265367880857
0,4,3,9563412.0,1.25E7,1.3070648843739034,0.11629714704964718
3,1,3,9598862.0,1.4285714E7,1.4882716305328694,0.1726822033036157
1,4,2,8301447.0,1.25E7,1.5057615859018314,0.17775621348224968
2,3,0,8638830.0,1.1111111E7,1.2861823881243177,0.1093025584322628
0,4,4,9302860.0,1.25E7,1.3436728059972955,0.1282935277583628
3,1,4,9238144.0,1.4285714E7,1.5463835592950272,0.18931722375109417
2,3,1,9110824.0,1.1111111E7,1.2195506136437275,0.08619982906142834
1,4,3,1.0330443E7,1.25E7,1.2100158725042092,0.08279106725511107
0,4,5,1.0036975E7,1.25E7,1.2453951514275965,0.09530717059339554
3,1,5,9196181.0,1.4285714E7,1.5534398463884085,0.1912944407983448
4,0,0,9333654.0,2.0E7,2.1427835229375334,0.3309782981801852
1,4,4,7809530.0,1.25E7,1.6006084873225406,0.20428511543659322
2,3,2,9249789.0,1.1111111E7,1.2012285901873005,0.07962566020095119
3,1,6,9762805.0,1.4285714E7,1.4632796619414195,0.16532733639935007
0,4,6,9979694.0,1.25E7,1.252543414657804,0.0977927879680659
4,0,1,9383254.0,2.0E7,2.1314567419788486,0.3286765230443654
1,4,5,9797454.0,1.25E7,1.275841662538043,0.10579677990798673
2,3,3,1.0926344E7,1.1111111E7,1.0169102309061475,0.007282616695768115
3,2,0,1.0293586E7,1.25E7,1.2143484301777825,0.08434331572797651
0,4,7,1.0414826E7,1.25E7,1.2002120822757865,0.07925799440082529
1,4,6,9441905.0,1.25E7,1.3238853811810223,0.12185038655731718
4,0,2,1.0367056E7,2.0E7,1.9291879970552874,0.2853745511822151
2,3,4,9822282.0,1.1111111E7,1.1312148236020916,0.05354508754759888
3,2,1,9024662.0,1.25E7,1.3850934251055607,0.14147906772495755
0,5,0,9975156.0,1.4285714E7,1.43212938223723,0.15598225502032487
1,4,7,8789844.0,1.25E7,1.4220957732583195,0.15292884561805903
2,3,5,8348788.0,1.1111111E7,1.3308651507260694,0.12413405302354355
4,0,3,9643568.0,2.0E7,2.073921187676594,0.3167922484814177
3,2,2,1.0543206E7,1.25E7,1.1855976256178624,0.07393732087977653
4,0,4,8118473.0,2.0E7,2.463517461966062,0.39155564499884205
1,5,0,9866802.0,1.4285714E7,1.4478565598052946,0.16072553812441454
0,5,1,1.1501027E7,1.4285714E7,1.2421250728304525,0.09416532829247497
2,3,6,9086673.0,1.1111111E7,1.2227919943856238,0.0873525867390945
3,2,3,1.0879283E7,1.25E7,1.148972776974365,0.060309738914678605
1,5,1,9508958.0,1.4285714E7,1.502342738289516,0.1767690221272998
0,5,2,1.0138126E7,1.4285714E7,1.4091079554544894,0.14894426682274153
4,1,0,1.0931305E7,1.4285714E7,1.3068626298506902,0.11622993935313015
2,3,7,1.1222138E7,1.1111111E7,0.9901064306997472,-0.0043181187547697295
3,2,4,9252801.0,1.25E7,1.350942271426782,0.13063679111199258
0,5,3,8492272.0,1.4285714E7,1.6822016534562247,0.2258780555129945
1,5,2,1.0269118E7,1.4285714E7,1.3911334936457056,0.14336880703872731
4,1,1,1.001596E7,1.4285714E7,1.4262950331271291,0.15420936983984526
2,3,8,1.0235517E7,1.1111111E7,1.0855446774207889,0.035647702279636435
0,5,4,9938491.0,1.4285714E7,1.4374127822825418,0.1575815025285845
3,2,5,1.0268731E7,1.25E7,1.217287705754489,0.085393235793403
4,1,2,8711291.0,1.4285714E7,1.6399077932306474,0.21481942974470952
1,5,3,9553987.0,1.4285714E7,1.4952620303963151,0.17471730529161258
2,4,0,9355207.0,1.25E7,1.3361542935394162,0.1258566115554417
0,5,5,1.0278634E7,1.4285714E7,1.3898455767566003,0.14296654925546706
1,5,4,1.0458344E7,1.4285714E7,1.3659632920852478,0.13543902858488077
3,2,6,1.1130483E7,1.25E7,1.1230420099469178,0.050396002340607496
2,4,1,9336014.0,1.25E7,1.3389011627446146,0.12674851871558115
4,1,3,1.1558192E7,1.4285714E7,1.2359817175558254,0.09201204678569042
0,5,6,9061293.0,1.4285714E7,1.5765646249381848,0.19771177760774677
1,5,5,8586159.0,1.4285714E7,1.663807297302554,0.2211030247404944
2,4,2,8619783.0,1.25E7,1.4501525154403538,0.16141368025629213
3,2,7,1.0565981E7,1.25E7,1.183042066799098,0.07300018761516873
4,1,4,1.02076E7,1.4285714E7,1.3995174183941377,0.14597830806504808
0,6,0,1.0780193E7,2.0E7,1.85525435398049,0.26840345948072974
1,5,6,1.1138424E7,1.4285714E7,1.2825615185774935,0.10807820539241497
2,4,3,1.1307077E7,1.25E7,1.1055023327425824,0.043559663329171744
3,3,0,1.0562018E7,1.1111111E7,1.0519875084477228,0.022010582931376907
5,0,0,1.0095687E7,2.0E7,1.9810439844262209,0.2968941181339717
4,1,5,1.0512406E7,1.4285714E7,1.358938572197459,0.13319982585786275
0,6,1,1.0989241E7,2.0E7,1.8199619063773376,0.2600622978624064
1,6,0,1.0564584E7,2.0E7,1.893117608795576,0.27717759508601
3,3,1,9560834.0,1.1111111E7,1.1621487204986511,0.06526170839771128
2,4,4,1.1121462E7,1.25E7,1.1239529479127834,0.050748130726317585
5,0,1,1.1338722E7,2.0E7,1.76386721537048,0.2464658881640272
4,1,6,1.1315715E7,1.4285714E7,1.2624667553044593,0.101219950610166
3,3,2,9401086.0,1.1111111E7,1.1818965383361029,0.07257946064308597
2,4,5,8595061.0,1.25E7,1.4543235935149268,0.16266104974305526
0,6,2,1.0660484E7,2.0E7,1.8760874271749763,0.273253072984917
1,6,1,1.1381557E7,2.0E7,1.7572288220319945,0.2448283179411078
5,0,2,9318811.0,2.0E7,2.14619654803601,0.3316694920095873
4,2,0,1.033946E7,1.25E7,1.208960622701766,0.08241215559870578
3,3,3,1.0276669E7,1.1111111E7,1.0811977110482005,0.03390511760365032
1,6,2,1.0322155E7,2.0E7,1.9375798948959786,0.287259619409095
2,4,6,1.1883172E7,1.25E7,1.051907689293734,0.021977629751787575
5,0,3,1.0392946E7,2.0E7,1.92438217229263,0.28429132489296716
0,6,3,1.322475E7,2.0E7,1.5123159227962721,0.17964252475991127
4,2,1,1.0367522E7,1.25E7,1.2056883023735083,0.08123504739317626
3,3,4,1.1359687E7,1.1111111E7,0.9781177069403408,-0.009608878956076594
2,4,7,1.0919257E7,1.25E7,1.1447665349391447,0.058716925168477214
0,6,4,1.0199219E7,2.0E7,1.9609344597855973,0.2924630785075985
1,6,3,1.303379E7,2.0E7,1.534473088794587,0.18595927628657918
4,2,2,1.1217898E7,1.25E7,1.1142907521533891,0.04699852618805697
5,0,4,1.497074E7,2.0E7,1.3359393056054678,0.12578672772081786
3,3,5,9988006.0,1.1111111E7,1.1124453669731476,0.04627869164874163
2,5,0,1.0446875E7,1.4285714E7,1.3674629015854023,0.13591555302719088
0,7,0,1.1228644E7,3.3333333E7,2.9685982563878595,0.4725514280307676
1,6,4,1.1203094E7,2.0E7,1.785221118380333,0.2516920157115106
4,2,3,1.1396117E7,1.25E7,1.0968648356277844,0.04015311366617479
5,1,0,1.1685779E7,1.4285714E7,1.2224870930726996,0.08724428257120345
2,5,1,1.1147236E7,1.4285714E7,1.2815476410475206,0.10773475555301314
3,3,6,1.3294088E7,1.1111111E7,0.8357933992914746,-0.07790106303518897
1,7,0,9899779.0,3.3333333E7,3.3670784974088814,0.5272532413046709
0,7,1,1.1519463E7,3.3333333E7,2.8936533760297682,0.4614465067783755
4,2,4,1.0981684E7,1.25E7,1.138258940978451,0.05624107035940911
5,1,1,1.1699737E7,1.4285714E7,1.2210286436353228,0.08672585200946177
1,7,1,1.185458E7,3.3333333E7,2.811852718527354,0.4489925691194812
2,5,2,1.4828866E7,1.4285714E7,0.9633719800286819,-0.016205989426913005
3,3,7,1.4412422E7,1.1111111E7,0.77093988782732,-0.11297948369048891
4,2,5,1.440994E7,1.25E7,0.867456769424439,-0.061752159497594
0,7,2,1.5330458E7,3.3333333E7,2.1743207541483756,0.33732361126883004
5,1,2,1.5774444E7,1.4285714E7,0.9056239319750351,-0.04305210935879828
2,5,3,1.4794475E7,1.4285714E7,0.9656114191277487,-0.015197607000552197
3,3,8,1.6768076E7,1.1111111E7,0.6626348186876061,-0.17872574749631656
1,7,2,1.859798E7,3.3333333E7,1.7923093260665943,0.25341296459549045
0,8,0,1.5152175E7,5.0E7,3.2998562912585157,0.5184950267650307
4,2,6,1.8826749E7,1.25E7,0.6639489377587177,-0.17786531958129886
5,1,3,1.5673243E7,1.4285714E7,0.9114714804077242,-0.04025691570382063
6,0,0,1.3371858E7,2.0E7,1.4956784614374456,0.17483823962977055
2,5,4,1.3048388E7,1.4285714E7,1.0948259662419604,0.03934508912342448
0,8,1,1.1631686E7,5.0E7,4.298602971228762,0.6333273345407905
3,4,0,1.2919386E7,1.25E7,0.967538240594406,-0.014331861088448144
1,8,0,1.3215103E7,5.0E7,3.783549776343022,0.5778994519150311
4,2,7,1.3413927E7,1.25E7,0.9318673047795772,-0.03064592552680996
5,1,4,1.1531244E7,1.4285714E7,1.238870151390431,0.09302578943512238
6,0,1,1.1414743E7,2.0E7,1.752120043350954,0.24356385775610787
3,4,1,1.1370748E7,1.25E7,1.0993120241517973,0.041120978259866235
1,8,1,1.0862975E7,5.0E7,4.602790671984424,0.6630212242814897
2,5,5,1.3961534E7,1.4285714E7,1.0232195115522407,0.009968813017390735
0,9,0,1.4514052E7,1.0E8,6.8898747227858905,0.8382113252897113
4,3,0,1.0488186E7,1.1111111E7,1.0593930161040241,0.025057105585153748
5,1,5,1.1854561E7,1.4285714E7,1.2050816559128592,0.08101647555061489
6,0,2,1.1928825E7,2.0E7,1.6766110660521887,0.22443232828431153
3,4,2,1.2249977E7,1.25E7,1.0204100791372914,0.00877473971831828
2,5,6,1.1458705E7,1.4285714E7,1.2467127829890028,0.09576641247591608
1,9,0,1.230399E7,1.0E8,8.12744483700003,0.9099540305129452
0,10,0,1.2648253E7,5.0E7,3.9531151060940983,0.5969394602356329
4,3,1,1.2721139E7,1.1111111E7,0.8734368046760592,-0.058768511829666595
6,0,3,1.2757547E7,2.0E7,1.5676994958356807,0.19526281867515013
5,1,6,1.3714254E7,1.4285714E7,1.0416690546930223,0.017729762581692485
2,6,0,1.2050664E7,2.0E7,1.6596595839034265,0.22001901816462088
3,4,3,1.2717959E7,1.25E7,0.9828621086134969,-0.007507407568579023
1,10,0,1.3244469E7,5.0E7,3.7751607859854555,0.5769354531782441
0,10,1,1.2815633E7,5.0E7,3.9014850066321345,0.5912299422654099
4,3,2,1.2185235E7,1.1111111E7,0.9118503664475901,-0.04007642302883165
5,2,0,1.146195E7,1.25E7,1.0905648689795366,0.03765150338741258
6,0,4,1.2813916E7,2.0E7,1.5608031143641024,0.19334812296116366
3,4,4,1.2160443E7,1.25E7,1.0279230781312818,0.011960616611549861
2,6,1,1.3081198E7,2.0E7,1.5289119543943912,0.18438247637265345
1,10,1,1.0560012E7,5.0E7,4.734843104344957,0.675305592622049
4,3,3,1.1249923E7,1.1111111E7,0.9876610711024422,-0.005392063715024491
0,11,0,1.2660202E7,3.3333333E7,2.6329226816444162,0.4204381058101266
6,1,0,1.3741349E7,1.4285714E7,1.039615106202455,0.016872581422188046
5,2,1,1.5417372E7,1.25E7,0.8107737168176262,-0.09110033845224835
2,6,2,1.1443871E7,2.0E7,1.7476603851965826,0.242457042048401
3,4,5,1.2385721E7,1.25E7,1.00922667319892,0.003988720115478744
1,11,0,1.2247842E7,3.3333333E7,2.721567848442199,0.43481916571050755
0,11,1,1.1514922E7,3.3333333E7,2.894794510983227,0.4616177404594893
4,3,4,1.2880609E7,1.1111111E7,0.862623110444545,-0.06417891089666065
6,1,1,1.2306973E7,1.4285714E7,1.1607821029590297,0.06475070349062477
5,2,2,1.2659021E7,1.25E7,0.9874381281143305,-0.00549010730692663
3,4,6,1.0505004E7,1.25E7,1.1899091137899613,0.07551379089934565
2,6,3,1.1453779E7,2.0E7,1.7461485855454344,0.24208119649261195
1,11,1,1.1806572E7,3.3333333E7,2.8232863019003314,0.45075492102003295
4,3,5,1.1634054E7,1.1111111E7,0.9550506641966764,-0.01997358904723144
0,11,2,1.3007637E7,3.3333333E7,2.562597111220124,0.4086803322366494
2,6,4,1.3660074E7,2.0E7,1.4641209117900826,0.16557694363145345
3,4,7,1.6459521E7,1.25E7,0.7594388682392398,-0.11950717934548669
4,3,6,1.1986057E7,1.1111111E7,0.9270030169220788,-0.03291885244614039
5,2,3,1.911721E7,1.25E7,0.6538611021168884,-0.18451449783904864
1,11,2,1.7352873E7,3.3333333E7,1.920911482496299,0.28350735260290466
0,12,0,1.6898599E7,2.0E7,1.1835300666049298,0.07317929529826449
6,1,2,2.5673446E7,1.4285714E7,0.5564392875035162,-0.2545822141515484
7,0,0,1.808746E7,2.0E7,1.1057384508383157,0.04365241196804061
2,7,0,1.5433599E7,3.3333333E7,2.1597900139818327,0.33441152883515
4,3,7,1.3188903E7,1.1111111E7,0.8424590733588684,-0.07445118795945434
3,5,0,1.8969488E7,1.4285714E7,0.7530890659779537,-0.1231536578294249
5,2,4,1.8930789E7,1.25E7,0.6603000012307992,-0.18025870191746465
0,12,1,1.3083257E7,2.0E7,1.528671339254438,0.18431412315527632
7,0,1,1.1308899E7,2.0E7,1.7685187567772955,0.2476096702698995
6,1,3,1.4386143E7,1.4285714E7,0.9930190461751979,-0.003042421626004636
1,12,0,2.0529306E7,2.0E7,0.9742170534162237,-0.011344272485721557
2,7,1,1.0937817E7,3.3333333E7,3.0475306909962017,0.4839480879944976
4,3,8,1.2759512E7,1.1111111E7,0.870810027844325,-0.060076578468356734
0,12,2,1.2094358E7,2.0E7,1.6536636339026842,0.21844717583565018
5,2,5,1.2446566E7,1.25E7,1.0042930716793692,0.0018604666337789404
7,0,2,1.337025E7,2.0E7,1.4958583422149923,0.17489046778827938
3,5,1,1.5886029E7,1.4285714E7,0.8992627421239128,-0.04611339972029702
6,1,4,1.4918924E7,1.4285714E7,0.9575565905423206,-0.01883555027421406
1,12,1,1.4287642E7,2.0E7,1.3998111094888857,0.14606943593448582
4,4,0,1.2619992E7,1.25E7,0.9904919115638108,-0.004149066594436571
2,7,2,1.4508076E7,3.3333333E7,2.29757088396835,0.3612689189880412
7,0,3,1.137401E7,2.0E7,1.758394796558118,0.245116389917086
0,12,3,1.3012354E7,2.0E7,1.5370009146692443,0.1866741259484682
5,2,6,1.3390587E7,1.25E7,0.9334915638873785,-0.029889602485888588
3,5,2,1.2102562E7,1.4285714E7,1.180387590660556,0.07202463514173654
1,12,2,1.0824361E7,2.0E7,1.8476841265733839,0.2666277278085636
6,1,5,1.5097162E7,1.4285714E7,0.9462516200064621,-0.02399336396820912
4,4,1,1.5734765E7,1.25E7,0.7944192366393779,-0.09995024806607147
5,2,7,1.190288E7,1.25E7,1.0501660102428991,0.02125795776856384
3,5,3,1.2954253E7,1.4285714E7,1.1027817659574812,0.0424895766126293
7,0,4,1.5896288E7,2.0E7,1.2581553630633768,0.09973427318793046
2,8,0,2.302412E7,5.0E7,2.171635658604976,0.33678696422707044
0,12,4,1.6239844E7,2.0E7,1.2315389236497591,0.09044814257314604
4,4,2,1.1896298E7,1.25E7,1.050747047526886,0.021498178363810298
1,12,3,1.9104258E7,2.0E7,1.0468870342936114,0.019899821096420304
6,1,6,1.5361541E7,1.4285714E7,0.9299662058643726,-0.03153283303024529
2,8,1,9786349.0,5.0E7,5.109157664416014,0.7083493048606447
3,5,4,1.179666E7,1.4285714E7,1.210996502399832,0.08314288881551593
5,3,0,1.3500505E7,1.1111111E7,0.8230144724215872,-0.08459252780404554
7,1,0,1.2726595E7,1.4285714E7,1.1225087307327686,0.05018972757675821
4,4,3,1.2013921E7,1.25E7,1.0404596467714413,0.017225241179712678
1,12,4,1.1626351E7,2.0E7,1.7202301908827629,0.23558656547797627
6,2,0,1.1677713E7,1.25E7,1.0704150718552512,0.029552215499873618
2,9,0,1.198058E7,1.0E8,8.346841304845007,0.9215221565124689
3,5,5,1.2493679E7,1.4285714E7,1.1434353323788773,0.05821160787134454
5,3,1,1.2521464E7,1.1111111E7,0.887365167523542,-0.05189762300420585
7,1,1,1.2713867E7,1.4285714E7,1.1236324872676424,0.05062428734433391
6,2,1,1.2686975E7,1.25E7,0.9852624443573035,-0.006448071071263952
4,4,4,1.5027437E7,1.25E7,0.8318118385723394,-0.07997490292990538
3,5,6,1.2030425E7,1.4285714E7,1.1874654469812995,0.07462098132538542
2,10,0,1.28496E7,5.0E7,3.8911717096252025,0.590080395773499
5,3,2,1.256114E7,1.1111111E7,0.8845623088350261,-0.05327156984285898
7,1,2,1.2904713E7,1.4285714E7,1.107015243190608,0.04415360099434134
6,2,2,1.0664188E7,1.25E7,1.172147377746904,0.06898222031540924
8,0,0,1.2142906E7,2.0E7,1.6470521965664562,0.21670736257083933
4,4,5,1.1744064E7,1.25E7,1.0643674966348957,0.027091603715088106
3,6,0,1.2322422E7,2.0E7,1.6230575450183413,0.21033391787976768
5,3,3,1.1686414E7,1.1111111E7,0.9507716396150264,-0.02192378123749845
2,10,1,1.2950701E7,5.0E7,3.8607948712583204,0.5866767276413554
7,1,3,1.2031786E7,1.4285714E7,1.1873311244066342,0.074571852441053
4,4,6,1.0989114E7,1.25E7,1.1374893371749533,0.055947334271757646
6,2,3,1.6057086E7,1.25E7,0.7784725074026507,-0.10875672040370218
3,6,1,1.2417506E7,2.0E7,1.6106293808112515,0.20699561715043382
8,0,1,1.8630809E7,2.0E7,1.0734906895347378,0.03079828211998804
5,3,4,1.3416606E7,1.1111111E7,0.8281610863432972,-0.08188517999570183
2,11,0,1.318045E7,3.3333333E7,2.528998099457909,0.40294850297222096
7,1,4,1.4698503E7,1.4285714E7,0.97191625568944,-0.012371154064263798
4,4,7,1.4394917E7,1.25E7,0.8683620753075547,-0.06129915210420917
6,2,4,1.2104738E7,1.25E7,1.0326534948546593,0.013954619179553492
8,0,2,1.1340222E7,2.0E7,1.763633904168719,0.2464084391290276
3,6,2,1.3527194E7,2.0E7,1.4785032283857242,0.16982227716688772
2,11,1,1.2893445E7,3.3333333E7,2.5852929919040255,0.41250976892185587
5,3,5,1.3791716E7,1.1111111E7,0.8056365864842344,-0.09386081933202266
7,1,5,1.1192088E7,1.4285714E7,1.2764118723869933,0.10599083507661122
4,5,0,1.1187013E7,1.4285714E7,1.2769909179510206,0.10618780854158122
6,2,5,1.2153913E7,1.25E7,1.0284753560437696,0.012193889747388772
8,0,3,1.3634828E7,2.0E7,1.4668318514909027,0.166380331869797
5,3,6,1.1475902E7,1.1111111E7,0.968212433323324,-0.014029344656252017
3,6,3,1.3016272E7,2.0E7,1.5365382653343447,0.1865433802231312
2,11,2,1.2323492E7,3.3333333E7,2.704861008551797,0.43214495344633463
7,1,6,1.2063873E7,1.4285714E7,1.1841731092494094,0.07341519469802063
6,2,6,1.2387871E7,1.25E7,1.0090515149859085,0.003913338786970923
4,5,1,1.4865314E7,1.4285714E7,0.9610099053407146,-0.017272135939525736
5,3,7,1.0853995E7,1.1111111E7,1.0236886049790883,0.01016786903626936
3,6,4,1.111732E7,2.0E7,1.7989947217494864,0.25502988912741076
2,12,0,1.1985253E7,2.0E7,1.668717381268464,0.22238278955595175
8,0,4,1.4053709E7,2.0E7,1.4231118632099184,0.15323903899178729
7,2,0,1.2157882E7,1.25E7,1.0281396052371623,0.01205208904415095
6,2,7,1.2087616E7,1.25E7,1.0341162392981378,0.014569358147139307
5,3,8,1.0115416E7,1.1111111E7,1.0984334208301467,0.04077373823206995
4,5,2,1.1443326E7,1.4285714E7,1.2483882745278776,0.0963496809066601
3,7,0,1.1207334E7,3.3333333E7,2.974242848477613,0.4733764260043282
2,12,1,1.1749932E7,2.0E7,1.7021375102426124,0.230994642427309
7,2,1,1.0830454E7,1.25E7,1.1541529099334156,0.062263350882997885
8,1,0,1.2461343E7,1.4285714E7,1.1464024383246654,0.05933710110685706
4,5,3,1.192747E7,1.4285714E7,1.1977153579090956,0.0783536184059966
5,4,0,1.2371902E7,1.25E7,1.0103539455776485,0.0044735417858539454
6,3,0,1.5766909E7,1.1111111E7,0.704710796516933,-0.15198907484612648
2,12,2,1.2592893E7,2.0E7,1.58819740626717,0.2009044824262238
3,7,1,1.5623697E7,3.3333333E7,2.133511229768473,0.3290949331168897
7,2,2,1.2724185E7,1.25E7,0.98238118983652,-0.007719961785574521
8,1,1,1.5269385E7,1.4285714E7,0.9355788723645386,-0.028919594172738733
5,4,1,1.2785859E7,1.25E7,0.9776425659003435,-0.009819897799972686
4,5,4,1.5134981E7,1.4285714E7,0.9438871446221174,-0.02507992879284831
2,12,3,1.3307109E7,2.0E7,1.5029560515360625,0.17694628141562932
6,3,1,1.3940761E7,1.1111111E7,0.7970232758455582,-0.09852899551269136
7,2,3,1.3280166E7,1.25E7,0.9412532945747817,-0.02629349067103708
3,7,2,1.4962541E7,3.3333333E7,2.2277855746560693,0.34787338747785546
9,0,0,1.5547245E7,2.0E7,1.2864015457400975,0.10937655325293906
5,4,2,1.2492922E7,1.25E7,1.0005665608093928,2.459845571550618E-4
4,5,5,1.2129849E7,1.4285714E7,1.177732220739104,0.07104655677086887
8,1,2,2.1276838E7,1.4285714E7,0.6714209132014823,-0.17300513561324904
2,12,4,1.2634025E7,2.0E7,1.583026786792016,0.199488263730034
3,8,0,1.1173786E7,5.0E7,4.474759047649561,0.6507696548265595
6,3,2,1.4517273E7,1.1111111E7,0.7653717747127853,-0.11612755767529115
7,2,4,1.3773079E7,1.25E7,0.9075675816569411,-0.04212102552283657
9,0,1,1.1095215E7,2.0E7,1.8025788594452654,0.2558942733763577
4,5,6,1.2197984E7,1.4285714E7,1.1711536922822656,0.06861389193846532
8,1,3,1.2851739E7,1.4285714E7,1.1115782852421763,0.045940054215795056
5,4,3,1.7275206E7,1.25E7,0.723580372934482,-0.14051322185901052
6,3,3,1.1764122E7,1.1111111E7,0.9444913101037204,-0.024802033497959043
3,8,1,1.2472332E7,5.0E7,4.008873400740134,0.6030223415515661
7,2,5,1.1823933E7,1.25E7,1.0571778442925885,0.02414805286839587
9,0,2,1.2811935E7,2.0E7,1.5610444480088292,0.1934152690138246
4,6,0,1.3540022E7,2.0E7,1.477102474427294,0.16941062566708315
5,4,4,1.4597934E7,1.25E7,0.8562855538324807,-0.0673813827839641
6,3,4,1.5286149E7,1.1111111E7,0.7268744403839057,-0.13854060228795828
7,2,6,1.4291395E7,1.25E7,0.8746521945548352,-0.058164609850994566
8,1,4,1.9093108E7,1.4285714E7,0.7482131248615993,-0.12597467784728453
9,0,3,1.2596126E7,2.0E7,1.5877897696482235,0.20079299939723375
3,9,0,1.9580311E7,1.0E8,5.10717117823103,0.7081804144475274
4,6,1,1.3967177E7,2.0E7,1.4319285851392876,0.1559213588563821
6,3,5,1.2804157E7,1.1111111E7,0.8677737237992318,-0.06159350445083676
5,4,5,1.4242002E7,1.25E7,0.877685595044854,-0.05666102941356963
7,2,7,1.4436504E7,1.25E7,0.8658605989372496,-0.06255202251560345
9,0,4,1.3852949E7,2.0E7,1.4437359150026468,0.15948776030706507
3,10,0,1.2962412E7,5.0E7,3.8573068037028913,0.5862841832933389
8,1,5,1.483099E7,1.4285714E7,0.963234012024821,-0.01626819077280891
4,6,2,1.2420216E7,2.0E7,1.6102779532980747,0.20690084694158548
6,3,6,1.1233002E7,1.1111111E7,0.9891488490788126,-0.004738349990872158
5,4,6,1.1831385E7,1.25E7,1.056511980634558,0.023874426228821456
3,10,1,1.0780857E7,5.0E7,4.63785021914306,0.6663167188491782
7,3,0,1.4839159E7,1.1111111E7,0.7487695899747419,-0.1256518020562075
9,1,0,1.3508961E7,1.4285714E7,1.0574990926393228,0.024280003411709508
4,6,3,1.1751591E7,2.0E7,1.7018972154493803,0.23093332771620076
8,1,6,1.7769451E7,1.4285714E7,0.8039479666535562,-0.09477205887158627
6,3,7,1.1540821E7,1.1111111E7,0.9627660805067507,-0.016479218883340203
5,4,7,1.1964983E7,1.25E7,1.0447152327755083,0.0189979271092845
3,11,0,1.1979409E7,3.3333333E7,2.7825523780012853,0.44444334812366737
7,3,1,1.2410319E7,1.1111111E7,0.8953122800469513,-0.04802545871042481
9,1,1,1.1970375E7,1.4285714E7,1.193422428286499,0.07679419538970883
4,6,4,1.2180481E7,2.0E7,1.641971281758085,0.21536555699592938
8,2,0,1.2096625E7,1.25E7,1.0333460779349612,0.014245795446251184
6,3,8,1.2407304E7,1.1111111E7,0.8955298427442416,-0.04791993709222794
5,5,0,1.2480977E7,1.4285714E7,1.144599016567373,0.058653368429310015
9,1,2,1.0342238E7,1.4285714E7,1.3812981290896613,0.14028742357861806
7,3,2,1.1615496E7,1.1111111E7,0.956576542232893,-0.019280273373864815
3,11,1,1.3227489E7,3.3333333E7,2.520004590440408,0.4014013318931008
5,5,1,9996446.0,1.4285714E7,1.4290792947813653,0.15505632699290772
8,2,1,1.1978414E7,1.25E7,1.0435438280894282,0.01851069384006609
4,7,0,1.6109742E7,3.3333333E7,2.0691413307550177,0.3157901557555154
6,4,0,1.3620027E7,1.25E7,0.9177661688923231,-0.03726795550405417
7,3,3,1.0512676E7,1.1111111E7,1.0569250873897378,0.02404420652577081
9,1,3,1.1863739E7,1.4285714E7,1.2041493832593586,0.08068036757037546
3,11,2,1.3982335E7,3.3333333E7,2.3839604043244567,0.37729903784412067
5,5,2,1.1633734E7,1.4285714E7,1.2279560457545273,0.08918282166841889
8,2,2,1.2335267E7,1.25E7,1.0133546359393761,0.00576145866574677
6,4,1,1.1056652E7,1.25E7,1.1305411439195157,0.053286372300183425
4,7,1,1.4963832E7,3.3333333E7,2.2275933731413184,0.34783591723871327
9,1,4,1.1814165E7,1.4285714E7,1.2092021738311594,0.08249891925505876
7,3,4,1.6388664E7,1.1111111E7,0.6779753981166494,-0.16878606521263617
3,12,0,1.3715259E7,2.0E7,1.4582298445840505,0.16382598239578114
5,5,3,1.3255546E7,1.4285714E7,1.0777159990241065,0.03250433013957327
9,1,5,1.1243283E7,1.4285714E7,1.2705998772778377,0.10400880905247735
4,7,2,1.311272E7,3.3333333E7,2.5420609148979008,0.4051859532545958
6,4,2,1.7763903E7,1.25E7,0.7036741869171431,-0.1526283800299611
8,2,3,2.0326332E7,1.25E7,0.6149658482405974,-0.2111490018383867
3,12,1,1.08597E7,2.0E7,1.841671501054357,0.2652121676619972
7,3,5,1.327179E7,1.1111111E7,0.8371976199141186,-0.07717201499607697
5,5,4,1.2287727E7,1.4285714E7,1.1626002107631461,0.06543039735188752
9,1,6,1.052597E7,1.4285714E7,1.357187413606537,0.13263982339676533
6,4,3,1.2084307E7,1.25E7,1.034399407429818,0.014688263080734842
4,8,0,1.3210437E7,5.0E7,3.784886147218294,0.578052820063695
8,2,4,1.3151024E7,1.25E7,0.9504963263697185,-0.022049557326095093
3,12,2,1.4291883E7,2.0E7,1.3993957269311539,0.14594054345560303
7,3,6,1.3562808E7,1.1111111E7,0.8192338194273634,-0.08659212755047595
9,2,0,1.2083758E7,1.25E7,1.0344464031802028,0.014707993884223301
5,5,5,1.9595819E7,1.4285714E7,0.7290184707258217,-0.13726146807066844
6,4,4,1.3878327E7,1.25E7,0.9006849312600863,-0.04542710307764522
4,8,1,1.3743052E7,5.0E7,3.638202052935549,0.5608868145840453
8,2,5,1.1672185E7,1.25E7,1.0709220253105995,0.029757850654323927
3,12,3,1.0770779E7,2.0E7,1.8568759047047572,0.2687828807442054
7,3,7,1.2249456E7,1.1111111E7,0.9070697506893367,-0.04235931583431793
9,2,1,1.2638068E7,1.25E7,0.9890752289036584,-0.004770674777732095
8,2,6,1.0744167E7,1.25E7,1.1634219758497797,0.0657372629178723
5,5,6,1.1774128E7,1.4285714E7,1.21331397110682,0.08397319845530536
4,9,0,1.1384452E7,1.0E8,8.783909844760204,0.9436878696693035
3,12,4,1.2143643E7,2.0E7,1.6469522366558371,0.21668100435640048
6,4,5,1.424778E7,1.25E7,0.8773296611823035,-0.05683718755692377
7,3,8,1.1540848E7,1.1111111E7,0.9627638280999802,-0.016480234923472403
9,2,2,1.1771536E7,1.25E7,1.0618835129077462,0.026076877879079238
4,10,0,1.1366667E7,5.0E7,4.398826850474286,0.6433368673272751
5,6,0,1.2411635E7,2.0E7,1.6113912470033158,0.207201000248526
8,2,7,1.2610889E7,1.25E7,0.9912068847802878,-0.0038356900745837837
7,4,0,1.031793E7,1.25E7,1.2114833110904997,0.08331743584766711
6,4,6,1.1320964E7,1.25E7,1.104146254682905,0.043026603642090336
9,2,3,9869424.0,1.25E7,1.2665379458821509,0.10261820592313863
4,10,1,1.1220216E7,5.0E7,4.456242197119913,0.6489687867469688
8,3,0,1.041313E7,1.1111111E7,1.0670289336635574,0.02817619595685593
5,6,1,1.0623658E7,2.0E7,1.8825907234589065,0.2747559143538497
6,4,7,9547907.0,1.25E7,1.3091874480972636,0.11700183283499845
7,4,1,1.1616266E7,1.25E7,1.076077286797668,0.03184346466155
9,2,4,1.0426551E7,1.25E7,1.1988624042600473,0.07876934114748878
5,6,2,1.0092475E7,2.0E7,1.9816744653813856,0.29703231336815333
8,3,1,1.0952469E7,1.1111111E7,1.0144845879043347,0.006245453598103216
4,11,0,1.1225875E7,3.3333333E7,2.9693304976226798,0.4726585388913018
6,5,0,1.2413025E7,1.4285714E7,1.1508648375396004,0.061024321233975894
7,4,2,1.2641633E7,1.25E7,0.9887963050343259,-0.00489316513774454
9,2,5,1.1387462E7,1.25E7,1.0976985038457208,0.040483072266768824
5,6,3,1.0562348E7,2.0E7,1.893518372998125,0.277269523480077
8,3,2,1.1558264E7,1.1111111E7,0.961313134913686,-0.017135123659460502
4,11,1,1.1670782E7,3.3333333E7,2.8561353472286606,0.4557787840431328
6,5,1,1.0235841E7,1.4285714E7,1.3956561068113504,0.14477842021199566
9,2,6,1.0062781E7,1.25E7,1.2422013357937531,0.09419199192574834
7,4,3,1.2364438E7,1.25E7,1.0109638626519053,0.004735631821106152
5,6,4,9320893.0,2.0E7,2.1457171539250584,0.3315724731819189
4,11,2,1.0526283E7,3.3333333E7,3.166676499197295,0.5006036990556586
6,5,2,1.0173369E7,1.4285714E7,1.4042264661785098,0.14743715414728556
8,3,3,1.2716901E7,1.1111111E7,0.873727883861013,-0.058623804137459594
9,2,7,1.0459515E7,1.25E7,1.1950840932873084,0.07739846592489777
7,4,4,1.0042194E7,1.25E7,1.244747910665737,0.09508140597613518
5,7,0,1.237877E7,3.3333333E7,2.6927823200528,0.4302012472024869
6,5,3,9089814.0,1.4285714E7,1.5716178570870647,0.1963469547225609
4,12,0,1.1813372E7,2.0E7,1.6929967159249704,0.22865611566531632
8,3,4,1.1145209E7,1.1111111E7,0.996940568813021,-0.001330730761438337
7,4,5,1.1894598E7,1.25E7,1.050897222419791,0.021560244174235653
9,3,0,1.3207098E7,1.1111111E7,0.8412984442153757,-0.07504991420967418
5,7,1,1.2386272E7,3.3333333E7,2.691151381141961,0.42993812814111837
6,5,4,1.2714037E7,1.4285714E7,1.1236174631236326,0.050618480333113176
4,12,1,1.073139E7,2.0E7,1.8636914696045899,0.2703740173855835
8,3,5,1.0427695E7,1.1111111E7,1.0655385490273737,0.02756916622950593
7,4,6,1.0282686E7,1.25E7,1.2156356811829128,0.08480343895103144
9,3,1,9759733.0,1.1111111E7,1.138464648571841,0.05631954951546307
5,7,2,1.0249085E7,3.3333333E7,3.252322817110015,0.5121936460030527
4,12,2,1.0647032E7,2.0E7,1.8784577711422301,0.27380143630861326
6,5,5,1.1490058E7,1.4285714E7,1.2433108692749855,0.09457973035600911
7,4,7,9198965.0,1.25E7,1.3588485226327092,0.13317104654019116
8,3,6,1.2463753E7,1.1111111E7,0.8914739404736278,-0.04989134757995502
9,3,2,1.12755E7,1.1111111E7,0.9854206908784533,-0.006378323084046059
4,12,3,1.0179733E7,2.0E7,1.9646880718777202,0.2932936084439234
6,5,6,1.14381E7,1.4285714E7,1.2489586557207928,0.09654806216156012
5,8,0,1.3212069E7,5.0E7,3.7844186251222274,0.5779991712087856
8,3,7,1.4579087E7,1.1111111E7,0.7621266681514418,-0.11797284138032593
9,3,3,1.2660308E7,1.1111111E7,0.8776335457241641,-0.05668678510920817
7,5,0,1.6955522E7,1.4285714E7,0.8425405009648185,-0.07440921339696172
4,12,4,1.4061185E7,2.0E7,1.4223552282400096,0.15300807346702072
5,8,1,1.3666553E7,5.0E7,3.6585670139354085,0.5633110144099504
6,6,0,1.8536516E7,2.0E7,1.0789514059707876,0.03300188528163264
8,3,8,1.3094386E7,1.1111111E7,0.8485400537298962,-0.07132765281205042
7,5,1,1.316469E7,1.4285714E7,1.0851538471471793,0.03549131443387857
9,3,4,1.569951E7,1.1111111E7,0.7077361650140673,-0.1501286115662147
5,9,0,1.1584005E7,1.0E8,8.632592958998204,0.9361412636925135
8,4,0,1.1386101E7,1.25E7,1.0978297136131148,0.0405349811218368
6,6,1,1.2320211E7,2.0E7,1.6233488208927591,0.21041184990124162
7,5,2,1.1556391E7,1.4285714E7,1.2361743385110455,0.09207972391951456
5,10,0,2.1929121E7,5.0E7,2.2800731502188345,0.3579487804332502
9,3,5,2.569462E7,1.1111111E7,0.4324294735629482,-0.3640847130315816
6,6,2,1.6780295E7,2.0E7,1.191874159542487,0.07623040414472053
7,5,3,1.5559784E7,1.4285714E7,0.9181177579328865,-0.03710161254538453
8,4,1,1.8250703E7,1.25E7,0.6849051239286509,-0.16436958472364768
7,5,4,8779022.0,1.4285714E7,1.6272557467107385,0.21145581394282278
8,4,2,8095501.0,1.25E7,1.5440675011960348,0.18866628224075843
9,3,6,1.0134869E7,1.1111111E7,1.0963250733679932,0.039939346700771365
5,10,1,1.0520298E7,5.0E7,4.752717080827939,0.6769419624344007
6,6,3,1.123062E7,2.0E7,1.7808455810988173,0.25062626298701496
7,5,5,9488270.0,1.4285714E7,1.5056184109431963,0.17771491673816958
9,3,7,8722087.0,1.1111111E7,1.2739050871654916,0.1051370719115672
5,11,0,9394996.0,3.3333333E7,3.5479879927569953,0.5499821414054037
8,4,3,1.0613194E7,1.25E7,1.177779281147598,0.07106391017857785
6,6,4,1.0220995E7,2.0E7,1.9567566562746581,0.2915368198285439
9,3,8,8054046.0,1.1111111E7,1.379568852723215,0.13974338050316906
7,5,6,9270419.0,1.4285714E7,1.5409998188862877,0.18780258767579083
8,4,4,7982624.0,1.25E7,1.5659011372701508,0.194764339526923
5,11,1,8681614.0,3.3333333E7,3.839531796737335,0.5842782685105805
6,7,0,9347724.0,3.3333333E7,3.565930380486202,0.5521728599650162
7,6,0,8293444.0,2.0E7,2.4115433829419963,0.3822950791556186
9,4,0,1.0069988E7,1.25E7,1.24131230345061,0.09388105998541044
8,4,5,9837603.0,1.25E7,1.2706347267723652,0.10402072054081238
5,11,2,1.0328325E7,3.3333333E7,3.227370653034253,0.5088488455785362
6,7,1,1.0046052E7,3.3333333E7,3.3180530023137447,0.5208833191291309
9,4,1,8348608.0,1.25E7,1.4972555903930331,0.17529594331063836
7,6,1,9897363.0,2.0E7,2.0207402719289975,0.305510496733127
8,4,6,9508938.0,1.25E7,1.3145526871665374,0.1187779972793073
5,12,0,9978709.0,2.0E7,2.00426728547751,0.30195563778776346
6,7,2,9827157.0,3.3333333E7,3.3919609710112497,0.5304508464820923
9,4,2,9335767.0,1.25E7,1.3389365865707659,0.12676000886074043
7,6,2,9812139.0,2.0E7,2.0382915488661544,0.30926630381558906
8,4,7,9451452.0,1.25E7,1.3225481121842442,0.12141147993298082
5,12,1,9970752.0,2.0E7,2.0058667590970067,0.3023020813709516
6,8,0,8320292.0,5.0E7,6.009404477631314,0.7788314362468062
7,6,3,8843065.0,2.0E7,2.261659277637335,0.35442717840214766
8,5,0,9306898.0,1.4285714E7,1.5349597685501657,0.1860969970603484
5,12,2,8291883.0,2.0E7,2.4119973714052647,0.38237683017424523
6,8,1,8387078.0,5.0E7,5.961551806242889,0.7753593223520557
9,4,3,1.3119766E7,1.25E7,0.9527608952781628,-0.021016076161536654
7,6,4,9367468.0,2.0E7,2.1350486598940077,0.32940777747937416
8,5,1,8281739.0,1.4285714E7,1.7249654933583394,0.23678041176062423
9,4,4,8042543.0,1.25E7,1.5542347737525308,0.19151662144302645
5,12,3,1.0556924E7,2.0E7,1.8944912362729902,0.2774926006128149
6,9,0,1.0996761E7,1.0E8,9.093586738858834,0.9587352136571553
8,5,2,1.0035338E7,1.4285714E7,1.423540891198682,0.15336994676705018
7,7,0,1.129682E7,3.3333333E7,2.9506828470312882,0.46992253203933226
9,4,5,9874741.0,1.25E7,1.265855985488632,0.10238429946863932
6,10,0,9520918.0,5.0E7,5.251594436586892,0.7202911795740824
5,12,4,1.1438771E7,2.0E7,1.748439583238444,0.24265062999986048
8,5,3,8750878.0,1.4285714E7,1.632489219938845,0.21285032211462643
9,4,6,7864519.0,1.25E7,1.5894169751513094,0.20123784701935143
7,7,1,8603916.0,3.3333333E7,3.874204838819905,0.5881825792166865
6,10,1,8465689.0,5.0E7,5.906193813639977,0.7713076943752967
9,4,7,9116936.0,1.25E7,1.3710746680683072,0.137061106902583
8,5,4,9566708.0,1.4285714E7,1.4932737572841148,0.17413943289529984
7,7,2,9669552.0,3.3333333E7,3.4472468838266757,0.5374723876853107
6,11,0,7316599.0,3.3333333E7,4.555850744314401,0.6585694875794845
9,5,0,9233398.0,1.4285714E7,1.5471784060429323,0.189540395336495
8,5,5,9563472.0,1.4285714E7,1.493779037571292,0.17428636062487096
6,11,1,9059624.0,3.3333333E7,3.679328524009385,0.5657685673349445
7,8,0,9713256.0,5.0E7,5.1476044696031895,0.7116051692991598
7,8,1,7209286.0,5.0E7,6.935499576518396,0.8410777495493053
6,11,2,7711700.0,3.3333333E7,4.322436427765603,0.6357286146067745
9,5,1,9504315.0,1.4285714E7,1.5030766551824093,0.17698112967128327
8,5,6,9597229.0,1.4285714E7,1.4885248648333806,0.17275609364833838
6,12,0,8741774.0,2.0E7,2.287865140416579,0.3594304211266407
8,6,0,7859448.0,2.0E7,2.5447079744022734,0.4056379507661031
7,9,0,1.0435427E7,1.0E8,9.582741559113968,0.9814897756402426
9,5,2,1.0281154E7,1.4285714E7,1.3895049135534785,0.14286008686394072
6,12,1,8474178.0,2.0E7,2.3601109157725975,0.37293241355318973
8,6,1,8468151.0,2.0E7,2.3617906671716176,0.3732414021170223
9,5,3,8291590.0,1.4285714E7,1.7229161113851506,0.23626413220748682
7,10,0,1.1177198E7,5.0E7,4.473393063270419,0.6506370599677591
6,12,2,9757778.0,2.0E7,2.049646958559623,0.3116790624443774
8,6,2,9444317.0,2.0E7,2.117675634987686,0.32585943984938653
9,5,4,8580985.0,1.4285714E7,1.6648105083507312,0.22136480849641846
7,10,1,9542437.0,5.0E7,5.239751648347272,0.7193107029554041
6,12,3,8548363.0,2.0E7,2.3396292366152442,0.3691470397819563
9,5,5,8314784.0,1.4285714E7,1.718110055534816,0.23505097962363464
8,6,3,9724293.0,2.0E7,2.056704790775021,0.31317195968785616
7,11,0,9405122.0,3.3333333E7,3.544168060765187,0.5495143074961683
9,5,6,9518446.0,1.4285714E7,1.5008452009918425,0.1763359008895495
6,12,4,1.0065421E7,2.0E7,1.9870008417929066,0.2981980510987114
8,6,4,1.0707015E7,2.0E7,1.8679342468465767,0.2713615845630802
7,11,1,1.045589E7,3.3333333E7,3.1879957612407934,0.5035177352865097
9,6,0,9553547.0,2.0E7,2.093463296930449,0.320865351145422
8,7,0,9024345.0,3.3333333E7,3.6937121752326623,0.5674630509368451
7,11,2,8428519.0,3.3333333E7,3.954826820702427,0.5971274707768033
9,6,1,7780461.0,2.0E7,2.570541771239519,0.4100246655348671
8,7,1,7212624.0,3.3333333E7,4.621526506857975,0.6647854482844769
7,12,0,8162347.0,2.0E7,2.450275637632166,0.3892149419846474
8,7,2,8387300.0,3.3333333E7,3.9742626351746093,0.5992565636389698
9,6,2,9712647.0,2.0E7,2.059170893372322,0.3136923907990804
7,12,1,8154263.0,2.0E7,2.45270479993103,0.38964528099244017
8,8,0,8598105.0,5.0E7,5.815234868613491,0.7645672599213764
9,6,3,8439009.0,2.0E7,2.3699465186018878,0.37473854561425785
7,12,2,8960038.0,2.0E7,2.2321333905057097,0.34872014413184294
9,6,4,8464896.0,2.0E7,2.3626988447347728,0.3734083689430172
8,8,1,8873255.0,5.0E7,5.634910751466063,0.7508870418634463
7,12,3,8174431.0,2.0E7,2.4466534734955863,0.3885724633421108
8,9,0,8213694.0,1.0E8,12.174790051832952,1.0854614807600518
9,7,0,8972399.0,3.3333333E7,3.7150970437226434,0.5699701626464706
7,12,4,8374170.0,2.0E7,2.3882963923588845,0.37808822261575253
8,10,0,8104029.0,5.0E7,6.169770616566155,0.7902690178725608
9,7,1,7923522.0,3.3333333E7,4.206883378376435,0.6239604728371526
8,10,1,9957765.0,5.0E7,5.021207068051917,0.7008081314834952
9,7,2,9735998.0,3.3333333E7,3.42372019797046,0.5344982649295432
8,11,0,7666367.0,3.3333333E7,4.347995993408612,0.6382891352207581
9,8,0,7726794.0,5.0E7,6.470989132103172,0.8109706704339235
9,8,1,8244348.0,5.0E7,6.06476097321462,0.7828136889520473
8,11,1,8872575.0,3.3333333E7,3.756895038926129,0.5748290618049444
8,11,2,1.0429338E7,3.3333333E7,3.196112063872127,0.5046219983853989
9,9,0,1.0911723E7,1.0E8,9.16445551266285,0.9621066673483742
8,12,0,7882680.0,2.0E7,2.5372081576316683,0.4043560990712891
9,10,0,8055555.0,5.0E7,6.2068969797859985,0.7928745371556946
8,12,1,8261183.0,2.0E7,2.4209607752303755,0.38398775299439547
9,10,1,8296128.0,5.0E7,6.02690797441891,0.7800945602239786
9,11,0,1.0293401E7,3.3333333E7,3.238320648345479,0.510319849022824
8,12,2,1.0863809E7,2.0E7,1.8409749287749813,0.26504787412659986
9,11,1,9998993.0,3.3333333E7,3.333669000468347,0.5229224765938476
8,12,3,9979492.0,2.0E7,2.0041100288471596,0.3019215613116818
9,11,2,7677516.0,3.3333333E7,4.341681997145952,0.637658010748438
8,12,4,7868654.0,2.0E7,2.541730771234826,0.40512954670603424
9,12,0,9004493.0,2.0E7,2.221113393058332,0.34657073086834644
9,12,1,1.4064374E7,2.0E7,1.4220327189820179,0.15290958901672236
9,12,2,1.2715821E7,2.0E7,1.5728437825603239,0.19668558992072846
9,12,3,1.2209386E7,2.0E7,1.6380840117594775,0.2143361714829605
9,12,4,9186743.0,2.0E7,2.177050125381759,0.33786842854779514
