 Number of tacts (im units) = 10
 Number of massive (im units) = 13
 Command Line curl 192.168.1.108:8081 > /dev/null 2>&1
cycle , cPeriod , count , procDur , procTime , lI , spb
0,0,0,1.6635691E7,1.25E7,0.75139650045195,-0.12413083194756966
0,0,1,7204390.0,1.25E7,1.735053210611863,0.23931279827430038
0,0,2,6829414.0,1.25E7,1.8303180917132862,0.26252657250143774
0,0,3,6758325.0,1.25E7,1.8495707146371327,0.26707094034976525
0,0,4,6638754.0,1.25E7,1.8828834446945917,0.27482343690849914
0,0,5,6429153.0,1.25E7,1.9442685529493542,0.28875625184991316
1,0,0,6777843.0,1.25E7,1.8442445480073824,0.26581850826228165
1,0,1,7212776.0,1.25E7,1.7330359351240077,0.23880756805971012
0,0,6,8423357.0,1.25E7,1.483968921179525,0.17142480559154383
0,0,7,6748681.0,1.25E7,1.8522137881461578,0.26769111282843405
1,0,2,7128169.0,1.25E7,1.7536060101829796,0.24393202527646393
0,1,0,6736699.0,9090909.0,1.3494604701798314,0.13016016726659038
1,0,3,6611249.0,1.25E7,1.8907168675691992,0.2766264986712428
0,1,1,7240755.0,9090909.0,1.255519486572878,0.09882345766654102
1,0,4,7389526.0,1.25E7,1.6915834655700515,0.2282934314720356
1,0,5,6302037.0,1.25E7,1.9834856570978558,0.2974290643686381
0,1,2,6293473.0,9090909.0,1.444497974329913,0.15971693715428442
0,1,3,6761299.0,9090909.0,1.3445506551329856,0.12857716864955945
1,0,6,6961669.0,1.25E7,1.7955464415214226,0.2541966425646511
1,0,7,6408894.0,1.25E7,1.95041453330325,0.2901269243847916
0,1,4,6547433.0,9090909.0,1.3884691909027553,0.14253624752208968
1,1,0,6873412.0,9090909.0,1.3226195374291545,0.12143493371274046
0,1,5,6834317.0,9090909.0,1.3301854450122814,0.12391219144172415
1,1,1,7220310.0,9090909.0,1.2590746103699149,0.10005146633650557
0,1,6,7636633.0,9090909.0,1.1904341874226507,0.07570539064451887
1,1,2,6986896.0,9090909.0,1.3011370142048773,0.11432303167303559
0,1,7,6515055.0,9090909.0,1.3953694941946,0.14468922412702154
1,1,3,1.0327296E7,9090909.0,0.8802796976091322,-0.055379314408632356
0,1,8,1.0061134E7,9090909.0,0.9035670332986322,-0.044039622724749435
1,1,4,1.0497595E7,9090909.0,0.8659992122005088,-0.062482503060167796
0,1,9,1.0506944E7,9090909.0,0.8652286525939417,-0.06286910705842128
2,0,0,7829947.0,1.25E7,1.5964348162254482,0.203151190628969
1,1,5,7187820.0,9090909.0,1.26476581216558,0.1020101176859274
0,1,10,7297010.0,9090909.0,1.2458402825266788,0.09546236907803288
2,0,1,7729374.0,1.25E7,1.6172072925957524,0.20876569106316592
1,1,6,6946993.0,9090909.0,1.3086106463616705,0.1168104492324934
0,2,0,6888270.0,8333333.0,1.2097860565860514,0.08270857473023978
2,0,2,7054920.0,1.25E7,1.771813146003073,0.2484179196172703
1,1,7,6614331.0,9090909.0,1.3744260757437148,0.13812138604201352
0,2,1,6541196.0,8333333.0,1.2739769607882105,0.10516157408016218
2,0,3,8803722.0,1.25E7,1.4198540117463954,0.15224369286733996
0,2,2,8562824.0,8333333.0,0.9731991455155449,-0.011798281058570816
1,1,8,8770163.0,9090909.0,1.0365724103417462,0.015599645371933972
2,0,4,7396135.0,1.25E7,1.6900719091795917,0.22790518336840937
1,1,9,7663227.0,9090909.0,1.1863029765397788,0.07419562008670362
0,2,3,8017358.0,8333333.0,1.0394113621968732,0.01678745994925517
2,0,5,8326447.0,1.25E7,1.5012405651534202,0.17645029100900878
0,2,4,7479527.0,8333333.0,1.1141524056267194,0.04694460232377478
1,1,10,7936018.0,9090909.0,1.1455252495647061,0.059004666310897284
0,2,5,6832424.0,8333333.0,1.2196744522880898,0.08624392703392812
2,0,6,8222996.0,1.25E7,1.5201272139740796,0.1818799340073597
1,2,0,6803605.0,8333333.0,1.2248408013104817,0.08807964494106749
1,2,1,7667567.0,8333333.0,1.0868288467515184,0.036161156999022184
0,2,6,7845986.0,8333333.0,1.0621141816974948,0.026171207720569578
2,0,7,7731122.0,1.25E7,1.616841643425107,0.20866748635387303
0,2,7,7808654.0,8333333.0,1.0671919898102797,0.028242556832734158
2,1,0,7695958.0,9090909.0,1.1812576160108983,0.07234462158575922
1,2,2,8513656.0,8333333.0,0.9788195576612445,-0.009297361654228517
0,2,8,1.0177737E7,8333333.0,0.81878054031068,-0.08683248762179292
1,2,3,9918911.0,8333333.0,0.8401459595715699,-0.07564525687879309
2,1,1,1.0909664E7,9090909.0,0.8332895495223318,-0.07920406472810095
0,2,9,6864476.0,8333333.0,1.2139794792785348,0.08421134562604297
1,2,4,7031730.0,8333333.0,1.1851042346620249,0.07375654996444121
2,1,2,6632043.0,9090909.0,1.3707554368993085,0.13695997712395597
1,2,5,6822389.0,8333333.0,1.2214684621472038,0.08688225813527549
0,2,10,7182815.0,8333333.0,1.1601764767712937,0.06452405565666816
2,1,3,6759761.0,9090909.0,1.3448565711124993,0.1286759693228865
0,2,11,8274676.0,8333333.0,1.0070887367674577,0.0030677388660018947
2,1,4,8347285.0,9090909.0,1.0890857326663699,0.03706206869827993
1,2,6,8622199.0,8333333.0,0.9664974097675083,-0.014799305551812452
3,0,0,8074380.0,1.25E7,1.5481064800021798,0.18980082849610164
2,1,5,7522777.0,9090909.0,1.2084512142258106,0.08222912241417571
1,2,7,7828719.0,8333333.0,1.0644567776669465,0.027128031578157
0,3,0,8685994.0,7692307.0,0.8855989308765353,-0.05276291642326028
3,0,1,7208317.0,1.25E7,1.7341079755510198,0.23907613565809122
2,1,6,7609046.0,9090909.0,1.1947501697321845,0.0772771008908821
3,0,2,6633635.0,1.25E7,1.8843364158564648,0.2751584411889038
1,2,8,7525855.0,8333333.0,1.1072938556482952,0.04426289003051525
0,3,1,6791434.0,7692307.0,1.1326484215262933,0.05409512408563786
2,1,7,7162487.0,9090909.0,1.2692391623188986,0.10354346377237342
1,2,9,7056211.0,8333333.0,1.1809926035375076,0.07224717767032678
3,0,3,7060323.0,1.25E7,1.7704572439532866,0.24808544313063455
0,3,2,6962321.0,7692307.0,1.1048480815521147,0.04330256591307047
2,1,8,7443234.0,9090909.0,1.2213654709767288,0.08684563796519999
0,3,3,7517144.0,7692307.0,1.0233018018545341,0.01000373884394855
3,0,4,7731269.0,1.25E7,1.6168109012892968,0.20865922873202897
1,2,10,8895411.0,8333333.0,0.9368125879737316,-0.02834728227087641
2,1,9,7408356.0,9090909.0,1.2271155705800316,0.0888854668032563
1,2,11,6923941.0,8333333.0,1.2035534387135882,0.08046537805366949
0,3,4,9349128.0,7692307.0,0.8227833654646722,-0.08471449719113167
3,0,5,9444031.0,1.25E7,1.3235873537475682,0.12175260902885088
1,3,0,6829143.0,7692307.0,1.1263941903105559,0.051690401809956404
2,1,10,7744729.0,9090909.0,1.1738188644173346,0.06960108477077322
3,0,6,6837709.0,1.25E7,1.82809768593545,0.2619993989083224
0,3,5,7135952.0,7692307.0,1.0779650703928503,0.0326046885117476
2,2,0,7599413.0,8333333.0,1.0965758802686472,0.04003868912959522
0,3,6,7306946.0,7692307.0,1.0527389965657334,0.022320710785004676
1,3,1,9198828.0,7692307.0,0.8362268541166331,-0.07767588987409349
3,0,7,9483955.0,1.25E7,1.318015532549448,0.11992052836175938
2,2,1,8204001.0,8333333.0,1.0157645031978908,0.006793031947351254
0,3,7,7496703.0,7692307.0,1.0260920033780183,0.01118630304480959
1,3,2,7431383.0,7692307.0,1.03511109574086,0.014986963974527149
3,1,0,9557571.0,9090909.0,0.9511735774706774,-0.02174022243274659
2,2,2,7745111.0,8333333.0,1.0759475235409797,0.03179109029659742
1,3,3,7513059.0,7692307.0,1.02385819145038,0.010239809241967454
0,3,8,7688783.0,7692307.0,1.0004583300113945,1.9900459343338278E-4
3,1,1,7439194.0,9090909.0,1.222028757416462,0.0870814260704725
2,2,3,7026946.0,8333333.0,1.1859110629283334,0.07405212045509345
1,3,4,6728282.0,7692307.0,1.1432795177134372,0.05815242301101773
0,3,9,6672198.0,7692307.0,1.1528894975838546,0.061787682932685196
3,1,2,7317658.0,9090909.0,1.2423249351090198,0.09423520217573463
1,3,5,6949372.0,7692307.0,1.1069067823682486,0.04411104851403964
2,2,4,7080140.0,8333333.0,1.1770011609939917,0.07077689123174005
0,3,10,6924674.0,7692307.0,1.1108547492632865,0.04565727611691585
3,1,3,7623729.0,9090909.0,1.1924491282415732,0.07643986042055341
0,3,11,7010478.0,7692307.0,1.0972585606858762,0.04030897784613748
2,2,5,7197227.0,8333333.0,1.1578532954428142,0.0636535360616871
1,3,6,7200006.0,7692307.0,1.068375081909654,0.02872375026347221
3,1,4,8286384.0,9090909.0,1.0970899972774615,0.04024225539404239
1,3,7,7701082.0,7692307.0,0.9988605497253503,-4.951391134853309E-4
4,0,0,7233681.0,1.25E7,1.7280275422706641,0.23755066022669613
2,2,6,9373523.0,8333333.0,0.8890289168757574,-0.0510841127808179
0,3,12,9527288.0,7692307.0,0.8073973411951019,-0.09291268507952777
3,1,5,9627002.0,9090909.0,0.9443136087434073,-0.02488375154058835
4,0,1,9884469.0,1.25E7,1.2646101677287875,0.1019566693092048
1,3,8,1.0548352E7,7692307.0,0.729242539498113,-0.13712800522491378
0,4,0,1.0870031E7,8333333.0,0.7666337842090791,-0.1154120460622529
2,2,7,1.1226195E7,8333333.0,0.7423114421226427,-0.12941384510213627
4,0,2,8206490.0,1.25E7,1.523184698939498,0.1827525683831512
3,1,6,1.0880645E7,9090909.0,0.8355119572415054,-0.07804733041829132
1,3,9,9855953.0,7692307.0,0.7804731820454095,-0.10764201520219475
0,4,1,9402733.0,8333333.0,0.886267109786059,-0.052435367477204085
2,2,8,9606547.0,8333333.0,0.8674639285062572,-0.06174857529950024
3,1,7,9282029.0,9090909.0,0.9794096743287486,-0.009035610459886765
1,3,10,8137110.0,7692307.0,0.9453364892449531,-0.02441357835738454
4,0,3,1.0122283E7,1.25E7,1.234899281120672,0.09163153780842907
0,4,2,1.0271033E7,8333333.0,0.8113432212709276,-0.09079538799418602
2,2,9,1.0286274E7,8333333.0,0.8101410676013492,-0.09143935205148561
1,3,11,7624923.0,7692307.0,1.0088373351442368,0.0038211462722878248
3,1,8,8222003.0,9090909.0,1.1056805744293696,0.04362967959144785
4,0,4,7863634.0,1.25E7,1.5895958535201409,0.2012867212408687
0,4,3,8165680.0,8333333.0,1.0205314193061692,0.008826379969524994
2,2,10,9431573.0,8333333.0,0.8835570694305181,-0.05376539393502602
3,1,9,7457336.0,9090909.0,1.219055839779782,0.08602359926301348
4,0,5,7479034.0,1.25E7,1.671338838678899,0.2230645054593336
1,3,12,9221394.0,7692307.0,0.8341804937518124,-0.078739969794667
0,4,4,8339258.0,8333333.0,0.9992895051334303,-3.0867366848982955E-4
3,1,10,7588197.0,9090909.0,1.1980328133283835,0.0784687132555381
4,0,6,7663500.0,1.25E7,1.631108501337509,0.21248285127011174
2,2,11,9596170.0,8333333.0,0.8684019770387561,-0.06127919648426323
1,4,0,9161927.0,8333333.0,0.9095611654622439,-0.04116809052073523
0,4,5,7282047.0,8333333.0,1.144366824328379,0.058565258937521174
4,0,7,8162166.0,1.25E7,1.5314562335536914,0.1851045899132586
2,3,0,8969839.0,7692307.0,0.8575747011735663,-0.06672803933831536
3,2,0,9366713.0,8333333.0,0.8896752788304713,-0.050768476888938596
1,4,1,8060223.0,8333333.0,1.033883677908167,0.014471679101841996
0,4,6,8440725.0,8333333.0,0.9872769223022904,-0.005561014544667614
4,1,0,8086450.0,9090909.0,1.1242150758367393,0.05084940492845911
2,3,1,7923895.0,7692307.0,0.9707734643126896,-0.01288210343618545
3,2,1,7784128.0,8333333.0,1.0705544667302491,0.029608767845912817
1,4,2,7564843.0,8333333.0,1.1015870388850106,0.042018817432387855
0,4,7,8955142.0,8333333.0,0.9305640267904183,-0.03125374018485505
2,3,2,7314581.0,7692307.0,1.0516401417934944,0.02186715505574268
4,1,1,8252518.0,9090909.0,1.1015921443612726,0.042020830232967064
3,2,2,7671343.0,8333333.0,1.086293886220444,0.03594733528720662
1,4,3,9666858.0,8333333.0,0.8620518683526747,-0.06446660254923545
0,4,8,8026384.0,8333333.0,1.0382425012309404,0.01629880307516463
3,2,3,7315607.0,8333333.0,1.1391170958199368,0.05656836978110628
2,3,3,9263325.0,7692307.0,0.8304045253729088,-0.08071029275774688
4,1,2,9286496.0,9090909.0,0.9789385576648071,-0.009244565504844421
1,4,4,8012070.0,8333333.0,1.0400973780808205,0.017074001590493423
0,4,9,8898497.0,8333333.0,0.936487701237636,-0.02849792178015005
3,2,4,8348666.0,8333333.0,0.9981634191618158,-7.983502656038194E-4
2,3,4,8609444.0,7692307.0,0.8934731441426415,-0.0489184969086932
4,1,3,9633146.0,9090909.0,0.9437113275351583,-0.025160832006151088
1,4,5,9209780.0,8333333.0,0.9048351860739344,-0.04343051946563668
0,4,10,9949809.0,8333333.0,0.837536981865682,-0.07699600737696817
5,0,0,9427407.0,1.25E7,1.3259213270414654,0.12251775616121634
3,2,5,9873484.0,8333333.0,0.8440113945594078,-0.07365169015056514
2,3,5,1.0356719E7,7692307.0,0.7427358992746641,-0.1291655844591138
4,1,4,1.0255051E7,9090909.0,0.8864811106253884,-0.052330514026471785
1,4,6,9366037.0,8333333.0,0.8897394917402098,-0.05073713252466812
5,0,1,9682577.0,1.25E7,1.2909786309987517,0.11091905364044585
0,4,11,9975592.0,8333333.0,0.8353722766528543,-0.07811994168338189
3,2,6,9468948.0,8333333.0,0.880069570558419,-0.05548299499146552
2,3,6,9026599.0,7692307.0,0.8521822006272795,-0.06946754106971556
4,1,5,8353921.0,9090909.0,1.0882206092205085,0.03671694651565726
1,4,7,9986302.0,8333333.0,0.8344763657257711,-0.07858595902096371
5,0,2,1.0340108E7,1.25E7,1.2088848588428671,0.08238493812256069
0,5,0,1.1079494E7,9090909.0,0.8205166228710444,-0.08591261613673773
3,2,7,9768242.0,8333333.0,0.8531046835244254,-0.06899767377092511
4,1,6,8710933.0,9090909.0,1.043620585762742,0.0185426371156008
2,3,7,1.113069E7,7692307.0,0.6910898605567131,-0.1604654788101837
1,4,8,1.0437945E7,8333333.0,0.798369123424199,-0.0977962675445717
5,0,3,1.0813192E7,1.25E7,1.1559953804575005,0.06295609857774115
4,1,7,9647012.0,9090909.0,0.9423548970396222,-0.025785508248358808
0,5,1,1.0345838E7,9090909.0,0.878702044242332,-0.056158363240104835
2,3,8,1.0593049E7,7692307.0,0.7261655260916852,-0.1389643725857961
3,2,8,1.5757325E7,8333333.0,0.5288545485988263,-0.2766637559927914
1,4,9,1.0420166E7,8333333.0,0.7997313094628243,-0.09705590103067878
5,0,4,9919775.0,1.25E7,1.260109226267733,0.10040819139486752
4,1,8,9853443.0,9090909.0,0.9226124310050812,-0.03498069813384278
0,5,2,1.1093601E7,9090909.0,0.8194732260516671,-0.08646523119411655
2,3,9,1.125658E7,7692307.0,0.6833609320059911,-0.16534985360165905
3,2,9,1.0577589E7,8333333.0,0.7878291546400602,-0.10356795159870258
1,4,10,1.0521201E7,8333333.0,0.7920514967825442,-0.1012465809844531
4,1,9,9593506.0,9090909.0,0.9476107066592756,-0.02337004100881812
5,0,5,1.004719E7,1.25E7,1.2441289554591881,0.09486539783210063
0,5,3,9776978.0,9090909.0,0.9298281125312955,-0.0315973274445577
2,3,10,9404083.0,7692307.0,0.8179752347996078,-0.08725984492609537
3,2,10,9797038.0,8333333.0,0.8505971907019244,-0.07027605597970421
1,4,11,9585144.0,8333333.0,0.8694009187551068,-0.060779905196409884
5,0,6,8715015.0,1.25E7,1.4343061945389652,0.15664187406788238
4,1,10,9786186.0,9090909.0,0.9289532203863691,-0.032006155370825386
0,5,4,9112776.0,9090909.0,0.9976004018972924,-0.0010433845678646297
2,3,11,9297052.0,7692307.0,0.8273920593323562,-0.0822886514423059
3,2,11,9521574.0,8333333.0,0.875205401964003,-0.05789001043944041
1,5,0,9388128.0,9090909.0,0.9683409727690121,-0.013971691743736803
4,2,0,9694344.0,8333333.0,0.8596077259069824,-0.06569968984917061
5,0,7,1.0944711E7,1.25E7,1.1421041633716962,0.05770571469317344
0,5,5,9182517.0,9090909.0,0.9900236503782133,-0.004354430547835115
2,3,12,1.0120104E7,7692307.0,0.7601015760312345,-0.119128366979537
1,5,1,9007398.0,9090909.0,1.0092713789265224,0.00400795763794251
3,3,0,9965623.0,7692307.0,0.7718842063361216,-0.11244784515788266
4,2,1,9528369.0,8333333.0,0.8745812635929612,-0.0581998309076367
5,1,0,9208759.0,9090909.0,0.9872024015396645,-0.005593796813512049
0,5,6,9486446.0,9090909.0,0.9583050385781988,-0.018496228411331864
2,4,0,8775171.0,8333333.0,0.9496490723656553,-0.022436851649324654
3,3,1,8808736.0,7692307.0,0.8732588875407323,-0.05885698566139359
1,5,2,9402236.0,9090909.0,0.9668879828160025,-0.01462383746076418
5,1,1,9350614.0,9090909.0,0.9722258880539824,-0.012232818882436549
4,2,2,9869828.0,8333333.0,0.8443240348261388,-0.07349084777072663
0,5,7,9528449.0,9090909.0,0.9540806693723186,-0.020414903302081667
2,4,1,9823637.0,8333333.0,0.8482940686835232,-0.0714535695974424
1,5,3,8671290.0,9090909.0,1.0483917617793892,0.020523599619269934
3,3,2,1.0011608E7,7692307.0,0.7683388123066744,-0.11444722805767722
4,2,3,1.0137307E7,8333333.0,0.8220460325409894,-0.08510386236410167
5,1,2,1.0661855E7,9090909.0,0.852657347150191,-0.06922546137534438
6,0,0,1.0599906E7,1.25E7,1.1792557405697748,0.0716079990510513
0,5,8,1.0494163E7,9090909.0,0.8662824276695531,-0.06234049507063472
2,4,2,1.0292871E7,8333333.0,0.8096218246590285,-0.09171779323990782
3,3,3,9673965.0,7692307.0,0.7951555541083724,-0.09954790318938347
1,5,4,1.0473306E7,9090909.0,0.8680075804144365,-0.06147648206108302
5,1,3,1.052144E7,9090909.0,0.864036576742347,-0.06346787240405134
0,5,9,1.0598429E7,9090909.0,0.857760051041527,-0.06663418427581382
4,2,4,1.1027195E7,8333333.0,0.7557074124471364,-0.1216463179316214
6,0,1,1.1775429E7,1.25E7,1.0615324503251644,0.025933274791933768
2,4,3,1.1077755E7,8333333.0,0.7522582869904597,-0.12363301930818142
1,5,5,1.0937337E7,9090909.0,0.8311812098319729,-0.08030428325468995
3,3,4,1.3249102E7,7692307.0,0.5805908204193764,-0.23612983497476667
4,2,5,1.0241281E7,8333333.0,0.8137002587859858,-0.08953554588307903
5,1,4,1.0923907E7,9090909.0,0.8322030753282685,-0.07977068364565588
0,5,10,1.097566E7,9090909.0,0.8282790283226703,-0.08182333465585583
6,0,2,1.2378864E7,1.25E7,1.009785712162279,0.004229221407021775
2,4,4,1.0634606E7,8333333.0,0.783605241228495,-0.1059026678419244
1,5,6,1.023604E7,9090909.0,0.8881275376024322,-0.05152466383876141
3,3,5,1.0425624E7,7692307.0,0.737827011601416,-0.1320454494416823
0,6,0,1.1406015E7,1.25E7,1.0959129897689948,0.0397760746198372
5,1,5,1.2959442E7,9090909.0,0.7014892307863255,-0.1539789918429964
4,2,6,1.5035096E7,8333333.0,0.554258715740824,-0.2562874688614053
1,5,7,9751361.0,9090909.0,0.9322707876367207,-0.030457924024293342
2,4,5,1.201274E7,8333333.0,0.6937079300808975,-0.15882334086058048
6,0,3,1.3478828E7,1.25E7,0.9273803330675338,-0.03274211841521152
3,3,6,1.092456E7,7692307.0,0.7041296857722417,-0.15234734564722752
0,6,1,1.1183308E7,1.25E7,1.1177372562751557,0.04833972702056217
5,1,6,1.205603E7,9090909.0,0.7540549418009079,-0.12259700949937158
1,5,8,1.0260469E7,9090909.0,0.8860130077874608,-0.05255990207587583
4,2,7,1.0937937E7,8333333.0,0.761874291285459,-0.11811668102895555
6,0,4,1.0383564E7,1.25E7,1.2038255843561998,0.0805635689494371
2,4,6,1.0948193E7,8333333.0,0.7611605860437426,-0.11852370817650797
3,3,7,9952735.0,7692307.0,0.7728837349733515,-0.11188583215822878
0,6,2,1.0127802E7,1.25E7,1.23422634052285,0.09139481077197767
4,2,8,9571652.0,8333333.0,0.870626408064146,-0.06016816384689966
1,5,9,9810307.0,9090909.0,0.9266691653992072,-0.03307528773940161
2,4,7,9706262.0,8333333.0,0.858552241841401,-0.06623327341727307
6,0,5,1.0468131E7,1.25E7,1.1941004559457653,0.07704086417002333
5,1,7,1.2247751E7,9090909.0,0.7422512916861226,-0.1294490379600521
3,3,8,1.1080466E7,7692307.0,0.6942223368583956,-0.15850141685550337
1,5,10,8881891.0,9090909.0,1.0235330516891055,0.010101871360452078
0,6,3,1.1088751E7,1.25E7,1.127268526455324,0.052027381588898094
4,2,9,1.0053167E7,8333333.0,0.8289261483470831,-0.08148416039551366
6,0,6,9490405.0,1.25E7,1.3171197646465036,0.11962526680709588
2,4,8,1.0129131E7,8333333.0,0.8227095690637233,-0.08475345131735783
5,1,8,1.0393192E7,9090909.0,0.8746984564511077,-0.05814163985779551
3,3,9,1.0594482E7,7692307.0,0.7260673056030489,-0.13902311883551396
0,6,4,1.0711787E7,1.25E7,1.1669388123568925,0.06704808470652644
1,6,0,1.084443E7,1.25E7,1.152665469738843,0.06170328324708549
4,2,10,1.0781381E7,8333333.0,0.7729374372355452,-0.1118556571333745
2,4,9,1.0340765E7,8333333.0,0.8058720026999937,-0.09373393206022246
6,0,7,1.073964E7,1.25E7,1.163912384400222,0.0659202892454384
5,1,9,1.4166043E7,9090909.0,0.6417394751660714,-0.19264124523506237
3,3,10,1.2267873E7,7692307.0,0.6270285810751383,-0.20271266280513545
1,6,1,9466640.0,1.25E7,1.3204262547218444,0.12071415104714202
0,6,5,1.0227182E7,1.25E7,1.2222330647875437,0.08715402841059294
4,2,11,1.0171499E7,8333333.0,0.8192826838993937,-0.08656622415490185
2,4,10,1.0439131E7,8333333.0,0.7982784199182863,-0.09784561097332499
6,1,0,1.5469029E7,9090909.0,0.5876845275808844,-0.23085574313739404
3,3,11,1.1456231E7,7692307.0,0.6714518064448944,-0.1729851534288647
4,3,0,8803596.0,7692307.0,0.8737687417732481,-0.05860349581117299
5,1,10,1.2931535E7,9090909.0,0.7030030850939196,-0.15304276909635595
0,6,6,1.0466334E7,1.25E7,1.1943054750593665,0.07711542324625448
1,6,2,1.2111537E7,1.25E7,1.0320737987259585,0.013710752750051344
2,4,11,1.1977145E7,8333333.0,0.6957695677893188,-0.15753457074537927
7,0,0,1.5931823E7,1.25E7,0.7845932006651091,-0.1053554598139501
6,1,1,1.0539368E7,9090909.0,0.8625668066624109,-0.0642072584097748
4,3,1,1.0302652E7,7692307.0,0.746633682279087,-0.12689242199344147
5,2,0,1.0328973E7,8333333.0,0.806792020852412,-0.09323840559673321
3,3,12,1.2740149E7,7692307.0,0.6037846967095911,-0.219117898631245
1,6,3,1.0553023E7,1.25E7,1.184494717769496,0.07353312833554612
0,6,7,1.2385975E7,1.25E7,1.0092059769214776,0.003979813918793014
2,5,0,1.1376355E7,9090909.0,0.7991056010470841,-0.09739582528977382
6,1,2,1.0671935E7,9090909.0,0.8518519837311603,-0.06963586090616875
7,0,1,1.2652811E7,1.25E7,0.9879227627757974,-0.00527700785314308
4,3,2,1.1448533E7,7692307.0,0.6719032910155388,-0.17269323170921128
1,6,4,1.0735605E7,1.25E7,1.164349843348372,0.06608348908368018
0,7,0,1.0749391E7,1.6666666E7,1.550475371116373,0.19046487197727474
3,4,0,1.3973664E7,8333333.0,0.5963599096128259,-0.2244915597514771
2,5,1,1.165274E7,9090909.0,0.7801520500757761,-0.10782074593327917
6,1,3,1.2283676E7,9090909.0,0.7400804938196025,-0.13072104226830544
5,2,1,2.1829817E7,8333333.0,0.381740854721778,-0.418231358440348
4,3,3,1.1318517E7,7692307.0,0.679621455708376,-0.16773291887205483
1,6,5,1.0783199E7,1.25E7,1.159210731435078,0.06416239297852908
7,0,2,1.367744E7,1.25E7,0.9139137148472228,-0.03909480528874942
0,7,1,1.0941252E7,1.6666666E7,1.523286914513988,0.18278171138240729
3,4,1,1.2838076E7,8333333.0,0.649110739023511,-0.18768120575091074
2,5,2,1.1982929E7,9090909.0,0.7586549999586912,-0.11995567558958284
5,2,2,1.0435877E7,8333333.0,0.7985273302857058,-0.09771021516839312
6,1,4,1.1160096E7,9090909.0,0.8145905734144222,-0.08906061995317269
7,0,3,1.1015088E7,1.25E7,1.134807093688221,0.054922041910580484
1,6,6,1.1413708E7,1.25E7,1.0951743289735465,0.03948325532699548
4,3,4,1.4396183E7,7692307.0,0.534329620566785,-0.2721907500316932
3,4,2,1.1568335E7,8333333.0,0.7203571646222209,-0.14245212000755553
0,7,2,1.6170612E7,1.6666666E7,1.0306762663033409,0.01312227552968498
6,1,5,1.0338417E7,9090909.0,0.8793327837327514,-0.0558467349519709
5,2,3,1.0677806E7,8333333.0,0.7804349507754683,-0.10766328952222143
2,5,3,1.5833752E7,9090909.0,0.5741474920157901,-0.2409765279149563
1,6,7,1.0780308E7,1.25E7,1.1595216017946797,0.06427884392082751
4,3,5,1.0724822E7,7692307.0,0.7172433258099762,-0.14433348431916793
7,0,4,1.4035928E7,1.25E7,0.8905716814734301,-0.05033111874371217
3,4,3,1.1348836E7,8333333.0,0.7342896663587349,-0.1341325835652452
0,7,3,1.1186291E7,1.6666666E7,1.4899188658689462,0.17316261937550126
6,1,6,1.1493156E7,9090909.0,0.790984565075076,-0.10183199105115445
5,2,4,1.1614924E7,8333333.0,0.7174677165343484,-0.14419763584333758
1,7,0,1.086626E7,1.6666666E7,1.5337996698035938,0.1857686399387032
2,5,4,1.1476054E7,9090909.0,0.7921633167637587,-0.101185272630973
4,3,6,1.137808E7,7692307.0,0.6760637119795255,-0.17001237438779546
7,0,5,1.120596E7,1.25E7,1.1154778350092271,0.04746094510051901
3,4,4,1.1004784E7,8333333.0,0.7572463939319481,-0.12076278613533144
0,7,4,1.1385444E7,1.6666666E7,1.4638573603278011,0.165498760711064
6,1,7,1.1649148E7,9090909.0,0.7803926089702011,-0.10768685242290325
5,2,5,1.2878754E7,8333333.0,0.6470604997967971,-0.18905511114037107
2,5,5,1.0713165E7,9090909.0,0.8485736007986435,-0.07131048329979763
1,7,1,1.1795622E7,1.6666666E7,1.4129535517499627,0.15012788545065067
4,3,7,1.1875358E7,7692307.0,0.6477536929834031,-0.18859010232864193
3,4,5,1.1308083E7,8333333.0,0.7369359598793181,-0.13257025091903266
0,7,5,1.1019107E7,1.6666666E7,1.5125242000100372,0.17970233198350985
7,0,6,1.6361708E7,1.25E7,0.7639789195602318,-0.11691862472925076
6,1,8,1.2020656E7,9090909.0,0.756273950439976,-0.12132085844960262
2,5,6,1.1121564E7,9090909.0,0.8174128207147844,-0.08755855487739904
5,2,6,1.2968471E7,8333333.0,0.6425840794955705,-0.1920700386240187
4,3,8,1.156324E7,7692307.0,0.6652380301714744,-0.1770229310978756
1,7,2,1.6109796E7,1.6666666E7,1.0345671664619465,0.014758691306131895
0,8,0,1.0440951E7,2.5E7,2.394417903120128,0.37919995107453913
3,4,6,1.1453689E7,8333333.0,0.7275675985265533,-0.13812665003523755
7,0,7,1.289206E7,1.25E7,0.9695890338704598,-0.013412305055346085
2,5,7,1.1403756E7,9090909.0,0.7971855062489938,-0.09844060587383913
5,2,7,1.2660325E7,8333333.0,0.6582242556964375,-0.18162611790760846
6,1,9,1.6075223E7,9090909.0,0.5655230412666749,-0.24754969579402128
4,3,9,1.1717868E7,7692307.0,0.6564596051090522,-0.18279199283113973
8,0,0,1.2215635E7,1.25E7,1.0232787734735034,0.009993965372109908
1,7,3,1.1346804E7,1.6666666E7,1.4688423277603102,0.16697517914029858
0,8,1,1.2119729E7,2.5E7,2.062752393225954,0.31444709966028644
3,4,7,1.2291365E7,8333333.0,0.6779827138808424,-0.16878137893805017
2,5,8,1.3795111E7,9090909.0,0.6589949874270674,-0.18111788880666393
5,2,8,1.1723978E7,8333333.0,0.7107939813602516,-0.14825625823462815
6,1,10,1.1781824E7,9090909.0,0.7716045495162719,-0.11260522034387721
8,0,1,1.1208681E7,1.25E7,1.1152070435406272,0.04735550372485183
7,1,0,1.7797819E7,9090909.0,0.5107878105738687,-0.29175947527642077
1,7,4,1.2422193E7,1.6666666E7,1.3416846767716457,0.12765045977556408
3,4,8,1.2375603E7,8333333.0,0.6733678350865004,-0.17174763249510824
0,8,2,1.3316366E7,2.5E7,1.87738907146289,0.27355428544995186
8,0,2,1.1138237E7,1.25E7,1.1222601925241849,0.05009355841488788
7,1,1,1.1199657E7,9090909.0,0.8117131622870236,-0.09059741169917869
4,3,10,2.4761798E7,7692307.0,0.3106521990042888,-0.5077255678128227
1,7,5,1.2533462E7,1.6666666E7,1.3297735294525965,0.12377768361079247
2,5,9,1.7735704E7,9090909.0,0.5125767209466283,-0.29024112151111064
5,2,9,1.7214032E7,8333333.0,0.4841011681632752,-0.31506386938089864
0,8,3,1.2504209E7,2.5E7,1.9993267866843876,0.3008837846407414
3,4,9,1.3013032E7,8333333.0,0.6403836554002172,-0.193559761168853
8,0,3,1.1309216E7,1.25E7,1.1052932404863431,0.04347751406628759
6,2,0,2.3568436E7,8333333.0,0.3535802290826595,-0.451512027144142
1,8,0,1.139818E7,2.5E7,2.193332619769121,0.34110449760384465
2,5,10,1.0779765E7,9090909.0,0.8433309074919537,-0.07400198279013745
5,2,10,1.1479831E7,8333333.0,0.7259107734251489,-0.1391167580747663
3,4,10,1.3904494E7,8333333.0,0.5993265918198821,-0.2223364524479666
4,3,11,1.8688856E7,7692307.0,0.41159860186198666,-0.38552610913957414
7,1,2,1.9988042E7,9090909.0,0.45481738531467963,-0.3421629428367119
8,0,4,1.2027975E7,1.25E7,1.0392439292565872,0.016717496254446008
6,2,1,1.1823081E7,8333333.0,0.7048359898743821,-0.1519119283690049
0,9,0,1.9226679E7,3.3333333E7,1.7337020605586644,0.23897446535881228
1,8,1,1.1838976E7,2.5E7,2.1116691173290665,0.32462586851331293
2,6,0,1.199266E7,1.25E7,1.0423042094080879,0.017994491694297458
5,2,11,1.3354859E7,8333333.0,0.6239925857697187,-0.2048205705394162
4,3,12,1.1356649E7,7692307.0,0.6773395039328943,-0.16919359464351036
3,4,11,1.2168155E7,8333333.0,0.6848477028768947,-0.16440599661555896
7,1,3,1.4226341E7,9090909.0,0.6390194780231966,-0.19448590386183695
8,0,5,1.1072701E7,1.25E7,1.1289025143910234,0.05265644033949198
0,9,1,1.1689448E7,3.3333333E7,2.851574599587594,0.45508473757830786
1,8,2,1.0606367E7,2.5E7,2.357074764620157,0.3723733582337046
5,3,0,1.1326667E7,7692307.0,0.6791324402845074,-0.16804552398759134
6,2,2,2.0374955E7,8333333.0,0.4089988419606326,-0.3882779216523626
2,6,1,1.7619662E7,1.25E7,0.7094347212789893,-0.14908756002694923
3,5,0,1.3095837E7,9090909.0,0.6941831209414107,-0.15852595040405462
8,0,6,1.1794259E7,1.25E7,1.0598376718706957,0.025239352425709186
4,4,0,1.5103513E7,8333333.0,0.5517479939931855,-0.25825923714097687
1,8,3,1.0501226E7,2.5E7,2.380674408873783,0.37670000351137717
7,1,4,1.4154403E7,9090909.0,0.6422672153675433,-0.19228424605122105
0,9,2,1.8229011E7,3.3333333E7,1.8285870253740042,0.26211563393320875
5,3,1,1.5190745E7,7692307.0,0.5063811551046378,-0.29552246489108336
2,6,2,1.118969E7,1.25E7,1.11709975879582,0.048091958039517824
3,5,1,1.0335793E7,9090909.0,0.8795560243901943,-0.055736492410501784
6,2,3,1.1331922E7,8333333.0,0.735385665379624,-0.1334848399379265
4,4,1,1.069972E7,8333333.0,0.7788365489938055,-0.10855367624049997
8,0,7,1.2117312E7,1.25E7,1.0315819217991582,0.013503722636447014
1,9,0,1.1046927E7,3.3333333E7,3.0174303677393723,0.47963725681230973
7,1,5,1.02506E7,9090909.0,0.8868660371100229,-0.052141976264923916
2,6,3,1.1207653E7,1.25E7,1.1153093337204498,0.04739533670804253
4,4,2,1.0695168E7,8333333.0,0.779168031769113,-0.10836887429047776
1,9,1,1.128227E7,3.3333333E7,2.9544881482183993,0.4704822521685627
6,2,4,1.344927E7,8333333.0,0.6196122912247282,-0.20787997574477163
8,1,0,1.7678848E7,9090909.0,0.5142251915961945,-0.2888466513352681
7,1,6,1.8125321E7,9090909.0,0.5015585103292791,-0.29967839618112363
9,0,0,1.2195075E7,1.25E7,1.0250039462651932,0.010725537428747139
5,3,2,2.1340314E7,7692307.0,0.3604589417006704,-0.4431441967097243
4,4,3,1.1683644E7,8333333.0,0.7132477675629282,-0.14675957899316963
3,5,2,2.3573647E7,9090909.0,0.38563863283436794,-0.41381946546848974
0,10,0,2.4175501E7,2.5E7,1.0341047327209476,0.014564525739918852
1,9,2,1.1332166E7,3.3333333E7,2.941479413556067,0.4685658132503094
6,2,5,1.4208106E7,8333333.0,0.5865196247832047,-0.23171745193299542
2,6,4,2.0077737E7,1.25E7,0.6225801244433076,-0.20580474806464785
8,1,1,1.1725269E7,9090909.0,0.7753262633036393,-0.110515504545052
9,0,1,1.2383439E7,1.25E7,1.0094126518489734,0.004068743823227208
4,4,4,1.1807327E7,8333333.0,0.7057764217083172,-0.1513328544671437
5,3,3,1.6893862E7,7692307.0,0.4553314689086486,-0.34167233365601596
1,10,0,1.5129974E7,2.5E7,1.652349171254359,0.21810182695858196
7,1,7,1.9728818E7,9090909.0,0.4607933937045798,-0.3364937559264533
0,10,1,1.7923727E7,2.5E7,1.3947991955021408,0.1445116882099027
6,2,6,1.5150132E7,8333333.0,0.5500501909818344,-0.2595976801931653
5,3,4,1.1702478E7,7692307.0,0.6573229191287521,-0.18222122474440608
2,6,5,1.8655854E7,1.25E7,0.6700309725837262,-0.17390512131215508
8,1,2,1.8343608E7,9090909.0,0.4955900169693988,-0.3048774505178664
3,5,3,2.7424792E7,9090909.0,0.3314850665047888,-0.4795360319067228
9,0,2,1.780743E7,1.25E7,0.7019541842927363,-0.15369123282486463
7,1,8,1.2357519E7,9090909.0,0.7356581041874182,-0.1333239763733177
1,10,1,1.2651301E7,2.5E7,1.9760813532141872,0.29580482007181236
6,2,7,1.0220111E7,8333333.0,0.8153857624442631,-0.08863687608949812
0,10,2,1.4045753E7,2.5E7,1.7798974537000616,0.25039498176108643
5,3,5,1.1416831E7,7692307.0,0.6737690169890401,-0.17148896376164638
8,1,3,1.1532537E7,9090909.0,0.7882835320623728,-0.10331754613677903
4,4,5,2.7864448E7,8333333.0,0.2990668611127699,-0.5242317074407802
3,5,4,1.2508978E7,9090909.0,0.7267507385495442,-0.13861451821205312
1,10,2,1.0979368E7,2.5E7,2.2769980931507168,0.3573626669197241
9,0,3,1.5436247E7,1.25E7,0.8097823259759966,-0.09163170622265723
7,1,9,1.3823888E7,9090909.0,0.657623166507136,-0.18202289603218189
0,10,3,1.1401556E7,2.5E7,2.192683174121146,0.34097588399343953
2,6,6,2.0117755E7,1.25E7,0.621341695432716,-0.20666950186932614
6,2,8,1.7246193E7,8333333.0,0.4831984079037037,-0.31587450534672434
8,1,4,1.148372E7,9090909.0,0.7916345051951806,-0.10147528433770749
1,10,3,1.2032898E7,2.5E7,2.0776374901540757,0.31756977336563447
5,3,6,1.5270728E7,7692307.0,0.5037288988449011,-0.29780313302385747
4,4,6,1.4209195E7,8333333.0,0.586474673618034,-0.2317507377605991
3,5,5,1.4290116E7,9090909.0,0.6361676140347636,-0.19642844369140028
6,2,9,1.1038041E7,8333333.0,0.7549648529118528,-0.12207326630689236
8,1,5,1.1841195E7,9090909.0,0.7677357732897735,-0.11478822260745096
2,6,7,1.5990221E7,1.25E7,0.7817277822489133,-0.10694445314075719
9,0,4,2.1042409E7,1.25E7,0.5940384487346482,-0.2261854446940649
0,11,0,2.0370518E7,2.0E7,0.9818110663656172,-0.00797207711042448
5,3,7,1.2244736E7,7692307.0,0.6282133808356505,-0.2018928174421355
7,1,10,2.2166125E7,9090909.0,0.41012621736997334,-0.38708246749580216
1,11,0,1.4710762E7,2.0E7,1.3595488799288575,0.1333948264154375
3,5,6,1.3027613E7,9090909.0,0.6978184721944074,-0.15625753837613188
6,2,10,1.1616872E7,8333333.0,0.717347406427479,-0.14427046754801767
4,4,7,1.712613E7,8333333.0,0.4865858778369661,-0.3128404997341744
0,11,1,1.1853072E7,2.0E7,1.6873262897584693,0.22719907318747165
7,2,0,1.0828393E7,8333333.0,0.76958169139225,-0.1137452728594051
2,7,0,1.5036601E7,1.6666666E7,1.1084064809593603,0.0446990564792476
3,5,7,1.0983604E7,9090909.0,0.8276799673404103,-0.08213755607190533
8,1,6,1.6514289E7,9090909.0,0.5504874596781005,-0.2592525699794864
6,2,11,1.1062627E7,8333333.0,0.7532869905131937,-0.12303953289546533
9,0,5,1.8378913E7,1.25E7,0.6801272741211627,-0.16740980894618096
5,3,8,1.8380105E7,7692307.0,0.41851267987859697,-0.3782913794439974
4,4,8,1.4320284E7,8333333.0,0.5819251210381023,-0.23513289440868645
0,11,2,1.119893E7,2.0E7,1.785884901503983,0.2518534656093835
1,11,1,2.0820794E7,2.0E7,0.9605781604678477,-0.017467291625978647
7,2,1,1.2244062E7,8333333.0,0.6806019930313976,-0.16710678347813052
2,7,1,1.4652465E7,1.6666666E7,1.137464993091606,0.055938039578739496
5,3,9,1.2032691E7,7692307.0,0.6392840138585791,-0.194306155537684
6,3,0,1.5658731E7,7692307.0,0.4912471515092762,-0.30869995486056717
9,0,6,1.4571582E7,1.25E7,0.8578341047663871,-0.06659669158095677
2,7,2,1.9723404E7,1.6666666E7,0.8450197541965879,-0.07313313834226783
8,1,7,3.3999904E7,9090909.0,0.2673804314271005,-0.5728703802984508
0,11,3,2.493905E7,2.0E7,0.8019551666964059,-0.09584991027020731
7,2,2,2.3584287E7,8333333.0,0.3533425878000891,-0.4518040146118417
5,3,10,1.6212914E7,7692307.0,0.47445554821298624,-0.3238044704234831
1,11,2,2.452709E7,2.0E7,0.8154249036473549,-0.08861602902383375
6,3,1,1.5721919E7,7692307.0,0.4892727789781896,-0.3104489458350316
3,5,8,3.4191737E7,9090909.0,0.26588029148679987,-0.5753138537769426
4,4,9,2.7229609E7,8333333.0,0.3060393926332178,-0.5142226686094757
9,0,7,1.5483284E7,1.25E7,0.8073222709084197,-0.09295306684121578
2,7,3,1.1557971E7,1.6666666E7,1.442006213720384,0.1589671317971832
1,11,3,1.1350402E7,2.0E7,1.7620521281977501,0.2460187523471741
4,4,10,1.398477E7,8333333.0,0.595886310607897,-0.22483659157763103
8,1,8,1.513338E7,9090909.0,0.6007190065933717,-0.22132862687063162
5,3,11,1.5388115E7,7692307.0,0.4998862433767879,-0.30112881465320396
7,2,3,1.5614317E7,8333333.0,0.5336982078690986,-0.27270425553230926
6,3,2,1.6155597E7,7692307.0,0.47613882668650376,-0.32226640258731093
3,5,9,2.4061356E7,9090909.0,0.37782197312570415,-0.42271278826239617
9,1,0,2.5618879E7,9090909.0,0.35485194336567183,-0.4499528119915928
0,11,4,2.6923296E7,2.0E7,0.7428510981716354,-0.12909823028132109
7,2,4,1.1381045E7,8333333.0,0.7322115851400289,-0.13536340394044374
4,4,11,1.3360381E7,8333333.0,0.6237346824166167,-0.20500010657676596
2,7,4,1.6540205E7,1.6666666E7,1.0076456730735803,0.0033078443305237654
8,1,9,1.3932166E7,9090909.0,0.6525122511460171,-0.18541132988215073
1,11,4,1.862229E7,2.0E7,1.0739817713073956,0.030996910145851115
5,3,12,1.628547E7,7692307.0,0.47234172547675934,-0.3257436882494705
6,3,3,1.8558944E7,7692307.0,0.41447977859085083,-0.3824966527147525
9,1,1,1.232902E7,9090909.0,0.7373586059557045,-0.13232124659105832
3,5,10,1.6042934E7,9090909.0,0.5666612478739862,-0.2466764863349388
7,2,5,1.4396171E7,8333333.0,0.5788576003994396,-0.23742826004957937
0,12,0,1.4739846E7,1.25E7,0.8480414245847616,-0.0715829330862384
4,5,0,1.7921648E7,9090909.0,0.5072585400628336,-0.29477063257269914
2,7,5,1.8193309E7,1.6666666E7,0.9160876671747838,-0.03806296350634833
8,1,10,1.7234344E7,9090909.0,0.5274879624080847,-0.2777874467779384
5,4,0,1.5554615E7,8333333.0,0.5357466578247034,-0.2710405295587726
9,1,2,1.0408767E7,9090909.0,0.8733896147353476,-0.058791976474613164
6,3,4,1.4503445E7,7692307.0,0.5303779205561161,-0.27541456375153445
0,12,1,1.1701759E7,1.25E7,1.06821547085357,0.028658863520481307
1,12,0,2.4468564E7,1.25E7,0.510859566585109,-0.2916984694137855
4,5,1,1.1554149E7,9090909.0,0.7868090501515949,-0.10413065331765595
5,4,1,1.0469972E7,8333333.0,0.7959269614092569,-0.09912678365968389
3,6,0,1.8352461E7,1.25E7,0.6811075637212906,-0.16678429683649312
6,3,5,1.056885E7,7692307.0,0.7278281932282131,-0.13797112554795413
7,2,6,1.8870346E7,8333333.0,0.4416099736592005,-0.3549611267275854
8,2,0,1.5628843E7,8333333.0,0.5332021698599186,-0.27310809189832896
9,1,3,1.4505995E7,9090909.0,0.6267001332897192,-0.20294021293209635
0,12,2,1.4791213E7,1.25E7,0.8450963419971033,-0.07309377813589786
1,12,1,1.3577361E7,1.25E7,0.9206501911527579,-0.03590535233309623
3,6,1,1.2013005E7,1.25E7,1.0405389825443343,0.01725835517403854
2,8,0,2.4767775E7,2.5E7,1.0093760945422026,0.004053014949531083
6,3,6,1.2600769E7,7692307.0,0.6104632979145955,-0.2143404414526141
7,2,7,1.2653757E7,8333333.0,0.6585659105038922,-0.18140075352574786
9,1,4,1.0724557E7,9090909.0,0.8476722162043616,-0.07177205129695156
4,5,2,1.6937437E7,9090909.0,0.5367346311015061,-0.2702403823334814
8,2,1,1.2632943E7,8333333.0,0.6596509617750986,-0.1806858000215092
5,4,2,1.9295362E7,8333333.0,0.4318826980286765,-0.36463419419557813
3,6,2,1.2178077E7,1.25E7,1.026434633316902,0.011331297307504134
2,8,1,1.3630241E7,2.5E7,1.834156857534654,0.2634364738905682
9,1,5,1.0469721E7,9090909.0,0.8683048000992577,-0.06132779813560934
7,2,8,1.1759127E7,8333333.0,0.7086693595536472,-0.14955634424489528
8,2,2,1.1285743E7,8333333.0,0.7383947162362283,-0.13171141967128286
1,12,2,1.7971746E7,1.25E7,0.6955362044400137,-0.15768025894398374
6,3,7,1.9242388E7,7692307.0,0.39975843954502943,-0.3982023588283915
4,5,3,1.8340252E7,9090909.0,0.49568070275152165,-0.30479798819926995
0,12,3,2.4589939E7,1.25E7,0.5083379832703123,-0.2938474383822974
7,2,9,1.0571806E7,8333333.0,0.7882601137402635,-0.10333044834610931
1,12,3,9478268.0,1.25E7,1.3188063473199956,0.12018102870421767
2,8,2,1.1353874E7,2.5E7,2.201891618666897,0.34279593835357475
8,2,3,1.0102932E7,8333333.0,0.8248430257671733,-0.08362869330418907
5,4,3,2.4690279E7,8333333.0,0.3375147360627233,-0.471707260904024
3,6,3,1.8540419E7,1.25E7,0.6742026703927241,-0.17120953165110767
4,5,4,1.2887003E7,9090909.0,0.7054323646855674,-0.15154461912003067
2,8,3,1.0331728E7,2.5E7,2.4197307555909333,0.38376704454803484
8,2,4,1.0956596E7,8333333.0,0.7605768251380265,-0.11885691172486877
1,12,4,1.2105756E7,1.25E7,1.0325666567209846,0.013918096853091434
9,1,6,2.4831765E7,9090909.0,0.3660999932948786,-0.43640027907257234
7,2,10,1.66928E7,8333333.0,0.49921720741876735,-0.30171045345739766
5,4,4,1.1452947E7,8333333.0,0.7276147353165958,-0.1380985143888087
3,6,4,1.2467839E7,1.25E7,1.0025795167871514,0.0011188275090482334
2,9,0,1.0586483E7,3.3333333E7,3.14866920392731,0.49812703648434264
4,5,5,1.2015083E7,9090909.0,0.756624735759212,-0.12111946475074285
1,12,5,1.1007314E7,1.25E7,1.1356085599084391,0.0552286574598339
0,12,4,2.7186129E7,1.25E7,0.4597933012088628,-0.3374373603160195
6,3,8,3.0578996E7,7692307.0,0.2515552505386377,-0.5993666135154946
7,2,11,1.0755089E7,8333333.0,0.774826967959075,-0.11079527201075773
8,2,5,1.6994005E7,8333333.0,0.49036898600418205,-0.30947700511520193
3,6,5,1.1471877E7,1.25E7,1.08962116661467,0.03727553110933544
5,4,5,1.3914812E7,8333333.0,0.598882183963391,-0.22265860647077015
9,1,7,1.9002747E7,9090909.0,0.4783997282077165,-0.32020907575443336
2,9,1,1.2570475E7,3.3333333E7,2.65171626370523,0.4235270522744007
0,12,5,1.0864404E7,1.25E7,1.150546316208418,0.06090410624574225
1,12,6,1.2498775E7,1.25E7,1.0000980096049412,4.256294484485363E-5
8,2,6,1.0662885E7,8333333.0,0.7815270445099989,-0.10705598875389861
4,5,6,1.7694329E7,9090909.0,0.5137752892466281,-0.28922678757825226
6,3,9,1.2523413E7,7692307.0,0.6142340750081468,-0.21166609447464801
7,3,0,1.6376569E7,7692307.0,0.46971419959821864,-0.3281663107685534
3,6,6,1.6077452E7,1.25E7,0.7774863827924973,-0.10930720864178865
0,12,6,1.1452958E7,1.25E7,1.0914210983747605,0.03799234492007066
2,9,2,1.3930114E7,3.3333333E7,2.3928973589160862,0.3789240703592045
9,1,8,1.5010962E7,9090909.0,0.6056180143551093,-0.21780121504916472
1,12,7,1.3142169E7,1.25E7,0.9511367568017121,-0.021757034635325263
8,2,7,1.0652963E7,8333333.0,0.782254946346852,-0.10665168204645206
4,5,7,1.0463507E7,9090909.0,0.8688204633494296,-0.0610699586863074
5,4,6,2.0781213E7,8333333.0,0.40100320419217106,-0.3968521571618146
7,3,1,1.0329266E7,7692307.0,0.7447099338907528,-0.12801285294437972
6,3,10,1.6911266E7,7692307.0,0.454862870704062,-0.3421195120740857
0,12,7,1.1386251E7,1.25E7,1.097815251042683,0.040529259782882805
8,2,8,1.0001799E7,8333333.0,0.8331834103044862,-0.07925938596978614
4,5,8,1.0468834E7,9090909.0,0.8683783695490825,-0.06129100293119544
2,10,0,1.3088705E7,2.5E7,1.910043812584973,0.2810433292088076
5,4,7,1.0933884E7,8333333.0,0.7621567047903562,-0.11795572547291829
3,6,7,1.8585843E7,1.25E7,0.6725549118218636,-0.17227225121008963
9,1,9,1.7564076E7,9090909.0,0.5175853828006666,-0.28601799713582104
4,5,9,9613035.0,9090909.0,0.9456856237390169,-0.024253213034424258
8,2,9,1.0886875E7,8333333.0,0.7654476606004937,-0.1160844999226224
2,10,1,9803730.0,2.5E7,2.5500498279736385,0.40654866663104194
6,3,11,1.4326433E7,7692307.0,0.536931070001863,-0.2700814644667368
5,4,8,1.002199E7,8333333.0,0.8315048208988435,-0.08013522848451472
9,1,10,1.0259657E7,9090909.0,0.8860831312391827,-0.05252553122264725
7,3,2,2.4200525E7,7692307.0,0.31785702996112686,-0.49776817894938663
3,7,0,1.5550618E7,1.6666666E7,1.0717687232751778,0.030101079161038873
2,10,2,1.0447898E7,2.5E7,2.3928258105123157,0.3789110846198089
4,5,10,1.2778654E7,9090909.0,0.7114136590598665,-0.1478778006664315
5,4,9,1.0033547E7,8333333.0,0.8305470637651869,-0.08063575279188326
6,3,12,1.5053568E7,7692307.0,0.5109955991828649,-0.2915828400978268
7,3,3,1.1846073E7,7692307.0,0.6493550225462902,-0.18751779599402
3,7,1,1.0947045E7,1.6666666E7,1.5224808155990954,0.18255182890297933
2,10,3,1.2503452E7,2.5E7,1.9994478324865805,0.3009100774574027
5,4,10,1.0642507E7,8333333.0,0.783023492491008,-0.10622520792142073
9,2,0,1.9737273E7,8333333.0,0.4222129875793885,-0.3744684116079245
8,2,10,2.5235683E7,8333333.0,0.330220228237928,-0.48119632676361174
6,4,0,1.0252765E7,8333333.0,0.8127888428145968,-0.09002226659720225
4,6,0,1.4778003E7,1.25E7,0.845851770364372,-0.0727057373784009
7,3,4,1.1888574E7,7692307.0,0.6470336139557191,-0.1890731567713636
5,4,11,1.0356121E7,8333333.0,0.8046770600691128,-0.09437837947012187
2,11,0,1.0681668E7,2.0E7,1.872366750211671,0.2723909202529848
6,4,1,1.0272804E7,8333333.0,0.811203348180302,-0.09087026548950064
9,2,1,1.1664046E7,8333333.0,0.714446170736981,-0.14603048714251288
3,7,2,1.7704205E7,1.6666666E7,0.9413959000135843,-0.026227697473390016
8,2,11,1.8452645E7,8333333.0,0.45160642281905927,-0.34523989009729117
4,6,1,1.7338897E7,1.25E7,0.7209224439132431,-0.14211145371635256
2,11,1,1.1495577E7,2.0E7,1.739799576828549,0.24049922087407735
6,4,2,1.1382926E7,8333333.0,0.7320905890102422,-0.13543517594562857
9,2,2,1.1006096E7,8333333.0,0.7571561251146637,-0.1208145600181505
3,7,3,9983477.0,1.6666666E7,1.6694249909124848,0.2225669105035205
4,6,2,1.0340192E7,1.25E7,1.2088750382971611,0.08238141005609351
2,11,2,1.0660741E7,2.0E7,1.8760422000684567,0.2732426032598562
5,5,0,2.2458683E7,9090909.0,0.4047837088221068,-0.3927769747034269
7,3,5,2.5429506E7,7692307.0,0.30249533750282054,-0.5192813149368087
8,3,0,1.3681489E7,7692307.0,0.562241946033798,-0.2500767570006118
3,7,4,9480221.0,1.6666666E7,1.7580461468145099,0.24503027064893934
6,4,3,1.0890959E7,8333333.0,0.7651606254325262,-0.1162473865241903
9,2,3,1.1971934E7,8333333.0,0.6960724140310162,-0.15734557737482732
5,5,1,1.0945025E7,9090909.0,0.8305973718652996,-0.08060944739686522
2,11,3,1.140632E7,2.0E7,1.7534138968571809,0.24388444427630454
4,6,3,1.2374377E7,1.25E7,1.0101518646150833,0.004386669828555299
6,4,4,1.2239589E7,8333333.0,0.6808507213763468,-0.1669480980566494
9,2,4,1.1557174E7,8333333.0,0.7210528283125269,-0.14203291530258053
8,3,1,1.5523999E7,7692307.0,0.495510660622949,-0.30494699748563664
3,7,5,1.7239467E7,1.6666666E7,0.9667738567555482,-0.014675102182795637
2,11,4,1.1129705E7,2.0E7,1.7969928223614193,0.2545463424317039
5,5,2,1.2089754E7,9090909.0,0.7519515285422681,-0.12381015351086778
4,6,4,1.1783038E7,1.25E7,1.0608469564470555,0.025652734735765393
7,3,6,2.4846327E7,7692307.0,0.3095953377736677,-0.5092055880227855
9,2,5,1.2461323E7,8333333.0,0.6687358156112316,-0.17474541658507337
8,3,2,1.1507507E7,7692307.0,0.6684599018710135,-0.1749246391401444
6,4,5,1.3924855E7,8333333.0,0.5984502531624207,-0.2229719449651535
3,8,0,1.1633631E7,2.5E7,2.148942148844157,0.33222472411129633
5,5,3,1.1189427E7,9090909.0,0.8124552758599703,-0.09020053678825739
2,12,0,1.2153975E7,1.25E7,1.0284701095732054,0.01219167431362682
7,3,7,1.1133998E7,7692307.0,0.6908845322228367,-0.16059453035195312
8,3,3,1.0965739E7,7692307.0,0.7014855086374023,-0.15398129624476892
4,6,5,1.6504727E7,1.25E7,0.7573587857587708,-0.12069833217604989
9,2,6,1.4354268E7,8333333.0,0.5805474023475109,-0.23616231384535263
3,8,1,1.1655084E7,2.5E7,2.144986685638645,0.33142460077640146
6,4,6,1.6649683E7,8333333.0,0.5005100097100947,-0.3005872326334342
2,12,1,1.1739174E7,1.25E7,1.0648108631833892,0.027272473154575323
7,3,8,1.1542615E7,7692307.0,0.6664267152633957,-0.17624760154886812
5,5,4,1.5352751E7,9090909.0,0.5921355071804395,-0.22757889583375862
4,6,6,1.091376E7,1.25E7,1.1453431264752019,0.05893561384695587
9,2,7,1.0534964E7,8333333.0,0.7910167514573376,-0.1018143192982115
8,3,4,1.3765159E7,7692307.0,0.5588244204080752,-0.2527246236445805
3,8,2,1.1240167E7,2.5E7,2.2241662423698867,0.3471672448909801
6,4,7,1.2378456E7,8333333.0,0.6732126365356067,-0.17184774069654352
2,12,2,1.1956724E7,1.25E7,1.045436860464455,0.019297808574144416
7,3,9,1.228998E7,7692307.0,0.6259006930849359,-0.20349456753474263
4,6,7,1.0441669E7,1.25E7,1.1971266279365875,0.07814009101249585
5,5,5,1.1683596E7,9090909.0,0.7780916936874572,-0.10896922085607727
3,8,3,1.0203711E7,2.5E7,2.4500889921323723,0.38918185909519076
8,3,5,1.2550402E7,7692307.0,0.6129131959279074,-0.21260102825307772
2,12,3,9997278.0,1.25E7,1.250340342641267,0.09702824405800647
9,2,8,1.6278086E7,8333333.0,0.5119356784329558,-0.2907846020250682
6,4,8,1.1292654E7,8333333.0,0.7379428254863737,-0.13197728524696287
5,5,6,1.0284978E7,9090909.0,0.8839016476262759,-0.053596056558765356
4,7,0,1.0400405E7,1.6666666E7,1.6025016333498552,0.20479848084574903
7,3,10,1.1961021E7,7692307.0,0.6431145802686911,-0.19171164426817647
3,9,0,1.1076091E7,3.3333333E7,3.0094852958503138,0.4784922257313618
8,3,6,1.1308835E7,7692307.0,0.6802033100668636,-0.1673612589950699
9,2,9,1.0812839E7,8333333.0,0.7706887155168037,-0.1131209999405023
2,12,4,1.1348027E7,1.25E7,1.1015130647820983,0.04198965257995363
6,4,9,1.1858166E7,8333333.0,0.702750577112852,-0.15319878906904652
5,5,7,1.1288783E7,9090909.0,0.8053046107804535,-0.09403981434259627
4,7,1,1.1332626E7,1.6666666E7,1.4706799642024717,0.16751817585287496
7,3,11,1.0851326E7,7692307.0,0.7088817532530126,-0.14942620232411044
3,9,1,1.0500421E7,3.3333333E7,3.174475861491649,0.5016720290758819
8,3,7,1.2840616E7,7692307.0,0.599060590239596,-0.22252924993799736
9,2,10,1.0960771E7,8333333.0,0.7602871184882888,-0.11902236768350445
2,12,5,1.1667437E7,1.25E7,1.0713578312014884,0.029934548479894692
6,4,10,1.1133923E7,8333333.0,0.7484633224066666,-0.1258294769063344
4,7,2,1.0334416E7,1.6666666E7,1.6127341883663286,0.2075627926594585
5,5,8,1.0989118E7,9090909.0,0.8272646630967108,-0.08235552631914941
7,3,12,1.0987621E7,7692307.0,0.700088490493074,-0.1548470621229937
3,9,2,1.1129339E7,3.3333333E7,2.995086500644827,0.47640936970037007
8,3,8,1.097834E7,7692307.0,0.7006803396506212,-0.15448006817937354
9,2,11,1.2164972E7,8333333.0,0.6850268952530265,-0.16429237707592623
5,5,9,1.0020384E7,9090909.0,0.9072415787658437,-0.04227705433434864
4,7,3,1.0686945E7,1.6666666E7,1.5595351150398922,0.1929951579302036
6,4,11,1.2794318E7,8333333.0,0.6513307704248089,-0.18619840423028533
7,4,0,1.009012E7,8333333.0,0.8258903759320999,-0.08307759467394907
2,12,6,1.3508604E7,1.25E7,0.9253361783349338,-0.03370045767035019
3,10,0,1.1043568E7,2.5E7,2.263761132271744,0.35483059901391023
8,3,9,1.1158598E7,7692307.0,0.6893614233616087,-0.16155302335038188
5,5,10,1.0464205E7,9090909.0,0.8687625099087795,-0.061098928651918676
9,3,0,1.2253565E7,7692307.0,0.6277607373854058,-0.20220585026402219
6,5,0,1.0299454E7,9090909.0,0.8826593137849832,-0.05420689177213826
7,4,1,1.1203751E7,8333333.0,0.7437984832044197,-0.12854471161380662
4,7,4,1.1511605E7,1.6666666E7,1.4478142709031452,0.16071285309360525
3,10,1,1.1685898E7,2.5E7,2.1393306701804176,0.3302779174072259
2,12,7,1.688524E7,1.25E7,0.7402915208785898,-0.1305972248940761
8,3,10,1.1642364E7,7692307.0,0.6607169299980656,-0.17998456482701228
6,5,1,1.0035784E7,9090909.0,0.9058494084767069,-0.04294399493194593
9,3,1,1.0245908E7,7692307.0,0.7507686971227928,-0.12449384333658077
7,4,2,9851785.0,8333333.0,0.8458703676541866,-0.07269618888321527
4,7,5,1.1530565E7,1.6666666E7,1.4454335932367581,0.15999814391167902
5,6,0,1.4213542E7,1.25E7,0.8794429987964999,-0.05579230414328371
3,10,2,1.0766526E7,2.5E7,2.3220117612682123,0.36586441516179224
8,3,11,1.0547339E7,7692307.0,0.729312578272112,-0.13708629620381496
9,3,2,9187331.0,7692307.0,0.8372733060341464,-0.07713275475715878
6,5,2,9552211.0,9090909.0,0.9517073062979869,-0.021496596578297184
7,4,3,9583431.0,8333333.0,0.8695563206955839,-0.060702283730079624
4,8,0,1.0734466E7,2.5E7,2.328946777604028,0.3671595639073765
5,6,1,9829417.0,1.25E7,1.2716929193257343,0.10438225318115808
3,10,3,1.0489829E7,2.5E7,2.3832609664085087,0.37717160007444855
6,5,3,9599293.0,9090909.0,0.9470394330082434,-0.023631937383905226
8,3,12,1.0324673E7,7692307.0,0.745041223097332,-0.12781969709277557
9,3,3,1.0137302E7,7692307.0,0.7588120586720214,-0.11986577613194423
7,4,4,9703434.0,8333333.0,0.858802461066876,-0.06610671967799624
5,6,2,9635814.0,1.25E7,1.2972438031701317,0.11302160478192338
3,11,0,9701275.0,2.0E7,2.061584688610518,0.3142011800497091
4,8,1,1.2920748E7,2.5E7,1.9348725011895596,0.2866523523760367
9,3,4,9120621.0,7692307.0,0.843397286215489,-0.07396780074057001
8,4,0,1.0274332E7,8333333.0,0.8110827059121702,-0.09093485862496938
7,4,5,9849462.0,8333333.0,0.8460698665571784,-0.07259377241321859
6,5,4,1.1654515E7,9090909.0,0.7800332317561048,-0.10788689466738521
5,6,3,1.0266842E7,1.25E7,1.2175116749629535,0.08547313444328522
3,11,1,1.0712048E7,2.0E7,1.867056607662699,0.2711574856099515
4,8,2,1.0500861E7,2.5E7,2.3807571588653538,0.37671509891460164
9,3,5,1.0402719E7,7692307.0,0.7394515799186732,-0.1310902588038099
8,4,1,1.0598959E7,8333333.0,0.7862407053371939,-0.10444447559389564
7,4,6,1.0591704E7,8333333.0,0.7867792566710701,-0.10414709871717252
6,5,5,9517758.0,9090909.0,0.9551523583600255,-0.01992734766502808
5,6,4,9924512.0,1.25E7,1.2595077722713217,0.10020085182153327
4,8,3,9933764.0,2.5E7,2.516669411514105,0.40082617058029907
3,11,2,1.0363377E7,2.0E7,1.9298728590111118,0.28552869841258854
6,5,6,9647425.0,9090909.0,0.9423145554383683,-0.025804100511097872
7,4,7,9727703.0,8333333.0,0.856659891857307,-0.06719156594940502
9,3,6,1.1082025E7,7692307.0,0.6941246748676347,-0.15856251694559736
8,4,2,1.0324584E7,8333333.0,0.8071349896518833,-0.0930538254287974
5,6,5,9431426.0,1.25E7,1.3253563140929059,0.122332651436105
3,11,3,1.0083432E7,2.0E7,1.9834516660597306,0.2974216217906038
4,9,0,1.0398795E7,3.3333333E7,3.2054995795185883,0.5058957242511751
7,4,8,9457764.0,8333333.0,0.8811102708843231,-0.05496973626475814
9,3,7,1.0284111E7,7692307.0,0.7479797719025009,-0.12611014688140862
8,4,3,1.0086259E7,8333333.0,0.8262065251348394,-0.08291137941648423
6,5,7,1.0745374E7,9090909.0,0.8460300218494023,-0.0726142255044834
5,6,6,1.0416805E7,1.25E7,1.1999840642116273,0.07917547865520055
4,9,1,9899355.0,3.3333333E7,3.3672227129949377,0.52727184220513
3,11,4,1.0817923E7,2.0E7,1.8487837267837828,0.26688610977573174
7,4,9,9995213.0,8333333.0,0.8337324077035677,-0.07897331687494001
6,5,8,9958608.0,9090909.0,0.912869449224229,-0.03959132710483203
9,3,8,1.048111E7,7692307.0,0.7339210255402339,-0.1343506703528255
5,6,7,1.0282493E7,1.25E7,1.2156584983816667,0.08481159048085858
8,4,4,1.3512107E7,8333333.0,0.6167308325785165,-0.20990433909762987
4,9,2,1.0274408E7,3.3333333E7,3.244306922598363,0.5111219332350397
3,12,0,1.0018476E7,1.25E7,1.2476947591629706,0.0961083508709368
7,4,10,1.1014008E7,8333333.0,0.7566122160071066,-0.1211266510136053
9,3,9,9902167.0,7692307.0,0.7768306674690499,-0.1096736378249705
6,5,9,1.0378069E7,9090909.0,0.8759730736035769,-0.05750924333547181
5,7,0,9114403.0,1.6666666E7,1.828607534689875,0.2621205049252023
8,4,5,9843439.0,8333333.0,0.8465875594901334,-0.07232811772414416
4,10,0,1.0000121E7,2.5E7,2.4999697503660205,0.39793475374059883
3,12,1,9935890.0,1.25E7,1.2580654576489876,0.09970323821273458
6,5,10,9701110.0,9090909.0,0.9370998782613535,-0.028214118540078652
7,4,11,1.0650479E7,8333333.0,0.7824373908441113,-0.10655040381188911
9,3,10,1.060369E7,7692307.0,0.7254368054894098,-0.13940041399482106
5,7,1,1.0715923E7,1.6666666E7,1.5553178200328615,0.191819147949993
8,4,6,9992571.0,8333333.0,0.8339528435674863,-0.07885850614575954
3,12,2,1.0013542E7,1.25E7,1.2483095392219856,0.09632228927864418
4,10,1,1.0506154E7,2.5E7,2.3795577334960063,0.3764962462369263
6,6,0,1.0184989E7,1.25E7,1.2272963672322081,0.08894944871869537
9,3,11,9913490.0,7692307.0,0.775943386234313,-0.11016996423532455
7,5,0,1.0771477E7,9090909.0,0.8439797996133678,-0.0736679479495041
8,4,7,9467276.0,8333333.0,0.8802249981937782,-0.05540630173143341
5,7,2,9662800.0,1.6666666E7,1.72482779318624,0.23674574161087064
4,10,2,9845115.0,2.5E7,2.539330419197744,0.4047192152092035
3,12,3,1.0346437E7,1.25E7,1.2081453741031816,0.08211919535481212
6,6,1,9421152.0,1.25E7,1.3268016480362486,0.12280600229016721
9,3,12,9499277.0,7692307.0,0.8097781546953521,-0.09163394332857336
5,7,3,9762530.0,1.6666666E7,1.7072076603093664,0.23228635078155663
7,5,1,1.1577126E7,9090909.0,0.7852474785192802,-0.10499344947504308
8,4,8,1.0442427E7,8333333.0,0.7980264549610928,-0.09798271133951808
3,12,4,1.0521462E7,1.25E7,1.188047820730617,0.07483392201002707
4,10,3,1.1155105E7,2.5E7,2.2411263721856494,0.3504663461359117
6,6,2,1.038391E7,1.25E7,1.2037854719465018,0.08054909767664269
9,4,0,1.0529835E7,8333333.0,0.7914020495097976,-0.10160282936738407
5,7,4,9967381.0,1.6666666E7,1.6721208911347927,0.22326767289653587
8,4,9,9600971.0,8333333.0,0.8679677295140252,-0.06149642131488639
7,5,2,9791071.0,9090909.0,0.9284897433590258,-0.03222288936866049
3,12,5,9852074.0,1.25E7,1.268768383185104,0.10338234779562284
4,11,0,1.0818884E7,2.0E7,1.8486195064111972,0.26684753134801975
6,6,3,1.0834496E7,1.25E7,1.1537223328154813,0.06210129942973165
7,5,3,9263801.0,9090909.0,0.9813368184398606,-0.008181906703814612
5,7,5,9566739.0,1.6666666E7,1.74214703672798,0.2410848065526756
8,4,10,9857105.0,8333333.0,0.8454138410821432,-0.0729306461966246
9,4,1,1.2747035E7,8333333.0,0.6537467732692348,-0.18459044168845407
3,12,6,1.1204866E7,1.25E7,1.1155867459726871,0.04750334587267971
4,11,1,1.1315169E7,2.0E7,1.7675387791379873,0.2473689508315343
8,4,11,8008385.0,8333333.0,1.0405759713100706,0.017273793068830114
5,8,0,9212339.0,2.5E7,2.7137516324572943,0.4335700977124006
6,6,4,1.0348954E7,1.25E7,1.2078515374597278,0.0820135564503488
7,5,4,1.0295156E7,9090909.0,0.8830278045325394,-0.05402562126395004
9,4,2,9768334.0,8333333.0,0.8530966488246614,-0.06900176405699524
5,8,1,8279244.0,2.5E7,3.019599374049128,0.4799493266719468
4,11,2,1.0488926E7,2.0E7,1.9067729145958319,0.28029897421519107
8,5,0,1.0516239E7,9090909.0,0.8644639019710374,-0.06325313715246801
3,12,7,1.2001277E7,1.25E7,1.0415558277673285,0.017682553248226728
6,6,5,1.0097819E7,1.25E7,1.237891073309989,0.0926824311609404
7,5,5,9383588.0,9090909.0,0.9688094788475368,-0.01376162070001505
9,4,3,1.0161031E7,8333333.0,0.8201267174561322,-0.08611903976238056
7,5,6,7737818.0,9090909.0,1.1748672558594684,0.06998879996566673
8,5,1,8724957.0,9090909.0,1.0419431293472277,0.017844015235376456
6,6,6,8086525.0,1.25E7,1.5457814079595376,0.18914807947299203
5,8,2,1.0550142E7,2.5E7,2.3696363518140324,0.3746817035974347
4,11,3,9809450.0,2.0E7,2.0388502923201606,0.3093853377907833
9,4,4,9709418.0,8333333.0,0.8582731735311014,-0.06637446171425353
6,6,7,8483829.0,1.25E7,1.4733913189433687,0.16831810671195704
8,5,2,8587144.0,9090909.0,1.05866502296922,0.02475856474450974
5,8,3,8425432.0,2.5E7,2.967206904049549,0.47234783083118115
7,5,7,9623715.0,9090909.0,0.9446361410328548,-0.024735442677506627
4,11,4,9983724.0,2.0E7,2.0032605068008693,0.30173742922845975
9,4,5,9172705.0,8333333.0,0.9084924239905241,-0.04167868996610531
5,9,0,9036342.0,3.3333333E7,3.688808258917159,0.5668860815595764
6,7,0,9560448.0,1.6666666E7,1.743293410518001,0.24137048857002324
7,5,8,8654881.0,9090909.0,1.0503794332931904,0.021346209563978816
8,5,3,1.0136436E7,9090909.0,0.8968545749215997,-0.04727797215020617
4,12,0,8201440.0,1.25E7,1.524122593105601,0.18301990097207171
9,4,6,1.0322748E7,8333333.0,0.8072785463715669,-0.09297658884725013
6,7,1,8015502.0,1.6666666E7,2.079304078521844,0.31791800542930326
5,9,1,8425391.0,3.3333333E7,3.956295084702894,0.5972886764738778
7,5,9,8854994.0,9090909.0,1.0266420282159423,0.011419039243518512
8,5,4,9490609.0,9090909.0,0.9578846836910044,-0.018686770933041896
4,12,1,9161836.0,1.25E7,1.364355354101514,0.13492749951827515
9,4,7,8696128.0,8333333.0,0.9582808578714572,-0.01850718700966696
8,5,5,7940637.0,9090909.0,1.1448589074151103,0.058751967456068255
6,7,2,1.009744E7,1.6666666E7,1.650583316167266,0.21763745101620102
5,9,2,1.0194936E7,3.3333333E7,3.2695970823161615,0.5144942371532079
7,5,10,9928346.0,9090909.0,0.9156519122117621,-0.03826959329324809
4,12,2,9576491.0,1.25E7,1.3052797731444639,0.11570360815732103
9,4,8,8866727.0,8333333.0,0.9398431912925705,-0.02694460048245499
8,5,6,8143646.0,9090909.0,1.1163192751747804,0.04778842364809758
5,10,0,9269907.0,2.5E7,2.69689868517559,0.4308646315490528
6,7,3,1.0760226E7,1.6666666E7,1.5489141213205002,0.1900273392114033
7,6,0,1.0112885E7,1.25E7,1.2360468847415944,0.09203494437608309
4,12,3,9424337.0,1.25E7,1.3263532490402243,0.12265920557525777
9,4,9,8907093.0,8333333.0,0.9355839217127294,-0.028917250278275446
5,10,1,8297463.0,2.5E7,3.0129691449060996,0.4789946841905714
8,5,7,9887816.0,9090909.0,0.9194051547884791,-0.03649306563909615
6,7,4,7782504.0,1.6666666E7,2.141555725509425,0.3307293796741574
7,6,1,8849645.0,1.25E7,1.4124860375755186,0.14998416351174054
4,12,4,8862567.0,1.25E7,1.4104265727977008,0.1493504815875626
9,4,10,9760316.0,8333333.0,0.8537974590166958,-0.06864514203227083
8,5,8,9873282.0,9090909.0,0.9207585684273983,-0.03585423098141425
5,10,2,1.0374362E7,2.5E7,2.4097867415846874,0.3819786106034905
6,7,5,9765234.0,1.6666666E7,1.706734933335955,0.23216607768868522
4,12,5,9061558.0,1.25E7,1.3794537319079125,0.13970713844038524
7,6,2,9822135.0,1.25E7,1.2726357355096423,0.10470411402573364
9,4,11,1.0304671E7,8333333.0,0.80869471718214,-0.09221539391935693
6,8,0,8872179.0,2.5E7,2.81779707104647,0.44990971336591484
5,10,3,9491364.0,2.5E7,2.6339733677899195,0.4206113794790862
8,5,9,1.0065864E7,9090909.0,0.9031424426159543,-0.04424374784437428
7,6,3,8698004.0,1.25E7,1.4371113188726976,0.1574904099572483
4,12,6,9436876.0,1.25E7,1.3245908921554124,0.12208176452617564
9,5,0,1.0310293E7,9090909.0,0.8817313921146567,-0.054663696828827726
5,11,0,8365441.0,2.0E7,2.390788483237166,0.3785411551093623
8,5,10,8047547.0,9090909.0,1.1296496932543545,0.052943788728498836
6,8,1,9587956.0,2.5E7,2.607437914817298,0.41621397632262935
7,6,4,8768037.0,1.25E7,1.42563267011761,0.15400763919646615
4,12,7,9014961.0,1.25E7,1.3865839242122069,0.14194616076510225
9,5,1,9021300.0,9090909.0,1.007716071963021,0.0033381851358942186
8,6,0,8201137.0,1.25E7,1.5241789034861875,0.18303594616156013
7,6,5,7986025.0,1.25E7,1.5652342686129832,0.19457934760239814
5,11,1,9263521.0,2.0E7,2.1590062784982083,0.33425390528613524
6,8,2,9725768.0,2.5E7,2.5704910912947954,0.41001610304521735
9,5,2,9827150.0,9090909.0,0.9250809237673181,-0.03382027460327119
5,11,2,7157791.0,2.0E7,2.7941581418065993,0.4462509823688478
8,6,1,8821946.0,1.25E7,1.416920937852034,0.15134561791681253
7,6,6,8395850.0,1.25E7,1.4888307914028955,0.1728453421203489
6,8,3,7561064.0,2.5E7,3.30641295986914,0.5193570945445879
7,6,7,7245959.0,1.25E7,1.7250994657849983,0.23681414068245232
8,6,2,7451334.0,1.25E7,1.677551965862757,0.22467598227643046
6,9,0,6734030.0,3.3333333E7,4.949982848309259,0.6946036941057809
5,11,3,9116353.0,2.0E7,2.1938597594893485,0.3412088622420906
9,5,3,9367995.0,9090909.0,0.9704220593627558,-0.013039339768616124
8,6,3,7153083.0,1.25E7,1.7474982465602593,0.24241674864685447
6,9,1,7461477.0,3.3333333E7,4.467390705620349,0.6500539363256156
5,11,4,7408467.0,2.0E7,2.6996138337391526,0.43130164494763884
7,7,0,8697721.0,1.6666666E7,1.9162106947325628,0.28244325971588136
9,5,4,9017123.0,9090909.0,1.0081828760681206,0.003539316696378531
6,9,2,7433588.0,3.3333333E7,4.484151260468027,0.6516802538958659
7,7,1,7298775.0,1.6666666E7,2.2834881195817105,0.3585987564231911
8,6,4,9385658.0,1.25E7,1.3318192501793693,0.12444528791518003
9,5,5,7482359.0,9090909.0,1.2149789925877654,0.08456876889557749
5,12,0,9730626.0,1.25E7,1.2846038887939994,0.10876923239022496
7,7,2,7000050.0,1.6666666E7,2.380935279033721,0.3767475901379566
6,10,0,8205194.0,2.5E7,3.0468505680670073,0.48385115489371666
8,6,5,8474169.0,1.25E7,1.4750708889567814,0.1688128921399262
9,5,6,7649503.0,9090909.0,1.1884313268456788,0.0749740912104706
5,12,1,8551087.0,1.25E7,1.4618024585646245,0.16488868797629724
6,10,1,7121035.0,2.5E7,3.510725617835048,0.5453968883327244
7,7,3,7616272.0,1.6666666E7,2.1882971091368586,0.3401062866279149
5,12,2,7246977.0,1.25E7,1.7248571369827723,0.2367531300241144
8,6,6,9190313.0,1.25E7,1.3601277780201828,0.1335797103425095
9,5,7,9269287.0,9090909.0,0.9807560171564437,-0.00843901869694916
6,10,2,7967942.0,2.5E7,3.137573039562788,0.49659384454801525
7,7,4,8303301.0,1.6666666E7,2.007233749565384,0.3025979505817578
9,5,8,7562434.0,9090909.0,1.2021141605996164,0.0799457130612315
5,12,3,8492359.0,1.25E7,1.4719113970570485,0.16788166806714447
8,6,7,8115763.0,1.25E7,1.5402125468671275,0.18758065691573117
7,7,5,7923656.0,1.6666666E7,2.103406053973065,0.3229231195608938
6,10,3,8918777.0,2.5E7,2.8030749058979723,0.44763470346256423
9,5,9,7353066.0,9090909.0,1.2363426358474139,0.09213884634850063
5,12,4,7684941.0,1.25E7,1.6265577055178433,0.21126947539126345
8,7,0,8751840.0,1.6666666E7,1.9043613685807785,0.27974936289784896
7,8,0,8443949.0,2.5E7,2.9607000231763596,0.47139440709249
6,11,0,7931323.0,2.0E7,2.521647397287943,0.4016843589547484
9,5,10,8286737.0,9090909.0,1.0970432632289404,0.04022375484099204
5,12,5,8727937.0,1.25E7,1.4321826566804963,0.1559984102411425
8,7,1,9960453.0,1.6666666E7,1.6732839359816265,0.22356964171982527
7,8,1,7865048.0,2.5E7,3.178620143195566,0.5022386312268426
6,11,1,7835916.0,2.0E7,2.5523499741446947,0.40694022389666956
9,6,0,8434620.0,1.25E7,1.4819873331578661,0.1708444916573772
5,12,6,8095584.0,1.25E7,1.544051670639203,0.1886618296124141
8,7,2,8760332.0,1.6666666E7,1.9025153384597753,0.27932816682583694
6,11,2,7358245.0,2.0E7,2.7180394238028227,0.4342557516664723
7,8,2,8279897.0,2.5E7,3.0193612311843974,0.47991507437627157
9,6,1,8615145.0,1.25E7,1.4509332112227942,0.1616474216279636
5,12,7,8571375.0,1.25E7,1.458342447973633,0.16385951698766385
8,7,3,7707530.0,1.6666666E7,2.1623874315117813,0.33493350843940084
7,8,3,6865031.0,2.5E7,3.6416441528086327,0.5612975059778447
6,11,3,8050221.0,2.0E7,2.484403844316821,0.39522219259262853
9,6,2,7203927.0,1.25E7,1.735164723351583,0.239340709701456
8,7,4,7121317.0,1.6666666E7,2.3403909698163976,0.36928841375654303
6,11,4,6393869.0,2.0E7,3.127996522919065,0.4952662616263326
7,9,0,6804223.0,3.3333333E7,4.8989183629049196,0.6901002022986814
9,6,3,6977791.0,1.25E7,1.7913978793575216,0.2531920557644148
6,12,0,6785222.0,1.25E7,1.8422389127430172,0.26534595146215595
7,9,1,6665366.0,3.3333333E7,5.0009756403474315,0.6990547391130633
8,7,5,7043877.0,1.6666666E7,2.3661211006381855,0.3740369685222598
9,6,4,7078086.0,1.25E7,1.7660141456320253,0.24699417791953823
8,8,0,7112983.0,2.5E7,3.5146998101921514,0.5458882379349652
7,9,2,7476913.0,3.3333333E7,4.45816782942372,0.6491564136329289
6,12,1,7561227.0,1.25E7,1.653170841187548,0.2183177365425122
9,6,5,7275634.0,1.25E7,1.7180633330373682,0.23503916920516676
8,8,1,6981767.0,2.5E7,3.580755416214835,0.5539746575056456
6,12,2,6642246.0,1.25E7,1.881893564315444,0.2745950570627414
7,10,0,6914387.0,2.5E7,3.615649514555665,0.5581863252127001
9,6,6,6971978.0,1.25E7,1.792891486461948,0.2535540049794061
7,10,1,6891718.0,2.5E7,3.6275425082686206,0.5596125102891895
8,8,2,7079680.0,2.5E7,3.53123305008136,0.5479263805550036
6,12,3,7674216.0,1.25E7,1.6288308799231088,0.21187599423542333
9,6,7,7591354.0,1.25E7,1.6466100777278994,0.21659076909094158
7,10,2,7138527.0,2.5E7,3.5021230570396384,0.5443314021855563
6,12,4,8689675.0,1.25E7,1.4384887812259952,0.15790647917688827
8,8,3,9617102.0,2.5E7,2.5995357021273144,0.414895786428344
9,7,0,7994271.0,1.6666666E7,2.084826246195557,0.3190698658023889
7,10,3,7007934.0,2.5E7,3.5673851951231277,0.5523500056334145
6,12,5,7485826.0,1.25E7,1.6698224083755087,0.2226702848219702
8,9,0,9141071.0,3.3333333E7,3.646545683760688,0.5618816587548788
9,7,1,7491435.0,1.6666666E7,2.2247628124651686,0.34728371656261564
7,11,0,7029934.0,2.0E7,2.8449769229696895,0.4540787479656875
6,12,6,8044415.0,1.25E7,1.553873090833827,0.19141554586692403
8,9,1,6636654.0,3.3333333E7,5.022611243557371,0.700929564519955
7,11,1,6724867.0,2.0E7,2.9740365125436683,0.4733462960954495
9,7,2,7529661.0,1.6666666E7,2.213468308865432,0.34507330838697203
6,12,7,6948952.0,1.25E7,1.7988323994754893,0.25499070121450695
8,9,2,6559562.0,3.3333333E7,5.081640054625598,0.7060038996308973
7,11,2,6642349.0,2.0E7,3.0109830121843943,0.47870830525191926
9,7,3,6875787.0,1.6666666E7,2.4239648494056025,0.384526317713775
8,10,0,7362915.0,2.5E7,3.3953943512861415,0.5308902218099008
7,11,3,6777928.0,2.0E7,2.9507542718069595,0.46993304452479034
9,7,4,6922966.0,1.6666666E7,2.407445883744048,0.38155653353053237
8,10,1,7583336.0,2.5E7,3.296702137423424,0.518079709679657
7,11,4,6454887.0,2.0E7,3.098427594472219,0.4911413518045337
9,7,5,6170159.0,1.6666666E7,2.701172854702772,0.4315523766500875
8,10,2,6870421.0,2.5E7,3.6387872009590096,0.5609566584574843
7,12,0,6028016.0,1.25E7,2.0736507666867507,0.3167356166278231
9,8,0,6261082.0,2.5E7,3.9929200735591706,0.6012906169913274
9,8,1,6367607.0,2.5E7,3.9261216968949246,0.5939637571770792
7,12,1,6705142.0,1.25E7,1.8642409064565673,0.27050203333148853
8,10,3,6747876.0,2.5E7,3.7048695026405345,0.5687729153433546
9,8,2,7248801.0,2.5E7,3.4488462298799485,0.5376738313626482
8,11,0,7237948.0,2.0E7,2.763214104329017,0.441414537007051
7,12,2,8118858.0,1.25E7,1.5396254005181518,0.18741506740948102
9,8,3,9014189.0,2.5E7,2.7734053501651674,0.44301334901334105
8,11,1,9291485.0,2.0E7,2.15250845263163,0.3329448655491845
7,12,3,8642653.0,1.25E7,1.4463151534604015,0.1602629364548703
9,9,0,7181515.0,3.3333333E7,4.641546108307231,0.6666626690161847
7,12,4,6737435.0,1.25E7,1.855305468624187,0.26841542468747204
8,11,2,7099173.0,2.0E7,2.8172295561750644,0.44982223602314875
9,9,1,6976498.0,3.3333333E7,4.7779463277994205,0.6792412668723219
7,12,5,7024486.0,1.25E7,1.7794896309850998,0.2502954617306633
8,11,3,7048764.0,2.0E7,2.837376879123773,0.45291702548672985
7,12,6,7042197.0,1.25E7,1.7750142462643406,0.24920184305261264
8,11,4,6844734.0,2.0E7,2.9219543082317005,0.4656734204148448
9,9,2,7229094.0,3.3333333E7,4.6109973116963205,0.66379486901711
8,12,0,7557691.0,1.25E7,1.6539443065348927,0.21852088141253656
7,12,7,7705068.0,1.25E7,1.622308849188612,0.21013353713149582
9,10,0,7914218.0,2.5E7,3.1588717925131706,0.4995319997785339
9,10,1,7825885.0,2.5E7,3.1945268809853453,0.5044065469413113
8,12,1,8248019.0,1.25E7,1.5155154225517666,0.1805603602978664
8,12,2,7227422.0,1.25E7,1.7295240266861407,0.23792659964597404
9,10,2,7351813.0,2.5E7,3.40052174885297,0.531545556825671
9,10,3,9540089.0,2.5E7,2.620520626170259,0.41838758239261814
8,12,3,9827082.0,1.25E7,1.2719950846039547,0.10448543306278542
9,11,0,7358556.0,2.0E7,2.717924549327341,0.4342373963752793
8,12,4,7050063.0,1.25E7,1.7730338012582298,0.24871701510458516
8,12,5,7233778.0,1.25E7,1.7280043706068944,0.2375448365966108
9,11,1,7419843.0,2.0E7,2.6954748233891204,0.43063527973199256
8,12,6,7470410.0,1.25E7,1.6732682677389863,0.2235655750679964
9,11,2,7414262.0,2.0E7,2.697503810898509,0.430962066904911
8,12,7,7503333.0,1.25E7,1.6659263290060564,0.22165579202060143
9,11,3,7867657.0,2.0E7,2.5420528627518966,0.4051845775959343
9,11,4,1.3089399E7,2.0E7,1.5279540336420334,0.18411028929471462
9,12,0,1.5159684E7,1.25E7,0.8245554458786872,-0.08378013561735768
9,12,1,1.3053286E7,1.25E7,0.9576132783729706,-0.01880984058396761
9,12,2,1.282271E7,1.25E7,0.9748329331319199,-0.011069807312646066
9,12,3,1.0907312E7,1.25E7,1.1460202110290785,0.059192276846905444
9,12,4,8086708.0,1.25E7,1.5457464273471975,0.1891382513959228
9,12,5,7882133.0,1.25E7,1.5858651458938844,0.20026625430303818
9,12,6,7860976.0,1.25E7,1.590133337132692,0.2014335426556947
9,12,7,7581137.0,1.25E7,1.64882919277148,0.21717566808904176
