 Number of tacts (im units) = 1
 Number of massive (im units) = 100
 Trajectory File: sinus.txt
 Coef Load Impact: 10
 Command Line: curl 192.168.222.7:9000 > /dev/null 2>&1
cycle , cPeriod , count , procDur , procTime , spb
0,0,0,1.9340632E7,5000000.0,5.875006572221313
0,0,1,1.0560248E7,5000000.0,3.247041130821169
0,0,2,1.6011401E7,5000000.0,5.054593300785206
0,0,3,1.1014518E7,5000000.0,3.429954926550441
0,0,4,1.2307278E7,5000000.0,3.911920063290032
0,0,5,1.1625867E7,5000000.0,3.66455345980851
0,0,6,9435568.0,5000000.0,2.7579804450417917
0,0,7,1.0891169E7,5000000.0,3.3810449277531065
0,0,8,1.0874564E7,5000000.0,3.3744184922721105
0,0,9,1.0837926E7,5000000.0,3.3597617704220077
0,0,10,1.2024927E7,5000000.0,3.8111244423638615
0,0,11,1.1346735E7,5000000.0,3.559009078122364
0,0,12,1.0016539E7,5000000.0,3.017476819803622
0,0,13,1.0086735E7,5000000.0,3.047806068015864
0,0,14,1.1039429E7,5000000.0,3.4397660632506604
0,0,15,1.0657914E7,5000000.0,3.287022072081938
0,0,16,1.1142452E7,5000000.0,3.480107675512029
0,0,17,1.0634043E7,5000000.0,3.2772840776636185
0,0,18,9554258.0,5000000.0,2.812269603131651
0,0,19,9991496.0,5000000.0,3.0066051451090807
0,1,0,1.0655416E7,4347826.0,3.8929825445315993
0,1,1,1.0492768E7,4347826.0,3.826179152183893
0,1,2,1.1803568E7,4347826.0,4.337411510338261
0,1,3,1.0066627E7,4347826.0,3.6461182164477317
0,1,4,9266090.0,4347826.0,3.2862435882159575
0,1,5,1.0109697E7,4347826.0,3.664659841520532
0,1,6,1.1229232E7,4347826.0,4.120778993115418
0,1,7,1.2511035E7,4347826.0,4.590210837490678
0,1,8,1.7655106E7,4347826.0,6.08598174083589
0,1,9,1.1768833E7,4347826.0,4.324612449481218
0,1,10,1.2739234E7,4347826.0,4.668711597063845
0,1,11,1.1809586E7,4347826.0,4.339625178405374
0,1,12,1.1354458E7,4347826.0,4.1689425290017335
0,1,13,1.03474E7,4347826.0,3.7655908266025735
0,1,14,1.0539491E7,4347826.0,3.8454748202886235
0,1,15,9158897.0,4347826.0,3.2357101971884115
0,1,16,1.007324E7,4347826.0,3.6489702606166845
0,1,17,1.1527672E7,4347826.0,4.234694555856985
0,1,18,1.0338114E7,4347826.0,3.7616916159473694
0,1,19,1.1475278E7,4347826.0,4.214910602551351
0,1,20,1.0199656E7,4347826.0,3.703133694241178
0,1,21,9220047.0,4347826.0,3.264609796170494
0,1,22,1.1371312E7,4347826.0,4.1753842034003945
0,2,0,1.0862377E7,4000000.0,4.3386488042807345
0,2,1,1.0870304E7,4000000.0,4.341816984507298
0,2,2,1.0648083E7,4000000.0,4.252114364036366
0,2,3,1.0061418E7,4000000.0,4.005992007415994
0,2,4,9114196.0,4000000.0,3.5765837248432
0,2,5,1.0184819E7,4000000.0,4.05893323991558
0,2,6,1.1333221E7,4000000.0,4.522933663485793
0,2,7,1.0992507E7,4000000.0,4.390367595214713
0,2,8,1.3235936E7,4000000.0,5.196946672116783
0,2,9,9870765.0,4000000.0,3.9229082115970293
0,2,10,1.0116476E7,4000000.0,4.0296926423071575
0,2,11,1.1064181E7,4000000.0,4.418592804965608
0,2,12,1.0563681E7,4000000.0,4.217552866639946
0,2,13,1.1316018E7,4000000.0,4.516336382748113
0,2,14,1.1685369E7,4000000.0,4.655824397463285
0,2,15,1.0084852E7,4000000.0,4.016095377894925
0,2,16,9131952.0,4000000.0,3.5850362872743218
0,2,17,1.0238451E7,4000000.0,4.081742648197809
0,2,18,1.1190563E7,4000000.0,4.467919452131298
0,2,19,1.071937E7,4000000.0,4.281092703754653
0,2,20,1.17317E7,4000000.0,4.6730095745631015
0,2,21,1.0500824E7,4000000.0,4.191633881812262
0,2,22,9122250.0,4000000.0,3.5804197880593143
0,2,23,1.1053144E7,4000000.0,4.41425836705809
0,2,24,1.0716771E7,4000000.0,4.280039593156063
0,3,0,1.1953088E7,4000000.0,4.754201255137617
0,3,1,1.2092878E7,4000000.0,4.8046968015104765
0,3,2,9925148.0,4000000.0,3.946770001882072
0,3,3,9355340.0,4000000.0,3.689995843071703
0,3,4,1.1037273E7,4000000.0,4.408017933563112
0,3,5,1.0852694E7,4000000.0,4.33477566589957
0,3,6,1.0310939E7,4000000.0,4.112382262299476
0,3,7,1.1804063E7,4000000.0,4.699715273989213
0,3,8,9949068.0,4000000.0,3.9572240786851367
0,3,9,1.3727741E7,4000000.0,5.355390854607659
0,3,10,1.3027672E7,4000000.0,5.128068243936054
0,3,11,1.2410697E7,4000000.0,4.917361813676759
0,3,12,1.125907E7,4000000.0,4.494425279130717
0,3,13,1.1188361E7,4000000.0,4.467064794014369
0,3,14,1.0204991E7,4000000.0,4.067526347106962
0,3,15,9358929.0,4000000.0,3.691661612559851
0,3,16,1.1051279E7,4000000.0,4.4135255189664
0,3,17,1.2252153E7,4000000.0,4.861524201367104
0,3,18,1.3401755E7,4000000.0,5.251016829255196
0,3,19,1.0923351E7,4000000.0,4.362958977329484
0,3,20,9245297.0,4000000.0,3.6386087585888016
0,3,21,9508557.0,4000000.0,3.760546229293913
0,3,22,1.1049842E7,4000000.0,4.412960768272195
0,3,23,1.0615144E7,4000000.0,4.238658986466138
0,3,24,1.0848353E7,4000000.0,4.333038171509472
0,4,0,1.0873415E7,4347826.0,3.9809380854425407
0,4,1,1.0103378E7,4347826.0,3.661944463557952
0,4,2,9241848.0,4347826.0,3.2748666613523825
0,4,3,1.1550428E7,4347826.0,4.243259219701189
0,4,4,1.1316439E7,4347826.0,4.154376314540995
0,4,5,1.1118147E7,4347826.0,4.077602565239222
0,4,6,1.1197959E7,4347826.0,4.108667177475739
0,4,7,9792703.0,4347826.0,3.5263042782009633
0,4,8,9067634.0,4347826.0,3.1922182693561507
0,4,9,1.1727036E7,4347826.0,4.309161030674115
0,4,10,1.0908155E7,4347826.0,3.9947914514711504
0,4,11,1.113505E7,4347826.0,4.084200162015452
0,4,12,1.2236202E7,4347826.0,4.493744825781717
0,4,13,9962911.0,4347826.0,3.6011409542888435
0,4,14,9199370.0,4347826.0,3.254859312999029
0,4,15,1.1298471E7,4347826.0,4.147475199398078
0,4,16,1.057457E7,4347826.0,3.8599056113599413
0,4,17,1.0956706E7,4347826.0,4.014078531362349
0,4,18,1.1555589E7,4347826.0,4.245199315095716
0,4,19,1.0029241E7,4347826.0,3.629959121222639
0,4,20,9444028.0,4347826.0,3.3688511072426204
0,4,21,1.2231437E7,4347826.0,4.492053274559771
0,4,22,1.1097704E7,4347826.0,4.06960981753895
0,5,0,1.0872999E7,5000000.0,3.3737934375334704
0,5,1,1.1289292E7,5000000.0,3.5369670197028675
0,5,2,1.239055E7,5000000.0,3.9412058022112504
0,5,3,1.4271635E7,5000000.0,4.55503725667376
0,5,4,1.2930105E7,5000000.0,4.126320472833889
0,5,5,1.2444995E7,5000000.0,3.9602472212302913
0,5,6,1.2011455E7,5000000.0,3.8062561424068515
0,5,7,1.0362315E7,5000000.0,3.164867857654862
0,5,8,9877164.0,5000000.0,2.9566226049907636
0,5,9,1.2474523E7,5000000.0,3.9705394375271745
0,5,10,1.0881301E7,5000000.0,3.3771081964214087
0,5,11,1.2035386E7,5000000.0,3.814900192307209
0,5,12,1.1352832E7,5000000.0,3.5613420684563564
0,5,13,1.066414E7,5000000.0,3.2895583357281866
0,5,14,1.0724087E7,5000000.0,3.3139032423728714
0,5,15,1.0154502E7,5000000.0,3.076886251324975
0,5,16,1.1347183E7,5000000.0,3.5591805460266004
0,5,17,1.0821099E7,5000000.0,3.3530136599070754
0,5,18,9791836.0,5000000.0,2.9189412668161463
0,5,19,1.1785334E7,5000000.0,3.7237189073828167
0,6,0,1.1276924E7,5882352.0,2.8263964441301113
0,6,1,1.4169092E7,5882352.0,3.817910110476098
0,6,2,1.1457133E7,5882352.0,2.8952494549026406
0,6,3,9314174.0,5882352.0,1.9959333768242293
0,6,4,9724650.0,5882352.0,2.1832297044627764
0,6,5,1.1048557E7,5882352.0,2.737545514331397
0,6,6,1.0871289E7,5882352.0,2.667300319524282
0,6,7,1.2607037E7,5882352.0,3.3106201829839748
0,6,8,1.0742006E7,5882352.0,2.6153438148225265
0,6,9,9507221.0,5882352.0,2.085025802802456
0,6,10,1.0178782E7,5882352.0,2.3814480400108824
0,6,11,1.0608047E7,5882352.0,2.560844261149549
0,6,12,1.0531402E7,5882352.0,2.5293518164565914
0,6,13,1.1769799E7,5882352.0,3.012180370617423
0,6,14,1.0325229E7,5882352.0,2.4434868338109665
0,6,15,9545946.0,5882352.0,2.1026796416313123
0,6,16,1.1669773E7,5882352.0,2.9751139911246174
0,7,0,1.1071876E7,6666666.0,2.203125157234178
0,7,1,1.0872669E7,6666666.0,2.124274693579867
0,7,2,1.1536505E7,6666666.0,2.381655611220191
0,7,3,9730665.0,6666666.0,1.6423382373618152
0,7,4,8719878.0,6666666.0,1.166017112367997
0,7,5,1.0474138E7,6666666.0,1.9620959405209624
0,7,6,1.1139366E7,6666666.0,2.2295177603945033
0,7,7,1.1645965E7,6666666.0,2.422667830596705
0,7,8,1.2332605E7,6666666.0,2.6714612422534945
0,7,9,9993435.0,6666666.0,1.7580609452800333
0,7,10,9118317.0,6666666.0,1.3600598894261386
0,7,11,1.1423552E7,6666666.0,2.3389246542712474
0,7,12,1.0576809E7,6666666.0,2.0044596425592234
0,7,13,1.1219603E7,6666666.0,2.260687923856943
0,7,14,1.5758298E7,6666666.0,3.736006115064134
0,8,0,1.4336277E7,6666666.0,3.3252768615427595
0,8,1,1.1313618E7,6666666.0,2.29692813349409
0,8,2,1.2370297E7,6666666.0,2.684714292696847
0,8,3,1.1419216E7,6666666.0,2.3372759040881266
0,8,4,1.0915034E7,6666666.0,2.141163953465413
0,8,5,1.0267866E7,6666666.0,1.875714947945967
0,8,6,9376903.0,6666666.0,1.4815072592808674
0,8,7,1.0171301E7,6666666.0,1.8346780909362392
0,8,8,1.1505042E7,6666666.0,2.369795109165601
0,8,9,1.080529E7,6666666.0,2.097277297626639
0,8,10,1.23981E7,6666666.0,2.6944643742640375
0,8,11,1.0322648E7,6666666.0,1.8988242073301413
0,8,12,9279642.0,6666666.0,1.4362252434800546
0,8,13,1.1483752E7,6666666.0,2.3617510750478563
0,8,14,1.1245309E7,6666666.0,2.2706269601855675
0,9,0,1.1224619E7,5882352.0,2.8062059942665463
0,9,1,1.1910452E7,5882352.0,3.0637723407621555
0,9,2,9721585.0,5882352.0,2.181860686143234
0,9,3,1.0069276E7,5882352.0,2.334472359464571
0,9,4,1.1325017E7,5882352.0,2.844878534708534
0,9,5,9949751.0,5882352.0,2.282612032011606
0,9,6,9317898.0,5882352.0,1.9976694292312231
0,9,7,1.2062005E7,5882352.0,3.118684950261936
0,9,8,1.1774218E7,5882352.0,3.01381063391367
0,9,9,1.2717272E7,5882352.0,3.3484295104498356
0,9,10,1.1704706E7,5882352.0,2.9880950038191516
0,9,11,9861436.0,5882352.0,2.243891513914745
0,9,12,1.0950612E7,5882352.0,2.6988738226031868
0,9,13,1.1591332E7,5882352.0,2.945823359757605
0,9,14,1.0603431E7,5882352.0,2.5589540549507057
0,9,15,1.0899976E7,5882352.0,2.678745325602367
0,9,16,1.0265753E7,5882352.0,2.4183980153750873
0,10,0,9635039.0,5000000.0,2.8488347256417272
0,10,1,9942956.0,5000000.0,2.985455132241868
0,10,2,1.0576863E7,5000000.0,3.2538687472376298
0,10,3,1.1834209E7,5000000.0,3.7416923060203406
0,10,4,1.0457199E7,5000000.0,3.2044536836485413
0,10,5,1.0862657E7,5000000.0,3.3696606210490816
0,10,6,9561116.0,5000000.0,2.81538582956246
0,10,7,1.3339949E7,5000000.0,4.261841648951173
0,10,8,1.5266058E7,5000000.0,4.847569037182128
0,10,9,1.1802741E7,5000000.0,3.7301287271063788
0,10,10,1.1391116E7,5000000.0,3.575962701293042
0,10,11,9482838.0,5000000.0,2.779683270196986
0,10,12,1.20468E7,5000000.0,3.8190169594375885
0,10,13,1.2628784E7,5000000.0,4.02391530897529
0,10,14,1.1492285E7,5000000.0,3.6143638329302608
0,10,15,1.0753806E7,5000000.0,3.325921931491904
0,10,16,1.0079727E7,5000000.0,3.044787654719876
0,10,17,9750937.0,5000000.0,2.900763461704256
0,10,18,1.1246511E7,5000000.0,3.5204780802591773
0,10,19,1.1682037E7,5000000.0,3.6854857309157225
0,11,0,1.1938327E7,4347826.0,4.38671315083449
0,11,1,1.0521075E7,4347826.0,3.837879612052318
0,11,2,9085721.0,4347826.0,3.2008724127841184
0,11,3,1.1699746E7,4347826.0,4.299042780739338
0,11,4,1.0822596E7,4347826.0,3.9605929154121555
0,11,5,1.0981792E7,4347826.0,4.024010584250735
0,11,6,1.0324333E7,4347826.0,3.755898484918354
0,11,7,1.1599311E7,4347826.0,4.261600375696283
0,11,8,9218104.0,4347826.0,3.2636944829360366
0,11,9,1.102974E7,4347826.0,4.042931198004134
0,11,10,1.068649E7,4347826.0,3.9056292840188354
0,11,11,1.1018864E7,4347826.0,4.0386466753483905
0,11,12,1.0408486E7,4347826.0,3.791154070992957
0,11,13,1.0154132E7,4347826.0,3.6837064947809557
0,11,14,9148091.0,4347826.0,3.23058320773883
0,11,15,1.1110816E7,4347826.0,4.0747380024953275
0,11,16,1.2047611E7,4347826.0,4.426287810434367
0,11,17,1.0895129E7,4347826.0,3.9896022142953838
0,11,18,1.044141E7,4347826.0,3.804869941237137
0,11,19,1.0520408E7,4347826.0,3.837604275547257
0,11,20,9431806.0,4347826.0,3.3632270400892366
0,11,21,1.0744056E7,4347826.0,3.928961079929209
0,11,22,1.2169799E7,4347826.0,4.470112500566587
0,12,0,1.2654839E7,4000000.0,5.0019663293072245
0,12,1,1.062892E7,4000000.0,4.244291469611834
0,12,2,9751304.0,4000000.0,3.870027045897481
0,12,3,1.000524E7,4000000.0,3.9816751937795436
0,12,4,1.074754E7,4000000.0,4.292490788134384
0,12,5,9959982.0,4000000.0,3.961985622254815
0,12,6,1.2000171E7,4000000.0,4.771274433719356
0,12,7,1.3914624E7,4000000.0,5.414114840254307
0,12,8,1.0044552E7,4000000.0,3.9987058009311696
0,12,9,9516421.0,4000000.0,3.764136553551001
0,12,10,1.0984627E7,4000000.0,4.387253230380741
0,12,11,1.1359128E7,4000000.0,4.532850020783968
0,12,12,1.2285144E7,4000000.0,4.8732026008959215
0,12,13,1.7098895E7,4000000.0,6.309080540987784
0,12,14,1.4023447E7,4000000.0,5.447947861457001
0,12,15,1.2248969E7,4000000.0,4.860395441926484
0,12,16,1.1738156E7,4000000.0,4.675398856581607
0,12,17,1.1019786E7,4000000.0,4.401131694381177
0,12,18,1.2298113E7,4000000.0,4.877784878710715
0,12,19,9970991.0,4000000.0,3.966783329258394
0,12,20,9738801.0,4000000.0,3.8644550034153076
0,12,21,1.0865362E7,4000000.0,4.339842089082836
0,12,22,1.1507866E7,4000000.0,4.589348049039345
0,12,23,1.0973069E7,4000000.0,4.38268118777169
0,12,24,1.1021734E7,4000000.0,4.401899341669522
0,13,0,9970051.0,4000000.0,3.966373885445687
0,13,1,9158217.0,4000000.0,3.5975093840598014
0,13,2,1.023207E7,4000000.0,4.0790351126360305
0,13,3,1.1525261E7,4000000.0,4.595907778379577
0,13,4,1.0961735E7,4000000.0,4.37819307463791
0,13,5,1.0419089E7,4000000.0,4.157697564676802
0,13,6,1.0504483E7,4000000.0,4.193146912329128
0,13,7,9115530.0,4000000.0,3.5772193337820206
0,13,8,1.0386785E7,4000000.0,4.1442115075979675
0,13,9,1.1167759E7,4000000.0,4.459060419866299
0,13,10,1.0760066E7,4000000.0,4.297549438823241
0,13,11,1.1365264E7,4000000.0,4.535195369346625
0,13,12,1.0387058E7,4000000.0,4.144325653443363
0,13,13,9250846.0,4000000.0,3.6412145993334164
0,13,14,1.011939E7,4000000.0,4.030943425573871
0,13,15,1.2058566E7,4000000.0,4.792356734151538
0,13,16,1.0771052E7,4000000.0,4.301981312349024
0,13,17,1.1669282E7,4000000.0,4.649841438064471
0,13,18,1.0511132E7,4000000.0,4.195894987135908
0,13,19,9212459.0,4000000.0,3.6231557671815438
0,13,20,1.0624542E7,4000000.0,4.242502263440467
0,13,21,1.0725634E7,4000000.0,4.283629817491736
0,13,22,1.138614E7,4000000.0,4.5431652811363605
0,13,23,1.1028157E7,4000000.0,4.404429488903504
0,13,24,1.0235921E7,4000000.0,4.080669340508756
0,14,0,9056063.0,4347826.0,3.1866727979957705
0,14,1,1.0227927E7,4347826.0,3.7151546436963834
0,14,2,1.1440941E7,4347826.0,4.201895906902713
0,14,3,1.0710474E7,4347826.0,3.915365359862448
0,14,4,1.2268695E7,4347826.0,4.5052621472957775
0,14,5,1.91343E7,4347826.0,6.435404235348097
0,14,6,1.4044935E7,4347826.0,5.0924757832960585
0,14,7,1.178248E7,4347826.0,4.329645559489043
0,14,8,1.0808734E7,4347826.0,3.9550267380830384
0,14,9,1.0489074E7,4347826.0,3.824649940561075
0,14,10,1.0331275E7,4347826.0,3.7588176654206986
0,14,11,9214271.0,4347826.0,3.261888257994183
0,14,12,1.0107457E7,4347826.0,3.663697471007408
0,14,13,1.0668439E7,4347826.0,3.898287230519197
0,14,14,1.0657804E7,4347826.0,3.8939557388467936
0,14,15,1.2733856E7,4347826.0,4.666877790675708
0,14,16,1.0333887E7,4347826.0,3.759915529732406
0,14,17,9131146.0,4347826.0,3.222531315743713
0,14,18,1.0607078E7,4347826.0,3.8732360718625234
0,14,19,1.1116042E7,4347826.0,4.076780237168577
0,14,20,1.0872854E7,4347826.0,3.9807140109547268
0,14,21,1.2390757E7,4347826.0,4.548256846453207
0,14,22,1.0103829E7,4347826.0,3.662138321928752
0,15,0,9154870.0,5000000.0,2.6268217732370616
0,15,1,1.152266E7,5000000.0,3.6258274297775888
0,15,2,1.0805423E7,5000000.0,3.3467176854636183
0,15,3,1.0804376E7,5000000.0,3.3462968520047705
0,15,4,1.0239439E7,5000000.0,3.113061587609711
0,15,5,1.030279E7,5000000.0,3.1398484343009962
0,15,6,9063893.0,5000000.0,2.583447656676174
0,15,7,1.0181615E7,5000000.0,3.088466665879735
0,15,8,1.0645774E7,5000000.0,3.282072379257852
0,15,9,1.0660694E7,5000000.0,3.2881547339016355
0,15,10,1.0786974E7,5000000.0,3.339296276116256
0,15,11,1.007415E7,5000000.0,3.042384087021812
0,15,12,9343304.0,5000000.0,2.7153047523780502
0,15,13,1.0080315E7,5000000.0,3.0450409926399367
0,15,14,1.0464933E7,5000000.0,3.2076644784910844
0,15,15,1.0988627E7,5000000.0,3.419734275256606
0,15,16,1.0313725E7,5000000.0,3.1444554307841073
0,15,17,1.0718146E7,5000000.0,3.3114966426656385
0,15,18,9185693.0,5000000.0,2.6414192219832007
0,15,19,1.0032298E7,5000000.0,3.02430419652361
0,16,0,1.060792E7,5882352.0,2.5607922669140732
0,16,1,1.0489252E7,5882352.0,2.5119351014999607
0,16,2,1.1181196E7,5882352.0,2.7893725134063208
0,16,3,1.0352267E7,5882352.0,2.4548445541986244
0,16,4,9196524.0,5882352.0,1.9407269942013452
0,16,5,9616860.0,5882352.0,2.134822845999639
0,16,6,1.0434553E7,5882352.0,2.489228401661069
0,16,7,1.0608529E7,5882352.0,2.5610415879381065
0,16,8,9922770.0,5882352.0,2.2708191582074027
0,16,9,1.0204904E7,5882352.0,2.392579144234764
0,16,10,8629723.0,5882352.0,1.664458466614664
0,16,11,8836949.0,5882352.0,1.7675133945596435
0,16,12,1.1831419E7,5882352.0,3.034858256803576
0,16,13,1.749113E7,5882352.0,4.732668584865472
0,16,14,1.2173372E7,5882352.0,3.158598844734909
0,16,15,9118924.0,5882352.0,1.9039258704125264
0,16,16,9728950.0,5882352.0,2.18514962293812
0,17,0,1.0158405E7,6666666.0,1.8291682597661842
0,17,1,1.1433399E7,6666666.0,2.3426666214547707
0,17,2,1.4327489E7,6666666.0,3.3226138618332666
0,17,3,9871374.0,6666666.0,1.704689089630087
0,17,4,8424490.0,6666666.0,1.0163492159647243
0,17,5,1.1274284E7,6666666.0,2.281802730153697
0,17,6,9627977.0,6666666.0,1.5962634661564632
0,17,7,1.0180434E7,6666666.0,1.8385759519976959
0,17,8,9187547.0,6666666.0,1.392908762686417
0,17,9,9835927.0,6666666.0,1.6890659932948227
0,17,10,8475179.0,6666666.0,1.0424018197279588
0,17,11,9634269.0,6666666.0,1.5991007064007463
0,17,12,1.0336552E7,6666666.0,1.9046699626237542
0,17,13,1.0117824E7,6666666.0,1.811784230514918
0,17,14,1.0213836E7,6666666.0,1.8528018274571019
0,18,0,1.0589641E7,6666666.0,2.009725398011379
0,18,1,9816685.0,6666666.0,1.6805615796411426
0,18,2,9996546.0,6666666.0,1.7594127125919765
0,18,3,1.2484217E7,6666666.0,2.7245261142776296
0,18,4,1.029102E7,6666666.0,1.8854972471284115
0,18,5,1.1674104E7,6666666.0,2.4331486043519632
0,18,6,1.0255203E7,6666666.0,1.8703556406004294
0,18,7,9366233.0,6666666.0,1.4765625983420723
0,18,8,1.1273349E7,6666666.0,2.2814425457025735
0,18,9,1.124608E7,6666666.0,2.270924710623016
0,18,10,1.1163999E7,6666666.0,2.239110914003903
0,18,11,1.0809517E7,6666666.0,2.0989759135785717
0,18,12,1.0032512E7,6666666.0,1.7750099035581397
0,18,13,9300883.0,6666666.0,1.446154837082694
0,18,14,1.1311843E7,6666666.0,2.2962467129414126
0,19,0,1.1756894E7,5555555.0,3.2556515115489777
0,19,1,1.3546918E7,5555555.0,3.871130505447074
0,19,2,1.0613075E7,5555555.0,2.811137818259687
0,19,3,9953929.0,5555555.0,2.5326708718928543
0,19,4,1.0951225E7,5555555.0,2.947352504471547
0,19,5,1.1116474E7,5555555.0,3.0123960509757057
0,19,6,1.1848125E7,5555555.0,3.289221759604821
0,19,7,1.7028706E7,5555555.0,4.8645419600145425
0,19,8,1.2421021E7,5555555.0,3.494298445698816
0,19,9,1.339768E7,5555555.0,3.8230214910428244
0,19,10,1.3185531E7,5555555.0,3.7537017266799837
0,19,11,1.2555952E7,5555555.0,3.541221953047102
0,19,12,1.0773114E7,5555555.0,2.8761380406297943
0,19,13,1.0328294E7,5555555.0,2.693011403744267
0,19,14,1.0586801E7,5555555.0,2.800372982597712
0,19,15,1.083328E7,5555555.0,2.9003251672156374
0,19,16,1.0389445E7,5555555.0,2.7186489687190725
0,19,17,1.0276752E7,5555555.0,2.6712842473245906
0,20,0,1.0560512E7,4761904.0,3.4590433861053924
0,20,1,9761298.0,4761904.0,3.1172693565373244
0,20,2,9833958.0,4761904.0,3.1494771334427227
0,20,3,1.1076234E7,4761904.0,3.6661148643319184
0,20,4,1.085569E7,4761904.0,3.5787679713988663
0,20,5,1.1869823E7,4761904.0,3.966636071270713
0,20,6,1.0338484E7,4761904.0,3.3667622418745022
0,20,7,9194877.0,4761904.0,2.8576528827055303
0,20,8,1.0112729E7,4761904.0,3.27087733433242
0,20,9,1.0348619E7,4761904.0,3.3710176225590245
0,20,10,1.119938E7,4761904.0,3.714133449240933
0,20,11,1.0554852E7,4761904.0,3.4567151223573034
0,20,12,1.0868704E7,4761904.0,3.583971254918371
0,20,13,9217340.0,4761904.0,2.868249718259983
0,20,14,1.0999558E7,4761904.0,3.6359459828674714
0,20,15,1.0981464E7,4761904.0,3.628796064059832
0,20,16,1.0491992E7,4761904.0,3.4307731499589815
0,20,17,1.0983506E7,4761904.0,3.6296035582968846
0,20,18,9864123.0,4761904.0,3.1627784324750725
0,20,19,9078896.0,4761904.0,2.8025240544496404
0,20,20,9244968.0,4761904.0,2.881247764769182
0,21,0,1.0291772E7,4166666.0,3.927014676489418
0,21,1,1.0684949E7,4166666.0,4.089837647861883
0,21,2,1.0722451E7,4166666.0,4.105053814534406
0,21,3,1.1009675E7,4166666.0,4.219858102077309
0,21,4,9337889.0,4166666.0,3.5046001834181206
0,21,5,1.0579092E7,4166666.0,4.046597051443896
0,21,6,1.1178632E7,4166666.0,4.285999706344141
0,21,7,1.0672961E7,4166666.0,4.084962336751571
0,21,8,1.1484537E7,4166666.0,4.40324802466969
0,21,9,1.0334338E7,4166666.0,3.9449397289205064
0,21,10,9178062.0,4166666.0,3.4296229833018805
0,21,11,1.0330666E7,4166666.0,3.9433963182786953
0,21,12,1.0135331E7,4166666.0,3.860492476639836
0,21,13,1.0694026E7,4166666.0,4.093525468488559
0,21,14,1.0497444E7,4166666.0,4.012948777136732
0,21,15,1.0028071E7,4166666.0,3.814287113551766
0,21,16,9000983.0,4166666.0,3.3450125265619786
0,21,17,9643047.0,4166666.0,3.644255947071195
0,21,18,1.1450043E7,4166666.0,4.390184288464831
0,21,19,1.5338188E7,4166666.0,5.65985367807607
0,21,20,1.2316774E7,4166666.0,4.7070828384357375
0,21,21,1.1311716E7,4166666.0,4.337398040817885
0,21,22,1.0598323E7,4166666.0,4.054484623630796
0,21,23,1.3464036E7,4166666.0,5.09386575380136
0,22,0,1.159888E7,4000000.0,4.623560639935167
0,22,1,1.2198111E7,4000000.0,4.842325896914372
0,22,2,1.0115672E7,4000000.0,4.029347476026607
0,22,3,9671197.0,4000000.0,3.834202385278078
0,22,4,1.0898149E7,4000000.0,4.352927499750738
0,22,5,1.0663487E7,4000000.0,4.258392525020522
0,22,6,1.0532218E7,4000000.0,4.2045984839748725
0,22,7,1.2323091E7,4000000.0,4.886596642173197
0,22,8,9596865.0,4000000.0,3.8006939425756907
0,22,9,1.0090116E7,4000000.0,4.018361677603174
0,22,10,1.0651748E7,4000000.0,4.2536089198306195
0,22,11,1.2323083E7,4000000.0,4.886593822785609
0,22,12,1.1413306E7,4000000.0,4.553514698818436
0,22,13,1.0340973E7,4000000.0,4.125014128700161
0,22,14,9199303.0,4000000.0,3.6169493224357154
0,22,15,1.1183219E7,4000000.0,4.465068384046658
0,22,16,1.0569237E7,4000000.0,4.2198364511378825
0,22,17,1.0968344E7,4000000.0,4.380810714380833
0,22,18,1.1000667E7,4000000.0,4.393590270700248
0,22,19,1.0093409E7,4000000.0,4.01977880542559
0,22,20,9224230.0,4000000.0,3.628701319358605
0,22,21,1.1684164E7,4000000.0,4.655376528136024
0,22,22,1.0493991E7,4000000.0,4.188806960689477
0,22,23,1.1704341E7,4000000.0,4.662869749216382
0,22,24,1.3251647E7,4000000.0,5.202098672135333
0,23,0,1.0190012E7,4000000.0,4.061147041142553
0,23,1,9266234.0,4000000.0,3.6484327190649424
0,23,2,1.0631467E7,4000000.0,4.2453320414986
0,23,3,1.0033074E7,4000000.0,3.993740241152008
0,23,4,1.077746E7,4000000.0,4.304564283388574
0,23,5,1.0939764E7,4000000.0,4.369479618757338
0,23,6,1.0819688E7,4000000.0,4.321547461679122
0,23,7,9954741.0,4000000.0,3.959699738155696
0,23,8,1.1333885E7,4000000.0,4.5231881040271364
0,23,9,2.0197146E7,4000000.0,7.032300135631844
0,23,10,1.3881212E7,4000000.0,5.4036739567937095
0,23,11,2.8312455E7,4000000.0,8.499175377590209
0,23,12,4.3127973E7,4000000.0,10.326990556053357
0,23,13,3.1715771E7,4000000.0,8.992152820903879
0,23,14,1.7974851E7,4000000.0,6.526053077188352
0,23,15,1.3456633E7,4000000.0,5.268764168182867
0,23,16,1.2769784E7,4000000.0,5.041235599369046
0,23,17,1.06336E7,4000000.0,4.246203282706546
0,23,18,1.0529943E7,4000000.0,4.203660289693504
0,23,19,1.061249E7,4000000.0,4.237573026946601
0,23,20,1.212962E7,4000000.0,4.817872040573098
0,23,21,1.2647769E7,4000000.0,4.999539336748225
0,23,22,1.2008403E7,4000000.0,4.774252630021334
0,23,23,1.0044577E7,4000000.0,3.9987166101225964
0,23,24,1.0898901E7,4000000.0,4.353227163650689
0,24,0,1.1166944E7,4545454.0,3.9035707118076033
0,24,1,1.0632784E7,4545454.0,3.6906972441631014
0,24,2,1.0800408E7,4545454.0,3.7586289479502817
0,24,3,1.0534841E7,4545454.0,3.650507182216074
0,24,4,1.0039176E7,4545454.0,3.4412080099167435
0,24,5,9835328.0,4545454.0,3.352115807937941
0,24,6,1.0818997E7,4545454.0,3.7660973330548666
0,24,7,1.0294156E7,4545454.0,3.5501347829970897
0,24,8,1.1064014E7,4545454.0,3.863354495795552
0,24,9,1.0919311E7,4545454.0,3.8061796852802505
0,24,10,9099873.0,4545454.0,3.0145806418346703
0,24,11,1.0184703E7,4545454.0,3.5037110183172677
0,24,12,1.0441131E7,4545454.0,3.611702776243833
0,24,13,1.1031154E7,4545454.0,3.8504368051975923
0,24,14,1.1766636E7,4545454.0,4.1307505173192824
0,24,15,1.0541406E7,4545454.0,3.6532127335088687
0,24,16,9964603.0,4545454.0,3.4088273358129255
0,24,17,1.6370258E7,4545454.0,5.56478257010049
0,24,18,2.2356223E7,4545454.0,6.918211659258969
0,24,19,1.2525972E7,4545454.0,4.402341695013765
0,24,20,9218311.0,4545454.0,3.070740888529178
0,24,21,9582373.0,4545454.0,3.238958049792825
0,25,0,1.0331143E7,5263157.0,2.929020477189686
0,25,1,1.0906175E7,5263157.0,3.16426136859591
0,25,2,1.0190805E7,5263157.0,2.869621662720863
0,25,3,1.3802352E7,5263157.0,4.187067737627653
0,25,4,1.0410233E7,5263157.0,2.962141247047551
0,25,5,1.5308172E7,5263157.0,4.636770080212248
0,25,6,1.1921255E7,5263157.0,3.5507565257675338
0,25,7,1.0525162E7,5263157.0,3.0098246386681393
0,25,8,1.0155201E7,5263157.0,2.8544219851850046
0,25,9,9109539.0,5263157.0,2.382500742781777
0,25,10,8361139.0,5263157.0,2.0101911821720284
0,25,11,1.1518406E7,5263157.0,3.4014605722926734
0,25,12,1.5773864E7,5263157.0,4.766917668641195
0,25,13,1.386719E7,5263157.0,4.2074214082147785
0,25,14,8559035.0,5263157.0,2.1117847710025845
0,25,15,8217433.0,5263157.0,1.9348984657532884
0,25,16,1.6224746E7,5263157.0,4.889315813855436
0,25,17,1.5731601E7,5263157.0,4.755265976658038
0,25,18,1.3309266E7,5263157.0,4.029077797737537
0,26,0,1.1258181E7,6250000.0,2.55588209274417
0,26,1,1.0394736E7,6250000.0,2.20933446482223
0,26,2,9889336.0,6250000.0,1.9928711538385881
0,26,3,9370218.0,6250000.0,1.7586967760941443
0,26,4,9905629.0,6250000.0,2.000020407794407
0,26,5,1.087236E7,6250000.0,2.404438067542619
0,26,6,1.1268161E7,6250000.0,2.55973026233422
0,26,7,1.0536468E7,6250000.0,2.268150351661797
0,26,8,1.0516726E7,6250000.0,2.260005417287676
0,26,9,1.0403674E7,6250000.0,2.213067177388441
0,26,10,9244186.0,6250000.0,1.6998865788369788
0,26,11,1.0010605E7,6250000.0,2.0458030790963697
0,26,12,1.1344254E7,6250000.0,2.588959245396494
0,26,13,1.0671736E7,6250000.0,2.3235505567879424
0,26,14,1.0298031E7,6250000.0,2.1687417749892504
0,26,15,1.0544716E7,6250000.0,2.2715487007009343
0,27,0,9192193.0,6666666.0,1.3951043674184729
0,27,1,9937725.0,6666666.0,1.7337827712095122
0,27,2,1.1477953E7,6666666.0,2.3595574454771415
0,27,3,1.065737E7,6666666.0,2.037413462554402
0,27,4,1.4369857E7,6666666.0,3.335437488086459
0,27,5,9967894.0,6666666.0,1.7469471347560184
0,27,6,9705978.0,6666666.0,1.6313060507438906
0,27,7,1.0607112E7,6666666.0,2.016884570561579
0,27,8,1.0284319E7,6666666.0,1.8826684165306493
0,27,9,1.0672581E7,6666666.0,2.0436076206976366
0,27,10,1.4517325E7,6666666.0,3.379779019921181
0,27,11,1.2441566E7,6666666.0,2.7096635023181177
0,27,12,1.1614655E7,6666666.0,2.4109761659370426
0,27,13,1.164696E7,6666666.0,2.4230388642987895
0,27,14,1.0964126E7,6666666.0,2.1606532030391405
0,28,0,1.1980997E7,6250000.0,2.826129420766828
0,28,1,1.019019E7,6250000.0,2.1230226432498966
0,28,2,9179365.0,6250000.0,1.6693262175101395
0,28,3,1.1378036E7,6250000.0,2.6018728619354974
0,28,4,1.1079597E7,6250000.0,2.486439466711519
0,28,5,1.0620725E7,6250000.0,2.302741465532027
0,28,6,1.0223287E7,6250000.0,2.137105356412852
0,28,7,1.2330495E7,6250000.0,2.9510049408162
0,28,8,1.73694E7,6250000.0,4.439047993074157
0,28,9,1.3722895E7,6250000.0,3.4156572302788173
0,28,10,9531339.0,6250000.0,1.8327389897759063
0,28,11,1.0089836E7,6250000.0,2.0800408993605948
0,28,12,1.1085E7,6250000.0,2.488556801064318
0,28,13,9286644.0,6250000.0,1.7197878000766678
0,28,14,1.0904658E7,6250000.0,2.4173203211746457
0,28,15,1.1087779E7,6250000.0,2.4896454371541186
0,29,0,9550762.0,5555555.0,2.353105713409289
0,29,1,9849276.0,5555555.0,2.486768561104558
0,29,2,1.0255575E7,5555555.0,2.662325635371365
0,29,3,9322228.0,5555555.0,2.247922690914532
0,29,4,9525405.0,5555555.0,2.341559985524237
0,29,5,1.0840888E7,5555555.0,2.903374061691331
0,29,6,9212786.0,5555555.0,2.1966353176554745
0,29,7,1.1267076E7,5555555.0,3.0708377231370747
0,29,8,1.0775776E7,5555555.0,2.8772110350315545
0,29,9,9291523.0,5555555.0,2.233594548067532
0,29,10,1.0601737E7,5555555.0,2.8064957490255815
0,29,11,1.0690891E7,5555555.0,2.8428645021095194
0,29,12,9833330.0,5555555.0,2.479731625727636
0,29,13,1.0106396E7,5555555.0,2.598688597756986
0,29,14,1.0741437E7,5555555.0,2.8633493412567286
0,29,15,9370241.0,5555555.0,2.2702330949781864
0,29,16,9484976.0,5555555.0,2.3230878485593514
0,29,17,1.065366E7,5555555.0,2.8277138116553315
0,30,0,9970024.0,4761904.0,3.209155679745251
0,30,1,9094167.0,4761904.0,2.8098228929494224
0,30,2,1.1531139E7,4761904.0,3.8409157151433075
0,30,3,9993575.0,4761904.0,3.219402403382667
0,30,4,9235208.0,4761904.0,2.8766604550623147
0,30,5,1.18381E7,4761904.0,3.955013684888044
0,30,6,9810642.0,4761904.0,3.139167923894113
0,30,7,9225211.0,4761904.0,2.8719567239498196
0,30,8,1.0032999E7,4761904.0,3.236501331808357
0,30,9,9275587.0,4761904.0,2.8956076744549826
0,30,10,8617606.0,4761904.0,2.576059983296845
0,30,11,8925350.0,4761904.0,2.728446198274903
0,30,12,1.2922539E7,4761904.0,4.3356721575601025
0,30,13,1.3125745E7,4761904.0,4.403433269814537
0,30,14,1.005328E7,4761904.0,3.245271427434985
0,30,15,9973950.0,4761904.0,3.2108655096497385
0,30,16,8683997.0,4761904.0,2.6093902897075845
0,30,17,9224984.0,4761904.0,2.871849858036048
0,30,18,9698075.0,4761904.0,3.0890490262708847
0,30,19,8576959.0,4761904.0,2.5555269826787628
0,30,20,1.0192213E7,4761904.0,3.304878553267248
0,31,0,9828676.0,4166666.0,3.727063300866924
0,31,1,8962282.0,4166666.0,3.3262991615369204
0,31,2,8542052.0,4166666.0,3.1177352207837976
0,31,3,9631193.0,4166666.0,3.6389139699685242
0,31,4,9479485.0,4166666.0,3.569960548940103
0,31,5,8228657.0,4166666.0,2.9554027094521897
0,31,6,9863499.0,4166666.0,3.7424231608190417
0,31,7,1.0165765E7,4166666.0,3.873513771809083
0,31,8,8660211.0,4166666.0,3.1773978462708548
0,31,9,9657448.0,4166666.0,3.6507368958702253
0,31,10,9863622.0,4166666.0,3.7424773179576065
0,31,11,8830221.0,4166666.0,3.2618288429831583
0,31,12,8315971.0,4166666.0,3.00124277360573
0,31,13,1.0535693E7,4166666.0,4.0287441841171425
0,31,14,1.0282745E7,4166666.0,3.923203771436633
0,31,15,9149204.0,4166666.0,3.41594622374969
0,31,16,1.0538683E7,4166666.0,4.029976524765903
0,31,17,1.0844528E7,4166666.0,4.154219656165898
0,31,18,9218616.0,4166666.0,3.448770360831789
0,31,19,1.0287382E7,4166666.0,3.9251617793251565
0,31,20,1.081134E7,4166666.0,4.140908366542952
0,31,21,9347511.0,4166666.0,3.5090729609601983
0,31,22,1.0439059E7,4166666.0,3.9887266335863307
0,31,23,1.0857062E7,4166666.0,4.159236291022095
0,32,0,9332968.0,4000000.0,3.6795978543501757
0,32,1,1.0393308E7,4000000.0,4.146938062285191
0,32,2,1.0764094E7,4000000.0,4.299174903597269
0,32,3,9659143.0,4000000.0,3.8287860435444045
0,32,4,1.0488865E7,4000000.0,4.1866850440557055
0,32,5,1.075925E7,4000000.0,4.297220074918363
0,32,6,9556882.0,4000000.0,3.782562324264005
0,32,7,1.0453799E7,4000000.0,4.1721415413435565
0,32,8,1.0903131E7,4000000.0,4.354912387928409
0,32,9,1.0001846E7,4000000.0,3.9802017203454625
0,32,10,1.0323472E7,4000000.0,4.117657928671567
0,32,11,1.0477198E7,4000000.0,4.181851600367806
0,32,12,9791736.0,4000000.0,3.8879970439582467
0,32,13,1.4096787E7,4000000.0,5.470601463501341
0,32,14,1.083105E7,4000000.0,4.3261056936953874
0,32,15,1.0563753E7,4000000.0,4.217582467208285
0,32,16,1.0099759E7,4000000.0,4.022510194627115
0,32,17,1.1444727E7,4000000.0,4.565454462411289
0,32,18,9529817.0,4000000.0,3.770245696825291
0,32,19,9791599.0,4000000.0,3.8879362796971835
0,32,20,1.0673028E7,4000000.0,4.2622765744334865
0,32,21,9316444.0,4000000.0,3.6719018649035435
0,32,22,1.1372331E7,4000000.0,4.537895003325011
0,32,23,1.0685939E7,4000000.0,4.267526993837002
0,32,24,9346153.0,4000000.0,3.6857289498068804
0,33,0,1.1336646E7,4166666.0,4.346958966951632
0,33,1,1.078774E7,4166666.0,4.131417819860701
0,33,2,9337950.0,4166666.0,3.504628553724158
0,33,3,1.0164024E7,4166666.0,3.872769930645909
0,33,4,1.0583468E7,4166666.0,4.048393122127116
0,33,5,9559518.0,4166666.0,3.6064730648555092
0,33,6,9167488.0,4166666.0,3.4246166135171876
0,33,7,1.1120777E7,4166666.0,4.263464433209896
0,33,8,9866163.0,4166666.0,3.7435959741260523
0,33,9,8961687.0,4166666.0,3.326010826719083
0,33,10,1.0227817E7,4166666.0,3.899942600601452
0,33,11,1.0627563E7,4166666.0,4.066449993353028
0,33,12,8583985.0,4166666.0,3.1390026125367365
0,33,13,9390524.0,4166666.0,3.529011381782668
0,33,14,1.0503914E7,4166666.0,4.0156246854154345
0,33,15,9157424.0,4166666.0,3.4198463421998615
0,33,16,9741010.0,4166666.0,3.6881530038594788
0,33,17,1.0774855E7,4166666.0,4.126227456580785
0,33,18,9243163.0,4166666.0,3.4603192293665903
0,33,19,9378053.0,4166666.0,3.523239940206783
0,33,20,1.0524533E7,4166666.0,4.0241414539548925
0,33,21,9450538.0,4166666.0,3.556678439175699
0,33,22,9333926.0,4166666.0,3.5027566464533146
0,33,23,1.1139721E7,4166666.0,4.270856250456132
0,34,0,9819672.0,4545454.0,3.3451971451583136
0,34,1,9308361.0,4545454.0,3.1129595083412336
0,34,2,1.1204742E7,4545454.0,3.9182459387410447
0,34,3,1.0116909E7,4545454.0,3.4747057653877893
0,34,4,9203333.0,4545454.0,3.063678691275395
0,34,5,1.0961932E7,4545454.0,3.8230983662917772
0,34,6,1.0150014E7,4545454.0,3.4888937421323742
0,34,7,9128534.0,4545454.0,3.0282377040269948
0,34,8,9901653.0,4545454.0,3.381304354999881
0,34,9,1.0280073E7,4545454.0,3.5441893158363422
0,34,10,9158270.0,4545454.0,3.0423617599268944
0,34,11,9731923.0,4545454.0,3.3062139702622946
0,34,12,1.1044267E7,4545454.0,3.85559630291318
0,34,13,8330115.0,4545454.0,2.630737299650636
0,34,14,9377524.0,4545454.0,3.1451091725635956
0,34,15,1.0626537E7,4545454.0,3.6881449164509075
0,34,16,8750397.0,4545454.0,2.844504900739265
0,34,17,8083026.0,4545454.0,2.4999670869742054
0,34,18,1.5557854E7,4545454.0,5.343724245479358
0,34,19,1.1883838E7,4545454.0,4.173794558246761
0,34,20,1.1689281E7,4545454.0,4.102105317524519
0,34,21,9784475.0,4545454.0,3.329602608651547
0,35,0,8673229.0,5263157.0,2.1693448803859336
0,35,1,9692950.0,5263157.0,2.6520964726640175
0,35,2,9986702.0,5263157.0,2.7817576564385598
0,35,3,8779895.0,5263157.0,2.222429969312238
0,35,4,8319394.0,5263157.0,1.988453674148292
0,35,5,9498144.0,5263157.0,2.5639242435521
0,35,6,9547166.0,5263157.0,2.5862814864739567
0,35,7,8607990.0,5263157.0,2.136554285806593
0,35,8,9251611.0,5263157.0,2.449710386020681
0,35,9,1.0125338E7,5263157.0,2.8416320435698976
0,35,10,8626341.0,5263157.0,2.145802966302979
0,35,11,8438737.0,5263157.0,2.050311267431732
0,35,12,9883532.0,5263157.0,2.7366584750752154
0,35,13,9427285.0,5263157.0,2.5314031139188953
0,35,14,8355824.0,5263157.0,2.0074295857635254
0,35,15,8937575.0,5263157.0,2.299733740059617
0,35,16,9590105.0,5263157.0,2.605770369766016
0,35,17,8342170.0,5263157.0,2.0003271060554235
0,35,18,1.0368905E7,5263157.0,2.9448657026866227
0,36,0,9696248.0,6250000.0,1.907236975282719
0,36,1,8772039.0,6250000.0,1.4722053651493747
0,36,2,8352445.0,6250000.0,1.259336071905596
0,36,3,9392639.0,6250000.0,1.7690761348597597
0,36,4,9468220.0,6250000.0,1.8038832313350104
0,36,5,8337231.0,6250000.0,1.2514181733461842
0,36,6,8878079.0,6250000.0,1.5243898785433125
0,36,7,9803074.0,6250000.0,1.9548226364441694
0,36,8,8504606.0,6250000.0,1.3377418114661332
0,36,9,8334351.0,6250000.0,1.2499176941231285
0,36,10,9401390.0,6250000.0,1.773120516493731
0,36,11,9580697.0,6250000.0,1.8551708800197662
0,36,12,8246191.0,6250000.0,1.2037337245735231
0,36,13,9554976.0,6250000.0,1.8434958319602437
0,36,14,9708021.0,6250000.0,1.9125068976516841
0,36,15,8513985.0,6250000.0,1.3425286335457507
0,37,0,8461939.0,6666666.0,1.0356119277148723
0,37,1,1.039967E7,6666666.0,1.9311086106729094
0,37,2,9882480.0,6666666.0,1.7095724658302094
0,37,3,9151333.0,6666666.0,1.3757566129250351
0,37,4,1.2059905E7,6666666.0,2.574351892164381
0,37,5,1.0350734E7,6666666.0,1.9106245042752996
0,37,6,9024507.0,6666666.0,1.3151478862762436
0,37,7,1.0179112E7,6666666.0,1.8380119538556126
0,37,8,1.3561772E7,6666666.0,3.0840774124502652
0,37,9,1.6368476E7,6666666.0,3.900995484455648
0,37,10,1.3963152E7,6666666.0,3.2107476817127623
0,37,11,9242922.0,6666666.0,1.4190059057393403
0,37,12,1.134751E7,6666666.0,2.309918766224599
0,37,13,1.0210993E7,6666666.0,1.8515928095309047
0,37,14,9169328.0,6666666.0,1.3842881082844047
0,38,0,1.0807387E7,6250000.0,2.3784068598416654
0,38,1,1.0316264E7,6250000.0,2.176424301462699
0,38,2,9178337.0,6250000.0,1.668839822505075
0,38,3,1.1235214E7,6250000.0,2.547013316081357
0,38,4,1.024707E7,6250000.0,2.1471968563417794
0,38,5,9211875.0,6250000.0,1.6846801885448424
0,38,6,9691120.0,6250000.0,1.9049395389776609
0,38,7,1.0486569E7,6250000.0,2.2475340144044837
0,38,8,9210686.0,6250000.0,1.6841195974959646
0,38,9,9691674.0,6250000.0,1.9051877995153728
0,38,10,1.0578484E7,6250000.0,2.2854341617652847
0,38,11,9227249.0,6250000.0,1.6919222298825645
0,38,12,1.0442646E7,6250000.0,2.2293053856350293
0,38,13,1.0669932E7,6250000.0,2.3228163430917874
0,38,14,9447075.0,6250000.0,1.794173458746111
0,38,15,9328470.0,6250000.0,1.7393040185305906
0,39,0,1.0601836E7,5555555.0,2.8065363036563595
0,39,1,9974164.0,5555555.0,2.5414905335248554
0,39,2,9103649.0,5555555.0,2.1448805326237768
0,39,3,1.0535391E7,5555555.0,2.7792320674847693
0,39,4,1.0148118E7,5555555.0,2.6165805698892575
0,39,5,9591864.0,5555555.0,2.3717556094337127
0,39,6,1.01695E7,5555555.0,2.625721491861733
0,39,7,1.0768082E7,5555555.0,2.8741090262030298
0,39,8,9226413.0,5555555.0,2.203054394733934
0,39,9,9835707.0,5555555.0,2.4807813141170674
0,39,10,1.0369252E7,5555555.0,2.7101997763259678
0,39,11,9143141.0,5555555.0,2.163679657795739
0,39,12,9477433.0,5555555.0,2.31963271429895
0,39,13,1.0719271E7,5555555.0,2.8543779923999186
0,39,14,9297986.0,5555555.0,2.2366143646206558
0,39,15,1.0375729E7,5555555.0,2.712911685727755
0,39,16,1.0812498E7,5555555.0,2.8919858867369235
0,39,17,9266825.0,5555555.0,2.2220351016701763
0,40,0,1.0242712E7,4761904.0,3.3263432581154637
0,40,1,1.0714814E7,4761904.0,3.522040006838399
0,40,2,9438837.0,4761904.0,2.9713785051084827
0,40,3,1.0015641E7,4761904.0,3.2289811354254674
0,40,4,1.0642512E7,4761904.0,3.492635127606877
0,40,5,9755438.0,4761904.0,3.114661373583174
0,40,6,9251249.0,4761904.0,2.8841973449408336
0,40,7,1.1284993E7,4761904.0,3.747206582451625
0,40,8,9090408.0,4761904.0,2.808027400912103
0,40,9,8338243.0,4761904.0,2.4329391176609554
0,40,10,8792470.0,4761904.0,2.663302593952159
0,40,11,9786753.0,4761904.0,3.1285799186852836
0,40,12,8388066.0,4761904.0,2.4588120319639857
0,40,13,1.2907763E7,4761904.0,4.330703469261712
0,40,14,1.1468499E7,4761904.0,3.8172594527188908
0,40,15,9437073.0,4761904.0,2.9705667874553394
0,40,16,8984473.0,4761904.0,2.757119721096282
0,40,17,9808807.0,4761904.0,3.1383555357616872
0,40,18,8672926.0,4761904.0,2.603850050966885
0,40,19,8543060.0,4761904.0,2.538328207510892
0,40,20,9950817.0,4761904.0,3.200781036627811
0,41,0,9067178.0,4166666.0,3.376834527540689
0,41,1,8448729.0,4166666.0,3.0700269117752157
0,41,2,9757271.0,4166666.0,3.6953967852035556
0,41,3,9750146.0,4166666.0,3.692224301300473
0,41,4,8327525.0,4166666.0,3.0072725635608903
0,41,5,1.0435393E7,4166666.0,3.987201205673755
0,41,6,9722602.0,4166666.0,3.679938192336838
0,41,7,8562744.0,4166666.0,3.1282427133059927
0,41,8,8208250.0,4166666.0,2.9446188654529974
0,41,9,9206744.0,4166666.0,3.4431737865421463
0,41,10,9384229.0,4166666.0,3.526099083691685
0,41,11,8337237.0,4166666.0,3.012334584231529
0,41,12,9394498.0,4166666.0,3.5308488949852936
0,41,13,9825440.0,4166666.0,3.7256331913100875
0,41,14,8654644.0,4166666.0,3.1746051951466443
0,41,15,8778690.0,4166666.0,3.2364102434649924
0,41,16,1.0027032E7,4166666.0,3.813837121380595
0,41,17,9257481.0,4166666.0,3.467041405776624
0,41,18,8319460.0,4166666.0,3.003064491924394
0,41,19,8676148.0,4166666.0,3.185382629128419
0,41,20,9700863.0,4166666.0,3.670216825233487
0,41,21,8816610.0,4166666.0,3.2551294153461163
0,41,22,8489350.0,4166666.0,3.0908575029780536
0,41,23,9795501.0,4166666.0,3.7123796449233564
0,42,0,9084093.0,4000000.0,3.5622158040864638
0,42,1,8419562.0,4000000.0,3.2322950801838575
0,42,2,8838203.0,4000000.0,3.4430398109262628
0,42,3,9648394.0,4000000.0,3.823950385978891
0,42,4,8654412.0,4000000.0,3.351775749527512
0,42,5,8260679.0,4000000.0,3.1495575500374717
0,42,6,1.0372995E7,4000000.0,4.138441772286406
0,42,7,9951871.0,4000000.0,3.958447465622632
0,42,8,9133172.0,4000000.0,3.5856164522583756
0,42,9,1.0035699E7,4000000.0,3.9948763574671387
0,42,10,1.0220074E7,4000000.0,4.07394049057357
0,42,11,9048011.0,4000000.0,3.5449312857754407
0,42,12,9575930.0,4000000.0,3.791209713915231
0,42,13,1.0624959E7,4000000.0,4.242672715253878
0,42,14,9173648.0,4000000.0,3.6048208057106494
0,42,15,9683352.0,4000000.0,3.8396572787209973
0,42,16,1.9414616E7,4000000.0,6.860688137662958
0,42,17,1.2960797E7,4000000.0,5.105717171556451
0,42,18,1.0415241E7,4000000.0,4.156093322845781
0,42,19,9975339.0,4000000.0,3.9686767226166952
0,42,20,1.0336782E7,4000000.0,4.1232536588632955
0,42,21,1.0778958E7,4000000.0,4.305167883796526
0,42,22,9120297.0,4000000.0,3.5794898991283475
0,42,23,9520230.0,4000000.0,3.765874493384689
0,42,24,1.057398E7,4000000.0,4.221784933019538
0,43,0,9622500.0,4166666.0,3.6349923096535726
0,43,1,9573113.0,4166666.0,3.612644965076828
0,43,2,1.0807021E7,4166666.0,4.139173065802719
0,43,3,9812328.0,4166666.0,3.719833682839532
0,43,4,9240213.0,4166666.0,3.458932936372829
0,43,5,1.0836941E7,4166666.0,4.1511802012574766
0,43,6,9916632.0,4166666.0,3.76575508335061
0,43,7,9095628.0,4166666.0,3.390440011313781
0,43,8,9946622.0,4166666.0,3.7788692502529924
0,43,9,1.0194533E7,4166666.0,3.885786472306557
0,43,10,8995410.0,4166666.0,3.3423227395307498
0,43,11,1.1075156E7,4166666.0,4.245611634267502
0,43,12,1.0288927E7,4166666.0,3.9258139711014377
0,43,13,9158943.0,4166666.0,3.420566674260825
0,43,14,9699424.0,4166666.0,3.66957255666096
0,43,15,1.0756924E7,4166666.0,4.118994114500512
0,43,16,9112718.0,4166666.0,3.398592421066083
0,43,17,1.0145228E7,4166666.0,3.864731228469704
0,43,18,1.0802171E7,4166666.0,4.137223591456248
0,43,19,9196645.0,4166666.0,3.4384073379135875
0,43,20,1.0449283E7,4166666.0,3.992978026193328
0,43,21,1.0844113E7,4166666.0,4.1540534565317095
0,43,22,9289532.0,4166666.0,3.482051462970814
0,43,23,1.0455704E7,4166666.0,3.9956459110917923
0,44,0,1.0828656E7,4545454.0,3.7699729039346144
0,44,1,9292919.0,4545454.0,3.1057488465694147
0,44,2,9277534.0,4545454.0,3.09855287549349
0,44,3,1.0809374E7,4545454.0,3.7622327645442515
0,44,4,1.026281E7,4545454.0,3.536890216283596
0,44,5,9239486.0,4545454.0,3.080705446800845
0,44,6,1.0657696E7,4545454.0,3.700860612082286
0,44,7,1.0020676E7,4545454.0,3.4331975318802668
0,44,8,9201649.0,4545454.0,3.0628839587300805
0,44,9,1.0456712E7,4545454.0,3.6181787973110655
0,44,10,1.0297538E7,4545454.0,3.5515613620352235
0,44,11,9205566.0,4545454.0,3.06473228995378
0,44,12,1.1254161E7,4545454.0,3.937358567385887
0,44,13,1.0391323E7,4545454.0,3.5909357741690173
0,44,14,9165856.0,4545454.0,3.0459576292501396
0,44,15,9728497.0,4545454.0,3.3046848224737344
0,44,16,1.0074311E7,4545454.0,3.4563808659633244
0,44,17,8386834.0,4545454.0,2.660207800807419
0,44,18,1.021737E7,4545454.0,3.517618536405502
0,44,19,9926767.0,4545454.0,3.392305612236466
0,44,20,1.28937E7,4545454.0,4.528002941236098
0,44,21,1.405521E7,4545454.0,4.902600717575537
0,45,0,1.1780346E7,5263157.0,3.4991172106453945
0,45,1,8284531.0,5263157.0,1.9702160215776527
0,45,2,9074879.0,5263157.0,2.3659451785935093
0,45,3,9832069.0,5263157.0,2.713985924861628
0,45,4,8381857.0,5263157.0,2.0209392199407543
0,45,5,1.0219046E7,5263157.0,2.881640288717641
0,45,6,1.0224243E7,5263157.0,2.883848376145326
0,45,7,8847485.0,5263157.0,2.2557350979148887
0,45,8,8251236.0,5263157.0,1.9527268366898571
0,45,9,1.0244391E7,5263157.0,2.8923982071183616
0,45,10,9764851.0,5263157.0,2.684192956406158
0,45,11,8308847.0,5263157.0,1.9829443668019522
0,45,12,8813142.0,5263157.0,2.2388444244496966
0,45,13,9784533.0,5263157.0,2.692937770954658
0,45,14,8517992.0,5263157.0,2.0909090263644234
0,45,15,8500647.0,5263157.0,2.0820565671321827
0,45,16,1.0902425E7,5263157.0,3.162767825385261
0,45,17,8956072.0,5263157.0,2.308712511008999
0,45,18,8552946.0,5263157.0,2.108694048529344
0,46,0,9842412.0,6250000.0,1.972215231529638
0,46,1,1.0572467E7,6250000.0,2.2829632090709078
0,46,2,9177417.0,6250000.0,1.6684044811688534
0,46,3,9449191.0,6250000.0,1.7951461028944817
0,46,4,1.0951532E7,6250000.0,2.4359485914779317
0,46,5,9275573.0,6250000.0,1.7146073038253118
0,46,6,1.060133E7,6250000.0,2.2948033616852563
0,46,7,1.087479E7,6250000.0,2.4054086182542447
0,46,8,9240776.0,6250000.0,1.6982842556078706
0,46,9,1.0678086E7,6250000.0,2.326133969465955
0,46,10,1.0593793E7,6250000.0,2.291714653355443
0,46,11,9355883.0,6250000.0,1.7520476475711684
0,46,12,9946885.0,6250000.0,2.0180707957079616
0,46,13,1.0821798E7,6250000.0,2.3841940577456304
0,46,14,9559751.0,6250000.0,1.8456656313973216
0,46,15,9382161.0,6250000.0,1.7642286392232434
0,47,0,1.1669006E7,6666666.0,2.431251656341228
0,47,1,9686794.0,6666666.0,1.6227136658506647
0,47,2,9538031.0,6666666.0,1.5555003210605185
0,47,3,1.0848714E7,6666666.0,2.1146956271532913
0,47,4,1.0056734E7,6666666.0,1.7854826570285933
0,47,5,9120953.0,6666666.0,1.361315203111684
0,47,6,1.1615145E7,6666666.0,2.4111593825778774
0,47,7,1.0017153E7,6666666.0,1.7683560963724991
0,47,8,9480331.0,6666666.0,1.529148032160231
0,47,9,1.5134264E7,6666666.0,3.5605260795540166
0,47,10,1.1361191E7,6666666.0,2.3151516357980353
0,47,11,1.2034395E7,6666666.0,2.565155645439616
0,47,12,1.0994575E7,6666666.0,2.1726974866741795
0,47,13,9853047.0,6666666.0,1.696618569070489
0,47,14,1.0580981E7,6666666.0,2.0061723702136556
0,48,0,1.0448212E7,6250000.0,2.231619587515557
0,48,1,9384315.0,6250000.0,1.7652255981814704
0,48,2,9690490.0,6250000.0,1.9046572037911667
0,48,3,1.0584037E7,6250000.0,2.2877133205794524
0,48,4,9509645.0,6250000.0,1.8228428745677216
0,48,5,1.1358061E7,6250000.0,2.5942417944677567
0,48,6,1.060937E7,6250000.0,2.298095782776248
0,48,7,9221244.0,6250000.0,1.689094965394421
0,48,8,1.0393472E7,6250000.0,2.2088063305782373
0,48,9,1.0619318E7,6250000.0,2.3021660878485335
0,48,10,9325851.0,6250000.0,1.738084550659766
0,48,11,1.562578E7,6250000.0,3.979616881114599
0,48,12,1.0317713E7,6250000.0,2.1770342592089085
0,48,13,8968340.0,6250000.0,1.56832047154174
0,48,14,9686968.0,6250000.0,1.9030784774359275
0,48,15,1.0559814E7,6250000.0,2.277762512812706
0,49,0,9201025.0,5555555.0,2.191087592530869
0,49,1,9711630.0,5555555.0,2.4256467654531426
0,49,2,1.0937649E7,5555555.0,2.941965308545127
0,49,3,9122701.0,5555555.0,2.1539598946274925
0,49,4,1.0393952E7,5555555.0,2.720532554218229
0,49,5,1.0584911E7,5555555.0,2.799597592706732
0,49,6,9471210.0,5555555.0,2.3167801462727877
0,49,7,1.0369719E7,5555555.0,2.710395365126476
0,49,8,1.0535127E7,5555555.0,2.77912323889002
0,49,9,9579756.0,5555555.0,2.366269961078464
0,49,10,9301163.0,5555555.0,2.238098038505333
0,49,11,1.089467E7,5555555.0,2.924866285166327
0,49,12,9904968.0,5555555.0,2.511256253335343
0,49,13,9165345.0,5555555.0,2.1742136576075257
0,49,14,1.160277E7,5555555.0,3.1983423190658815
0,49,15,9973601.0,5555555.0,2.541245385466036
0,49,16,9119882.0,5555555.0,2.1526176766376057
0,49,17,1.0097228E7,5555555.0,2.5947471147008945
0,50,0,1.0187907E7,4545454.0,3.5050770480321547
0,50,1,9249945.0,4545454.0,3.0856188337738866
0,50,2,9753237.0,4545454.0,3.3157151047453466
0,50,3,1.0529451E7,4545454.0,3.6482846082899734
0,50,4,9372813.0,4545454.0,3.1429268530167027
0,50,5,9729824.0,4545454.0,3.3052771744843517
0,50,6,1.0728604E7,4545454.0,3.72965948422686
0,50,7,9233780.0,4545454.0,3.0780225596572848
0,50,8,1.0473481E7,4545454.0,3.625137821267787
0,50,9,9928481.0,4545454.0,3.3930554197874274
0,50,10,8572684.0,4545454.0,2.7553954831415712
0,50,11,8489960.0,4545454.0,2.7132837703071075
0,50,12,9316686.0,4545454.0,3.1168419165871026
0,50,13,1.190995E7,4545454.0,4.183326711818967
0,50,14,1.3568194E7,4545454.0,4.749447774998876
0,50,15,1.2260348E7,4545454.0,4.30925530390316
0,50,16,9722294.0,4545454.0,3.301914828428175
0,50,17,1.0300885E7,4545454.0,3.5529727163352325
0,50,18,1.0983597E7,4545454.0,3.831673227264228
0,50,19,9223587.0,4545454.0,3.0732258147000464
0,50,20,1.0526577E7,4545454.0,3.6470990453255423
0,50,21,1.0843412E7,4545454.0,3.7758869222602005
0,51,0,9170695.0,4166666.0,3.426135610702091
0,51,1,9458794.0,4166666.0,3.560470784109331
0,51,2,1.0617633E7,4166666.0,4.062390210125476
0,51,3,9793705.0,4166666.0,3.7115832952482513
0,51,4,9221874.0,4166666.0,3.450304952848338
0,51,5,1.1672113E7,4166666.0,4.47360794593968
0,51,6,9749015.0,4166666.0,3.691720498024442
0,51,7,9254044.0,4166666.0,3.4654287129796195
0,51,8,1.2171569E7,4166666.0,4.655578766203383
0,51,9,9934814.0,4166666.0,3.7737105184136177
0,51,10,9131745.0,4166666.0,3.4076508670208567
0,51,11,1.1723497E7,4166666.0,4.492684878355921
0,51,12,1.0267586E7,4166666.0,3.916796603352321
0,51,13,9191306.0,4166666.0,3.4358853621871557
0,51,14,1.0645522E7,4166666.0,4.073782729957414
0,51,15,9999560.0,4166666.0,3.801922018211155
0,51,16,9142460.0,4166666.0,3.4127438009207256
0,51,17,1.0112432E7,4166666.0,3.8506692546068293
0,51,18,1.0469453E7,4166666.0,4.001353027832638
0,51,19,9259111.0,4166666.0,3.46780601732861
0,51,20,1.0735141E7,4166666.0,4.110190642206282
0,51,21,1.0323303E7,4166666.0,3.9402998573459644
0,51,22,9015913.0,4166666.0,3.3522102348675404
0,51,23,9851566.0,4166666.0,3.7371658241727523
0,52,0,1.0396982E7,4000000.0,4.148473007630466
0,52,1,9175402.0,4000000.0,3.6056510966778426
0,52,2,9674456.0,4000000.0,3.8356656243115825
0,52,3,1.0716988E7,4000000.0,4.280127530976562
0,52,4,9959538.0,4000000.0,3.9617920164349996
0,52,5,9979408.0,4000000.0,3.9704478743845995
0,52,6,1.1112388E7,4000000.0,4.437474054870146
0,52,7,9509539.0,4000000.0,3.7609947254857596
0,52,8,1.0522581E7,4000000.0,4.2006228618714525
0,52,9,1.0976114E7,4000000.0,4.383886177229273
0,52,10,9317419.0,4000000.0,3.672356346210228
0,52,11,1.7156816E7,4000000.0,6.323767023284655
0,52,12,1.2580802E7,4000000.0,4.976483360350569
0,52,13,1.3159246E7,4000000.0,5.1717101440738
0,52,14,1.3381885E7,4000000.0,5.244573020319181
0,52,15,1.4898879E7,4000000.0,5.710936017535086
0,52,16,1.2046576E7,4000000.0,4.788036335402209
0,52,17,9097149.0,4000000.0,3.5684531664518886
0,52,18,8175378.0,4000000.0,3.104478506794611
0,52,19,9340985.0,4000000.0,3.6833268335066793
0,52,20,9588868.0,4000000.0,3.7970734885926034
0,52,21,8310016.0,4000000.0,3.175418686420717
0,52,22,9131675.0,4000000.0,3.584904550493346
0,52,23,9920168.0,4000000.0,3.944590357511304
0,52,24,8386273.0,4000000.0,3.2150900464368264
0,53,0,8523318.0,4166666.0,3.108200032162294
0,53,1,1.1549087E7,4166666.0,4.427589641252101
0,53,2,9125695.0,4166666.0,3.4047726083912933
0,53,3,9358844.0,4166666.0,3.514335193998736
0,53,4,1.110609E7,4166666.0,4.257724997252457
0,53,5,1.0199827E7,4166666.0,3.88804116923143
0,53,6,9581945.0,4166666.0,3.616649848941951
0,53,7,1.1667625E7,4166666.0,4.47193773553817
0,53,8,1.0083828E7,4166666.0,3.8383674049905614
0,53,9,9178015.0,4166666.0,3.4296007434293303
0,53,10,1.0115399E7,4166666.0,3.8519432930710105
0,53,11,1.0180967E7,4166666.0,3.8800034094987086
0,53,12,9093182.0,4166666.0,3.38927194775257
0,53,13,9670536.0,4166666.0,3.65661857193942
0,53,14,1.0422044E7,4166666.0,3.9816421354672933
0,53,15,9209088.0,4166666.0,3.4442793421000806
0,53,16,9732547.0,4166666.0,3.684378208703424
0,53,17,1.0733494E7,4166666.0,4.109524290560639
0,53,18,9308370.0,4166666.0,3.490849490025739
0,53,19,2.222988E7,4166666.0,7.271484295217188
0,53,20,1.0185546E7,4166666.0,3.881956256769268
0,53,21,1.726087E7,4166666.0,6.172739928836584
0,53,22,9650711.0,4166666.0,3.647706216411539
0,53,23,9111645.0,4166666.0,3.3980810199492146
0,54,0,1.1976807E7,4761904.0,4.005604154036552
0,54,1,9895739.0,4761904.0,3.1766759648129597
0,54,2,9657547.0,4761904.0,3.0708619460673043
0,54,3,1.0803534E7,4761904.0,3.55785207267623
0,54,4,1.0145238E7,4761904.0,3.2848160394666923
0,54,5,9188869.0,4761904.0,2.854814243246338
0,54,6,1.0938355E7,4761904.0,3.611713783446145
0,54,7,1.0040009E7,4761904.0,3.2395346633767055
0,54,8,8320925.0,4761904.0,2.423909717697097
0,54,9,8807162.0,4761904.0,2.6705534910280693
0,54,10,9673468.0,4761904.0,3.078015635627591
0,54,11,8384811.0,4761904.0,2.4571264194643043
0,54,12,8482752.0,4761904.0,2.507561344637858
0,54,13,1.4607288E7,4761904.0,4.86788956201582
0,54,14,1.105899E7,4761904.0,3.65934829575242
0,54,15,1.2627465E7,4761904.0,4.235355376574242
0,54,16,1.041824E7,4761904.0,3.4001372206672125
0,54,17,9454867.0,4761904.0,2.978747882987319
0,54,18,9643532.0,4761904.0,3.064554901540294
0,54,19,1.0681078E7,4761904.0,3.50834450792365
0,54,20,9114524.0,4761904.0,2.8195335706159175
0,55,0,1.0480255E7,5555555.0,2.7564439833175998
0,55,1,1.070355E7,5555555.0,2.848003906768894
0,55,2,9323796.0,5555555.0,2.2486531133887597
0,55,3,1.0501556E7,5555555.0,2.7652620114060165
0,55,4,1.0577532E7,5555555.0,2.796568964006502
0,55,5,9594347.0,5555555.0,2.3728797013188547
0,55,6,1.0360469E7,5555555.0,2.7065196412553574
0,55,7,1.0745857E7,5555555.0,2.8651360544995286
0,55,8,9804720.0,5555555.0,2.467077442732999
0,55,9,9259282.0,5555555.0,2.2184985967174446
0,55,10,1.1847669E7,5555555.0,3.2890546090263073
0,55,11,9680189.0,5555555.0,2.4115638526839973
0,55,12,9414453.0,5555555.0,2.290676401735107
0,55,13,1.1938679E7,5555555.0,3.322288238395752
0,55,14,1.0007001E7,5555555.0,2.555764917166356
0,55,15,9254836.0,5555555.0,2.2164127578957866
0,55,16,1.0646312E7,5555555.0,2.824717379566482
0,55,17,9982693.0,5555555.0,2.54520263895475
0,56,0,9154816.0,6250000.0,1.6576960262212606
0,56,1,1.1386206E7,6250000.0,2.6049901948732628
0,56,2,9878489.0,6250000.0,1.9881050324084348
0,56,3,9094920.0,6250000.0,1.629188659662181
0,56,4,1.0069739E7,6250000.0,2.0713819677173264
0,56,5,1.0079794E7,6250000.0,2.0757163921211212
0,56,6,9092680.0,6250000.0,1.6281188982374941
0,56,7,9833272.0,6250000.0,1.9681803508615812
0,56,8,1.0596266E7,6250000.0,2.2927283459163017
0,56,9,9204483.0,6250000.0,1.68119382605924
0,56,10,9734675.0,6250000.0,1.9244143948139236
0,56,11,1.0754826E7,6250000.0,2.3572337107990444
0,56,12,9303467.0,6250000.0,1.7276480415388589
0,56,13,1.0202234E7,6250000.0,2.128152630100141
0,56,14,1.0922911E7,6250000.0,2.42458377687691
0,56,15,9957861.0,6250000.0,2.022860423987087
0,57,0,1.0554055E7,6666666.0,1.9951065555669567
0,57,1,1.0912778E7,6666666.0,2.1402662287143817
0,57,2,1.2679354E7,6666666.0,2.7918842973887683
0,57,3,1.1603102E7,6666666.0,2.406654125213186
0,57,4,1.1604022E7,6666666.0,2.4069984599300254
0,57,5,9064794.0,6666666.0,1.3344924156422455
0,57,6,1.0075767E7,6666666.0,1.7936941845845988
0,57,7,1.0288849E7,6666666.0,1.8845809601260897
0,57,8,9269386.0,6666666.0,1.4314227010931504
0,57,9,9633732.0,6666666.0,1.5988586302903676
0,57,10,1.0926733E7,6666666.0,2.1458163349597044
0,57,11,9048965.0,6666666.0,1.3269021091752995
0,57,12,1.0151419E7,6666666.0,1.8261805614284412
0,57,13,1.0740618E7,6666666.0,2.0712057325911184
0,57,14,9391381.0,6666666.0,1.4882076233164985
0,58,0,1.1367755E7,6250000.0,2.5979468767960823
0,58,1,1.054041E7,6250000.0,2.2697748701200093
0,58,2,9427521.0,6250000.0,1.785174911346923
0,58,3,1.1350008E7,6250000.0,2.591161502956065
0,58,4,1.0719804E7,6250000.0,2.3430682748127416
0,58,5,9320819.0,6250000.0,1.7357405719375736
0,58,6,1.0284176E7,6250000.0,2.1628948306303353
0,58,7,1.0589307E7,6250000.0,2.28987521996284
0,58,8,9109719.0,6250000.0,1.6362496351129632
0,58,9,8565147.0,6250000.0,1.3685480363416112
0,58,10,1.13348E7,6250000.0,2.585338441574836
0,58,11,9314145.0,6250000.0,1.7326297728009088
0,58,12,9211518.0,6250000.0,1.6845118773873278
0,58,13,1.0069886E7,6250000.0,2.0714453664040855
0,58,14,1.0097362E7,6250000.0,2.083279090636304
0,58,15,9169598.0,6250000.0,1.6647027904474099
0,59,0,1.0577051E7,5263157.0,3.0311827320493028
0,59,1,1.0750802E7,5263157.0,3.1019453821429592
0,59,2,9170677.0,5263157.0,2.4115507223170454
0,59,3,9506847.0,5263157.0,2.5679017935969335
0,59,4,1.1044527E7,5263157.0,3.2190079601446775
0,59,5,9320914.0,5263157.0,2.4821217573063286
0,59,6,1.0231103E7,5263157.0,2.8867613166133568
0,59,7,1.1059172E7,5263157.0,3.224762873490317
0,59,8,9282053.0,5263157.0,2.463977186700266
0,59,9,1.0277023E7,5263157.0,2.906210032637114
0,59,10,1.0877092E7,5263157.0,3.152664766560116
0,59,11,9342990.0,5263157.0,2.492395587962176
0,59,12,1.0387366E7,5263157.0,2.9525910908784985
0,59,13,1.0800528E7,5263157.0,3.1219866192552588
0,59,14,9575005.0,5263157.0,2.598926842091285
0,59,15,1.1511712E7,5263157.0,3.39893590668416
0,59,16,1.081514E7,5263157.0,3.127858204566606
0,59,17,9420165.0,5263157.0,2.5281218457810346
0,59,18,1.1198715E7,5263157.0,3.2792186705791027
0,60,0,1.0933841E7,4545454.0,3.811954870253058
0,60,1,8583127.0,4545454.0,2.7606827153623987
0,60,2,8416013.0,4545454.0,2.675291305913061
0,60,3,1.163741E7,4545454.0,4.082790682455704
0,60,4,1.0009522E7,4545454.0,3.4283607138399685
0,60,5,1.3607159E7,4545454.0,4.761901924966412
0,60,6,1.403338E7,4545454.0,4.895850182608303
0,60,7,1.1218956E7,4545454.0,3.9237517768883183
0,60,8,1.0663762E7,4545454.0,3.703331766164059
0,60,9,1.0242544E7,4545454.0,3.5283057121234
0,60,10,9265507.0,4545454.0,3.0929192143628352
0,60,11,9890524.0,4545454.0,3.376420340675954
0,60,12,1.0298195E7,4545454.0,3.551838440277311
0,60,13,9034165.0,4545454.0,2.9831075119027743
0,60,14,9717715.0,4545454.0,3.2998689091393385
0,60,15,1.0613382E7,4545454.0,3.682765287046526
0,60,16,9194588.0,4545454.0,3.059550066600607
0,60,17,1.0347224E7,4545454.0,3.5724658387160364
0,60,18,1.0761754E7,4545454.0,3.7430579334235317
0,60,19,9244663.0,4545454.0,3.083138171825515
0,60,20,9584538.0,4545454.0,3.239939165171635
0,60,21,1.0429913E7,4545454.0,3.6070341875837246
0,61,0,9765320.0,4166666.0,3.6989779046183986
0,61,1,9291668.0,4166666.0,3.4830499485556325
0,61,2,1.0930957E7,4166666.0,4.188694970848444
0,61,3,1.0056358E7,4166666.0,3.826520367613794
0,61,4,9046489.0,4166666.0,3.3669137064906742
0,61,5,1.223358E7,4166666.0,4.677648775343328
0,61,6,9737726.0,4166666.0,3.6866886140837933
0,61,7,9034646.0,4166666.0,3.3612245168632486
0,61,8,1.0385169E7,4166666.0,3.96624879491151
0,61,9,1.0292201E7,4166666.0,3.927195703089836
0,61,10,9155875.0,4166666.0,3.419111660639677
0,61,11,1.0263661E7,4166666.0,3.9151361042484565
0,61,12,1.0019753E7,4166666.0,3.8106832693562422
0,61,13,9141921.0,4166666.0,3.4124877520823063
0,61,14,9664580.0,4166666.0,3.653942965528752
0,61,15,1.0615397E7,4166666.0,4.061475519697285
0,61,16,9413457.0,4166666.0,3.5396045431897494
0,61,17,1.063493E7,4166666.0,4.069459468842293
0,61,18,1.0896066E7,4166666.0,4.17481036397853
0,61,19,9610183.0,4166666.0,3.6294296891238136
0,61,20,1.0566032E7,4166666.0,4.0412323284421445
0,61,21,1.0864681E7,4166666.0,4.162282906381937
0,61,22,9410889.0,4166666.0,3.538419622091884
0,61,23,1.0399554E7,4166666.0,3.972260255463241
0,62,0,1.053881E7,4000000.0,4.207315835323943
0,62,1,9316835.0,4000000.0,3.6720841292730606
0,62,2,1.1333535E7,4000000.0,4.523053988129801
0,62,3,1.2369036E7,4000000.0,4.90275862206204
0,62,4,1.2455228E7,4000000.0,4.932916906236932
0,62,5,1.120203E7,4000000.0,4.472367400842999
0,62,6,1.0505837E7,4000000.0,4.193706670323591
0,62,7,9376643.0,4000000.0,3.6998738995877307
0,62,8,9535985.0,4000000.0,3.7730556792827095
0,62,9,1.0713386E7,4000000.0,4.278667613628832
0,62,10,9395048.0,4000000.0,3.708390119571056
0,62,11,9607807.0,4000000.0,3.8056427912050186
0,62,12,1.0793443E7,4000000.0,4.311000110367672
0,62,13,9421606.0,4000000.0,3.720649472917575
0,62,14,1.0164424E7,4000000.0,4.050227816402589
0,62,15,1.0780955E7,4000000.0,4.305972419587409
0,62,16,9378154.0,4000000.0,3.7005736874484856
0,62,17,9463174.0,4000000.0,3.7397683423765544
0,62,18,1.0794382E7,4000000.0,4.311377918246665
0,62,19,1.1361955E7,4000000.0,4.533930735560351
0,62,20,1.1457565E7,4000000.0,4.570323383952114
0,62,21,1.0949338E7,4000000.0,4.373278710775721
0,62,22,9469728.0,4000000.0,3.742775135680709
0,62,23,1.0251167E7,4000000.0,4.087133172648664
0,62,24,1.0994279E7,4000000.0,4.391067624608366
0,63,0,9415939.0,4166666.0,3.5407494751995996
0,63,1,1.0430751E7,4166666.0,3.985268893677583
0,63,2,1.0581256E7,4166666.0,4.047485329143407
0,63,3,9772297.0,4166666.0,3.7020796879413513
0,63,4,9097768.0,4166666.0,3.3914616899443772
0,63,5,1.103811E7,4166666.0,4.231060288999766
0,63,6,9950962.0,4166666.0,3.7807637898929314
0,63,7,9193057.0,4166666.0,3.436712640934983
0,63,8,1.2193593E7,4166666.0,4.663430061650932
0,63,9,9903223.0,4166666.0,3.7598786976794454
0,63,10,9144393.0,4166666.0,3.4136619372852985
0,63,11,1.2137043E7,4166666.0,4.6432420179225575
0,63,12,9604163.0,4166666.0,3.626708334083571
0,63,13,9350713.0,4166666.0,3.5105603866586472
0,63,14,1.1831553E7,4166666.0,4.53253064707806
0,63,15,9866152.0,4166666.0,3.743591132079591
0,63,16,9677985.0,4166666.0,3.659962558547522
0,63,17,1.2253907E7,4166666.0,4.684858911656054
0,63,18,9864816.0,4166666.0,3.7430030033788504
0,63,19,9039055.0,4166666.0,3.3633434015440278
0,63,20,1.0223081E7,4166666.0,3.8979311302952953
0,63,21,1.2992286E7,4166666.0,4.93896883352503
0,63,22,1.1205379E7,4166666.0,4.29637861478556
0,63,23,1.038187E7,4166666.0,3.964868976144038
0,64,0,9488097.0,4761904.0,2.9939848020217017
0,64,1,9176675.0,4761904.0,2.8490471527746015
0,64,2,1.1110603E7,4761904.0,3.6795699404094027
0,64,3,9746009.0,4761904.0,3.1104617231788074
0,64,4,9133905.0,4761904.0,2.82875854501621
0,64,5,1.0341825E7,4761904.0,3.368165487712524
0,64,6,1.0067186E7,4761904.0,3.251274568740903
0,64,7,1.1802866E7,4761904.0,3.9420684075207006
0,64,8,1.424528E7,4761904.0,4.7589035421351475
0,64,9,1.0481716E7,4761904.0,3.4265175262484435
0,64,10,1.1753381E7,4761904.0,3.9238217878019546
0,64,11,1.0845733E7,4761904.0,3.574782730007322
0,64,12,9163182.0,4761904.0,2.8426567687038675
0,64,13,1.0115658E7,4761904.0,3.2721350209155213
0,64,14,1.0592751E7,4761904.0,3.472281278191059
0,64,15,9211210.0,4761904.0,2.865360478170822
0,64,16,1.0481016E7,4761904.0,3.4262274818616287
0,64,17,1.0846932E7,4761904.0,3.5752628177091617
0,64,18,9356190.0,4761904.0,2.9331839684444567
0,64,19,1.1388015E7,4761904.0,3.7866739473784023
0,64,20,1.1109798E7,4761904.0,3.679255268268171
0,65,0,9554830.0,5555555.0,2.3549551300398552
0,65,1,1.0371953E7,5555555.0,2.7113308865023065
0,65,2,1.0550407E7,5555555.0,2.7854176214227095
0,65,3,9496454.0,5555555.0,2.328340174301792
0,65,4,9299004.0,5555555.0,2.23708983057834
0,65,5,1.0716571E7,5555555.0,2.8532839415039097
0,65,6,1.0358039E7,5555555.0,2.7055009041958513
0,65,7,1.2246701E7,5555555.0,3.432916633187826
0,65,8,1.0567168E7,5555555.0,2.7923116055470363
0,65,9,9293447.0,5555555.0,2.2344937505802798
0,65,10,9386703.0,5555555.0,2.2778562532034585
0,65,11,1.0981523E7,5555555.0,2.9593512404097764
0,65,12,1.012105E7,5555555.0,2.604981188973105
0,65,13,1.1927326E7,5555555.0,3.318156381702555
0,65,14,1.0575375E7,5555555.0,2.795683248203268
0,65,15,9367660.0,5555555.0,2.2690366812871527
0,65,16,1.1413281E7,5555555.0,3.1268305845167976
0,65,17,1.0641944E7,5555555.0,2.822935177845895
0,66,0,9429772.0,6250000.0,1.786211748270874
0,66,1,1.0100765E7,6250000.0,2.084742497749153
0,66,2,1.0629016E7,6250000.0,2.306130434585509
0,66,3,9502658.0,6250000.0,1.8196508197370544
0,66,4,9390085.0,6250000.0,1.7678950621744378
0,66,5,1.1278433E7,6250000.0,2.5636874660047697
0,66,6,9980545.0,6250000.0,2.032742397779784
0,66,7,9322447.0,6250000.0,1.7364990564416682
0,66,8,1.0286526E7,6250000.0,2.163887107935128
0,66,9,1.0181243E7,6250000.0,2.119207857142878
0,66,10,9454146.0,6250000.0,1.7974228746698735
0,66,11,1.5822166E7,6250000.0,4.033859193053709
0,66,12,1.2124758E7,6250000.0,2.8779306186313653
0,66,13,1.1192899E7,6250000.0,2.530625675438553
0,66,14,1.0368099E7,6250000.0,2.198191180717598
0,66,15,9482962.0,6250000.0,1.8106399291954554
0,67,0,1.0511657E7,6666666.0,1.9776248371171703
0,67,1,1.0694273E7,6666666.0,2.0524256892237607
0,67,2,9259866.0,6666666.0,1.4269600451462015
0,67,3,1.0400479E7,6666666.0,1.931446439249077
0,67,4,1.0729995E7,6666666.0,2.066908220770925
0,67,5,9388476.0,6666666.0,1.4868640289749744
0,67,6,1.1349652E7,6666666.0,2.310738479969426
0,67,7,1.0684938E7,6666666.0,2.0486330897249183
0,67,8,9290322.0,6666666.0,1.4412206926668378
0,67,9,1.0135472E7,6666666.0,1.8193528069643365
0,67,10,1.0329921E7,6666666.0,1.9018830266929587
0,67,11,9663586.0,6666666.0,1.6122961844691133
0,67,12,9131113.0,6666666.0,1.3661501981110227
0,67,13,1.169964E7,6666666.0,2.4426380111857036
0,67,14,9892692.0,6666666.0,1.7140579040791726
0,68,0,9206265.0,6250000.0,1.6820345445017157
0,68,1,1.1787415E7,6250000.0,2.755385566800743
0,68,2,1.0070204E7,6250000.0,2.0715825114170987
0,68,3,9311342.0,6250000.0,1.7313226097270362
0,68,4,1.133283E7,6250000.0,2.584583567658592
0,68,5,1.0002519E7,6250000.0,2.0422936765945336
0,68,6,9102099.0,6250000.0,1.632615375045989
0,68,7,1.0083166E7,6250000.0,2.077168997300748
0,68,8,1.0366938E7,6250000.0,2.1977048387891833
0,68,9,9161370.0,6250000.0,1.6608040599089249
0,68,10,9663231.0,6250000.0,1.8924234414976568
0,68,11,1.0567276E7,6250000.0,2.2808303329040855
0,68,12,9159355.0,6250000.0,1.659848744674878
0,68,13,9766741.0,6250000.0,1.9386965365900375
0,68,14,1.0693731E7,6250000.0,2.3324923791258017
0,68,15,9438965.0,6250000.0,1.790443583701127
0,69,0,1.0330639E7,5263157.0,2.928808603481094
0,69,1,1.0954465E7,5263157.0,3.1834484689217417
0,69,2,9295033.0,5263157.0,2.4700461076197775
0,69,3,1.0492691E7,5263157.0,2.9964055826481046
0,69,4,1.0566291E7,5263157.0,3.0267624194717597
0,69,5,9564884.0,5263157.0,2.5943338218694523
0,69,6,9266342.0,5263157.0,2.4566199978578207
0,69,7,1.0983476E7,5263157.0,3.1949348017174732
0,69,8,9736999.0,5263157.0,2.6717880018670432
0,69,9,9192922.0,5263157.0,2.4220725001835826
0,69,10,9974606.0,5263157.0,2.776494247150851
0,69,11,1.0320588E7,5263157.0,2.924581160547775
0,69,12,9021645.0,5263157.0,2.340394084762664
0,69,13,8984984.0,5263157.0,2.3227098285917553
0,69,14,9678833.0,5263157.0,2.6457667132543317
0,69,15,9154423.0,5263157.0,2.403846508577369
0,69,16,1.0197924E7,5263157.0,2.872654458480042
0,69,17,1.0562751E7,5263157.0,3.0253071689399818
0,69,18,1.5449691E7,5263157.0,4.676734725672525
0,70,0,1.0029043E7,4545454.0,3.4368222631206624
0,70,1,1.0602305E7,4545454.0,3.6782302650006438
0,70,2,8561627.0,4545454.0,2.7497903616365766
0,70,3,8827077.0,4545454.0,2.882396479614158
0,70,4,9969104.0,4545454.0,3.4107885962009385
0,70,5,8584204.0,4545454.0,2.761227628439013
0,70,6,8464525.0,4545454.0,2.7002532495522007
0,70,7,1.0056439E7,4545454.0,3.448669565569857
0,70,8,9390740.0,4545454.0,3.151225494053429
0,70,9,8292059.0,4545454.0,2.610851164803634
0,70,10,1.0393625E7,4545454.0,3.5918977644529755
0,70,11,9672322.0,4545454.0,3.279534790714251
0,70,12,8274354.0,4545454.0,2.6015683022677565
0,70,13,9491338.0,4545454.0,3.1975017245196606
0,70,14,1.0167728E7,4545454.0,3.4964665269444466
0,70,15,8749999.0,4545454.0,2.8443073632620255
0,70,16,8235120.0,4545454.0,2.5809266491425182
0,70,17,1.0576546E7,4545454.0,3.6676659552790087
0,70,18,9194361.0,4545454.0,3.05944284476058
0,70,19,8293920.0,4545454.0,2.6118257494624157
0,70,20,8636097.0,4545454.0,2.7874024459049562
0,70,21,1.0750755E7,4545454.0,3.7386169773056825
0,71,0,9264570.0,4166666.0,3.470365782469616
0,71,1,1.0419616E7,4166666.0,3.9806302515704903
0,71,2,1.0774976E7,4166666.0,4.126276226923634
0,71,3,9490814.0,4166666.0,3.5751477342031213
0,71,4,1.0263314E7,4166666.0,3.914989272886081
0,71,5,1.038292E7,4166666.0,3.9653081900309948
0,71,6,9809985.0,4166666.0,3.7187965451932863
0,71,7,9157856.0,4166666.0,3.4200512150887468
0,71,8,1.1260984E7,4166666.0,4.317876526109144
0,71,9,9929966.0,4166666.0,3.7715907268125344
0,71,10,9082068.0,4166666.0,3.383960604609031
0,71,11,1.0299512E7,4166666.0,3.9302795913419795
0,71,12,1.0164671E7,4166666.0,3.8730463758676867
0,71,13,9275970.0,4166666.0,3.4757064658775674
0,71,14,1.1212153E7,4166666.0,4.299003266696355
0,71,15,1.0099255E7,4166666.0,3.845006492068672
0,71,16,9193337.0,4166666.0,3.436844915327604
0,71,17,9729416.0,4166666.0,3.6829808408895297
0,71,18,1.0631199E7,4166666.0,4.067935587623849
0,71,19,9222389.0,4166666.0,3.4505474799238174
0,71,20,1.0149684E7,4166666.0,3.866638323452386
0,71,21,1.0724487E7,4166666.0,4.10587838312113
0,71,22,9271315.0,4166666.0,3.473526480121476
0,71,23,1.3969855E7,4166666.0,5.254032095801485
0,72,0,1.1027505E7,4000000.0,4.404172720367349
0,72,1,1.0163073E7,4000000.0,4.049650537413527
0,72,2,9442822.0,4000000.0,3.730418118553521
0,72,3,1.0274932E7,4000000.0,4.097189650476391
0,72,4,9028941.0,4000000.0,3.5357682378874946
0,72,5,9546683.0,4000000.0,3.7779251061931776
0,72,6,1.0468091E7,4000000.0,4.178074980149358
0,72,7,9284529.0,4000000.0,3.6569988574198624
0,72,8,1.0112161E7,4000000.0,4.027839842518584
0,72,9,1.0657137E7,4000000.0,4.255805574430682
0,72,10,9463042.0,4000000.0,3.7397077630493265
0,72,11,1.1704414E7,4000000.0,4.662896836088093
0,72,12,1.0690547E7,4000000.0,4.269399358643461
0,72,13,9535298.0,4000000.0,3.772742789678799
0,72,14,1.0789042E7,4000000.0,4.309228924110531
0,72,15,1.1654144E7,4000000.0,4.644203886539899
0,72,16,9477675.0,4000000.0,3.746418208507172
0,72,17,1.0779231E7,4000000.0,4.305277876703226
0,72,18,1.0615935E7,4000000.0,4.238982594074912
0,72,19,9389931.0,4000000.0,3.7060240962511855
0,72,20,1.0878168E7,4000000.0,4.344957703500828
0,72,21,1.083034E7,4000000.0,4.3258209944380805
0,72,22,9504566.0,4000000.0,3.7587229945704728
0,72,23,1.0788733E7,4000000.0,4.309104539650209
0,72,24,1.0705731E7,4000000.0,4.2755633545685585
0,73,0,9446541.0,4166666.0,3.554841250401652
0,73,1,1.0871652E7,4166666.0,4.165068534424296
0,73,2,1.0734174E7,4166666.0,4.109799420814929
0,73,3,9372429.0,4166666.0,3.5206347034566363
0,73,4,1.0618636E7,4166666.0,4.062800449198708
0,73,5,1.0698011E7,4166666.0,4.0951435131192815
0,73,6,9502463.0,4166666.0,3.580474984528635
0,73,7,9427400.0,4166666.0,3.5460324557487226
0,73,8,1.0375143E7,4166666.0,3.962054024800081
0,73,9,9596461.0,4166666.0,3.6232241386959343
0,73,10,9087267.0,4166666.0,3.386445997798202
0,73,11,1.0120777E7,4166666.0,3.8542516696918345
0,73,12,1.0400045E7,4166666.0,3.9724652965225946
0,73,13,9128997.0,4166666.0,3.406343755573491
0,73,14,9712278.0,4166666.0,3.6753241616323438
0,73,15,1.1011505E7,4166666.0,4.220579915262354
0,73,16,1.190225E7,4166666.0,4.558403793321929
0,73,17,1.018495E7,4166666.0,3.881702124998212
0,73,18,1.0198492E7,4166666.0,3.8874727075516526
0,73,19,9173133.0,4166666.0,3.4272900152823285
0,73,20,9653387.0,4166666.0,3.648910284108477
0,73,21,1.0654632E7,4166666.0,4.077497654245174
0,73,22,8362363.0,4166666.0,3.0254032701719153
0,73,23,1.0382559E7,4166666.0,3.96515718912417
0,74,0,1.078667E7,4761904.0,3.5510675664878812
0,74,1,1.0422365E7,4761904.0,3.4018564267663107
0,74,2,2.2095222E7,4761904.0,6.665177336808218
0,74,3,1.3110318E7,4761904.0,4.398325901575265
0,74,4,1.3903026E7,4761904.0,4.653286991568963
0,74,5,9993414.0,4761904.0,3.219332436454094
0,74,6,9122296.0,4761904.0,2.8232352432953616
0,74,7,1.0082864E7,4761904.0,3.2580327358534085
0,74,8,2.3030203E7,4761904.0,6.8451713029605346
0,74,9,2.7034345E7,4761904.0,7.5413521598244815
0,74,10,1.3738935E7,4761904.0,4.601724330763444
0,74,11,1.2040003E7,4761904.0,4.02845959355745
0,74,12,9846817.0,4761904.0,3.1551523098902856
0,74,13,1.23605E7,4761904.0,4.142554031655003
0,74,14,9504467.0,4761904.0,3.0014713135103888
0,74,15,9779642.0,4761904.0,3.125423212305001
0,74,16,1.0948661E7,4761904.0,3.6158037327213592
0,74,17,9896836.0,4761904.0,3.177157378724122
0,74,18,9324338.0,4761904.0,2.9183737219209407
0,74,19,1.1660212E7,4761904.0,3.889258108355613
0,74,20,1.0064884E7,4761904.0,3.250281381352125
0,75,0,8816112.0,5555555.0,2.0054964735818452
0,75,1,1.1732915E7,5555555.0,3.2467847293635907
0,75,2,1.0136295E7,5555555.0,2.6115179001033444
0,75,3,9366565.0,5555555.0,2.268528998201009
0,75,4,1.0153904E7,5555555.0,2.6190560158722493
0,75,5,1.0277456E7,5555555.0,2.671581746810223
0,75,6,9106564.0,5555555.0,2.1462709264929325
0,75,7,9837682.0,5555555.0,2.481653285493875
0,75,8,1.047804E7,5555555.0,2.755526005704443
0,75,9,9132545.0,5555555.0,2.1586436937877327
0,75,10,9739217.0,5555555.0,2.4379659101214193
0,75,11,1.0555766E7,5555555.0,2.7876230275648224
0,75,12,9521208.0,5555555.0,2.3396460137644817
0,75,13,9595274.0,5555555.0,2.373299293748572
0,75,14,1.0459128E7,5555555.0,2.7476802650813257
0,75,15,9624657.0,5555555.0,2.3865780976143958
0,75,16,9229012.0,5555555.0,2.204277592103735
0,75,17,1.1404091E7,5555555.0,3.1233322267703363
0,76,0,1.0093848E7,6250000.0,2.0817674320236543
0,76,1,9247917.0,6250000.0,1.7016390595948114
0,76,2,1.097612E7,6250000.0,2.445688291101595
0,76,3,1.3909951E7,6250000.0,3.4744558277974007
0,76,4,1.348712E7,6250000.0,3.340392042595524
0,76,5,1.1640834E7,6250000.0,2.701040788308553
0,76,6,1.1325177E7,6250000.0,2.581649809366085
0,76,7,1.2091876E7,6250000.0,2.8661366757322604
0,76,8,1.0033435E7,6250000.0,2.055696241661816
0,76,9,9105232.0,6250000.0,1.6341099868869366
0,76,10,1.2123093E7,6250000.0,2.8773341943845274
0,76,11,9792074.0,6250000.0,1.9499466949072632
0,76,12,9048525.0,6250000.0,1.6069777328999035
0,76,13,9996377.0,6250000.0,2.0396260925521794
0,76,14,1.0228594E7,6250000.0,2.139359233077977
0,76,15,9009089.0,6250000.0,1.5880085995285316
0,77,0,9908908.0,6666666.0,1.721170986752155
0,77,1,1.0044294E7,6666666.0,1.780107186635119
0,77,2,9127761.0,6666666.0,1.3645556253901705
0,77,3,9629731.0,6666666.0,1.5970545805750271
0,77,4,1.0981013E7,6666666.0,2.167337081745477
0,77,5,9154815.0,6666666.0,1.377408750124214
0,77,6,1.0345537E7,6666666.0,1.908443407526141
0,77,7,1.147675E7,6666666.0,2.359102239184812
0,77,8,9338711.0,6666666.0,1.4637823822060927
0,77,9,1.0085312E7,6666666.0,1.797806406097626
0,77,10,1.067268E7,6666666.0,2.0436479061302752
0,77,11,9432381.0,6666666.0,1.5071263728375688
0,77,12,1.0823621E7,6666666.0,2.1046387908186897
0,77,13,1.0940447E7,6666666.0,2.1512636905909983
0,77,14,9483783.0,6666666.0,1.5307291074143539
0,78,0,1.1360867E7,5882352.0,2.8586046651398385
0,78,1,1.0699959E7,5882352.0,2.5983110442837516
0,78,2,9184218.0,5882352.0,1.9349117461631269
0,78,3,1.12835E7,5882352.0,2.8289282410448138
0,78,4,1.0827957E7,5882352.0,2.6499551329635502
0,78,5,9308134.0,5882352.0,1.993116176332563
0,78,6,9801555.0,5882352.0,2.217439721034746
0,78,7,1.0622241E7,5882352.0,2.5666514143964636
0,78,8,9606840.0,5882352.0,2.1302954853950125
0,78,9,9077360.0,5882352.0,1.8840855038408226
0,78,10,1.0432554E7,5882352.0,2.4883963220901153
0,78,11,1.0104309E7,5882352.0,2.3495560978073775
0,78,12,9008367.0,5882352.0,1.8509506184825908
0,78,13,1.0099777E7,5882352.0,2.347607756640154
0,78,14,9893465.0,5882352.0,2.2579741257680848
0,78,15,9080917.0,5882352.0,1.885786970881874
0,78,16,9611199.0,5882352.0,2.1322656028238303
0,79,0,1.0395888E7,5263157.0,2.956152667696262
0,79,1,9159442.0,5263157.0,2.4062269171467694
0,79,2,1.0176696E7,5263157.0,2.863604761751729
0,79,3,1.0800168E7,5263157.0,3.121841859092438
0,79,4,8621392.0,5263157.0,2.143310669547312
0,79,5,9657101.0,5263157.0,2.636004483351436
0,79,6,9950907.0,5263157.0,2.7661634217614166
0,79,7,8710938.0,5263157.0,2.1881859744732135
0,79,8,8313291.0,5263157.0,1.9852665767650293
0,79,9,1.0064518E7,5263157.0,2.815466557012904
0,79,10,1.2713855E7,5263157.0,3.830309288288084
0,79,11,1.0172878E7,5263157.0,2.8619751096014063
0,79,12,1.0356512E7,5263157.0,2.939671875073204
0,79,13,9445977.0,5263157.0,2.5400055856166377
0,79,14,8330488.0,5263157.0,1.9942411790630543
0,79,15,8830057.0,5263157.0,2.247171818378802
0,79,16,9637368.0,5263157.0,2.6271211748764816
0,79,17,8339416.0,5263157.0,1.9988931332736652
0,79,18,1.0241108E7,5263157.0,2.8910062090066297
0,80,0,9977207.0,4545454.0,3.414317156825957
0,80,1,8573327.0,4545454.0,2.7557212164587774
0,80,2,8327356.0,4545454.0,2.6292986437027697
0,80,3,1.1237131E7,4545454.0,3.930781767404582
0,80,4,9084278.0,4545454.0,3.0071314910816223
0,80,5,8305117.0,4545454.0,2.617684879785987
0,80,6,9542643.0,4545454.0,3.220914096693028
0,80,7,9917260.0,4545454.0,3.3881443218337233
0,80,8,8439675.0,4545454.0,2.687484558162538
0,80,9,1.0464649E7,4545454.0,3.621473989691939
0,80,10,9992556.0,4545454.0,3.420993237373742
0,80,11,8865331.0,4545454.0,2.901176881920125
0,80,12,8326296.0,4545454.0,2.628745789408181
0,80,13,1.1722692E7,4545454.0,4.11450087494748
0,80,14,9125354.0,4545454.0,3.026724539854602
0,80,15,8276299.0,4545454.0,2.602589050840263
0,80,16,9655298.0,4545454.0,3.2718841527444065
0,80,17,9590823.0,4545454.0,3.242786090365384
0,80,18,8394772.0,4545454.0,2.664316382375195
0,80,19,1.0346579E7,4545454.0,3.572195110381648
0,80,20,9756005.0,4545454.0,3.316947471573309
0,80,21,8480162.0,4545454.0,2.708268817784647
0,81,0,8256424.0,4000000.0,3.1473199626574377
0,81,1,9357450.0,4000000.0,3.690975238833318
0,81,2,9436598.0,4000000.0,3.727554631271295
0,81,3,7850051.0,4000000.0,2.928124869391536
0,81,4,9409161.0,4000000.0,3.7149090847388333
0,81,5,9863151.0,4000000.0,3.9195569068186984
0,81,6,8570777.0,4000000.0,3.3096020416770218
0,81,7,8303422.0,4000000.0,3.1719711905272714
0,81,8,9526290.0,4000000.0,3.768638068724584
0,81,9,9503753.0,4000000.0,3.7583514925833663
0,81,10,9043884.0,4000000.0,3.5429499196909005
0,81,11,9707431.0,4000000.0,3.850443209546862
0,81,12,1.058578E7,4000000.0,4.226628726538645
0,81,13,9182512.0,4000000.0,3.609015132396415
0,81,14,1.0544483E7,4000000.0,4.20965299646409
0,81,15,1.5136182E7,4000000.0,5.77956349791099
0,81,16,1.5342936E7,4000000.0,5.838484821436448
0,81,17,1.1700339E7,4000000.0,4.66138453640124
0,81,18,1.0646314E7,4000000.0,4.251392796818234
0,81,19,1.0674303E7,4000000.0,4.262795351666186
0,81,20,1.1115379E7,4000000.0,4.4386428405634755
0,81,21,9088173.0,4000000.0,3.564165942298109
0,81,22,1.0543042E7,4000000.0,4.209059452793701
0,81,23,1.0701806E7,4000000.0,4.2739708258618965
0,81,24,9233314.0,4000000.0,3.6329761366280486
0,82,0,1.0184961E7,4000000.0,4.05899379021748
0,82,1,1.0993881E7,4000000.0,4.390910404355452
0,82,2,9496348.0,4000000.0,3.7549662992085295
0,82,3,9474343.0,4000000.0,3.744891121282359
0,82,4,1.0338556E7,4000000.0,4.1239989317219905
0,82,5,9966647.0,4000000.0,3.9648908530691473
0,82,6,9046349.0,4000000.0,3.5441334709525303
0,82,7,1.0403644E7,4000000.0,4.1512549142301705
0,82,8,9960707.0,4000000.0,3.9623017393324105
0,82,9,9061978.0,4000000.0,3.5516301216845996
0,82,10,9954108.0,4000000.0,3.959423571103409
0,82,11,1.0266797E7,4000000.0,4.093749837016697
0,82,12,9163252.0,4000000.0,3.5998963900050462
0,82,13,9487928.0,4000000.0,3.751113890217632
0,82,14,1.0836175E7,4000000.0,4.328160187763052
0,82,15,9335354.0,4000000.0,3.680707998732155
0,82,16,1.0523898E7,4000000.0,4.201166388257422
0,82,17,1.0645174E7,4000000.0,4.250927732366334
0,82,18,9233595.0,4000000.0,3.6331083046583608
0,82,19,1.0185049E7,4000000.0,4.059031313924545
0,82,20,1.0626228E7,4000000.0,4.24319138717389
0,82,21,9542661.0,4000000.0,3.7760950459961777
0,82,22,9087458.0,4000000.0,3.5638242534128963
0,82,23,1.0899118E7,4000000.0,4.353313631969279
0,82,24,9859979.0,4000000.0,3.918159986443003
0,83,0,9100871.0,4166666.0,3.3929426971673964
0,83,1,1.0106614E7,4166666.0,3.8481699028911747
0,83,2,1.0338096E7,4166666.0,3.946518719261914
0,83,3,9200677.0,4166666.0,3.44031095777638
0,83,4,9810967.0,4166666.0,3.719231261288188
0,83,5,1.0370621E7,4166666.0,3.960160742221267
0,83,6,9539432.0,4166666.0,3.597338277676556
0,83,7,9519823.0,4166666.0,3.5884018491535565
0,83,8,1.0997752E7,4166666.0,4.215152332870985
0,83,9,9275320.0,4166666.0,3.4754021297226663
0,83,10,1.0453047E7,4166666.0,3.9945421431578514
0,83,11,1.0758842E7,4166666.0,4.119768408865395
0,83,12,9402466.0,4166666.0,3.534530828556135
0,83,13,1.1363476E7,4166666.0,4.357225102415865
0,83,14,1.0126651E7,4166666.0,3.8567715412115833
0,83,15,8614813.0,4166666.0,3.1545716594278206
0,83,16,8675111.0,4166666.0,3.184863515929463
0,83,17,9511150.0,4166666.0,3.5844434216971024
0,83,18,9530222.0,4166666.0,3.593143285476566
0,83,19,1.1442735E7,4166666.0,4.387411515163523
0,83,20,1.2068314E7,4166666.0,4.6185791256025155
0,83,21,1.2331272E7,4166666.0,4.712191886126396
0,83,22,9049235.0,4166666.0,3.368231777717292
0,83,23,1.0377008E7,4166666.0,3.9628346274575406
0,84,0,8963450.0,5000000.0,2.5350519590393272
0,84,1,8450183.0,5000000.0,2.2789610994262075
0,84,2,9089522.0,5000000.0,2.5957104079786273
0,84,3,9901670.0,5000000.0,2.9673844385948502
0,84,4,8481001.0,5000000.0,2.2947711008109346
0,84,5,1.0237293E7,5000000.0,3.112151290047018
0,84,6,1.014852E7,5000000.0,3.0743270759806136
0,84,7,8840040.0,5000000.0,2.4748422580601055
0,84,8,8316522.0,5000000.0,2.2097173637689447
0,84,9,1.1140802E7,5000000.0,3.4794645146016423
0,84,10,9233010.0,5000000.0,2.663733015963641
0,84,11,8308153.0,5000000.0,2.205344814138861
0,84,12,8834816.0,5000000.0,2.4722750468313115
0,84,13,1.0274694E7,5000000.0,3.127988922860186
0,84,14,8368100.0,5000000.0,2.236568570997872
0,84,15,9180355.0,5000000.0,2.638894711528172
0,84,16,1.0725182E7,5000000.0,3.314346663039652
0,84,17,1.1501628E7,5000000.0,3.617893126589609
0,84,18,1.0791974E7,5000000.0,3.341308860277798
0,84,19,1.0630974E7,5000000.0,3.276030516686719
0,85,0,9223078.0,5882352.0,1.953248723673534
0,85,1,1.0100454E7,5882352.0,2.3478988596125494
0,85,2,1.0634312E7,5882352.0,2.5715838879302217
0,85,3,9709722.0,5882352.0,2.1765578662362555
0,85,4,9069358.0,5882352.0,1.8802553625784315
0,85,5,1.1119553E7,5882352.0,2.7653632005969864
0,85,6,9914362.0,5882352.0,2.2671376298266774
0,85,7,9191022.0,5882352.0,1.9381279651511982
0,85,8,1.0031565E7,5882352.0,2.318176823947403
0,85,9,1.0096977E7,5882352.0,2.3464035784270414
0,85,10,8945846.0,5882352.0,1.8207040851984373
0,85,11,9785918.0,5882352.0,2.2105056318276386
0,85,12,1.0531079E7,5882352.0,2.529218615512538
0,85,13,9180525.0,5882352.0,1.933165084591781
0,85,14,9609450.0,5882352.0,2.1314752225916695
0,85,15,1.0644692E7,5882352.0,2.5758209068054647
0,85,16,9239131.0,5882352.0,1.960801158027368
0,86,0,1.070167E7,6666666.0,2.0554285729112203
0,86,1,1.0933156E7,6666666.0,2.1483684737537665
0,86,2,9326269.0,6666666.0,1.4579924025284416
0,86,3,1.1421255E7,6666666.0,2.3380513053055125
0,86,4,1.5535507E7,6666666.0,3.6741673347228767
0,86,5,1.1748986E7,6666666.0,2.4609168878587058
0,86,6,1.3503704E7,6666666.0,3.0654421217432786
0,86,7,1.0063771E7,6666666.0,1.7885204837568605
0,86,8,1.0494462E7,6666666.0,1.970514818094373
0,86,9,1.0785508E7,6666666.0,2.0893190777914845
0,86,10,9314756.0,6666666.0,1.4526278552399676
0,86,11,1.0280098E7,6666666.0,1.8808855728605776
0,86,12,1.0470087E7,6666666.0,1.960415928996899
0,86,13,1.0825468E7,6666666.0,2.105379830693413
0,86,14,1.0279506E7,6666666.0,1.8806354684973248
0,87,0,1.0739107E7,6666666.0,2.0705947201473016
0,87,1,9456800.0,6666666.0,1.518355068101094
0,87,2,9218826.0,6666666.0,1.4076692048178285
0,87,3,1.0834905E7,6666666.0,2.109164102815633
0,87,4,9885901.0,6666666.0,1.7110755949305871
0,87,5,9094992.0,6666666.0,1.3489362387722512
0,87,6,1.003137E7,6666666.0,1.7745155183749841
0,87,7,1.0322161E7,6666666.0,1.898619311840214
0,87,8,9028070.0,6666666.0,1.316862202475104
0,87,9,9696255.0,6666666.0,1.626953308870291
0,87,10,1.0236984E7,6666666.0,1.8626332698738937
0,87,11,8985039.0,6666666.0,1.2961126901059559
0,87,12,9704376.0,6666666.0,1.6305891758619704
0,87,13,1.0858292E7,6666666.0,2.1185281896150348
0,87,14,9249704.0,6666666.0,1.422191375783798
0,88,0,1.0325306E7,5882352.0,2.4435192210349364
0,88,1,1.0726817E7,5882352.0,2.6091986246681897
0,88,2,9440808.0,5882352.0,2.054581562359739
0,88,3,1.1148315E7,5882352.0,2.776582222404516
0,88,4,1.0749764E7,5882352.0,2.618479207335054
0,88,5,9335991.0,5882352.0,2.0060941523816225
0,88,6,1.1397992E7,5882352.0,2.8727733868156644
0,88,7,1.0629047E7,5882352.0,2.569433183054336
0,88,8,9303722.0,5882352.0,1.9910571583710566
0,88,9,1.1802063E7,5882352.0,3.0240691946013536
0,88,10,1.095963E7,5882352.0,2.702448833649582
0,88,11,9178633.0,5882352.0,1.9322699616643892
0,88,12,1.0170384E7,5882352.0,2.3778634161829726
0,88,13,1.0783038E7,5882352.0,2.631901265544627
0,88,14,9377113.0,5882352.0,2.02518140421543
0,88,15,1.0989132E7,5882352.0,2.714123809688057
0,88,16,1.0798336E7,5882352.0,2.638058276768227
0,89,0,9422316.0,5000000.0,2.751876609190902
0,89,1,1.0345905E7,5000000.0,3.1579848189969684
0,89,2,1.0360522E7,5000000.0,3.1641163292729173
0,89,3,9616177.0,5000000.0,2.8403244423028258
0,89,4,8894586.0,5000000.0,2.5015573424471143
0,89,5,1.1422934E7,5000000.0,3.588076631774098
0,89,6,9306034.0,5000000.0,2.697946305779083
0,89,7,8350888.0,5000000.0,2.227626547397723
0,89,8,1.2691218E7,5000000.0,4.045332998150289
0,89,9,1.2612718E7,5000000.0,4.018386813810078
0,89,10,1.2070463E7,5000000.0,3.827539247910388
0,89,11,1.1838023E7,5000000.0,3.743091750879035
0,89,12,8887439.0,5000000.0,2.4980662857994047
0,89,13,9627490.0,5000000.0,2.8454307186063774
0,89,14,1.0046208E7,5000000.0,3.030321613566223
0,89,15,8633608.0,5000000.0,2.372223217421973
0,89,16,8325259.0,5000000.0,2.214277490160474
0,89,17,9366258.0,5000000.0,2.725961122141527
0,89,18,9518042.0,5000000.0,2.795776125301655
0,89,19,8266279.0,5000000.0,2.1834005498320304
0,90,0,9083852.0,4347826.0,3.1999789450184855
0,90,1,1.0035635E7,4347826.0,3.6327270217182956
0,90,2,8523642.0,4347826.0,2.923530454019626
0,90,3,8336249.0,4347826.0,2.8269852303308514
0,90,4,1.0338817E7,4347826.0,3.7619869296193027
0,90,5,9257993.0,4347826.0,3.282446927788636
0,90,6,8368178.0,4347826.0,2.8435875422806784
0,90,7,9725916.0,4347826.0,3.49658359072592
0,90,8,1.0091171E7,4347826.0,3.656694102793492
0,90,9,8350127.0,4347826.0,2.834209255738824
0,90,10,9337837.0,4347826.0,3.3197413337961503
0,90,11,1.0745095E7,4347826.0,3.929381042511303
0,90,12,9310481.0,4347826.0,3.30699962875985
0,90,13,9408347.0,4347826.0,3.352411714421481
0,90,14,1.0502978E7,4347826.0,3.8304030049679345
0,90,15,9683332.0,4347826.0,3.4775266691058118
0,90,16,9203459.0,4347826.0,3.2567892664488243
0,90,17,1.1059592E7,4347826.0,4.054669503867209
0,90,18,9886236.0,4347826.0,3.567588182442206
0,90,19,9075486.0,4347826.0,3.195977358735272
0,90,20,1.0385086E7,4347826.0,3.78137942028216
0,90,21,9986549.0,4347826.0,3.611432819600049
0,90,22,9213383.0,4347826.0,3.261469698474638
0,91,0,9788698.0,4000000.0,3.886649385733093
0,91,1,1.0339347E7,4000000.0,4.124331196493087
0,91,2,8895437.0,4000000.0,3.4710729690162228
0,91,3,9631747.0,4000000.0,3.816450749916229
0,91,4,1.0690149E7,4000000.0,4.269237671480594
0,91,5,9205140.0,4000000.0,3.619704067011101
0,91,6,1.0782961E7,4000000.0,4.306780431205716
0,91,7,1.082983E7,4000000.0,4.325616480636192
0,91,8,9399467.0,4000000.0,3.7104323615239827
0,91,9,1.0192905E7,4000000.0,4.062379851877723
0,91,10,1.0700569E7,4000000.0,4.273468804684609
0,91,11,9391739.0,4000000.0,3.7068602353439353
0,91,12,1.3949393E7,4000000.0,5.424953186124068
0,91,13,1.3671358E7,4000000.0,5.337516646161521
0,91,14,1.1750205E7,4000000.0,4.679854522663588
0,91,15,1.4083747E7,4000000.0,5.466582234874787
0,91,16,1.0051057E7,4000000.0,4.001517445707354
0,91,17,1.0628652E7,4000000.0,4.2441819642354375
0,91,18,1.1063021E7,4000000.0,4.418137454488427
0,91,19,9492707.0,4000000.0,3.7533008490552833
0,91,20,1.0529608E7,4000000.0,4.203522120886914
0,91,21,1.0889295E7,4000000.0,4.349397720347109
0,91,22,9426001.0,4000000.0,3.7226749016975376
0,91,23,1.0634756E7,4000000.0,4.246675387293825
0,91,24,1.0727465E7,4000000.0,4.28437114926697
0,92,0,9005265.0,4000000.0,3.5243650609903074
0,92,1,1.0260187E7,4000000.0,4.090952848794165
0,92,2,1.0848433E7,4000000.0,4.33307019796588
0,92,3,9655706.0,4000000.0,3.8272404242645885
0,92,4,1.1340825E7,4000000.0,4.525846575776961
0,92,5,1.0545928E7,4000000.0,4.210248106277106
0,92,6,9342480.0,4000000.0,3.684021854748008
0,92,7,1.0408127E7,4000000.0,4.153125915205998
0,92,8,1.0655148E7,4000000.0,4.25499495114274
0,92,9,9481956.0,4000000.0,3.748379443626806
0,92,10,9248043.0,4000000.0,3.639898490628628
0,92,11,1.1457458E7,4000000.0,4.570282825834791
0,92,12,9766921.0,4000000.0,3.87697683602567
0,92,13,9104720.0,4000000.0,3.57206603028704
0,92,14,1.1857739E7,4000000.0,4.719418955557298
0,92,15,9929238.0,4000000.0,3.948559293634645
0,92,16,9107933.0,4000000.0,3.5735983585917963
0,92,17,1.0018862E7,4000000.0,3.9875840333820234
0,92,18,1.0274436E7,4000000.0,4.096979999198488
0,92,19,9148266.0,4000000.0,3.592787925749027
0,92,20,9749722.0,4000000.0,3.869322412334223
0,92,21,1.0579745E7,4000000.0,4.224152088449759
0,92,22,9146861.0,4000000.0,3.5921208806410334
0,92,23,9481976.0,4000000.0,3.7483886040579204
0,92,24,1.1229756E7,4000000.0,4.4831032869085865
0,93,0,9199124.0,4347826.0,3.2547431769255497
0,93,1,1.040651E7,4347826.0,3.7903295059545417
0,93,2,1.1438537E7,4347826.0,4.200983260260742
0,93,3,9201352.0,4347826.0,3.2557948976640887
0,93,4,1.0224876E7,4347826.0,3.713858946012193
0,93,5,1.0594027E7,4347826.0,3.867889201499625
0,93,6,9477028.0,4347826.0,3.3840000845877083
0,93,7,9935216.0,4347826.0,3.5890515818136044
0,93,8,1.0858639E7,4347826.0,3.975032397693507
0,93,9,9570718.0,4347826.0,3.4267236468943167
0,93,10,8263517.0,4347826.0,2.7889276957940217
0,93,11,1.0320429E7,4347826.0,3.7542559514005927
0,93,12,1.0057909E7,4347826.0,3.642355466807117
0,93,13,9186012.0,4347826.0,3.2485485311941495
0,93,14,1.1260436E7,4347826.0,4.132830512692749
0,93,15,1.745231E7,4347826.0,6.035807633257184
0,93,16,1.3165448E7,4347826.0,4.811634867720412
0,93,17,9520809.0,4347826.0,3.4040169742706055
0,93,18,8869538.0,4347826.0,3.0962884342177475
0,93,19,9708075.0,4347826.0,3.488609675302858
0,93,20,1.0556429E7,4347826.0,3.852448757917501
0,93,21,9214488.0,4347826.0,3.2619905349869827
0,93,22,1.1382822E7,4347826.0,4.179777892839913
0,94,0,1.092881E7,5000000.0,3.396028713767868
0,94,1,9246654.0,5000000.0,2.670146027572295
0,94,2,1.0223398E7,5000000.0,3.1062526400417703
0,94,3,1.0956333E7,5000000.0,3.4069521912402707
0,94,4,9239644.0,5000000.0,2.666852340037817
0,94,5,1.0182203E7,5000000.0,3.0887174687060326
0,94,6,1.0438238E7,5000000.0,3.196571905505732
0,94,7,9696158.0,5000000.0,2.876296794219455
0,94,8,9229265.0,5000000.0,2.6619711173276004
0,94,9,1.1234197E7,5000000.0,3.51572030947632
0,94,10,9739247.0,5000000.0,2.8955537591152507
0,94,11,9174136.0,5000000.0,2.6359516961252245
0,94,12,1.0119896E7,5000000.0,3.0620604503948075
0,94,13,1.0092944E7,5000000.0,3.0504785927108613
0,94,14,9134528.0,5000000.0,2.617161070360168
0,94,15,9849552.0,5000000.0,2.944464730293465
0,94,16,1.0324885E7,5000000.0,3.1491521878723248
0,94,17,9176695.0,5000000.0,2.637162932375391
0,94,18,9530884.0,5000000.0,2.8016317946255107
0,94,19,1.0840713E7,5000000.0,3.3608784260642115
0,95,0,9611425.0,5882352.0,2.1323677226519195
0,95,1,1.0231195E7,5882352.0,2.4037535298383648
0,95,2,1.0830903E7,5882352.0,2.65113657238518
0,95,3,9253387.0,5882352.0,1.9674971670408552
0,95,4,1.0456452E7,5882352.0,2.498333390475837
0,95,5,1.0928165E7,5882352.0,2.6899623449133663
0,95,6,9366448.0,5882352.0,2.020239172427831
0,95,7,1.0287803E7,5882352.0,2.4277163026824162
0,95,8,1.1188358E7,5882352.0,2.7921534514488684
0,95,9,9423233.0,5882352.0,2.0464892053426396
0,95,10,9524256.0,5882352.0,2.092800510435531
0,95,11,1.0682635E7,5882352.0,2.5912738071265498
0,95,12,9641807.0,5882352.0,2.146074248290305
0,95,13,1.1500058E7,5882352.0,2.9114902156826306
0,95,14,1.0827734E7,5882352.0,2.649865689805659
0,95,15,1.0160566E7,5882352.0,2.3736689210366313
0,95,16,1.5453126E7,5882352.0,4.194653365826786
0,96,0,1.1000509E7,6666666.0,2.1750408316854
0,96,1,1.1430679E7,6666666.0,2.3416333141013324
0,96,2,1.0512788E7,6666666.0,1.9780920904116153
0,96,3,1.0195309E7,6666666.0,1.8449169542040496
0,96,4,9288445.0,6666666.0,1.4403431632319663
0,96,5,9765081.0,6666666.0,1.657671525367709
0,96,6,1.088602E7,6666666.0,2.1296043036088244
0,96,7,9178736.0,6666666.0,1.3887418128756042
0,96,8,9640933.0,6666666.0,1.6021036721208608
0,96,9,1.0599033E7,6666666.0,2.013575468139571
0,96,10,9443575.0,6666666.0,1.5122773628063184
0,96,11,1.6446363E7,6666666.0,3.9216117415296075
0,96,12,1.0249412E7,6666666.0,1.8679025348858675
0,96,13,9465498.0,6666666.0,1.5223477054326175
0,96,14,1.1801231E7,6666666.0,2.4801861391185205
0,97,0,9956165.0,6666666.0,1.7418338789012078
0,97,1,9062117.0,6666666.0,1.3332096749298237
0,97,2,1.0131635E7,6666666.0,1.817708380902963
0,97,3,1.0269123E7,6666666.0,1.876246582027705
0,97,4,9336791.0,6666666.0,1.46288939907965
0,97,5,9652983.0,6666666.0,1.607528438339771
0,97,6,1.0655998E7,6666666.0,2.0368543279962275
0,97,7,9177822.0,6666666.0,1.388309329665203
0,97,8,1.0309875E7,6666666.0,1.8934470228471691
0,97,9,1.1027814E7,6666666.0,2.185807349773683
0,97,10,9199574.0,6666666.0,1.3985901964233969
0,97,11,1.0502019E7,6666666.0,1.9736410215200406
0,97,12,1.0530727E7,6666666.0,1.9854965668957745
0,97,13,9305238.0,6666666.0,1.4481878804056183
0,97,14,9412536.0,6666666.0,1.4979795273733612
0,98,0,1.2320778E7,5882352.0,3.2108712324241395
0,98,1,1.1006659E7,5882352.0,2.721045025656476
0,98,2,1.0083938E7,5882352.0,2.34079157665456
0,98,3,1.0908586E7,5882352.0,2.6821745069334995
0,98,4,9217426.0,5882352.0,1.950586505234622
0,98,5,1.0348096E7,5882352.0,2.453094399084404
0,98,6,1.0604879E7,5882352.0,2.5595470851457307
0,98,7,9477817.0,5882352.0,2.0715730984605543
0,98,8,9203507.0,5882352.0,1.944023378335402
0,98,9,1.1177409E7,5882352.0,2.7879013364534693
0,98,10,1.0014848E7,5882352.0,2.310933530559302
0,98,11,9319046.0,5882352.0,1.998204463371858
0,98,12,1.1539636E7,5882352.0,2.9264110075229883
0,98,13,9688842.0,5882352.0,2.1672086460732207
0,98,14,9166627.0,5882352.0,1.9265855066126347
0,98,15,1.1558343E7,5882352.0,2.933445691076307
0,98,16,9109265.0,5882352.0,1.8993232729813463
0,99,0,8199678.0,5000000.0,2.148267937100224
0,99,1,9656531.0,5000000.0,2.858511346949987
0,99,2,1.0413055E7,5000000.0,3.186081579313087
0,99,3,9097039.0,5000000.0,2.599300522466324
0,99,4,1.2207969E7,5000000.0,3.8767341346138275
0,99,5,1.7282843E7,5000000.0,5.386451804303198
0,99,6,1.1824581E7,5000000.0,3.7381575626944215
0,99,7,1.0537564E7,5000000.0,3.2377022099665513
0,99,8,9853273.0,5000000.0,2.9461051141332177
0,99,9,1.0664776E7,5000000.0,3.289817337442641
0,99,10,1.0636063E7,5000000.0,3.278108967634625
0,99,11,9258049.0,5000000.0,2.675494707036979
0,99,12,9463453.0,5000000.0,2.770796252184407
0,99,13,1.0904194E7,5000000.0,3.3862356523124375
0,99,14,9819520.0,5000000.0,2.931202546885828
0,99,15,9198624.0,5000000.0,2.647528628029239
0,99,16,1.1324537E7,5000000.0,3.550504507236342
0,99,17,1.0024475E7,5000000.0,3.020916327593529
0,99,18,9034782.0,5000000.0,2.5694767360805244
0,99,19,1.0120376E7,5000000.0,3.062266437104228
