 Number of tacts (im units) = 1
 Number of massive (im units) = 100
 Command Line curl 192.168.1.108:9000 > /dev/null 2>&1
cycle , cPeriod , count , procDur , procTime , lI , spb
0,0,0,2.1523679E7,2.0E7,0.9292091746954598,-0.031886510774578325
0,0,1,7729243.0,2.0E7,2.58757552324335,0.4128930343487163
0,0,2,6463378.0,2.0E7,3.0943571612243628,0.49057044000223127
0,0,3,7502393.0,2.0E7,2.6658160936117317,0.42583018548124474
0,0,4,7282888.0,2.0E7,2.746163335204386,0.43872636446242047
0,1,0,9266612.0,1.4285714E7,1.541632907474706,0.18798097213399784
0,1,1,7462697.0,1.4285714E7,1.9142829998323663,0.28200614252139977
0,1,2,1.110693E7,1.4285714E7,1.2861982564038847,0.10930791650885073
0,1,3,9333134.0,1.4285714E7,1.530644904487603,0.18487445006563696
0,1,4,1.1501929E7,1.4285714E7,1.242027663359772,0.09413126887655658
0,1,5,9021092.0,1.4285714E7,1.5835903236548303,0.199642839382168
0,1,6,8497244.0,1.4285714E7,1.681217345294545,0.22562386201793935
0,2,0,1.2967305E7,1.1111111E7,0.8568558385878947,-0.06709223965469972
0,2,1,1.35183E7,1.1111111E7,0.8219310860093355,-0.08516459392043449
0,2,2,8120411.0,1.1111111E7,1.3682941663913317,0.1361794753860521
0,2,3,8419120.0,1.1111111E7,1.3197473132583928,0.12049078653718091
0,2,4,1.114227E7,1.1111111E7,0.9972035321348343,-0.0012161918770977828
0,2,5,1.0524493E7,1.1111111E7,1.0557383619334442,0.02355630262269123
0,2,6,1.2710992E7,1.1111111E7,0.8741340565708797,-0.05842195916825509
0,2,7,1.0941601E7,1.1111111E7,1.0154922483464714,0.00667661261211856
0,2,8,1.0582142E7,1.1111111E7,1.0499869497120715,0.02118390125731315
0,3,0,1.0702272E7,1.1111111E7,1.0382011408418699,0.016281501773669008
0,3,1,9405169.0,1.1111111E7,1.181383449888035,0.07239088249209609
0,3,2,8683461.0,1.1111111E7,1.2795717053373072,0.10706462813625199
0,3,3,8719104.0,1.1111111E7,1.274340918516398,0.10528562833207189
0,3,4,1.1271455E7,1.1111111E7,0.9857743299334469,-0.0062224952839599135
0,3,5,1.0604565E7,1.1111111E7,1.0477667872279532,0.02026462778988248
0,3,6,8918202.0,1.1111111E7,1.2458913803477427,0.09548018119003442
0,3,7,8831749.0,1.1111111E7,1.2580872712754858,0.09971076838966686
0,3,8,1.1515258E7,1.1111111E7,0.9649033482358798,-0.015516186583700799
0,4,0,7022120.0,1.4285714E7,2.034387620832455,0.3084337045110892
0,4,1,7519686.0,1.4285714E7,1.899775336363779,0.2787022451915159
0,4,2,1.2332309E7,1.4285714E7,1.1583973447308205,0.06385755336785562
0,4,3,8280316.0,1.4285714E7,1.7252619344479123,0.2368550403075369
0,4,4,1.3648128E7,1.4285714E7,1.0467160038358374,0.019828864393682394
0,4,5,7044628.0,1.4285714E7,2.027887632959469,0.30704388668809246
0,4,6,8204285.0,1.4285714E7,1.741250334428899,0.24086121284371348
0,5,0,1.2727939E7,2.0E7,1.571346311449167,0.1962719104229167
0,5,1,8116546.0,2.0E7,2.464102341069711,0.39165874133282946
0,5,2,7663358.0,2.0E7,2.609821960555673,0.41661088121354084
0,5,3,9691524.0,2.0E7,2.063658925056575,0.31463792008397895
0,5,4,1.0908273E7,2.0E7,1.8334707978063989,0.2632739972240622
0,6,0,1.0119372E7,3.3333333E7,3.29401201971822,0.5177251795598354
0,6,1,1.0914362E7,3.3333333E7,3.0540798445204587,0.4848803868727809
0,6,2,1.2920786E7,3.3333333E7,2.579822388514135,0.4115898073805053
0,7,0,7311711.0,1.0E8,13.676689354926637,1.1359809826989637
0,8,0,1.1343188E7,1.0E8,8.8158637589362,0.9452648699379034
0,9,0,8289163.0,3.3333333E7,4.021314697274019,0.6043680611510766
0,9,1,1.037951E7,3.3333333E7,3.2114553577191987,0.5067018892861413
0,9,2,8528665.0,3.3333333E7,3.908388124049895,0.5919976849759628
0,10,0,7608420.0,2.0E7,2.6286666614093335,0.419735517148953
0,10,1,1.2137386E7,2.0E7,1.6478012646215585,0.21690483182544368
0,10,2,7472288.0,2.0E7,2.6765563639945356,0.4275763933626648
0,10,3,9981303.0,2.0E7,2.0037464046527793,0.3018427561028828
0,10,4,8080152.0,2.0E7,2.4752009615660695,0.3936104650700454
0,11,0,9541937.0,1.25E7,1.3100065531767817,0.11727346817591448
0,11,1,9604051.0,1.25E7,1.301534113052919,0.11445555540068347
0,11,2,7491589.0,1.25E7,1.668537876276982,0.22233606970905145
0,11,3,1.3860272E7,1.25E7,0.9018582030713395,-0.04486174013497333
0,11,4,1.0031496E7,1.25E7,1.2460753610428594,0.09554430869180558
0,11,5,8252241.0,1.25E7,1.5147400566706668,0.18033811030391336
0,11,6,7768138.0,1.25E7,1.6091372218155753,0.20659308085242417
0,11,7,7531084.0,1.25E7,1.659787621542928,0.22005252135771142
0,12,0,7801509.0,1.1111111E7,1.4242258773270657,0.1535788723748369
0,12,1,7734760.0,1.1111111E7,1.4365165822856818,0.1573106435918739
0,12,2,1.22982E7,1.1111111E7,0.9034745735148233,-0.04408406528079221
0,12,3,1.1368955E7,1.1111111E7,0.9773203429866685,-0.009963061267660923
0,12,4,7874466.0,1.1111111E7,1.411030411459012,0.14953637405661985
0,12,5,1.1924519E7,1.1111111E7,0.9317869341312635,-0.03068338368655069
0,12,6,9451284.0,1.1111111E7,1.175619206871786,0.07026667281592971
0,12,7,7278445.0,1.1111111E7,1.5265775862838835,0.18371888163742423
0,12,8,1.1823224E7,1.1111111E7,0.9397699815211147,-0.026978431485813158
0,13,0,7543056.0,1.1111111E7,1.4730251240346088,0.1682101542673029
0,13,1,8430434.0,1.1111111E7,1.3179761563876782,0.11990755347276544
0,13,2,1.0157533E7,1.1111111E7,1.0938788975630205,0.038969244272234825
0,13,3,8329927.0,1.1111111E7,1.3338785561986317,0.12511629076965777
0,13,4,7311417.0,1.1111111E7,1.5196932414058726,0.18175593201729706
0,13,5,1.2823423E7,1.1111111E7,0.8664699745146051,-0.06224648214631867
0,13,6,1.1083651E7,1.1111111E7,1.0024775229750558,0.0010746438784170862
0,13,7,1.0271974E7,1.1111111E7,1.0816918929117227,0.03410357475997132
0,13,8,9147164.0,1.1111111E7,1.2147055633855477,0.08447102057353813
0,14,0,7663631.0,1.4285714E7,1.8640920994238892,0.27046736578806213
0,14,1,1.3135785E7,1.4285714E7,1.087541703826608,0.0364459197825382
0,14,2,7541996.0,1.4285714E7,1.894155605492233,0.27741565356416725
0,14,3,7469534.0,1.4285714E7,1.912530821869209,0.28160844286348946
0,14,4,8074541.0,1.4285714E7,1.769229235445086,0.24778410721100325
0,14,5,1.2717117E7,1.4285714E7,1.123345330549369,0.050513284398174284
0,14,6,7795869.0,1.4285714E7,1.8324723003939651,0.26303741857811924
0,15,0,7476123.0,2.0E7,2.6751833804767524,0.42735355772152017
0,15,1,8220856.0,2.0E7,2.432836677835009,0.3861129546785281
0,15,2,7250237.0,2.0E7,2.7585305142438794,0.4406777923881723
0,15,3,1.1601619E7,2.0E7,1.7238973284676906,0.23651139663501894
0,15,4,7687278.0,2.0E7,2.6017011483128356,0.41525740863883315
0,16,0,9548557.0,5.0E7,5.236393310528491,0.7190322593793081
0,16,1,7001287.0,5.0E7,7.1415441189598425,0.8537921235185867
0,17,0,1.0766635E7,1.0E8,9.287953014103293,0.9679200097271495
0,18,0,8888507.0,1.0E8,11.250483348890876,1.0511711812248767
0,19,0,8072909.0,3.3333333E7,4.129036138026578,0.6158486839105095
0,19,1,9886606.0,3.3333333E7,3.3715648221442223,0.527831513895178
0,19,2,7586786.0,3.3333333E7,4.393603958250568,0.6428209068179515
0,20,0,9702491.0,1.6666666E7,1.717771858793788,0.23496548368252676
0,20,1,9192725.0,1.6666666E7,1.81302780187594,0.25840446383556986
0,20,2,8756009.0,1.6666666E7,1.903454644690292,0.27954253295211706
0,20,3,8620530.0,1.6666666E7,1.9333690619950281,0.2863147646797804
0,20,4,1.3645245E7,1.6666666E7,1.2214266581508797,0.08686739442313655
0,20,5,7978739.0,1.6666666E7,2.0888847222599964,0.3199144735524578
0,21,0,7865891.0,1.25E7,1.589139742719547,0.20116208904092844
0,21,1,1.1421823E7,1.25E7,1.0943962272922632,0.03917458723699123
0,21,2,7868089.0,1.25E7,1.5886958065675159,0.20104074920479884
0,21,3,1.1393849E7,1.25E7,1.097083171806121,0.04023955345184259
0,21,4,1.1288957E7,1.25E7,1.107276783851688,0.04425619420701735
0,21,5,1.1403622E7,1.25E7,1.0961429622974175,0.03986719984896796
0,21,6,1.1049998E7,1.25E7,1.1312219242030632,0.05354781359227012
0,21,7,1.1156753E7,1.25E7,1.1203976640873918,0.049372194693646385
0,22,0,1.3591134E7,1.1111111E7,0.8175264109676205,-0.0874982081450825
0,22,1,1.5335122E7,1.1111111E7,0.7245531532126057,-0.1399297491849626
0,22,2,8871381.0,1.1111111E7,1.2524668932604743,0.09776625488713357
0,22,3,8018194.0,1.1111111E7,1.3857373618049151,0.14168092643215863
0,22,4,8247349.0,1.1111111E7,1.3472342446039327,0.12944311338769027
0,22,5,7815112.0,1.1111111E7,1.4217468668395283,0.1528222798531286
0,22,6,9293767.0,1.1111111E7,1.1955443901272755,0.07756570594691913
0,22,7,7490092.0,1.1111111E7,1.4834411913765546,0.17127033409276957
0,22,8,1.2417953E7,1.1111111E7,0.8947618822522521,-0.048292525559001945
0,23,0,1.2822262E7,1.1111111E7,0.8665484295984593,-0.062207160451941294
0,23,1,1.1465345E7,1.1111111E7,0.9691039388696983,-0.013629641260086655
0,23,2,8840815.0,1.1111111E7,1.2567971391777795,0.09926518345718892
0,23,3,1.0778537E7,1.1111111E7,1.030855207900664,0.013197669332271102
0,23,4,9787098.0,1.1111111E7,1.1352814695428615,0.05510354920712755
0,23,5,9346533.0,1.1111111E7,1.1887949253482548,0.07510694253194891
0,23,6,7229859.0,1.1111111E7,1.536836472191228,0.18662765864921133
0,23,7,1.1686803E7,1.1111111E7,0.9507399927935809,-0.0219382371468819
0,23,8,1.2144584E7,1.1111111E7,0.914902560680547,-0.03862515687576923
0,24,0,1.1124838E7,1.4285714E7,1.28412782280515,0.10860825580134051
0,24,1,9613273.0,1.4285714E7,1.4860406024046129,0.17203067561525537
0,24,2,9400979.0,1.4285714E7,1.5195985439388813,0.18172886874711278
0,24,3,9790780.0,1.4285714E7,1.4590986622107738,0.16408465927179466
0,24,4,8862132.0,1.4285714E7,1.6119951722678019,0.2073637368111355
0,24,5,8956853.0,1.4285714E7,1.5949479130672346,0.20274650467417268
0,24,6,8297976.0,1.4285714E7,1.7215901805452318,0.23592977690266195
0,25,0,1.1564405E7,2.5E7,2.1618059900185096,0.33481671586840156
0,25,1,9381679.0,2.5E7,2.664768214730007,0.42565943946333235
0,25,2,1.169334E7,2.5E7,2.1379691345671983,0.33000143109544056
0,25,3,1.0161652E7,2.5E7,2.460229891753821,0.39097569086567835
0,26,0,7753176.0,5.0E7,6.448970073683353,0.8094903616071605
0,26,1,1.2577022E7,5.0E7,3.975503899094714,0.5993921837413072
0,27,0,9003885.0,1.0E8,11.106316884322712,1.0455700605600522
0,28,0,1.0199127E7,1.0E8,9.804760740796738,0.991437000327156
0,29,0,1.2646668E7,3.3333333E7,2.6357403388781933,0.4209026233169092
0,29,1,7980687.0,3.3333333E7,4.176749821162013,0.6208384626860554
0,29,2,1.1941538E7,3.3333333E7,2.791376872895267,0.44581847596166146
0,30,0,8177424.0,1.6666666E7,2.038131568083054,0.30923221570974063
0,30,1,8876385.0,1.6666666E7,1.8776411793765142,0.2736126013987361
0,30,2,1.5680886E7,1.6666666E7,1.0628650702517701,0.026478134735428725
0,30,3,1.4008353E7,1.6666666E7,1.1897662773061186,0.07546165513574195
0,30,4,1.2514196E7,1.6666666E7,1.3318207578017798,0.12444577953723984
0,30,5,1.0049349E7,1.6666666E7,1.6584821564063503,0.21971080331046228
0,31,0,1.2637903E7,1.25E7,0.9890881422337234,-0.004765004681852102
0,31,1,1.4428127E7,1.25E7,0.8663633193691739,-0.062299943424272336
0,31,2,1.0328525E7,1.25E7,1.2102405716208269,0.08287170795494506
0,31,3,7395586.0,1.25E7,1.69019736907934,0.22793742135757564
0,31,4,1.4796964E7,1.25E7,0.8447678861690817,-0.07326260419076958
0,31,5,9361425.0,1.25E7,1.33526679965924,0.12556805075157243
0,31,6,1.0584571E7,1.25E7,1.1809642544794683,0.07223675255232988
0,31,7,1.0491521E7,1.25E7,1.191438305275279,0.0760715587494424
0,32,0,1.2107089E7,1.1111111E7,0.9177359644419893,-0.0372822487329988
0,32,1,1.5458158E7,1.1111111E7,0.718786222782818,-0.1434002557516286
0,32,2,9549411.0,1.1111111E7,1.1635388821362909,0.06578090074272017
0,32,3,1.0581091E7,1.1111111E7,1.0500912429540583,0.021227036774543014
0,32,4,1.2238653E7,1.1111111E7,0.9078704167852459,-0.041976135279840655
0,32,5,8118878.0,1.1111111E7,1.3685525265929603,0.1362614707791676
0,32,6,7645288.0,1.1111111E7,1.4533279845049656,0.16236363617443772
0,32,7,8388762.0,1.1111111E7,1.3245233325251091,0.12205961314110275
0,32,8,8183080.0,1.1111111E7,1.3578152724890873,0.13284068924073877
0,33,0,1.4975516E7,1.25E7,0.8346957794309058,-0.07847178246677274
0,33,1,1.0080246E7,1.25E7,1.2400491019762812,0.09343888217445168
0,33,2,1.1293762E7,1.25E7,1.1068056861832223,0.04407138165038625
0,33,3,1.1393697E7,1.25E7,1.0970978076738394,0.04024534720964791
0,33,4,1.2890614E7,1.25E7,0.9696977971724233,-0.01336359095986547
0,33,5,8050936.0,1.25E7,1.5526145034564924,0.19106363872660181
0,33,6,1.0165445E7,1.25E7,1.2296559570190975,0.08978361805029889
0,33,7,1.2735023E7,1.25E7,0.9815451452266714,-0.008089720646823964
0,34,0,8156180.0,1.4285714E7,1.751520196954947,0.2434151495757851
0,34,1,7040034.0,1.4285714E7,2.0292109384698995,0.30732719471786507
0,34,2,1.1907103E7,1.4285714E7,1.1997640400020055,0.07909584087969919
0,34,3,7797537.0,1.4285714E7,1.832080309461821,0.26294450710020634
0,34,4,1.2072731E7,1.4285714E7,1.1833042581666071,0.07309642734421981
0,34,5,1.1691299E7,1.4285714E7,1.2219099006876823,0.08703918374878768
0,34,6,7178438.0,1.4285714E7,1.9900867013130155,0.29887199755622834
0,35,0,1.4537245E7,2.5E7,1.719720621066784,0.23545789889351576
0,35,1,1.3552219E7,2.5E7,1.8447163523552859,0.2659295975535395
0,35,2,8569418.0,2.5E7,2.917350979961533,0.4649886812612628
0,35,3,8920107.0,2.5E7,2.802656963644046,0.4475699447408862
0,36,0,1.0159859E7,5.0E7,4.9213281404791145,0.6920823235482427
0,36,1,8952919.0,5.0E7,5.584770732316466,0.7470053490302148
0,37,0,7944753.0,1.0E8,12.586923721857683,1.099919600332564
0,38,0,7973635.0,5.0E7,6.2706657628547084,0.7973136527580726
0,38,1,1.2836092E7,5.0E7,3.895266565555934,0.5905371831866915
0,39,0,7838929.0,2.5E7,3.1892111792312443,0.5036832777685953
0,39,1,1.2607905E7,2.5E7,1.9828829611263727,0.29729708090371637
0,39,2,1.2238952E7,2.5E7,2.0426585544252482,0.31019577714541396
0,39,3,8203326.0,2.5E7,3.0475443740746133,0.4839500379246908
0,40,0,8122472.0,1.6666666E7,2.051920400587407,0.312160509336384
0,40,1,1.0200558E7,1.6666666E7,1.6338974789418383,0.2132248026696658
0,40,2,8589800.0,1.6666666E7,1.940285687676081,0.287865680160431
0,40,3,7815461.0,1.6666666E7,2.132525003963298,0.3288941319941323
0,40,4,1.0437547E7,1.6666666E7,1.5967991329763593,0.20325028813186988
0,40,5,8865653.0,1.6666666E7,1.8799140909304706,0.2741380031533985
0,41,0,8809381.0,1.25E7,1.4189419211179537,0.15196461966170902
0,41,1,7823114.0,1.25E7,1.5978292020287574,0.20353035408886222
0,41,2,1.4017049E7,1.25E7,0.8917711566821234,-0.04974657851743753
0,41,3,8247900.0,1.25E7,1.515537288279441,0.18056662621652755
0,41,4,1.4818847E7,1.25E7,0.8435204169393206,-0.0739044010929076
0,41,5,7654299.0,1.25E7,1.6330692072520292,0.21300458993616714
0,41,6,8804919.0,1.25E7,1.4196609872277075,0.1521846479364292
0,41,7,1.3494242E7,1.25E7,0.92632101899462,-0.03323848133368956
0,42,0,1.0147279E7,1.1111111E7,1.094984281007746,0.03940788472810357
0,42,1,1.549111E7,1.1111111E7,0.7172572527081662,-0.14432505159334724
0,42,2,9838910.0,1.1111111E7,1.1293030427150974,0.052810498274800804
0,42,3,9078508.0,1.1111111E7,1.2238917452074725,0.08774300560511629
0,42,4,8818518.0,1.1111111E7,1.259974861989282,0.1003618805078433
0,42,5,8975605.0,1.1111111E7,1.2379233488996007,0.09269375439287858
0,42,6,1.3411989E7,1.1111111E7,0.8284461760295211,-0.08173570234748787
0,42,7,9102275.0,1.1111111E7,1.220696034782513,0.08660753384560188
0,42,8,1.0906194E7,1.1111111E7,1.0187890477649673,0.008084267543240351
0,43,0,8133440.0,1.25E7,1.5368650902938978,0.1866357457610013
0,43,1,1.1362819E7,1.25E7,1.1000791264914103,0.041423924215214285
0,43,2,8100437.0,1.25E7,1.5431266239093027,0.18840156430604602
0,43,3,1.0009705E7,1.25E7,1.248788051196314,0.09648873460566434
0,43,4,7668254.0,1.25E7,1.63009728159761,0.21221352317716977
0,43,5,7611037.0,1.25E7,1.642351758374056,0.21546617979918564
0,43,6,7429676.0,1.25E7,1.682442141487731,0.2259401379393017
0,43,7,7683055.0,1.25E7,1.6269569852096595,0.2113760708636961
0,44,0,8477050.0,1.6666666E7,1.9660926855450893,0.29360398748999794
0,44,1,7808619.0,1.6666666E7,2.1343935464132646,0.3292744990986434
0,44,2,1.3127571E7,1.6666666E7,1.2695925240092016,0.10366435641289938
0,44,3,1.0555987E7,1.6666666E7,1.5788827705073907,0.19834988554231506
0,44,4,1.1564768E7,1.6666666E7,1.44115869855755,0.15871180740170227
0,44,5,1.1197015E7,1.6666666E7,1.4884918882398568,0.17274647223617456
0,45,0,1.1132359E7,2.5E7,2.2457055148868266,0.351352805511916
0,45,1,1.323302E7,2.5E7,1.8892134977503245,0.276281039793474
0,45,2,7368929.0,2.5E7,3.3926232699487264,0.5305356365781733
0,45,3,7835763.0,2.5E7,3.1904997637115873,0.5038587167945621
0,46,0,1.1486058E7,5.0E7,4.353103562597368,0.6387989993718608
0,46,1,1.0998086E7,5.0E7,4.546245592187586,0.6576528929927575
0,47,0,7490370.0,1.0E8,13.350475343674612,1.1254967290309097
0,48,0,1.4782928E7,5.0E7,3.382279883930978,0.5292095426518583
0,48,1,7639441.0,5.0E7,6.544981497991803,0.815908423181439
0,49,0,1.2939049E7,2.5E7,1.9321358161639237,0.28603765113609975
0,49,1,1.0541477E7,2.5E7,2.371584171743675,0.37503854314563684
0,49,2,8548032.0,2.5E7,2.924649790735458,0.46607386937310263
0,49,3,1.1588117E7,2.5E7,2.1573824289140333,0.33392713724232703
0,50,0,1.0813574E7,1.6666666E7,1.5412726634135947,0.18787947566906002
0,50,1,1.1078946E7,1.6666666E7,1.5043548366424027,0.1773502866677957
0,50,2,7460201.0,1.6666666E7,2.234077339203059,0.3490982034294304
0,50,3,1.3519862E7,1.6666666E7,1.2327541508929603,0.09087647354904643
0,50,4,9469827.0,1.6666666E7,1.7599757630208028,0.24550668709892212
0,50,5,9048891.0,1.6666666E7,1.841846254972018,0.2652533753700713
0,51,0,8155445.0,1.25E7,1.5327183249963674,0.18546234980567614
0,51,1,1.0778781E7,1.25E7,1.1596858680030702,0.06434036485754016
0,51,2,8093872.0,1.25E7,1.5443782654334044,0.18875368101937795
0,51,3,1.1384761E7,1.25E7,1.0979589294847736,0.04058609509428303
0,51,4,1.1745721E7,1.25E7,1.0642173434904507,0.02703033231922755
0,51,5,1.0875762E7,1.25E7,1.1493447539583892,0.060450317882373934
0,51,6,9212134.0,1.25E7,1.3569060111370503,0.13254976640829488
0,51,7,1.0515159E7,1.25E7,1.188759960738587,0.07509416895760951
0,52,0,7706033.0,1.1111111E7,1.4418717127217078,0.1589266217318699
0,52,1,9644531.0,1.1111111E7,1.1520633818274835,0.06147637285517989
0,52,2,1.3687782E7,1.1111111E7,0.8117539423114717,-0.0905755935304665
0,52,3,8296578.0,1.1111111E7,1.3392402265126657,0.12685848566867433
0,52,4,9907594.0,1.1111111E7,1.1214741944411528,0.049789284748456064
0,52,5,8295572.0,1.1111111E7,1.3394026355265194,0.12691114915705048
0,52,6,1.7698686E7,1.1111111E7,0.6277929898298664,-0.20218353810269196
0,52,7,8592014.0,1.1111111E7,1.2931905138888276,0.11166251021353099
0,52,8,1.4435236E7,1.1111111E7,0.7697214648932653,-0.11366640228719035
0,53,0,1.2673952E7,1.25E7,0.9862748415016879,-0.0060020449827892395
0,53,1,7955411.0,1.25E7,1.5712576006443917,0.19624739151179263
0,53,2,1.3677206E7,1.25E7,0.9139293507752972,-0.039087375113358504
0,53,3,1.3291897E7,1.25E7,0.9404225747461028,-0.026676954228096947
0,53,4,1.109958E7,1.25E7,1.1261687379162095,0.051603467296477114
0,53,5,9476812.0,1.25E7,1.3190089663063909,0.12024774778605694
0,53,6,1.0509891E7,1.25E7,1.1893558172962975,0.0753118011038868
0,53,7,8557372.0,1.25E7,1.460728831234636,0.16456960126702083
0,54,0,9574690.0,1.6666666E7,1.7407003255457878,0.24072401054061057
0,54,1,1.2930322E7,1.6666666E7,1.2889598573028576,0.11023939212196104
0,54,2,1.2211111E7,1.6666666E7,1.3648771188796827,0.1350935532121352
0,54,3,9799356.0,1.6666666E7,1.7007919704111167,0.23065119684151245
0,54,4,1.0336281E7,1.6666666E7,1.6124431988642725,0.20748442479300996
0,54,5,1.3875817E7,1.6666666E7,1.2011304271308854,0.07959016869161034
0,55,0,1.0279679E7,2.5E7,2.4319825550972944,0.3859604553654363
0,55,1,1.1917166E7,2.5E7,2.097814195086315,0.321767019785955
0,55,2,9690069.0,2.5E7,2.5799609889258788,0.41161313913287595
0,55,3,1.0449961E7,2.5E7,2.3923534260080013,0.3788253390399313
0,56,0,9855956.0,5.0E7,5.073074595706393,0.7052712483346476
0,56,1,9690039.0,5.0E7,5.1599379527781055,0.7126444793543237
0,57,0,1.3964002E7,1.0E8,7.161270816202976,0.8549900976558463
0,58,0,9840675.0,5.0E7,5.080952272074832,0.7059451153842403
0,58,1,1.0525689E7,5.0E7,4.750282855592636,0.6767194704597408
0,59,0,1.0136116E7,2.5E7,2.466427969056392,0.3920684366041083
0,59,1,1.2722964E7,2.5E7,1.964950934389188,0.2933517103399082
0,59,2,9386554.0,2.5E7,2.663384240904596,0.42543382572048366
0,59,3,7753330.0,2.5E7,3.2244209907226957,0.5084517397123294
0,60,0,1.4560208E7,1.6666666E7,1.1446722464404355,0.05868115310498939
0,60,1,8858584.0,1.6666666E7,1.881414230536167,0.2744844245937521
0,60,2,1.0449278E7,1.6666666E7,1.5950064683894907,0.20276244863468357
0,60,3,8328529.0,1.6666666E7,2.0011536250879356,0.30128042994904203
0,60,4,1.2240274E7,1.6666666E7,1.3616252381278393,0.1340575925922113
0,60,5,7696127.0,1.6666666E7,2.165591342242663,0.33557650651210225
0,61,0,8674690.0,1.25E7,1.4409736832094289,0.1586560492794348
0,61,1,7255257.0,1.25E7,1.7228886585271894,0.23625721212610012
0,61,2,1.4273442E7,1.25E7,0.8757523237912761,-0.057618701617019236
0,61,3,1.1238007E7,1.25E7,1.112296869008891,0.0462207147330314
0,61,4,7707934.0,1.25E7,1.6217056347394776,0.2099720257011489
0,61,5,8090474.0,1.25E7,1.5450269044805038,0.18893604645709058
0,61,6,1.1852631E7,1.25E7,1.0546181687424505,0.02309524899489566
0,61,7,8080779.0,1.25E7,1.5468805668364398,0.18945678353374176
0,62,0,8127844.0,1.1111111E7,1.3670428467869216,0.13578212673425244
0,62,1,8305794.0,1.1111111E7,1.337754223136283,0.12637633066620568
0,62,2,9853074.0,1.1111111E7,1.1276796459663248,0.05218574171370485
0,62,3,1.0456709E7,1.1111111E7,1.0625820226994938,0.026362464022001708
0,62,4,1.0216535E7,1.1111111E7,1.0875615852145566,0.036453859062592076
0,62,5,8276488.0,1.1111111E7,1.342491042094183,0.12791139650787242
0,62,6,8786314.0,1.1111111E7,1.2645929794906032,0.1019507664563593
0,62,7,1.2611031E7,1.1111111E7,0.8810628567957687,-0.05499310704110831
0,62,8,1.3504855E7,1.1111111E7,0.8227493742065354,-0.0847324393632781
0,63,0,7948407.0,1.25E7,1.5726421659082128,0.1966299158525393
0,63,1,9697595.0,1.25E7,1.2889793809702303,0.11024597026071684
0,63,2,1.0600609E7,1.25E7,1.1791775359321337,0.07157919701290368
0,63,3,8367459.0,1.25E7,1.4938824319306494,0.17431641998748962
0,63,4,7847714.0,1.25E7,1.5928205334700016,0.20216684566025997
0,63,5,1.1705477E7,1.25E7,1.0678761745463257,0.028520897047438848
0,63,6,7968259.0,1.25E7,1.5687241089929431,0.19554657107098672
0,63,7,1.4062211E7,1.25E7,0.8889071569186382,-0.05114359712151575
0,64,0,7680040.0,1.6666666E7,2.170127499335941,0.33648525026852866
0,64,1,1.573932E7,1.6666666E7,1.0589190638477393,0.024862767031384566
0,64,2,1.2136114E7,1.6666666E7,1.37331158886609,0.1377690849225273
0,64,3,9705281.0,1.6666666E7,1.7172780468695343,0.23484061807581452
0,64,4,8432585.0,1.6666666E7,1.9764598874485106,0.2958880046964227
0,64,5,1.3465574E7,1.6666666E7,1.237724140092357,0.09262386133556422
0,65,0,1.1430159E7,3.3333333E7,2.9162615323198917,0.464826469217322
0,65,1,1.4932848E7,3.3333333E7,2.2322153818213377,0.34873609645893977
0,65,2,1.2892673E7,3.3333333E7,2.585447796589582,0.4125357732502414
0,66,0,8011126.0,5.0E7,6.241319884370811,0.7952764419074195
0,66,1,1.1482773E7,5.0E7,4.354348901611135,0.6389232248827524
0,67,0,1.0466993E7,1.0E8,9.553842254408693,0.9801780662747976
0,68,0,1.1352029E7,5.0E7,4.404498966660498,0.643896512432418
0,68,1,1.2376081E7,5.0E7,4.040051127655031,0.6063868612289096
0,69,0,1.3291928E7,2.5E7,1.8808407629051256,0.2743520285546349
0,69,1,1.0283754E7,2.5E7,2.4310188672346693,0.38578832943326125
0,69,2,9941404.0,2.5E7,2.514735343217115,0.40049228560330996
0,69,3,1.4107705E7,2.5E7,1.7720812846596947,0.24848363892209518
0,70,0,9656193.0,1.4285714E7,1.4794354255346802,0.1700960138048698
0,70,1,1.1212677E7,1.4285714E7,1.2740680927489483,0.10519263954946018
0,70,2,1.0344524E7,1.4285714E7,1.3809928808710772,0.14019143976155934
0,70,3,1.1036966E7,1.4285714E7,1.2943515455243768,0.11205224661579664
0,70,4,7323614.0,1.4285714E7,1.9506372127203864,0.29017650508686726
0,70,5,8962708.0,1.4285714E7,1.5939059935903301,0.2024627037169918
0,70,6,8487603.0,1.4285714E7,1.6831270265586173,0.22611689366546753
0,71,0,1.1881289E7,1.1111111E7,0.9351772353992904,-0.029106073553660416
0,71,1,8562963.0,1.1111111E7,1.297577836083141,0.11313341874978984
0,71,2,1.1051286E7,1.1111111E7,1.0054133971376724,0.0023446679063789176
0,71,3,9026976.0,1.1111111E7,1.2308785356247762,0.09021519841417668
0,71,4,1.169581E7,1.1111111E7,0.9500078233145032,-0.02227281828133205
0,71,5,1.1420244E7,1.1111111E7,0.9729311387742678,-0.011917896739519693
0,71,6,1.2989463E7,1.1111111E7,0.8553941760332971,-0.06783371097096863
0,71,7,7464207.0,1.1111111E7,1.4885855925485454,0.17277381130576214
0,71,8,9950257.0,1.1111111E7,1.1166657303424423,0.04792318816140872
0,72,0,8868032.0,1.1111111E7,1.2529398856476837,0.09793023463518648
0,72,1,1.1455697E7,1.1111111E7,0.9699201192210304,-0.013264031929685087
0,72,2,9196940.0,1.1111111E7,1.2081312914947797,0.08211413302134106
0,72,3,1.0890878E7,1.1111111E7,1.0202217856081024,0.008694593130048504
0,72,4,1.1449676E7,1.1111111E7,0.9704301676309444,-0.013035711077999583
0,72,5,1.0601369E7,1.1111111E7,1.048082658003886,0.020395535032607232
0,72,6,8677817.0,1.1111111E7,1.2804039310808237,0.10734699883986172
0,72,7,1.4651324E7,1.1111111E7,0.7583690729929937,-0.12011938624798865
0,72,8,1.035574E7,1.1111111E7,1.0729422523161067,0.030576348083977772
0,73,0,1.2906948E7,1.25E7,0.9684706252787258,-0.013913547348407433
0,73,1,9193836.0,1.25E7,1.359606588588267,0.13341326048633456
0,73,2,1.0543202E7,1.25E7,1.1855980754233866,0.07393748564732987
0,73,3,1.2293031E7,1.25E7,1.0168362871614007,0.007251036201302703
0,73,4,1.1154863E7,1.25E7,1.1205874962337055,0.049445772203474465
0,73,5,1.021332E7,1.25E7,1.2238919371957404,0.08774307373159818
0,73,6,8012460.0,1.25E7,1.560070190678019,0.19314413857137142
0,73,7,9060512.0,1.25E7,1.3796129843434897,0.13975727311358485
0,74,0,1.1108288E7,1.6666666E7,1.500381156844331,0.17620160124653622
0,74,1,9331195.0,1.6666666E7,1.7861234279210756,0.25191146698974537
0,74,2,1.1175588E7,1.6666666E7,1.491345779747786,0.1735783495737335
0,74,3,7959866.0,1.6666666E7,2.0938375093249055,0.32094297555595497
0,74,4,9263834.0,1.6666666E7,1.7991110376114252,0.2550579679780026
0,74,5,1.2009101E7,1.6666666E7,1.3878362751716387,0.14233823486270883
0,75,0,1.192463E7,3.3333333E7,2.7953347818758316,0.44643382839934803
0,75,1,1.0699982E7,3.3333333E7,3.1152700069962735,0.49349569384164566
0,75,2,1.3614728E7,3.3333333E7,2.4483289713903944,0.38886977166824543
0,76,0,1.2088836E7,1.0E8,8.272095013945098,0.9176155141196785
0,77,0,1.1302893E7,1.0E8,8.847292458665228,0.9468103836730857
0,78,0,1.127152E7,5.0E7,4.435958947861513,0.6469875183608664
0,78,1,9013070.0,5.0E7,5.547499353716325,0.7440972603087417
0,79,0,9919683.0,2.5E7,2.5202418262761017,0.4014422148999657
0,79,1,9819912.0,2.5E7,2.5458476613639713,0.40583241274717036
0,79,2,1.2788533E7,2.5E7,1.9548762942551738,0.2911192801860093
0,79,3,7593279.0,2.5E7,3.292385279139618,0.5175106512102434
0,80,0,9520473.0,1.4285714E7,1.5005256566559246,0.1762434255848178
0,80,1,1.2001418E7,1.4285714E7,1.1903355086873901,0.07566938915281689
0,80,2,7779771.0,1.4285714E7,1.8362640751250905,0.2639351377163423
0,80,3,1.1344635E7,1.4285714E7,1.2592484465123823,0.10011142375725232
0,80,4,1.3984909E7,1.4285714E7,1.021509256871103,0.009242306543428924
0,80,5,9976932.0,1.4285714E7,1.4318744479765924,0.1559049391021215
0,80,6,1.1096096E7,1.4285714E7,1.287454073937356,0.10973174583647177
0,81,0,1.1162403E7,1.1111111E7,0.9954049320742138,-0.0020002117261037696
0,81,1,1.3178136E7,1.1111111E7,0.8431473920135595,-0.07409649898989928
0,81,2,1.5932175E7,1.1111111E7,0.6974007629215723,-0.15651758186332915
0,81,3,7556757.0,1.1111111E7,1.4703544126137706,0.1674220292316456
0,81,4,1.1024347E7,1.1111111E7,1.0078702167121554,0.003404611678354936
0,81,5,7757287.0,1.1111111E7,1.4323449680281264,0.15604762667885003
0,81,6,9546444.0,1.1111111E7,1.1639005057799532,0.06591585691390768
0,81,7,1.0244783E7,1.1111111E7,1.0845628453038,0.035254722397125494
0,81,8,1.3367192E7,1.1111111E7,0.8312225185364286,-0.08028269987864568
0,82,0,1.1607132E7,1.1111111E7,0.9572658431040502,-0.018967437186357964
0,82,1,7744243.0,1.1111111E7,1.4347575353717594,0.1567785143472276
0,82,2,9604563.0,1.1111111E7,1.1568575269900359,0.06327987662502543
0,82,3,1.1736464E7,1.1111111E7,0.9467170861683724,-0.023779784748388873
0,82,4,1.1262831E7,1.1111111E7,0.9865291417406512,-0.005890081308670295
0,82,5,8193520.0,1.1111111E7,1.3560851746258018,0.13228696807697088
0,82,6,8974322.0,1.1111111E7,1.2381003266876316,0.09275583819090523
0,82,7,9494014.0,1.1111111E7,1.1703280614500884,0.06830761841846637
0,82,8,8968745.0,1.1111111E7,1.2388702098231135,0.09302580991910202
0,83,0,9830107.0,1.25E7,1.2716036559927577,0.10435176788633237
0,83,1,8819692.0,1.25E7,1.417283052514759,0.1514565939800938
0,83,2,1.3093943E7,1.25E7,0.9546398666925616,-0.02016043302962834
0,83,3,1.1098556E7,1.25E7,1.1262726430357246,0.0516435353048706
0,83,4,8534662.0,1.25E7,1.4646157047578452,0.16572368667172147
0,83,5,7813891.0,1.25E7,1.5997151739127151,0.20404266427499815
0,83,6,8101069.0,1.25E7,1.5430062378187372,0.1883676817629414
0,83,7,8654397.0,1.25E7,1.4443525065928915,0.1596731994558788
0,84,0,8954348.0,2.0E7,2.2335517895887005,0.34899602695418797
0,84,1,1.0199855E7,2.0E7,1.9608121880163982,0.2924359977400519
0,84,2,1.297872E7,2.0E7,1.5409840107499044,0.18779813250225327
0,84,3,9778307.0,2.0E7,2.0453438412191396,0.31076632740041776
0,84,4,1.2884426E7,2.0E7,1.5522616218991827,0.19096492012555144
0,85,0,1.2983155E7,3.3333333E7,2.567429334395222,0.409498498966663
0,85,1,9084237.0,3.3333333E7,3.669359683152256,0.5645902848690489
0,85,2,9421231.0,3.3333333E7,3.5381080243123217,0.5487710885077232
0,86,0,8335495.0,1.0E8,11.996888007250918,1.0790686046679745
0,87,0,1.3358849E7,1.0E8,7.485674851179169,0.8742309591121653
0,88,0,1.1810314E7,5.0E7,4.233587692926708,0.6267085600117087
0,88,1,1.0886731E7,5.0E7,4.592746895280135,0.662072512256154
0,89,0,1.0376249E7,2.0E7,1.9274788027928011,0.28498961064997874
0,89,1,1.0048856E7,2.0E7,1.9902763060790203,0.2989133728295528
0,89,2,1.2370163E7,2.0E7,1.616793570141315,0.20865457335627097
0,89,3,1.1200139E7,2.0E7,1.7856921239995325,0.2518065831225148
0,89,4,1.3203079E7,2.0E7,1.514798177000986,0.18035477379306597
0,90,0,1.0589101E7,1.4285714E7,1.3490960186327432,0.13004286062695544
0,90,1,9200307.0,1.4285714E7,1.5527431856350011,0.19109963197805488
0,90,2,1.0361025E7,1.4285714E7,1.378793507399123,0.1394992296913982
0,90,3,9224592.0,1.4285714E7,1.5486553768448512,0.18995478471451455
0,90,4,1.1317677E7,1.4285714E7,1.2622478976913725,0.10114465603870905
0,90,5,1.2851534E7,1.4285714E7,1.111596016475543,0.04594698176691212
0,90,6,8473525.0,1.4285714E7,1.6859233907966282,0.22683783617828443
0,91,0,1.1718669E7,1.1111111E7,0.9481546923119,-0.023120801336249237
0,91,1,1.0998792E7,1.1111111E7,1.0102119396384621,0.0044124971088761785
0,91,2,1.1006875E7,1.1111111E7,1.0094700811992505,0.004093451796130316
0,91,3,9302976.0,1.1111111E7,1.1943609227842789,0.07713558566072105
0,91,4,1.1304716E7,1.1111111E7,0.9828739616280497,-0.007502170142362738
0,91,5,9094853.0,1.1111111E7,1.2216922032714548,0.08696180225800472
0,91,6,1.1178628E7,1.1111111E7,0.9939601711408591,-0.002631017816271058
0,91,7,8844057.0,1.1111111E7,1.2563364302152282,0.09910595327151353
0,91,8,8829890.0,1.1111111E7,1.2583521425521722,0.09980219291089497
0,92,0,1.0053437E7,1.1111111E7,1.1052052148931752,0.043442925460892956
0,92,1,1.0923278E7,1.1111111E7,1.0171956623277372,0.0074044995265333605
0,92,2,1.3677473E7,1.1111111E7,0.8123657783861098,-0.09024837991409534
0,92,3,1.2307296E7,1.1111111E7,0.90280683913022,-0.044405159623888676
0,92,4,9426360.0,1.1111111E7,1.17872763187487,0.07141346443426191
0,92,5,1.2339839E7,1.1111111E7,0.9004259293820608,-0.045552007201719286
0,92,6,7770697.0,1.1111111E7,1.4298731503750564,0.15529751121632002
0,92,7,1.0342272E7,1.1111111E7,1.0743394681555465,0.031141530760243473
0,92,8,8034604.0,1.1111111E7,1.3829071102944215,0.14079300958046426
0,93,0,1.1488438E7,1.4285714E7,1.2434861902027063,0.09464096648406974
0,93,1,7378628.0,1.4285714E7,1.9360935393409182,0.2869263357400672
0,93,2,7677504.0,1.4285714E7,1.8607237456339978,0.2696818999161081
0,93,3,1.2105683E7,1.4285714E7,1.1800832716336616,0.07191265403071172
0,93,4,1.251608E7,1.4285714E7,1.141388837399569,0.05743362090307742
0,93,5,1.3284889E7,1.4285714E7,1.0753355936959654,0.03154402122415426
0,93,6,7881009.0,1.4285714E7,1.8126757627100794,0.25832012783572644
0,94,0,1.1339645E7,2.0E7,1.76372364390596,0.24643053695844722
0,94,1,1.1450943E7,2.0E7,1.746581045770641,0.24218874280179412
0,94,2,1.0241868E7,2.0E7,1.9527687722591232,0.29065082143576915
0,94,3,1.0864251E7,2.0E7,1.840900030752235,0.26503020497794805
0,94,4,1.1421164E7,2.0E7,1.7511349981490503,0.24331962791739012
0,95,0,8761072.0,3.3333333E7,3.804709400858708,0.5803214914815975
0,95,1,1.0461572E7,3.3333333E7,3.1862642631528035,0.5032817925792282
0,95,2,1.1286086E7,3.3333333E7,2.9534891901408513,0.4703353856658598
0,96,0,1.3863879E7,1.0E8,7.212988514974778,0.858115240676542
0,97,0,1.3210581E7,1.0E8,7.569689781244292,0.8790780817385925
0,98,0,7174750.0,3.3333333E7,4.645922575699502,0.6670719680069094
0,98,1,1.5476112E7,3.3333333E7,2.1538570540197695,0.33321687690511703
0,98,2,1.1500038E7,3.3333333E7,2.8985411178641325,0.4621794655261249
0,99,0,8730719.0,2.0E7,2.2907620781289606,0.3599799850770288
0,99,1,8614879.0,2.0E7,2.3215648182638433,0.36578081370597576
0,99,2,1.2377627E7,2.0E7,1.6158186056180235,0.20839260458158723
0,99,3,1.1653409E7,2.0E7,1.7162359958360682,0.23457700649772756
0,99,4,9103107.0,2.0E7,2.197052061455501,0.34184034810619895
