0,0,0,2.0805944E7,1.25E7,0.6007898512079048,-0.22127741222497974
0,0,1,1.3573419E7,1.25E7,0.920917566900425,-0.035779242596308415
0,0,2,1.1717632E7,1.25E7,1.0667684392204841,0.02807015842846371
0,0,3,1.2916222E7,1.25E7,0.9677752519273825,-0.0142254879194783
1,0,0,1.4309336E7,1.25E7,0.8735555584130529,-0.058709468534628974
0,0,4,1.2530818E7,1.25E7,0.9975406234453329,-0.001069409246321664
1,0,1,1.1734705E7,1.25E7,1.065216381664473,0.027437836711495318
0,0,5,1.3323776E7,1.25E7,0.9381724820351228,-0.027717309691531838
1,0,2,1.1276758E7,1.25E7,1.1084746165520267,0.044725752463943176
0,0,6,1.1306157E7,1.25E7,1.105592289227896,0.04359500112504577
1,0,3,1.1622479E7,1.25E7,1.0755020508103306,0.031611242854360795
0,0,7,1.2556505E7,1.25E7,0.9954999420619034,-0.0019587609125097443
1,0,4,1.2471418E7,1.25E7,1.0022918003389831,9.941774473882221E-4
0,1,0,1.1514556E7,9090909.0,0.7895145066818035,-0.10263988577731158
1,0,5,1.1270593E7,1.25E7,1.109080950753878,0.04496324604335802
0,1,1,1.1563284E7,9090909.0,0.7861874706182085,-0.1044738817633645
1,0,6,1.1945835E7,1.25E7,1.0463898086655308,0.019693501180997764
0,1,2,1.137845E7,9090909.0,0.7989584697388484,-0.09747579494384541
1,0,7,1.3010544E7,1.25E7,0.9607592119130453,-0.01738544275867098
0,1,3,1.5278906E7,9090909.0,0.5949973774300332,-0.22548494850703882
2,0,0,1.3013392E7,1.25E7,0.960548948344905,-0.0174804991474815
1,1,0,1.6896391E7,9090909.0,0.5380385077499686,-0.26918664049560953
0,1,4,1.515082E7,9090909.0,0.6000275232627673,-0.2218288280713681
2,0,1,1.4898387E7,1.25E7,0.8390170023103843,-0.07622923829554029
1,1,1,1.4204769E7,9090909.0,0.6399899216946083,-0.19382686505811533
0,1,5,1.4796897E7,9090909.0,0.6143794202257405,-0.21156334022929527
2,0,2,1.415804E7,1.25E7,0.8828905695986168,-0.054093121976916174
1,1,2,1.634234E7,9090909.0,0.5562795168868105,-0.25470693119130483
0,1,6,1.1786415E7,9090909.0,0.7713039970169047,-0.11277441805030212
2,0,3,1.3968311E7,1.25E7,0.8948827098709358,-0.04823388288953949
1,1,3,1.6162463E7,9090909.0,0.5624705219742808,-0.24990023317992358
0,1,7,1.4882361E7,9090909.0,0.6108512621082098,-0.21406452446997046
2,0,4,1.6078644E7,1.25E7,0.7774287433691548,-0.109339406519458
1,1,4,1.4322443E7,9090909.0,0.6347317283790203,-0.1974097920349878
0,1,8,1.688315E7,9090909.0,0.5384604768659876,-0.2688461685200192
2,0,5,1.6069074E7,1.25E7,0.777891744104234,-0.10908083772682485
1,1,5,1.5625969E7,9090909.0,0.581782096201522,-0.23523964788876206
0,1,9,1.5495982E7,9090909.0,0.5866623360817017,-0.23161179273976593
2,0,6,1.3212753E7,1.25E7,0.9460556781769855,-0.024083303330279464
0,1,10,1.5297114E7,9090909.0,0.5942891580725619,-0.22600219273053346
1,1,6,1.9599079E7,9090909.0,0.46384368367513595,-0.3336283529690878
3,0,0,1.5743242E7,1.25E7,0.793991479010486,-0.10018415832678719
2,0,7,1.9700036E7,1.25E7,0.6345166069747283,-0.1975570067873976
0,2,0,1.5562929E7,8333333.0,0.5354604522066508,-0.2712725995710114
1,1,7,2.2732248E7,9090909.0,0.39991245036566553,-0.39803507488389256
3,0,1,1.577842E7,1.25E7,0.7922212743734798,-0.10115349919636857
0,2,1,1.5732759E7,8333333.0,0.5296803313392139,-0.27598615345564087
2,1,0,2.4441665E7,9090909.0,0.37194311435002486,-0.4295234768197435
1,1,8,1.6267759E7,9090909.0,0.5588298302181635,-0.25272041939148854
3,0,2,1.8062677E7,1.25E7,0.6920347410298041,-0.1598721028570878
0,2,2,1.8060834E7,8333333.0,0.46140355423232393,-0.33591906439329444
2,1,1,1.5875635E7,9090909.0,0.5726327797281809,-0.24212379489703298
1,1,9,1.7604467E7,9090909.0,0.5163978551580118,-0.2870155702301225
3,0,3,1.6639552E7,1.25E7,0.7512221482886078,-0.12423161624550272
2,1,2,1.5633621E7,9090909.0,0.581497338332559,-0.23545226881193487
0,2,3,2.2940392E7,8333333.0,0.36326027035632175,-0.4397820981695861
1,1,10,2.1108204E7,9090909.0,0.4306813123466118,-0.36584397226067084
2,1,3,1.4994709E7,9090909.0,0.6062744532087951,-0.21733073139261172
3,0,4,2.2636216E7,1.25E7,0.5522124369196689,-0.25789381641323555
0,2,4,1.6824523E7,8333333.0,0.4953087228683987,-0.3051240236019292
3,0,5,1.6771932E7,1.25E7,0.7452927903595126,-0.12767307992663202
1,2,0,2.2483261E7,8333333.0,0.37064609978063234,-0.4310405654941118
0,2,5,1.6246544E7,8333333.0,0.5129295805926479,-0.2899422544968946
2,1,4,2.8257616E7,9090909.0,0.321715356313144,-0.49252820859479723
4,0,0,1.750679E7,1.25E7,0.714008678918294,-0.14629650925545565
3,0,6,2.1140658E7,1.25E7,0.5912777170890329,-0.228208487528244
0,2,6,2.2931012E7,8333333.0,0.36340886307154696,-0.4396044850188296
2,1,5,1.8550523E7,9090909.0,0.49006214002699544,-0.3097488478086848
1,2,1,3.0474176E7,8333333.0,0.27345556447531183,-0.5631132348553148
3,0,7,1.8593046E7,1.25E7,0.6722943620964527,-0.17244053075132537
0,2,7,1.3092929E7,8333333.0,0.636475841272797,-0.1962180762224768
4,0,1,3.5665913E7,1.25E7,0.3504746955447348,-0.45534333285283346
3,1,0,2.0556113E7,9090909.0,0.4422484445381284,-0.35433368590200554
0,2,8,2.666006E7,8333333.0,0.31257742855792525,-0.5050423859030809
2,1,6,3.7712783E7,9090909.0,0.24105643436603447,-0.617881271679965
1,2,2,4.4142187E7,8333333.0,0.18878387244383701,-0.7240351096556168
4,0,2,3.0395049E7,1.25E7,0.41125118765230484,-0.38589283484112397
3,1,1,2.5559171E7,9090909.0,0.3556809021701056,-0.4489394530734424
0,2,9,2.5167931E7,8333333.0,0.3311091801705909,-0.4800287780453926
2,1,7,2.4846844E7,9090909.0,0.3658778153072479,-0.4366639227947117
4,0,3,2.3976826E7,1.25E7,0.5213367273883541,-0.28288167860215935
1,2,3,2.9578285E7,8333333.0,0.2817382076073714,-0.550154252666861
3,1,2,3.0857831E7,9090909.0,0.2946062216751398,-0.5307580856989224
2,1,8,2.7705042E7,9090909.0,0.32813193353036607,-0.483951502374801
0,2,10,2.9004066E7,8333333.0,0.28731602665640055,-0.5416401481315819
5,0,0,2.6046874E7,1.25E7,0.47990403762079087,-0.31884559616248803
1,2,4,2.7747816E7,8333333.0,0.30032392459284,-0.5224100693834992
4,0,4,3.0005259E7,1.25E7,0.41659363780195996,-0.3802873668621092
3,1,3,2.9635177E7,9090909.0,0.30676074585280866,-0.5132002149649781
2,1,9,2.7146931E7,9090909.0,0.3348779646583255,-0.47511342857880084
0,2,11,2.6738059E7,8333333.0,0.31166559247999265,-0.5063111406839864
5,0,1,3.1214567E7,1.25E7,0.40045405723552085,-0.39744730188587535
4,0,5,2.6052427E7,1.25E7,0.4798017474533179,-0.31893817465090735
1,2,5,2.8355914E7,8333333.0,0.29388342058027117,-0.5318249139396409
3,1,4,2.5160379E7,9090909.0,0.3613184443684255,-0.442109868260448
2,1,10,2.2603859E7,9090909.0,0.4021839368224691,-0.3955752790616909
0,3,0,2.9211411E7,7692307.0,0.26333226423057754,-0.5794959266179677
1,2,6,2.2110001E7,8333333.0,0.3769033298551185,-0.423770025640564
5,0,2,2.7763569E7,1.25E7,0.4502303000021359,-0.34656528081279314
3,1,5,2.2837558E7,9090909.0,0.3980683486386767,-0.4000423528304763
4,0,6,3.4624936E7,1.25E7,0.3610114976096995,-0.4424789663244477
2,2,0,3.2432017E7,8333333.0,0.2569477254529066,-0.5901552224140045
0,3,1,2.5546897E7,7692307.0,0.3011053358065365,-0.5212815484035378
5,0,3,2.1155268E7,1.25E7,0.5908693758925673,-0.22850851844058123
1,2,7,2.7649819E7,8333333.0,0.30138833820214156,-0.5208735561104466
3,1,6,2.1853062E7,9090909.0,0.4160016111243358,-0.3809049873995703
4,0,7,1.9833678E7,1.25E7,0.6302411484143284,-0.20049324517045106
2,2,1,3.2662456E7,8333333.0,0.2551349169823604,-0.593230101111692
4,1,0,2.740487E7,9090909.0,0.3317260399337782,-0.479220435759177
3,1,7,3.0240027E7,9090909.0,0.300625029203843,-0.5219748640930959
6,0,0,4.1352097E7,1.25E7,0.3022821309400585,-0.5195875248813937
5,0,4,4.9556386E7,1.25E7,0.25223792550166996,-0.5981896140444932
0,3,2,6.3329193E7,7692307.0,0.12146541958935116,-0.9155473452681274
1,2,8,5.7562677E7,8333333.0,0.14476972639754054,-0.8393222463784413
4,1,1,3.3738908E7,9090909.0,0.26944882152083877,-0.5695237115228305
5,0,5,2.7430228E7,1.25E7,0.4557016441861147,-0.34131940446633624
6,0,1,4.3115384E7,1.25E7,0.2899197186786044,-0.5377222454174263
3,1,8,4.7699301E7,9090909.0,0.19058788723130346,-0.719904704305075
2,2,2,5.668404E7,8333333.0,0.1470137449624268,-0.8326420592499444
0,3,3,3.4783616E7,7692307.0,0.22114742182066408,-0.6553181193537746
1,2,9,3.3828848E7,8333333.0,0.2463380662563502,-0.6084684720923471
4,1,2,3.2399799E7,9090909.0,0.28058535177949717,-0.551935005465139
5,0,6,2.7340692E7,1.25E7,0.45719398762840385,-0.33989948946874254
6,0,2,2.6606469E7,1.25E7,0.46981055622224804,-0.3280772292409017
3,1,9,2.9815787E7,9090909.0,0.30490253368123404,-0.5158389667162627
2,2,3,4.0222347E7,8333333.0,0.20718166943366084,-0.6836486717838163
0,3,4,3.5826783E7,7692307.0,0.21470828123194874,-0.6681512046369699
4,1,3,3.3122294E7,9090909.0,0.2744649570467553,-0.5615130972348022
1,2,10,3.9075957E7,8333333.0,0.21325985694988864,-0.671090886444083
6,0,3,4.1420733E7,1.25E7,0.30178123598150713,-0.520307767088694
7,0,0,4.1786344E7,1.25E7,0.29914079106801017,-0.5241243622015322
5,0,7,5.4612865E7,1.25E7,0.2288837987166577,-0.6403849472860148
3,1,10,4.3892432E7,9090909.0,0.20711791499728244,-0.6837823344818977
1,2,11,2.8250422E7,8333333.0,0.29498083249871454,-0.5302062030404374
0,3,5,3.3967E7,7692307.0,0.22646412694674242,-0.6450005826266312
4,1,4,3.3292428E7,9090909.0,0.273062361207179,-0.5637381586905874
2,2,4,4.2518625E7,8333333.0,0.19599253268420605,-0.7077604749487412
6,0,4,3.3014653E7,1.25E7,0.3786197601410501,-0.42179672397952245
1,3,0,2.1041719E7,7692307.0,0.3655740769088305,-0.4370246079453298
7,0,1,4.7334213E7,1.25E7,0.2640795992530815,-0.5782651477291967
5,1,0,3.9718868E7,9090909.0,0.22888137194645125,-0.6403895519740822
6,0,5,2.0382779E7,1.25E7,0.6132627940478578,-0.21235338266266748
0,3,6,3.9312802E7,7692307.0,0.19566926315758415,-0.7084773904352714
3,2,0,4.5826533E7,8333333.0,0.181845155076427,-0.740298265418194
4,1,5,4.3751668E7,9090909.0,0.20778428379004887,-0.6823873043312041
1,3,1,3.1806234E7,7692307.0,0.2418490350036411,-0.6164556411406482
2,2,5,4.8010756E7,8333333.0,0.17357220952738173,-0.7605198080480852
3,2,1,2.7570847E7,8333333.0,0.3022516138151287,-0.5196313716280371
5,1,1,3.6080964E7,9090909.0,0.2519585951195761,-0.5986708218712872
1,3,2,2.7040866E7,7692307.0,0.28446969856660653,-0.5459639874276911
0,3,7,4.362894E7,7692307.0,0.17631203050085562,-0.75371805297647
6,0,6,5.0154587E7,1.25E7,0.2492294473484549,-0.6034006455385964
7,0,2,5.5052764E7,1.25E7,0.227054903183426,-0.643869115200965
4,1,6,4.3255689E7,9090909.0,0.2101667829172713,-0.6774359235870149
2,2,6,4.3080944E7,8333333.0,0.19343431750242057,-0.7134664745146883
8,0,0,5.1269052E7,1.25E7,0.2438118028786645,-0.6129452741031985
3,2,2,3.7708344E7,8333333.0,0.22099440378500843,-0.6556187237631361
1,3,3,3.2565379E7,7692307.0,0.23621119226034495,-0.6266995283069695
5,1,2,4.1962433E7,9090909.0,0.21664399202019577,-0.6642533503344561
7,0,3,2.7810546E7,1.25E7,0.4494697802768777,-0.34729950237388046
6,0,7,3.0499392E7,1.25E7,0.40984423558345034,-0.3873811688411266
0,3,8,3.5751633E7,7692307.0,0.21515959844407667,-0.6672392749204229
4,1,7,3.5309495E7,9090909.0,0.257463580263609,-0.5892841957846943
2,2,7,3.2837293E7,8333333.0,0.2537764912594957,-0.5955486115130026
8,0,1,4.1863153E7,1.25E7,0.2985919383568648,-0.524921921910362
6,1,0,2.6712148E7,9090909.0,0.34032863998806834,-0.46810150178457843
3,2,3,4.1556488E7,8333333.0,0.2005302517383086,-0.6978201009891241
7,0,4,4.2134152E7,1.25E7,0.29667145075092527,-0.5277242446433721
5,1,3,4.9289989E7,9090909.0,0.18443722923127454,-0.734151410734818
0,3,9,4.4851174E7,7692307.0,0.17150737235997435,-0.7657172067789993
2,2,8,3.6210861E7,8333333.0,0.23013352264669984,-0.6380201147512842
4,1,8,4.224281E7,9090909.0,0.2152060670206362,-0.6671454893418809
1,3,4,6.1313154E7,7692307.0,0.1254593263951158,-0.9014970485671329
3,2,4,4.503578E7,8333333.0,0.18503805196668072,-0.732738952354679
4,1,9,2.7792136E7,9090909.0,0.3271036454340897,-0.4853146158166654
8,0,2,5.4792872E7,1.25E7,0.22813186357524753,-0.641814051819109
7,0,5,4.4434553E7,1.25E7,0.28131260823080634,-0.5508108026291262
6,1,1,5.8483746E7,9090909.0,0.15544334318119774,-0.8084278717653731
0,3,10,4.7688333E7,7692307.0,0.1613037511711722,-0.7923555328342384
9,0,0,5.6076081E7,1.25E7,0.22291144061939708,-0.6518676413880066
5,1,4,6.3178666E7,9090909.0,0.1438920695159977,-0.8419631411596445
1,3,5,5.4823446E7,7692307.0,0.14031053429220774,-0.8529097216071998
3,2,5,3.6674029E7,8333333.0,0.22722709304723515,-0.6435398874882503
2,2,9,6.890704E7,8333333.0,0.12093587244496354,-0.9174448579970369
0,3,11,2.7257953E7,7692307.0,0.28220413323040067,-0.5494366297524361
4,1,10,4.6334543E7,9090909.0,0.19620154665170647,-0.707297573410433
5,1,5,2.5064514E7,9090909.0,0.3627003898818864,-0.44045197757793114
8,0,3,5.2374533E7,1.25E7,0.23866561254111804,-0.6222101505762762
7,0,6,4.9839131E7,1.25E7,0.2508069412365958,-0.6006604483076843
0,3,12,1.7243737E7,7692307.0,0.4460928045933431,-0.3505747818034591
6,1,2,5.2463842E7,9090909.0,0.17327951315498397,-0.7612527809080498
9,0,1,5.8380001E7,1.25E7,0.21411441907991746,-0.6693540850830361
4,2,0,3.2726411E7,8333333.0,0.2546363241603242,-0.594079643662933
0,4,0,3.1352148E7,8333333.0,0.26579783305437316,-0.5754485640116633
1,3,6,6.3055515E7,7692307.0,0.12199261238291369,-0.9136664684931212
3,2,6,6.2293609E7,8333333.0,0.13377508758563017,-0.8736247560110171
2,2,10,5.8582393E7,8333333.0,0.1422497882597592,-0.8469483713841153
7,0,7,4.0744019E7,1.25E7,0.30679349526123084,-0.5131538526829701
6,1,3,3.9163152E7,9090909.0,0.2321291452741087,-0.6342703277170118
4,2,1,2.8110789E7,8333333.0,0.29644607271606643,-0.5280542987649238
5,1,6,5.8190487E7,9090909.0,0.15622672138832588,-0.8062446813487765
8,0,4,5.599057E7,1.25E7,0.223251879736177,-0.6512048757513429
9,0,2,4.8113174E7,1.25E7,0.2598041027183116,-0.5853539950110478
1,3,7,3.653463E7,7692307.0,0.2105483756096613,-0.6766481048325639
0,4,1,4.0726605E7,8333333.0,0.20461644175840338,-0.6890594719041467
2,2,11,4.0361873E7,8333333.0,0.2064654680420802,-0.6851525749657081
3,2,7,4.3202524E7,8333333.0,0.19288995707750778,-0.7146903835503238
6,1,4,4.6617884E7,9090909.0,0.1950090441685427,-0.7099452463738554
7,1,0,5.0177292E7,9090909.0,0.1811757597440691,-0.7418999088314584
4,2,2,4.1689626E7,8333333.0,0.1998898478964527,-0.699209262482742
5,1,7,4.6294286E7,9090909.0,0.19637216135053903,-0.7069200798320839
8,0,5,4.8908271E7,1.25E7,0.2555804927146167,-0.5924722969522193
9,0,3,3.9062416E7,1.25E7,0.32000068812947974,-0.494849087772236
2,3,0,3.161013E7,7692307.0,0.24334942627569073,-0.6137696733185449
0,4,2,4.9141848E7,8333333.0,0.16957711887432478,-0.770632747698423
1,3,8,5.1455953E7,7692307.0,0.14949304310815115,-0.8253790174401632
3,2,8,4.5419631E7,8333333.0,0.18347425587847688,-0.7364248650046885
7,1,1,4.3669951E7,9090909.0,0.20817309824780889,-0.6815753941213524
4,2,3,4.4050769E7,8333333.0,0.18917565321050353,-0.7231347577688666
6,1,5,4.7851827E7,9090909.0,0.18998039510591727,-0.7212912134504174
5,1,8,4.7193848E7,9090909.0,0.19262911131976354,-0.7152780789448695
8,0,6,5.0198728E7,1.25E7,0.24901029364728125,-0.6037826995636578
9,0,4,5.1515119E7,1.25E7,0.24264721197674027,-0.6150246943757852
2,3,1,4.925868E7,7692307.0,0.1561614521542193,-0.8064261611295349
0,4,3,4.6190704E7,8333333.0,0.18041147413557498,-0.7437358448689239
6,1,6,3.4389793E7,9090909.0,0.2643490468232827,-0.5778222512136075
3,2,9,4.549909E7,8333333.0,0.18315383890095385,-0.7371839741000187
5,1,9,2.4728989E7,9090909.0,0.3676215392388261,-0.4345990508808089
7,1,2,4.3764165E7,9090909.0,0.2077249503103738,-0.6825113362461431
4,2,4,4.3507598E7,8333333.0,0.19153741836081137,-0.7177463705194943
1,3,9,5.9348252E7,7692307.0,0.12961303392726714,-0.8873513234803473
8,0,7,4.0165108E7,1.25E7,0.31121539620906785,-0.5069389260678138
2,3,2,4.3819056E7,7692307.0,0.17554707248828,-0.7556064086525571
6,1,7,3.4007721E7,9090909.0,0.2673189714770949,-0.5729702185145329
9,0,5,5.1221094E7,1.25E7,0.24404008239261737,-0.6125388370534698
3,2,10,3.8296143E7,8333333.0,0.21760240972570005,-0.6623362995768918
4,2,5,3.5679534E7,8333333.0,0.233560589664652,-0.6316004369668143
5,1,10,4.4935374E7,9090909.0,0.20231074520488024,-0.6939810502037007
1,3,10,3.8277114E7,7692307.0,0.2009636097434096,-0.6968825769996047
7,1,3,4.5117397E7,9090909.0,0.20149453657532593,-0.6957367250432476
8,1,0,3.4373985E7,9090909.0,0.26447061636874514,-0.5776225726185522
2,3,3,2.9767665E7,7692307.0,0.2584115012044109,-0.5876881609615734
0,4,4,6.8226838E7,8333333.0,0.12214156839570962,-0.9131365076148471
6,1,8,4.1712846E7,9090909.0,0.2179402719248646,-0.6616625115677954
1,3,11,3.624682E7,7692307.0,0.21222018924694636,-0.6732133025201616
5,2,0,4.190975E7,8333333.0,0.19883995967525456,-0.7014963336079539
3,2,11,5.1490597E7,8333333.0,0.16184184075395358,-0.7909091906380284
7,1,4,3.9776726E7,9090909.0,0.22854844815533587,-0.6410217232255035
4,2,6,5.2022622E7,8333333.0,0.1601867164634647,-0.7953735007724276
9,0,6,6.5225785E7,1.25E7,0.1916420017022409,-0.7175093015808639
8,1,1,4.7247174E7,9090909.0,0.19241169852825482,-0.7157685266234903
0,4,5,4.7394904E7,8333333.0,0.17582761640365385,-0.7549129113454393
2,3,4,5.6802292E7,7692307.0,0.1354224755578525,-0.8683092514506593
6,1,9,5.433914E7,9090909.0,0.16729946406954546,-0.7765054502630202
5,2,1,4.6972468E7,8333333.0,0.17740888130468258,-0.7510246426493401
3,3,0,4.5723118E7,7692307.0,0.1682367112409088,-0.7740792300024647
1,3,12,5.6928941E7,7692307.0,0.13512120311530124,-0.8692764964742723
0,4,6,3.8045195E7,8333333.0,0.21903772605187066,-0.6594810778306609
2,3,5,3.4078524E7,7692307.0,0.2257230095998289,-0.6464241678478371
4,2,7,5.9756102E7,8333333.0,0.13945576637512266,-0.855563523326076
8,1,2,5.1719973E7,9090909.0,0.17577172749104103,-0.75505097898961
9,0,7,5.4861612E7,1.25E7,0.22784602100280976,-0.642358551332628
7,1,5,6.7781533E7,9090909.0,0.13412073462546206,-0.8725040764562306
6,1,10,3.3819324E7,9090909.0,0.26880812283533523,-0.5705576119230377
5,2,2,3.1481242E7,8333333.0,0.26470788541316126,-0.5772331212584735
3,3,1,4.1876013E7,7692307.0,0.18369243987005163,-0.7359087173484273
1,4,0,4.2384823E7,8333333.0,0.19661124926722,-0.7063916372927299
0,4,7,3.7168082E7,8333333.0,0.22420669971617044,-0.6493514140145077
2,3,6,4.504012E7,7692307.0,0.17078788866459504,-0.7675429303251842
5,2,3,3.3116831E7,8333333.0,0.2516343728661719,-0.5992300352200435
7,1,6,4.1757694E7,9090909.0,0.21770620283773334,-0.6621291969588002
8,1,3,5.349404E7,9090909.0,0.16994246461848833,-0.7696980876102698
6,2,0,4.6567421E7,8333333.0,0.17895199736313505,-0.7472634498923232
4,2,8,5.6165515E7,8333333.0,0.14837098885321356,-0.828651008845862
3,3,2,3.3064823E7,7692307.0,0.23264322328294332,-0.6333095936086321
9,1,0,5.5139903E7,9090909.0,0.16486987653931853,-0.782858687277421
1,4,1,3.5420217E7,8333333.0,0.23527052361085196,-0.6284324809627289
0,4,8,3.8899027E7,8333333.0,0.21422985721468046,-0.6691200016650144
2,3,7,4.2896139E7,7692307.0,0.17932399463737284,-0.7463615953156967
5,2,4,4.1278227E7,8333333.0,0.20188204788931463,-0.6949022984374704
7,1,7,4.01983E7,9090909.0,0.22615157854934165,-0.6456003765102541
1,4,2,3.1755084E7,8333333.0,0.2624251600153223,-0.5809945293116361
4,2,9,4.996708E7,8333333.0,0.16677646562496748,-0.7778652340959213
6,2,1,5.1328887E7,8333333.0,0.1623517182439588,-0.7895431106725899
8,1,4,5.9551989E7,9090909.0,0.15265500200169638,-0.8162889607322071
3,3,3,6.1334493E7,7692307.0,0.12541567760248706,-0.9016481710757098
2,3,8,3.6919798E7,7692307.0,0.20835181709282374,-0.6812027075899754
9,1,1,6.5646661E7,9090909.0,0.13848242791815413,-0.8586053308763549
0,4,9,5.648076E7,8333333.0,0.14754286238357983,-0.831081795329752
5,2,5,5.3773146E7,8333333.0,0.1549720189330191,-0.8097467090553827
7,1,8,6.41565E7,9090909.0,0.1416989548993477,-0.8486333528797105
1,4,3,5.3270119E7,8333333.0,0.15643541175494652,-0.805664930374792
4,2,10,4.8652901E7,8333333.0,0.17128131783960837,-0.7662900042361065
9,1,2,3.5981361E7,9090909.0,0.25265606267645074,-0.5974702760707632
2,3,9,3.780094E7,7692307.0,0.2034951247244116,-0.6914459910119723
6,2,2,6.1562182E7,8333333.0,0.13536448399441073,-0.868495267914867
3,3,4,5.1213926E7,7692307.0,0.1501995179982882,-0.8233314610137384
8,1,5,5.8224921E7,9090909.0,0.15613432949097517,-0.8065015974543486
0,4,10,5.4877911E7,8333333.0,0.15185222702810244,-0.8185788344409834
5,2,6,4.8202797E7,8333333.0,0.1728806940393936,-0.7622535026213801
9,1,3,3.3070588E7,9090909.0,0.27489408413300664,-0.5608346063043536
2,3,10,3.5399153E7,7692307.0,0.21730200719774284,-0.6629362621245845
7,1,9,4.6600067E7,9090909.0,0.19508360363516217,-0.7097792306055342
1,4,4,4.5835467E7,8333333.0,0.1818097108075718,-0.7403829239880181
4,2,11,5.0906279E7,8333333.0,0.16369951140997754,-0.785952616814493
3,3,5,3.7104872E7,7692307.0,0.20731258687538393,-0.6833743291431138
8,1,6,3.8736179E7,9090909.0,0.2346878095539573,-0.6295094684795752
6,2,3,4.687322E7,8333333.0,0.17778452173757212,-0.7501060522329249
5,2,7,4.0591905E7,8333333.0,0.205295440063727,-0.6876206968892934
0,4,11,4.9443585E7,8333333.0,0.16854224870627807,-0.7732912159789588
2,3,11,4.3859534E7,7692307.0,0.17538505995070536,-0.756007404455236
9,1,4,5.0566969E7,9090909.0,0.1797795909025119,-0.745259612166244
7,1,10,4.9525953E7,9090909.0,0.18355848700175442,-0.7362255306760993
4,3,0,4.4963031E7,7692307.0,0.1710807040566282,-0.7667989711386343
1,4,5,5.483588E7,8333333.0,0.15196861981607662,-0.8182460807899521
3,3,6,4.8570825E7,7692307.0,0.1583729944879462,-0.8003188716402027
8,1,7,4.3288582E7,9090909.0,0.21000708685722252,-0.6777660494039185
6,2,4,5.561785E7,8333333.0,0.14983198739253675,-0.8243954599003794
5,2,8,4.445163E7,8333333.0,0.18746968333894617,-0.7270689541930458
0,5,0,3.878487E7,9090909.0,0.23439317960844008,-0.6300550296057967
9,1,5,3.2225016E7,9090909.0,0.2821071989537569,-0.5495858311576419
2,3,12,4.7479098E7,7692307.0,0.1620145985081688,-0.7904458510999962
3,3,7,3.8283513E7,7692307.0,0.20093001914427236,-0.6969551743777889
0,5,1,3.9469323E7,9090909.0,0.23032847561129943,-0.6376523666976528
1,4,6,6.0729192E7,8333333.0,0.13722120656569908,-0.8625787663059101
4,3,1,6.7069185E7,7692307.0,0.11469211978645633,-0.9404664203796879
7,2,0,7.3325009E7,8333333.0,0.11364925983166262,-0.9444333883778258
9,1,6,4.7125845E7,9090909.0,0.19290707678557276,-0.7146518399945331
8,1,8,7.2544146E7,9090909.0,0.12531554234576006,-0.9019950619954891
2,4,0,4.8814564E7,8333333.0,0.1707140721363403,-0.7677306780694043
6,2,5,7.4106157E7,8333333.0,0.11245129065321792,-0.9490355556098173
1,4,7,3.4502549E7,8333333.0,0.24152803898633693,-0.6170324447460392
5,2,9,7.5576383E7,8333333.0,0.11026371823060122,-0.9575673666562637
3,3,8,5.8688962E7,7692307.0,0.13106905860764756,-0.8824998198427016
0,5,2,3.9392652E7,9090909.0,0.23077677024639012,-0.6368079089545361
7,2,1,3.8260484E7,8333333.0,0.21780521647347692,-0.6619317230259903
4,3,2,4.2553582E7,7692307.0,0.1807675555961423,-0.7428795146237785
8,1,9,3.9184035E7,9090909.0,0.2320054328248737,-0.634501845202901
9,1,7,5.0477256E7,9090909.0,0.18009911236062437,-0.7444884276459455
7,2,2,2.9235857E7,8333333.0,0.2850380955140121,-0.5450970923919503
2,4,1,5.5501409E7,8333333.0,0.15014633232104072,-0.8234852720043797
1,4,8,4.6574299E7,8333333.0,0.17892557008748539,-0.7473275903752766
5,2,10,4.5901719E7,8333333.0,0.18154729673631612,-0.741010213406234
0,5,3,4.4027527E7,9090909.0,0.20648238998297588,-0.6851169815830794
6,2,6,5.2495484E7,8333333.0,0.15874380737207794,-0.7993032076208172
4,3,3,3.9276238E7,7692307.0,0.19585142039316494,-0.7080732744266756
3,3,9,5.8163062E7,7692307.0,0.13225416158454656,-0.8785906533209911
8,1,10,4.4601672E7,9090909.0,0.20382439922880022,-0.6907438290824378
9,1,8,3.9754893E7,9090909.0,0.228673964736869,-0.6407832783961186
2,4,2,3.762348E7,8333333.0,0.22149288157289013,-0.6546402267469655
1,4,9,3.516711E7,8333333.0,0.23696382784937403,-0.6253179432909899
7,2,3,4.3733142E7,8333333.0,0.1905496065203822,-0.7199919436968688
5,2,11,4.8710256E7,8333333.0,0.17107963875205254,-0.7668016754607948
9,1,9,3.4830207E7,9090909.0,0.26100645913473897,-0.5833487450300526
6,2,7,5.2528762E7,8333333.0,0.15864324005960773,-0.7995784288731069
3,3,10,4.0892277E7,7692307.0,0.18811148618601015,-0.7255846853911285
8,2,0,4.0677231E7,8333333.0,0.20486480507977547,-0.6885326451737955
0,5,4,5.6575372E7,9090909.0,0.1606866853654979,-0.7940201077534972
4,3,4,5.4000164E7,7692307.0,0.1424496970046239,-0.8463384701827341
2,4,3,4.2505463E7,8333333.0,0.19605322261752567,-0.7076260146057741
7,2,4,4.2829822E7,8333333.0,0.1945684714729844,-0.7109275328993636
1,4,10,5.4061006E7,8333333.0,0.15414683552133676,-0.8120653864725239
5,3,0,4.2052931E7,7692307.0,0.18291964001272587,-0.7377396619854326
4,3,5,3.4829434E7,7692307.0,0.22085650315190308,-0.6558898083530414
9,1,10,4.2256639E7,9090909.0,0.21513563821296813,-0.6672876407645217
3,3,11,4.0549125E7,7692307.0,0.18970340297108754,-0.7219248785034839
0,5,5,3.8959358E7,9090909.0,0.23334339852314814,-0.6320044811534705
8,2,1,4.1300269E7,8333333.0,0.20177430321337617,-0.6951341437643085
6,2,8,4.7038197E7,8333333.0,0.17716097834277109,-0.7516319300598139
2,4,4,4.0780496E7,8333333.0,0.20434604326538844,-0.689633767077147
7,2,5,4.3508302E7,8333333.0,0.19153431912833555,-0.7177533978171553
1,4,11,4.0569804E7,8333333.0,0.20540727778719364,-0.6873841729742588
4,3,6,3.8124348E7,7692307.0,0.20176888008681487,-0.6951458165370765
3,3,12,3.972923E7,7692307.0,0.1936183258522755,-0.7130535393837251
0,5,6,4.3829421E7,9090909.0,0.20741567633302754,-0.6831584230306499
5,3,1,5.0792034E7,7692307.0,0.15144711471881595,-0.8197389961748573
6,2,9,4.2315882E7,8333333.0,0.1969315681521184,-0.7056846608280423
9,2,0,6.0037469E7,8333333.0,0.13880220367051116,-0.8576036388210362
2,4,5,3.7496504E7,8333333.0,0.22224293230110198,-0.6531720414328339
7,2,6,3.6753283E7,8333333.0,0.22673710536280528,-0.6444774020805065
8,2,2,6.1812656E7,8333333.0,0.1348159671378625,-0.8702586684149148
1,5,0,4.6352467E7,9090909.0,0.19612567762574537,-0.70746554288945
4,3,7,4.7907793E7,7692307.0,0.16056483754114909,-0.7943495557810454
5,3,2,5.0128779E7,7692307.0,0.15345091489262086,-0.8140305179090417
0,5,7,5.1881843E7,9090909.0,0.1752233242755081,-0.7564080846409221
8,2,3,3.6902472E7,8333333.0,0.22582045452131227,-0.646236722803409
1,5,1,2.2935291E7,9090909.0,0.39637208004031865,-0.40189694427623407
3,4,0,6.6001954E7,8333333.0,0.1262588831839736,-0.8987380565196954
2,4,6,5.6608771E7,8333333.0,0.14720921957482525,-0.8320649896922307
9,2,1,5.831546E7,8333333.0,0.14290092198535345,-0.8449649691666248
6,2,10,7.2100408E7,8333333.0,0.11557955400196904,-0.9371189857206264
7,2,7,5.7534927E7,8333333.0,0.1448395511130135,-0.8391128298191473
8,2,4,2.6951712E7,8333333.0,0.3091949409373327,-0.5097676206430226
4,3,8,5.5942681E7,7692307.0,0.1375033670624402,-0.8616866670792884
3,4,1,3.3757559E7,8333333.0,0.24685828142964958,-0.6075522987913383
0,5,8,4.3650129E7,9090909.0,0.20826763192383693,-0.6813782210228359
5,3,3,4.5957558E7,7692307.0,0.16737849735183927,-0.7763003353586557
1,5,2,4.0869913E7,9090909.0,0.2224352422771245,-0.6527964027287864
9,2,2,3.9635018E7,8333333.0,0.21025177785966945,-0.6772603231810391
6,2,11,4.1716788E7,8333333.0,0.19975969866136387,-0.6994921257918987
8,2,5,4.0648601E7,8333333.0,0.20500909736106293,-0.6882268665245087
7,2,8,5.0253048E7,8333333.0,0.16582741409038512,-0.7803436715902577
1,5,3,3.2996941E7,9090909.0,0.2755076296314861,-0.5598663697306263
2,4,7,6.0858366E7,8333333.0,0.1369299497788028,-0.8635015511275542
0,5,9,3.6325756E7,9090909.0,0.25026069657022415,-0.6016073509629505
3,4,2,4.2760652E7,8333333.0,0.19488320711293178,-0.7102255819824177
4,3,9,4.5848423E7,7692307.0,0.16777691568584593,-0.7752677936856105
5,3,4,4.6570694E7,7692307.0,0.16517484150010733,-0.7820561012634725
9,2,3,4.5958065E7,8333333.0,0.18132471417149526,-0.741542998459296
6,3,0,4.0724949E7,7692307.0,0.18888438632544388,-0.7238039405056889
8,2,6,3.6697276E7,8333333.0,0.227083149168892,-0.6438150916476597
1,5,4,3.5627507E7,9090909.0,0.25516545404089036,-0.5931781235832322
0,5,10,3.9666131E7,9090909.0,0.22918567480150762,-0.6398125313341657
2,4,8,4.0893859E7,8333333.0,0.20377956993493815,-0.6908393586479146
7,2,9,5.5167918E7,8333333.0,0.1510539694465178,-0.8208678577057092
5,3,5,4.2829492E7,7692307.0,0.17960304082056355,-0.7456863146597409
3,4,3,4.9981521E7,8333333.0,0.1667282794375145,-0.7779907315334854
4,3,10,4.7078957E7,7692307.0,0.1633916188924916,-0.7867702241934096
6,3,1,3.2822841E7,7692307.0,0.23435835429358476,-0.6301195603475913
9,2,4,4.5438229E7,8333333.0,0.18339915932903106,-0.7366026593944583
1,5,5,3.846457E7,9090909.0,0.2363450052866833,-0.6264535712724391
8,2,7,5.057083E7,8333333.0,0.1647853713296776,-0.7830813450223243
0,6,0,4.0035542E7,1.25E7,0.31222257463131137,-0.5055356993409611
2,4,9,4.0114608E7,8333333.0,0.20773811375646498,-0.6824838160524287
5,3,6,3.6388838E7,7692307.0,0.21139193837406955,-0.6749115789321646
4,3,11,3.958514E7,7692307.0,0.19432309700054112,-0.7114755766326941
7,2,10,4.8096395E7,8333333.0,0.17326315205120882,-0.76129378905975
9,2,5,3.1299365E7,8333333.0,0.2662460724043443,-0.5747167901098318
6,3,2,4.8011598E7,7692307.0,0.16021768323562152,-0.7952895524975314
3,4,4,5.5980456E7,8333333.0,0.14886147051035098,-0.8272176951965141
2,4,10,3.8727114E7,8333333.0,0.21518084203227744,-0.6671963973645572
1,5,6,5.3601612E7,9090909.0,0.16960141049489333,-0.7705705402420309
0,6,1,5.4667425E7,1.25E7,0.2286553646893008,-0.6408186047900614
7,2,11,3.7164847E7,8333333.0,0.22422621570324236,-0.6493136126613592
4,3,12,4.1640022E7,7692307.0,0.18473349990064847,-0.733454341686117
8,2,8,6.0676949E7,8333333.0,0.13733935435679206,-0.8622049985898517
3,4,5,4.2205445E7,8333333.0,0.19744686971076836,-0.7045497471040204
2,4,11,3.6341093E7,8333333.0,0.22930881578052703,-0.639579248491869
5,3,7,6.6876492E7,7692307.0,0.11502258521574367,-0.9392168755461997
9,2,6,5.6791427E7,8333333.0,0.14673575643732284,-0.8334640447712827
6,3,3,5.491331E7,7692307.0,0.1400809202723347,-0.8536210137843763
1,5,7,4.0225445E7,9090909.0,0.2259989665745152,-0.6458935467464559
0,6,2,4.1239593E7,1.25E7,0.30310677411389586,-0.5184043575043352
8,2,9,4.2700659E7,8333333.0,0.1951570115112275,-0.7096158409703088
4,4,0,4.6254369E7,8333333.0,0.1801631538849876,-0.7443340241263849
7,3,0,4.8731835E7,7692307.0,0.15784973005838995,-0.8017561564657893
3,4,6,4.1818024E7,8333333.0,0.19927610639852328,-0.7005447709500509
5,3,8,3.9369956E7,7692307.0,0.19538520693292113,-0.7091083208148165
2,5,0,4.2215607E7,9090909.0,0.21534474205238835,-0.6668657276882911
8,2,10,2.3537192E7,8333333.0,0.35404958246506213,-0.45093591344569295
9,2,7,4.8684452E7,8333333.0,0.17117031531956034,-0.7665715493008962
6,3,4,4.8949487E7,7692307.0,0.1571478573411811,-0.8036915360669895
4,4,1,4.2024812E7,8333333.0,0.19829554502230728,-0.7026870426981892
5,3,9,3.0135632E7,7692307.0,0.25525620302238894,-0.5930236952521728
1,5,8,6.1216112E7,9090909.0,0.14850516805118233,-0.8282584324271988
0,6,3,5.3310551E7,1.25E7,0.23447516046120026,-0.6299031582624127
2,5,1,3.2244039E7,9090909.0,0.2819407643068537,-0.5498421272727011
7,3,1,5.4177271E7,7692307.0,0.1419840249982322,-0.8477605165000408
3,4,7,4.7455936E7,8333333.0,0.17560148850504181,-0.7554718070700865
8,2,11,4.3331353E7,8333333.0,0.19231647347822256,-0.7159835132952321
6,3,5,3.9859287E7,7692307.0,0.19298656797348132,-0.7144729171994791
9,2,8,4.5803099E7,8333333.0,0.1819381915621037,-0.7400761264247555
0,6,4,3.7710164E7,1.25E7,0.3314756202067962,-0.47954840813106037
4,4,2,4.2984864E7,8333333.0,0.19386668293285747,-0.7124968204296338
5,3,10,4.2218293E7,7692307.0,0.1822031743443535,-0.7394440610170967
1,5,9,4.2398973E7,9090909.0,0.21441342458931728,-0.6687480266166693
2,5,2,4.9083112E7,9090909.0,0.18521460089979624,-0.7323247798556812
3,4,8,4.1860293E7,8333333.0,0.19907488464067846,-0.7009835272653082
7,3,2,5.1755444E7,7692307.0,0.14862797815047243,-0.8278994300596567
6,3,6,4.7490428E7,7692307.0,0.16197594597378656,-0.7905494750035904
9,2,9,4.4520276E7,8333333.0,0.18718062304914732,-0.7277391114653963
8,3,0,5.3232681E7,7692307.0,0.14450346770999567,-0.8401217308365291
0,6,5,3.8841328E7,1.25E7,0.32182215808893044,-0.4923840571777646
4,4,3,3.9044117E7,8333333.0,0.21343376775558787,-0.6707368689333086
1,5,10,3.7919668E7,9090909.0,0.23974126039289162,-0.6202572157832537
5,3,11,4.4737533E7,7692307.0,0.17194303047510465,-0.7646154231426207
3,4,9,4.0040727E7,8333333.0,0.20812142097220163,-0.681683217571891
7,3,3,3.7992125E7,7692307.0,0.20247109104847386,-0.6936369768660439
2,5,3,5.5035936E7,9090909.0,0.16518132806899113,-0.7820390464521351
9,2,10,4.0891538E7,8333333.0,0.20379113644490457,-0.690814708831939
6,3,7,4.3820683E7,7692307.0,0.17554055467369142,-0.755622533691956
8,3,1,4.3774812E7,7692307.0,0.17572450111264898,-0.7551676809851952
4,4,4,3.956755E7,8333333.0,0.2106102854485557,-0.6765204232527361
7,3,4,2.2570084E7,7692307.0,0.34081871383376333,-0.46747656680555644
0,6,6,4.4941071E7,1.25E7,0.2781420140165329,-0.555733404960407
2,5,4,3.5711141E7,9090909.0,0.25456786720984353,-0.5941964159775551
5,3,12,5.6881006E7,7692307.0,0.13523507302244267,-0.8689106601344831
1,6,0,6.3478695E7,1.25E7,0.19691646149940542,-0.7057179769064408
9,2,11,3.3766829E7,8333333.0,0.24679051148095665,-0.6076715419267973
3,4,10,4.9882669E7,8333333.0,0.16705868324728174,-0.7771309460158382
6,3,8,3.6457816E7,7692307.0,0.21099198591599672,-0.6757340401457125
4,4,5,4.7503189E7,8333333.0,0.17542681187151457,-0.7559040292256137
0,6,7,4.5124316E7,1.25E7,0.27701250917576237,-0.5575006188657238
7,3,5,4.582808E7,7692307.0,0.1678513915485877,-0.775075053943119
8,3,2,5.147193E7,7692307.0,0.14944664013958675,-0.8255138443265395
5,4,0,3.0209812E7,8333333.0,0.2758485554296068,-0.559329286024143
2,5,5,4.0212095E7,9090909.0,0.22607399589601088,-0.6457493893943876
9,3,0,3.9443286E7,7692307.0,0.1950219614055482,-0.7099164800210537
1,6,1,4.4409667E7,1.25E7,0.2814702483583135,-0.5505675036782365
3,4,11,4.494029E7,8333333.0,0.18543122440909926,-0.7318171340168311
6,3,9,4.1135992E7,7692307.0,0.18699699766569383,-0.7281653662318931
0,7,0,4.6506898E7,1.6666666E7,0.35836976269627785,-0.4456686408852967
5,4,1,4.8667621E7,8333333.0,0.17122951212264928,-0.7664213807369922
7,3,6,5.6063723E7,7692307.0,0.1372064962578386,-0.862625325785666
4,4,6,6.1659595E7,8333333.0,0.13515062821933876,-0.869181931233786
8,3,3,5.887839E7,7692307.0,0.13064737334020174,-0.883899317320685
6,3,10,4.0839624E7,7692307.0,0.18835401129060345,-0.7250251263881142
3,5,0,4.2902354E7,9090909.0,0.21189767349362695,-0.6738738115498314
9,3,1,6.5737524E7,7692307.0,0.1170154659308434,-0.9317567337707129
1,6,2,6.2810325E7,1.25E7,0.1990118662815389,-0.7011210275754698
2,5,6,7.1622782E7,9090909.0,0.12692761641121397,-0.8964438755401303
0,7,1,4.4563163E7,1.6666666E7,0.37400096577525255,-0.42712727632807224
6,3,11,3.5860429E7,7692307.0,0.21450683147153649,-0.6685588721359115
3,5,1,4.0444657E7,9090909.0,0.22477404122873387,-0.6482538461371667
5,4,2,5.6402442E7,8333333.0,0.14774773404314656,-0.830479171022707
1,6,3,2.6132563E7,1.25E7,0.4783304262961119,-0.32027199305186815
4,4,7,5.4869631E7,8333333.0,0.15187514200706034,-0.8185133029812085
7,3,7,6.0435704E7,7692307.0,0.12728083716870411,-0.8952369768517882
8,3,4,6.0275182E7,7692307.0,0.12761980544496737,-0.8940819217904297
2,5,7,3.7356294E7,9090909.0,0.2433568222800688,-0.6137564742116943
9,3,2,4.2161873E7,7692307.0,0.18244699423102004,-0.7388632871342729
0,7,2,4.8180104E7,1.6666666E7,0.3459242429198575,-0.46101900087265385
6,3,12,3.9116526E7,7692307.0,0.1966510778590103,-0.7063036688477379
5,4,3,4.0561071E7,8333333.0,0.20545150299409007,-0.6872906772804158
3,5,2,4.5721771E7,9090909.0,0.19883107765007615,-0.7015157336354224
8,3,5,3.3341507E7,7692307.0,0.23071263695429245,-0.6369286169691037
1,6,4,4.9369686E7,1.25E7,0.25319180681035725,-0.5965503520299682
9,3,3,3.578263E7,7692307.0,0.21497321465750283,-0.6676156491593831
2,5,8,3.8821198E7,9090909.0,0.2341738397666141,-0.6304616228400001
0,7,3,2.9706947E7,1.6666666E7,0.5610359758611344,-0.2510092891591303
7,3,8,5.8175769E7,7692307.0,0.132225274065565,-0.878685524138517
6,4,0,3.91062E7,8333333.0,0.21309493123852483,-0.6714268804656172
4,4,8,6.544368E7,8333333.0,0.12733594748950547,-0.8950489758240803
9,3,4,3.2848617E7,7692307.0,0.23417445550295163,-0.6304604809082522
0,7,4,3.2481512E7,1.6666666E7,0.5131123822068382,-0.28978750501091993
5,4,4,5.2637715E7,8333333.0,0.15831486986089727,-0.8004782917374987
1,6,5,5.9695449E7,1.25E7,0.2093961970199772,-0.679031210089061
6,4,1,4.1447074E7,8333333.0,0.20105962124129678,-0.696675139909851
7,3,9,4.6091555E7,7692307.0,0.16689189592323367,-0.7775647516447313
9,3,5,3.5404306E7,7692307.0,0.2172703794843486,-0.6629994771002595
4,4,9,5.9078536E7,8333333.0,0.14105517103538245,-0.8506109881263564
2,5,9,7.6925556E7,9090909.0,0.1181780083591466,-0.9274633334113621
3,5,3,8.6971721E7,9090909.0,0.10452718303688621,-0.9807707534979674
5,4,5,4.1751862E7,8333333.0,0.19959188885995072,-0.6998571118209005
8,3,6,9.2942185E7,7692307.0,0.08276443038217791,-1.08215626958879
0,7,5,5.3122697E7,1.6666666E7,0.31373907842066073,-0.5034313834844425
9,3,6,2.8732589E7,7692307.0,0.2677206359649665,-0.5723181520095371
5,4,6,2.6871441E7,8333333.0,0.31011857533058984,-0.5084722198253361
8,3,7,2.873115E7,7692307.0,0.2677340447563011,-0.572296400909784
7,3,10,6.7457262E7,7692307.0,0.11403230389042472,-0.942972101172361
6,4,2,6.7925276E7,8333333.0,0.12268382980144239,-0.9112126751767378
0,8,0,3.3936963E7,2.5E7,0.736659906780698,-0.13273296627615044
3,5,4,4.887636E7,9090909.0,0.18599807759824996,-0.7304915444529791
2,5,10,5.7044905E7,9090909.0,0.1593640834356723,-0.7976095507146842
1,6,6,7.7581144E7,1.25E7,0.16112162512066075,-0.7928461663449755
9,3,7,4.3923694E7,7692307.0,0.1751288723575936,-0.7566422487086426
4,4,10,6.8566021E7,8333333.0,0.12153735740331206,-0.9152902107864337
5,4,7,3.8478698E7,8333333.0,0.2165700357117073,-0.6644016318532179
6,4,3,3.7461386E7,8333333.0,0.22245127289203875,-0.6527651048253237
8,3,8,4.9811946E7,7692307.0,0.15442695212108357,-0.8112769000109514
3,5,5,4.1183554E7,9090909.0,0.22074124540101614,-0.6561165115303444
7,3,11,4.4307224E7,7692307.0,0.17361293047833465,-0.7604179322340597
1,6,7,3.5981949E7,1.25E7,0.34739641257342674,-0.4591746706546352
0,8,1,5.3696445E7,2.5E7,0.46558017015837827,-0.3320055252958619
9,3,8,4.2529027E7,7692307.0,0.1808719254263682,-0.7426288382182347
4,4,11,3.6579179E7,8333333.0,0.22781629407264717,-0.6424152171631113
2,6,0,5.4258938E7,1.25E7,0.23037679064046554,-0.6375612761364032
5,4,8,4.4136934E7,8333333.0,0.18880634073948135,-0.7239834247523171
3,5,6,3.6550763E7,9090909.0,0.24872008827832132,-0.6042891368205215
7,3,12,3.6849762E7,7692307.0,0.20874780683793834,-0.6803780786380599
6,4,4,4.6077041E7,8333333.0,0.18085651376788714,-0.7426658449753162
8,3,9,4.6859302E7,7692307.0,0.1641575241560363,-0.7847392066016594
1,7,0,4.1402706E7,1.6666666E7,0.40255016181792563,-0.3951799944430559
0,8,2,3.9547917E7,2.5E7,0.6321445450590988,-0.19918360535055568
9,3,9,4.6878867E7,7692307.0,0.1640890126461461,-0.7849204982089624
4,5,0,4.9161247E7,9090909.0,0.18492022791854731,-0.7330155799554223
5,4,9,4.0037262E7,8333333.0,0.20813943271145763,-0.681645633451722
2,6,1,4.5874676E7,1.25E7,0.27248148847961345,-0.564662996962519
7,4,0,3.9146893E7,8333333.0,0.2128734201204678,-0.6718785622143527
3,5,7,4.3885845E7,9090909.0,0.2071490021440854,-0.6837171543973612
8,3,10,4.2372291E7,7692307.0,0.18154097450147313,-0.7410253376166445
6,4,5,4.3550886E7,8333333.0,0.19134703711883153,-0.7181782581476307
1,7,1,4.8145042E7,1.6666666E7,0.3461761649309601,-0.4607028376602566
0,8,3,4.4676293E7,2.5E7,0.5595808945025945,-0.25213712183164466
2,6,2,3.6504985E7,1.25E7,0.3424189874341819,-0.46544216131597466
5,4,10,4.973213E7,8333333.0,0.16756436935236838,-0.7758183236457282
9,3,10,5.8156922E7,7692307.0,0.13226812450631414,-0.8785448044817862
4,5,1,5.7443672E7,9090909.0,0.15825779730794368,-0.800634883241788
6,4,6,4.128535E7,8333333.0,0.20184721699101496,-0.6949772341346551
7,4,1,5.3218583E7,8333333.0,0.15658690123335303,-0.8052445702474472
1,7,2,4.1653852E7,1.6666666E7,0.40012304264201065,-0.3978064373635328
8,3,11,5.3881581E7,7692307.0,0.1427632013990087,-0.8453837217535392
3,5,8,6.2273159E7,9090909.0,0.14598438791261578,-0.8356935867220058
0,9,0,5.3453396E7,3.3333333E7,0.6235961696428044,-0.20509656107155816
2,6,3,6.1045901E7,1.25E7,0.20476395294747143,-0.6887464950296687
6,4,7,4.2093502E7,8333333.0,0.19797195776203177,-0.7033963221208053
5,4,11,5.5859228E7,8333333.0,0.14918453581205957,-0.8262761926781098
4,5,2,5.0917593E7,9090909.0,0.17854160938047484,-0.748260554798467
1,7,3,4.0554937E7,1.6666666E7,0.41096515573430675,-0.38619499883882374
9,3,11,5.8553609E7,7692307.0,0.13137203891223853,-0.8814970597253987
7,4,2,5.2600686E7,8333333.0,0.15842631786209024,-0.8001726715288822
8,3,12,5.2919278E7,7692307.0,0.14535925830280602,-0.8375573016866785
3,5,9,5.3642363E7,9090909.0,0.16947256779124364,-0.7709005902105037
0,9,1,4.7354313E7,3.3333333E7,0.703913347871819,-0.152480799462025
2,6,4,4.4804573E7,1.25E7,0.27898937905289267,-0.5544123297246817
4,5,3,4.6369069E7,9090909.0,0.19605545670973035,-0.7076210657027392
9,3,12,4.2417416E7,7692307.0,0.18134784542273863,-0.7414875998661442
1,7,4,4.7502262E7,1.6666666E7,0.35086047060243153,-0.45486555844824694
6,4,8,5.4457299E7,8333333.0,0.1530250885193553,-0.8152373606054034
5,5,0,5.580728E7,9090909.0,0.1628982634523668,-0.7880835453850112
7,4,3,4.3610517E7,8333333.0,0.19108539804744806,-0.7187724986577527
0,9,2,3.9342665E7,3.3333333E7,0.8472566106032725,-0.07198503395435141
8,4,0,5.2135648E7,8333333.0,0.15983944421291169,-0.7963160392262336
2,6,5,3.5665576E7,1.25E7,0.3504780071405548,-0.4553392292727048
6,4,9,2.6544081E7,8333333.0,0.3139431724910725,-0.503148957363379
9,4,0,3.5171841E7,8333333.0,0.23693195360458955,-0.625376364611404
3,5,10,5.9300478E7,9090909.0,0.1533024573596186,-0.8144508835724423
4,5,4,4.7295999E7,9090909.0,0.19221306647947112,-0.7162170926974046
0,10,0,3.1904864E7,2.5E7,0.783579582097576,-0.10591688903498808
1,7,5,5.2248191E7,1.6666666E7,0.31899029767365533,-0.49622252613050966
6,4,10,3.0049159E7,8333333.0,0.2773233354051606,-0.5570135851235429
8,4,1,3.5896927E7,8333333.0,0.23214613886029856,-0.6342385352828008
7,4,4,5.9192866E7,8333333.0,0.14078272540478104,-0.8514506315691935
2,6,6,4.8287356E7,1.25E7,0.2588669381690727,-0.5869234130167096
3,6,0,4.2275555E7,1.25E7,0.2956791460218559,-0.5291793047840242
5,5,1,7.2263412E7,9090909.0,0.12580237700373184,-0.9003111529300867
9,4,1,4.86652E7,8333333.0,0.171238030461192,-0.7663997759601019
0,10,1,4.4040999E7,2.5E7,0.567652881806791,-0.2459171530188362
1,8,0,4.0610641E7,2.5E7,0.6156022014033219,-0.210699835793766
6,4,11,3.5083027E7,8333333.0,0.23753175574046104,-0.6242783211089079
4,5,5,5.1370742E7,9090909.0,0.17696666713515644,-0.7521085282287832
8,4,2,4.1272398E7,8333333.0,0.20191056017631928,-0.6948409663145648
2,6,7,3.6392944E7,1.25E7,0.3434731743603925,-0.4641071761653947
7,4,5,4.5354606E7,8333333.0,0.1837373033292363,-0.7358026619556866
5,5,2,4.0725851E7,9090909.0,0.2232220758259907,-0.6512628575153003
9,4,2,3.9218711E7,8333333.0,0.2124836025334948,-0.6726745790442185
3,6,1,4.6715718E7,1.25E7,0.26757589383513275,-0.5725530151417199
0,10,2,3.7903482E7,2.5E7,0.6595700099531753,-0.18073909955260956
1,8,1,3.6676922E7,2.5E7,0.6816275367927549,-0.16645287300137013
6,5,0,4.4392216E7,9090909.0,0.2047861048432455,-0.6886995144668546
4,5,6,4.4689367E7,9090909.0,0.2034244297978085,-0.6915968926655792
2,7,0,4.439027E7,1.6666666E7,0.37545763970347557,-0.4254390543476631
0,10,3,2.4939453E7,2.5E7,1.0024277597427658,0.0010530848577731198
7,4,6,4.6524338E7,8333333.0,0.17911771254004732,-0.7468614656415005
8,4,3,6.066912E7,8333333.0,0.1373570772083063,-0.8621489590076623
3,6,2,4.0707912E7,1.25E7,0.30706561417348055,-0.5127688140057353
9,4,3,4.7281398E7,8333333.0,0.17624971664331923,-0.7538715725512689
5,5,3,5.3936821E7,9090909.0,0.16854736396125386,-0.7732780353473037
4,5,7,4.1233668E7,9090909.0,0.22047296398661403,-0.6566446593086906
1,8,2,5.275773E7,2.5E7,0.4738642090931509,-0.3243460922719905
6,5,1,4.8191893E7,9090909.0,0.18863979881429435,-0.7243666754269356
2,7,1,3.6946587E7,1.6666666E7,0.45110164032201405,-0.34572559369257094
8,4,4,4.1284426E7,8333333.0,0.20185173459841732,-0.6949675141591207
0,11,0,4.7890571E7,2.0E7,0.4176187416934327,-0.3792200195091509
7,4,7,4.5579773E7,8333333.0,0.18282962927437132,-0.7379534213613286
9,4,4,4.5985296E7,8333333.0,0.18121733956001937,-0.7418002497334255
6,5,2,3.1836134E7,9090909.0,0.2855531704948848,-0.5443130135037996
5,5,4,4.693236E7,9090909.0,0.19370236229330892,-0.7128650828188715
2,7,2,3.1298179E7,1.6666666E7,0.5325123228415302,-0.27367033778564676
3,6,3,6.0124304E7,1.25E7,0.20790261455666914,-0.6821400490023733
1,8,3,4.5007462E7,2.5E7,0.5554634473723491,-0.2553445148091544
0,11,1,3.4306166E7,2.0E7,0.5829855775780949,-0.23434218907584947
7,4,8,3.3170276E7,8333333.0,0.2512289315892337,-0.5999303485891225
4,5,8,5.6057452E7,9090909.0,0.16217128455999036,-0.7900260432271058
8,4,5,4.8971349E7,8333333.0,0.17016751978794784,-0.769123330990547
2,7,3,3.7715715E7,1.6666666E7,0.44190242714475914,-0.3546736130729615
6,5,3,4.0476605E7,9090909.0,0.22459662810159103,-0.6485967681451981
5,5,5,4.1939673E7,9090909.0,0.2167615613025881,-0.6640177294872136
9,4,5,4.9610687E7,8333333.0,0.16797455354730323,-0.774756504530237
3,6,4,4.8605308E7,1.25E7,0.25717355808135195,-0.5897736864853563
4,5,9,3.619693E7,9090909.0,0.2511513821752287,-0.6000644274211228
5,5,6,2.0100206E7,9090909.0,0.4522793945494887,-0.34459319787712267
1,9,0,5.3332287E7,3.3333333E7,0.6250122557091917,-0.2041114666004227
7,4,9,5.1010165E7,8333333.0,0.16336612516348456,-0.786837991743252
0,11,2,5.1083031E7,2.0E7,0.39151944605636263,-0.4072466624560048
8,4,6,4.4343568E7,8333333.0,0.1879265331107321,-0.7260118980789928
2,7,4,3.8213644E7,1.6666666E7,0.4361443781702682,-0.3603697211369455
9,4,6,3.8265768E7,8333333.0,0.21777514043361157,-0.6619916975311059
6,5,4,4.6690309E7,9090909.0,0.19470655034645412,-0.7106194376352493
3,6,5,3.5746612E7,1.25E7,0.349683488885604,-0.4563248734246982
1,9,1,3.3219306E7,3.3333333E7,1.0034325521430218,0.0014881857756222903
4,5,10,4.7815006E7,9090909.0,0.1901266936994633,-0.7209569041102556
0,11,3,4.3028317E7,2.0E7,0.46481018534840673,-0.33272436385321685
7,4,10,4.4289799E7,8333333.0,0.18815468094583135,-0.7254849727538596
2,7,5,3.7623556E7,1.6666666E7,0.4429848683096303,-0.353611108363536
8,4,7,3.9241304E7,8333333.0,0.21236126607821187,-0.6729246940996602
5,5,7,6.1839736E7,9090909.0,0.14700756484471408,-0.8326603163689423
4,6,0,2.7728524E7,1.25E7,0.4507993285181714,-0.34601673952271467
3,6,6,4.2157781E7,1.25E7,0.2965051694727481,-0.5279677304483943
9,4,7,5.1315623E7,8333333.0,0.1623936827191984,-0.7894308692669847
6,5,5,5.9002954E7,9090909.0,0.15407548916957614,-0.8122664447667799
8,4,8,3.5933183E7,8333333.0,0.23191190716391588,-0.6346769526003593
2,8,0,3.8245152E7,2.5E7,0.6536776216760755,-0.18463638263229457
7,4,11,4.3645811E7,8333333.0,0.19093087765054934,-0.719123831119972
1,9,2,6.5581861E7,3.3333333E7,0.5082706176941213,-0.29390499543626103
0,11,4,5.1921331E7,2.0E7,0.3851981375438931,-0.41431582138230433
3,6,7,3.8286864E7,1.25E7,0.32648273308568704,-0.4861397826091294
7,5,0,2.0342644E7,9090909.0,0.44688925392392453,-0.3498000884312789
4,6,1,5.0342338E7,1.25E7,0.24829994983546452,-0.6050233681868096
9,4,8,4.5273532E7,8333333.0,0.1840663326201278,-0.7350256405803088
5,5,8,6.7402075E7,9090909.0,0.13487580315591174,-0.8700659561726692
6,5,6,4.9761094E7,9090909.0,0.1826910999987259,-0.7382826092735708
8,4,9,4.6618572E7,8333333.0,0.17875564699836793,-0.7477402296863629
1,10,0,3.9828452E7,2.5E7,0.6276919826058015,-0.20225341847737027
3,7,0,3.2463391E7,1.6666666E7,0.5133988005134769,-0.28954515033342365
0,12,0,3.9181644E7,1.25E7,0.3190269402682542,-0.4961726413446198
2,8,1,4.9810429E7,2.5E7,0.5019029247870963,-0.29938027350464236
7,5,1,4.2062054E7,9090909.0,0.2161308860475525,-0.665283166103615
4,6,2,4.3026728E7,1.25E7,0.29051709439769624,-0.5368283080785807
5,5,9,3.2996806E7,9090909.0,0.27550875681725073,-0.5598645929030411
9,4,9,4.4503047E7,8333333.0,0.18725308853571307,-0.727571010355036
8,4,10,3.7725077E7,8333333.0,0.22089638147060642,-0.6558113982988669
6,5,7,4.1928997E7,9090909.0,0.21681675333182904,-0.6639071631001744
3,7,1,4.1154262E7,1.6666666E7,0.40498031528301975,-0.3925660858513241
0,12,1,4.5815102E7,1.25E7,0.27283579986354717,-0.5640986447812832
5,5,10,2.6206442E7,9090909.0,0.34689596550344376,-0.4598007510941773
1,10,1,5.2109554E7,2.5E7,0.4797584719301186,-0.3189773474314374
2,8,2,5.1335958E7,2.5E7,0.48698808737532473,-0.3124816622975601
8,4,11,2.8506129E7,8333333.0,0.29233478175868777,-0.5341195095580215
7,5,2,6.0633705E7,9090909.0,0.1499316098199838,-0.8241067959497914
4,6,3,5.9372656E7,1.25E7,0.21053462725332686,-0.6766764642545914
9,4,10,5.8007361E7,8333333.0,0.14365992274670106,-0.8426643714450452
6,5,8,5.9015108E7,9090909.0,0.1540437577442034,-0.812355895738305
5,6,0,4.7838734E7,1.25E7,0.2612945401105305,-0.5828696649938454
3,7,2,5.6309004E7,1.6666666E7,0.29598580717215317,-0.5287291133146966
0,12,2,5.5930021E7,1.25E7,0.223493568865279,-0.6507349693844222
2,8,3,5.2529247E7,2.5E7,0.4759253449797215,-0.32246116662014795
1,10,2,5.5309804E7,2.5E7,0.4519994321440734,-0.34486211080111867
8,5,0,5.2647087E7,9090909.0,0.17267639138324975,-0.7627670358712114
7,5,3,4.5161303E7,9090909.0,0.20129864277830956,-0.6961591532577834
9,4,11,4.6151779E7,8333333.0,0.180563635477627,-0.7433697097345817
6,5,9,3.6730654E7,9090909.0,0.2475019638909778,-0.6064213506551362
5,6,1,3.4961589E7,1.25E7,0.357535236742243,-0.4466811500346627
4,6,4,5.2908718E7,1.25E7,0.23625596069063703,-0.626617225517554
3,7,3,4.8951345E7,1.6666666E7,0.34047411771831804,-0.46791589684766033
1,10,3,4.1133482E7,2.5E7,0.607777381939122,-0.21625546595697256
2,9,0,4.3810739E7,3.3333333E7,0.7608484531612215,-0.11870183798639487
0,12,3,5.1796408E7,1.25E7,0.241329475974473,-0.6173896301373882
8,5,1,4.8932422E7,9090909.0,0.18578497912897096,-0.7309894019952762
7,5,4,4.1491599E7,9090909.0,0.21910240191032407,-0.6593528614594587
6,5,10,4.1754028E7,9090909.0,0.21772531742326753,-0.6620910676151931
5,6,2,4.3877767E7,1.25E7,0.2848823186467078,-0.545334504612612
1,11,0,3.0845646E7,2.0E7,0.6483897273540649,-0.18816387443546795
3,7,4,3.4000529E7,1.6666666E7,0.4901884320682187,-0.3096369418563163
9,5,0,5.7810065E7,9090909.0,0.15725477907696522,-0.8033961471849768
4,6,5,5.1326989E7,1.25E7,0.24353659241534703,-0.6134357749417776
2,9,1,3.6369756E7,3.3333333E7,0.9165124176252378,-0.03786164650145321
0,12,4,3.9165534E7,1.25E7,0.31915816595274815,-0.49599403927162444
7,5,5,3.5740063E7,9090909.0,0.25436186276448364,-0.5945480032143948
5,6,3,3.2749742E7,1.25E7,0.3816823961544491,-0.4182978699940147
8,5,2,4.9181021E7,9090909.0,0.18484587784381296,-0.7331902299685965
4,6,6,3.0304602E7,1.25E7,0.41247860638460127,-0.3845985716475308
6,6,0,4.4645075E7,1.25E7,0.27998609029103433,-0.5528635438717179
1,11,1,4.5541584E7,2.0E7,0.43915907711949587,-0.3573781362474604
7,5,6,3.6268475E7,9090909.0,0.25065594845109973,-0.6009219844527449
9,5,1,5.2688578E7,9090909.0,0.1725404128386232,-0.7631091671575247
5,6,4,3.2998832E7,1.25E7,0.37880128605763985,-0.421588555205226
2,9,2,5.5642845E7,3.3333333E7,0.5990587469062734,-0.2225305862814909
3,7,5,6.1561181E7,1.6666666E7,0.2707333701086729,-0.5674582105728126
0,12,5,5.2905105E7,1.25E7,0.23627209510310962,-0.6265875676539737
6,6,1,4.9352109E7,1.25E7,0.2532819823363577,-0.5963957034199205
4,6,7,5.6965436E7,1.25E7,0.21943130567806063,-0.6587014127077814
8,5,3,6.1604172E7,9090909.0,0.14756969706532214,-0.8310028142504093
1,11,2,5.4859892E7,2.0E7,0.3645650633070878,-0.43822495263095645
5,6,5,5.4681765E7,1.25E7,0.22859540104457127,-0.6409325111282097
7,5,7,6.2094404E7,9090909.0,0.1464046421960987,-0.8344451524566822
0,12,6,5.3114596E7,1.25E7,0.23534020667313368,-0.6283038694895736
6,6,2,3.4140424E7,1.25E7,0.3661348786998076,-0.43635889743547596
9,5,2,6.4678944E7,9090909.0,0.14055438196393558,-0.8521556101554975
2,10,0,6.3561426E7,2.5E7,0.39332031348698815,-0.4052536233652569
3,8,0,7.095138E7,2.5E7,0.35235396408075503,-0.4530208382047048
1,11,3,4.2037172E7,2.0E7,0.47576939761789877,-0.32260349603793653
8,5,4,4.9077948E7,9090909.0,0.18523408924920823,-0.7322790856321955
4,7,0,6.0144801E7,1.6666666E7,0.2771090056478863,-0.5573493600364992
6,6,3,3.4019694E7,1.25E7,0.3674342279504337,-0.4348203898984427
9,5,3,3.444791E7,9090909.0,0.26390306407558545,-0.5785555673267723
5,6,6,4.4216031E7,1.25E7,0.28270289569862117,-0.5486697430510119
0,12,7,4.3553477E7,1.25E7,0.2870034922814544,-0.5421128187038567
7,5,8,4.6204272E7,9090909.0,0.19675472865366214,-0.7060748213398537
1,11,4,2.744325E7,2.0E7,0.7287766572836673,-0.13740554626454238
3,8,1,4.0397798E7,2.5E7,0.6188456113375288,-0.20841768459420876
4,7,1,3.2280875E7,1.6666666E7,0.5163015562620282,-0.28709656587860993
8,5,5,4.2164428E7,9090909.0,0.21560612656716224,-0.6663389025924042
2,10,1,6.1356141E7,2.5E7,0.40745717694338046,-0.389918028137387
9,5,4,3.4142942E7,9090909.0,0.26626027130292407,-0.5746936298099531
6,6,4,4.3165734E7,1.25E7,0.28958154632561095,-0.5382291171444707
1,12,0,3.3154788E7,1.25E7,0.3770194519114404,-0.4236362422614002
5,6,7,4.5590283E7,1.25E7,0.27418123287368057,-0.5619622750692495
7,5,9,4.2511434E7,9090909.0,0.21384620899873666,-0.6698984443808573
3,8,2,3.7899006E7,2.5E7,0.6596479073883891,-0.18068781094310482
9,5,5,2.4815578E7,9090909.0,0.3663387973473759,-0.43611708466163823
8,5,6,4.0013672E7,9090909.0,0.22719506972516793,-0.6436010973201132
4,7,2,4.6411191E7,1.6666666E7,0.3591087761570264,-0.4447739811451739
7,5,10,2.4724542E7,9090909.0,0.3676876603012505,-0.43452094492852694
5,7,0,3.0769083E7,1.6666666E7,0.5416692463665557,-0.26626582107229124
1,12,1,3.7914036E7,1.25E7,0.32969320385727335,-0.4818900051095158
6,6,5,4.3128551E7,1.25E7,0.2898312071741061,-0.5378548542898682
2,10,2,5.7281904E7,2.5E7,0.4364380066696107,-0.3600774364334657
3,8,3,4.0409567E7,2.5E7,0.6186653769390797,-0.20854418820668663
8,5,7,3.1896204E7,9090909.0,0.2850153892920926,-0.5451316898013252
9,5,6,4.6272459E7,9090909.0,0.19646479129194322,-0.7067152687882866
4,7,3,3.7794265E7,1.6666666E7,0.44098399585228076,-0.35557717161870156
5,7,1,3.4248946E7,1.6666666E7,0.48663296090922037,-0.31279847852029535
6,6,6,3.0782748E7,1.25E7,0.4060716086815901,-0.3913973740262264
7,6,0,4.2746766E7,1.25E7,0.29241978211872216,-0.5339932508167884
1,12,2,3.902044E7,1.25E7,0.320344926915227,-0.4943821492440527
3,9,0,3.6509156E7,3.3333333E7,0.9130129713214954,-0.03952305233061767
2,10,3,4.8894798E7,2.5E7,0.5113018362403297,-0.2913226475871524
9,5,7,3.1828175E7,9090909.0,0.28562457633841715,-0.5442044267664652
4,7,4,2.6481323E7,1.6666666E7,0.6293743707593461,-0.20109094630430144
8,5,8,4.3165562E7,9090909.0,0.2106055980459608,-0.6765300891421827
5,7,2,4.2575478E7,1.6666666E7,0.3914616296263309,-0.40731080029369104
7,6,1,3.8394239E7,1.25E7,0.32556967726329983,-0.48735605098943835
6,6,7,4.5001177E7,1.25E7,0.27777051253570545,-0.5563138598321855
9,5,8,2.7726744E7,9090909.0,0.3278751013822611,-0.48429156211337115
1,12,3,4.4203168E7,1.25E7,0.28278516146173055,-0.5485433829386537
3,9,1,3.9616206E7,3.3333333E7,0.8414064940999145,-0.07499414035696655
2,11,0,4.3649316E7,2.0E7,0.45819732891117926,-0.3389474468849818
4,7,5,4.0496936E7,1.6666666E7,0.4115537531036916,-0.38557343347303324
8,5,9,4.0157301E7,9090909.0,0.22638247027607758,-0.6451572053862243
5,7,3,3.3693767E7,1.6666666E7,0.4946513104337666,-0.30570083604902004
6,7,0,3.4868877E7,1.6666666E7,0.4779811520743843,-0.32058922830728676
7,6,2,4.0903864E7,1.25E7,0.30559460103818065,-0.5148543227404523
1,12,4,3.3895535E7,1.25E7,0.3687801357907465,-0.4332324801043217
9,5,9,3.5042238E7,9090909.0,0.25942718042152446,-0.5859845244404959
8,5,10,2.8974372E7,9090909.0,0.3137568952314135,-0.5034067211983977
2,11,1,4.295849E7,2.0E7,0.46556571238886657,-0.33201901175300624
3,9,2,5.186011E7,3.3333333E7,0.6427547685494689,-0.1919546926749285
6,7,1,2.9620258E7,1.6666666E7,0.5626779483149674,-0.24974010477276506
1,12,5,2.9317267E7,1.25E7,0.42636989321003216,-0.370213469259094
4,8,0,5.2114971E7,2.5E7,0.4797086042703545,-0.31902249176211367
5,7,4,4.6429514E7,1.6666666E7,0.3589670570318699,-0.4449454054766722
7,6,3,4.3984328E7,1.25E7,0.28419213316161157,-0.5463879481249065
9,5,10,4.6069157E7,9090909.0,0.19733178534176346,-0.7048029548556973
8,6,0,3.549698E7,1.25E7,0.3521426329789182,-0.45328139286037883
2,11,2,2.8336182E7,2.0E7,0.7058113898336763,-0.15131133761390242
6,7,2,3.3861722E7,1.6666666E7,0.49219782738751444,-0.3078603076500718
3,10,0,3.8482962E7,2.5E7,0.6496381437582689,-0.1873284832474889
4,8,1,3.5300026E7,2.5E7,0.7082147758191453,-0.1498350165926227
1,12,6,4.309077E7,1.25E7,0.290085324537018,-0.5374742416689223
5,7,5,3.6877823E7,1.6666666E7,0.4519427841497043,-0.3449165432879616
9,6,0,3.3553786E7,1.25E7,0.3725362020250114,-0.42883151734321867
7,6,4,4.2442959E7,1.25E7,0.29451292498244525,-0.5308956410283856
8,6,1,3.7596671E7,1.25E7,0.3324762450377588,-0.47823937898513363
6,7,3,3.7853882E7,1.6666666E7,0.4402894794251221,-0.35626169174284356
2,11,3,4.8812895E7,2.0E7,0.40972779836147805,-0.3875045699364215
3,10,1,3.9689129E7,2.5E7,0.629895405364023,-0.20073155950586438
1,12,7,3.5097513E7,1.25E7,0.35615059106894553,-0.4483663305619545
8,6,2,2.321573E7,1.25E7,0.5384280399539451,-0.2688723312503192
9,6,1,3.0761779E7,1.25E7,0.4063484104739196,-0.3911014347514501
4,8,2,5.4989769E7,2.5E7,0.45463002399591823,-0.3423418866374823
7,6,5,4.3393544E7,1.25E7,0.288061283955051,-0.5405151078930042
5,8,0,5.4542302E7,2.5E7,0.45835982500335243,-0.3387934550545768
8,6,3,1.8807426E7,1.25E7,0.6646310877416186,-0.1774193487044962
6,7,4,4.0005071E7,1.6666666E7,0.4166138337812224,-0.38026631327665494
3,10,2,4.0673558E7,2.5E7,0.6146499403863316,-0.211372156163803
2,11,4,4.6347123E7,2.0E7,0.43152624597647626,-0.36499278480134717
9,6,2,3.8294621E7,1.25E7,0.326416600388864,-0.4862277626817969
4,8,3,3.3594855E7,2.5E7,0.7441615687878397,-0.12833276228323615
8,6,4,3.588225E7,1.25E7,0.3483616551358959,-0.45796965469585715
5,8,1,3.8666072E7,2.5E7,0.6465616678104774,-0.18939004663423928
6,7,5,3.0084342E7,1.6666666E7,0.553998023290654,-0.25649178486632274
7,6,6,4.0501274E7,1.25E7,0.30863226672820215,-0.5105586715021121
3,10,3,2.5558184E7,2.5E7,0.978160263655665,-0.009589983740862885
9,6,3,1.9637688E7,1.25E7,0.6365311435847234,-0.19618034274700194
4,9,0,2.829928E7,3.3333333E7,1.1778862571768611,0.07110335474189211
2,12,0,4.0785481E7,1.25E7,0.30648161290533754,-0.5135955754792833
8,6,5,3.3482889E7,1.25E7,0.37332501386006445,-0.42791291010731475
6,8,0,3.2911058E7,2.5E7,0.7596231029704362,-0.11940183521991143
7,6,7,3.2838408E7,1.25E7,0.38065182697041827,-0.4194720814328208
9,6,4,3.2155081E7,1.25E7,0.3887410515308607,-0.41033959491815447
5,8,2,3.8358985E7,2.5E7,0.6517377871181941,-0.18592709830596524
3,11,0,4.0272387E7,2.0E7,0.4966181915166836,-0.30397737594011126
4,9,1,3.1970611E7,3.3333333E7,1.0426242088397997,0.018127804653418286
2,12,1,3.5552E7,1.25E7,0.3515976597659766,-0.45395402425271714
7,7,0,2.6318141E7,1.6666666E7,0.6332767196588848,-0.19840647709114165
5,8,3,2.3224696E7,2.5E7,1.076440354698292,0.03198997067316428
8,6,6,4.1826101E7,1.25E7,0.29885644851285564,-0.5245373688303488
4,9,2,2.5728696E7,3.3333333E7,1.2955702457676053,0.11246096538990957
9,6,5,4.2259741E7,1.25E7,0.2957897919913896,-0.5290168180277957
6,8,1,4.3743195E7,2.5E7,0.5715174668882783,-0.24297049202762375
3,11,1,4.0965026E7,2.0E7,0.4882213427619941,-0.3113832391729065
7,7,1,2.8846427E7,1.6666666E7,0.577772283548323,-0.2382432956360482
2,12,2,3.3465679E7,1.25E7,0.37351699931144383,-0.42768962801416555
5,9,0,3.1789011E7,3.3333333E7,1.0485803726325427,0.020601724313087554
8,6,7,3.034138E7,1.25E7,0.41197862457145984,-0.38512531666465283
6,8,2,3.1124384E7,2.5E7,0.8032287482380375,-0.09516075615309787
3,11,2,2.5527096E7,2.0E7,0.7834812075764513,-0.10597141597104823
4,10,0,3.4710471E7,2.5E7,0.7202437558395564,-0.14252049815158244
7,7,2,2.7862195E7,1.6666666E7,0.5981820886688934,-0.22316659516414886
2,12,3,3.0090617E7,1.25E7,0.41541188736674955,-0.3815210799147458
9,6,6,5.2740951E7,1.25E7,0.23700748209868266,-0.6252379435136107
6,8,3,2.3877998E7,2.5E7,1.0469889477333905,0.01994209718625818
2,12,4,1.5399466E7,1.25E7,0.8117164582200448,-0.09059564826514281
5,9,1,4.9870612E7,3.3333333E7,0.6683963092331813,-0.17496595686974256
8,7,0,3.9772183E7,1.6666666E7,0.4190533368510348,-0.3777306967810066
3,11,3,3.704597E7,2.0E7,0.539869788805638,-0.26771097503312946
2,12,5,2.0324636E7,1.25E7,0.6150171643910376,-0.21111276341760732
7,7,3,4.7505015E7,1.6666666E7,0.3508401376149444,-0.45489072731418584
4,10,1,5.4788673E7,2.5E7,0.4562986951700765,-0.34075077313232677
6,9,0,4.0826385E7,3.3333333E7,0.8164654548767911,-0.08806218578802269
5,9,2,3.3372972E7,3.3333333E7,0.9988122424337874,-5.161431440231623E-4
3,11,4,3.1493083E7,2.0E7,0.6350600860512767,-0.1971851821001786
8,7,1,3.2906542E7,1.6666666E7,0.5064848807267563,-0.29543351440033344
2,12,6,3.0339244E7,1.25E7,0.41200762945840047,-0.3850947417314179
7,7,4,2.2842248E7,1.6666666E7,0.7296421087801866,-0.13689011014679844
4,10,2,2.3712766E7,2.5E7,1.0542844305889916,0.022957793012145487
9,6,7,6.2143777E7,1.25E7,0.2011464478575224,-0.6964876324414562
5,10,0,2.7024072E7,2.5E7,0.925101146858993,-0.03381078064344828
7,7,5,7.090081E7,1.6666666E7,0.23507017761856316,-0.6288024645255266
3,12,0,8.1639201E7,1.25E7,0.15311271848434677,-0.8149887326318966
6,9,1,9.3798382E7,3.3333333E7,0.3553721534343737,-0.44931660602874757
9,7,0,7.7117488E7,1.6666666E7,0.21612044728427876,-0.6653041423132365
5,10,1,7.3654202E7,2.5E7,0.3394239475977216,-0.4692575198773683
8,7,2,1.02541622E8,1.6666666E7,0.16253561895090757,-0.7890514505699493
4,10,3,9.1949611E7,2.5E7,0.271888045290371,-0.5656098875892711
7,8,0,2.5345778E7,2.5E7,0.9863575700852426,-0.005965617955489557
3,12,1,2.5479093E7,1.25E7,0.4905983113292141,-0.30927395099646193
2,12,7,1.0792858E8,1.25E7,0.1158173303123232,-0.9362264501433568
6,9,2,2.6761519E7,3.3333333E7,1.2455695433431861,0.09536798032459073
9,7,1,3.8995412E7,1.6666666E7,0.4274006901119547,-0.36916478092821553
7,8,1,2.6188928E7,2.5E7,0.9546018836662578,-0.020177712998211503
3,12,2,3.1615141E7,1.25E7,0.39538017559371313,-0.40298511005041354
8,7,3,4.338867E7,1.6666666E7,0.38412484180778067,-0.41552760558886076
5,10,2,4.5657859E7,2.5E7,0.5475508608496075,-0.26157553391174093
4,11,0,4.378163E7,2.0E7,0.4568125946886856,-0.34026193075083944
6,10,0,3.2988102E7,2.5E7,0.7578489965867088,-0.12041732007005204
7,8,2,2.6654149E7,2.5E7,0.9379402808921042,-0.02782481247879733
9,7,2,3.3546641E7,1.6666666E7,0.4968207100078962,-0.30380030885666937
3,12,3,2.9818318E7,1.25E7,0.4192054025314238,-0.37757312899554485
6,10,1,2.9619356E7,2.5E7,0.844042659131414,-0.07363560295113782
8,7,4,3.4492872E7,1.6666666E7,0.48319159970210657,-0.31588062454158794
4,11,1,4.3863591E7,2.0E7,0.4559590207741997,-0.3410741877113699
9,7,3,4.0247436E7,1.6666666E7,0.41410503764761564,-0.3828894862103638
3,12,4,3.6708706E7,1.25E7,0.34051867695908433,-0.4678590626709657
5,10,3,6.0381265E7,2.5E7,0.4140357112425518,-0.38296219866964104
7,8,3,4.9872133E7,2.5E7,0.5012819483778647,-0.29991793444746656
4,11,2,2.9260491E7,2.0E7,0.6835155295240944,-0.1652516137808645
6,10,2,4.8087755E7,2.5E7,0.5198828683102382,-0.28409449362800204
8,7,5,5.0077713E7,1.6666666E7,0.3328160373457949,-0.47779575460796186
9,7,4,2.6623924E7,1.6666666E7,0.6260033644927773,-0.20342333264145376
3,12,5,2.6214848E7,1.25E7,0.4768290092698611,-0.32163733090502244
5,11,0,4.032367E7,2.0E7,0.4959866004260029,-0.30453005625104046
4,11,3,2.7058144E7,2.0E7,0.7391489970635089,-0.1312680080461631
7,9,0,3.9187314E7,3.3333333E7,0.8506154057917825,-0.07026675589219092
3,12,6,1.878615E7,1.25E7,0.6653838066873734,-0.17692777267653365
6,10,3,3.2825735E7,2.5E7,0.7615975697116911,-0.11827445047243447
9,7,5,3.5328234E7,1.6666666E7,0.47176617999076886,-0.3262731960698511
8,8,0,3.641057E7,2.5E7,0.6866138047275833,-0.16328746910609784
7,9,1,2.4004186E7,3.3333333E7,1.3886466718763135,0.14259175763500728
5,11,1,2.8147721E7,2.0E7,0.7105370981899387,-0.14841324198905467
4,11,4,2.8162084E7,2.0E7,0.7101747157632227,-0.14863479387611428
6,11,0,2.3976798E7,2.0E7,0.8341397379249723,-0.07876118877933132
3,12,7,3.4368559E7,1.25E7,0.3637045126040926,-0.4392513104742998
8,8,1,1.9897331E7,2.5E7,1.2564499228564876,0.09914518400659679
9,8,0,2.9269511E7,2.5E7,0.8541311127473227,-0.06847545814933023
7,9,2,2.3900517E7,3.3333333E7,1.3946699563026188,0.14447144551985408
8,8,2,1.8710993E7,2.5E7,1.3361129470787574,0.1258431723758276
5,11,2,3.1242723E7,2.0E7,0.6401490676724945,-0.19371888268910198
7,10,0,1.5017257E7,2.5E7,1.6647514256431784,0.2213493954815069
4,12,0,4.1147099E7,1.25E7,0.3037881236779293,-0.5174292084915323
6,11,1,3.4626313E7,2.0E7,0.5775954257676813,-0.23837625479389024
9,8,1,2.4713023E7,2.5E7,1.011612379432496,0.00501413530890937
5,11,3,2.3816181E7,2.0E7,0.8397651999705579,-0.0758421265710308
8,8,3,2.5799081E7,2.5E7,0.9690267649456196,-0.013664227378892708
7,10,1,2.2580585E7,2.5E7,1.1071458068956141,0.04420481957817882
6,11,2,2.520463E7,2.0E7,0.7935050028506667,-0.1004503307823666
9,8,2,2.5557033E7,2.5E7,0.9782043165965314,-0.009570425066241351
4,12,1,3.0204067E7,1.25E7,0.4138515518456505,-0.38315541196026637
5,11,4,2.3027017E7,2.0E7,0.8685449791434123,-0.061207685923883676
7,10,2,2.2828885E7,2.5E7,1.095103856364426,0.03945530831507544
8,9,0,2.5984575E7,3.3333333E7,1.2828123223104477,0.1081631229789856
9,8,3,3.1260278E7,2.5E7,0.7997369697096104,-0.09705282724174853
6,11,3,3.5200306E7,2.0E7,0.5681768789169048,-0.24551644319863364
4,12,2,4.2463472E7,1.25E7,0.29437065344067953,-0.5311054880982881
5,12,0,4.3419512E7,1.25E7,0.287889002529554,-0.5407749250210275
8,9,1,5.1702993E7,3.3333333E7,0.6447079959181473,-0.19063694346720217
7,10,3,5.6545048E7,2.5E7,0.44212536524860674,-0.3544545683976864
4,12,3,2.488848E7,1.25E7,0.5022403939493292,-0.29908836099025626
9,9,0,4.6463181E7,3.3333333E7,0.7174139239411955,-0.14423019856590022
6,11,4,4.6115148E7,2.0E7,0.4336969708955504,-0.3628136111183389
5,12,1,3.1120841E7,1.25E7,0.40166009652502643,-0.39614131170818573
8,9,2,2.0821767E7,3.3333333E7,1.6008887718319007,0.20436115861654036
7,11,0,2.5933609E7,2.0E7,0.7712000285035531,-0.11283296305370129
4,12,4,2.6775065E7,1.25E7,0.4668522746816861,-0.3308205208042237
9,9,1,2.235577E7,3.3333333E7,1.4910393603083232,0.1734891080667346
6,12,0,2.2804563E7,1.25E7,0.5481359147289953,-0.26111174133662685
8,10,0,2.0800591E7,2.5E7,1.2018889270982733,0.07986433407502318
5,12,2,3.0485767E7,1.25E7,0.4100274072159641,-0.38718711302455056
8,10,1,1.6942738E7,2.5E7,1.4755584368949104,0.16895641364516212
7,11,1,2.7874952E7,2.0E7,0.7174900247361861,-0.14418413254817924
6,12,1,2.222904E7,1.25E7,0.5623274779297711,-0.2500106943285741
9,9,2,3.1641921E7,3.3333333E7,1.053454782343967,0.022615899032916453
5,12,3,2.1189648E7,1.25E7,0.5899106960153373,-0.22921372931258402
4,12,5,3.9557011E7,1.25E7,0.3159996087672044,-0.5003134550725754
7,11,2,2.2544182E7,2.0E7,0.8871468479095849,-0.05200448619057664
8,10,2,2.7122879E7,2.5E7,0.9217310595973237,-0.03539577783020576
6,12,2,2.5206152E7,1.25E7,0.4959106808528331,-0.3045965378361457
9,10,0,2.2000515E7,2.5E7,1.1363370357466631,0.055507161529814844
4,12,6,2.1546276E7,1.25E7,0.5801466573620425,-0.2364622056924747
7,11,3,2.1612016E7,2.0E7,0.9254111231455686,-0.03366528472405141
8,10,3,2.0475087E7,2.5E7,1.2209960328862095,0.08671425288965953
5,12,4,4.1707166E7,1.25E7,0.299708687950651,-0.5233006675503895
9,10,1,2.2928627E7,2.5E7,1.090340036496734,0.03756195935756098
6,12,3,3.2810947E7,1.25E7,0.3809704121005712,-0.4191087523045107
4,12,7,2.6849843E7,1.25E7,0.4655520704534473,-0.3320317375700504
7,11,4,2.1687492E7,2.0E7,0.9221905419031394,-0.03517933627009182
8,11,0,1.8411919E7,2.0E7,1.0862528778233274,0.03593094004004659
5,12,5,1.8948149E7,1.25E7,0.6596950446188702,-0.18065677816414813
9,10,2,2.295103E7,2.5E7,1.089275731851686,0.03713782802408711
6,12,4,2.1625552E7,1.25E7,0.5780199275375723,-0.2380571887932754
7,12,0,2.0859346E7,1.25E7,0.5992517694466547,-0.22239067492504094
8,11,1,2.6237196E7,2.0E7,0.7622765786404919,-0.11788742395744814
5,12,6,2.1084837E7,1.25E7,0.592843093830889,-0.22706023496676817
9,10,3,1.6745311E7,2.5E7,1.492955251771675,0.17404679084633884
7,12,1,1.6801225E7,1.25E7,0.7439933695310907,-0.12843093486929746
6,12,5,2.4986823E7,1.25E7,0.5002636789799167,-0.300801027380856
9,11,0,1.7622321E7,2.0E7,1.1349242815404395,0.05496688777927244
5,12,7,2.1301769E7,1.25E7,0.5868057249142078,-0.23150565780332627
8,11,2,2.656607E7,2.0E7,0.7528399947752904,-0.123297316986716
7,12,2,1.751228E7,1.25E7,0.7137848412656719,-0.14643267944645055
9,11,1,1.5012887E7,2.0E7,1.332188805524214,0.12456577992924116
6,12,6,2.1321173E7,1.25E7,0.5862716840203867,-0.23190108103380253
7,12,3,1.4342989E7,1.25E7,0.8715059322711605,-0.0597296523361319
8,11,3,1.7479082E7,2.0E7,1.144224851167813,0.05851137587838793
9,11,2,1.7428E7,2.0E7,1.1475786091347258,0.05978244440026491
6,12,7,1.993766E7,1.25E7,0.6269542162921827,-0.2027641726264682
7,12,4,1.5572391E7,1.25E7,0.802702680660921,-0.0954452866752742
8,11,4,1.7131925E7,2.0E7,1.1674111344755478,0.06722383118608961
9,11,3,1.4379887E7,2.0E7,1.3908315134882492,0.14327452237575966
7,12,5,1.4492477E7,1.25E7,0.8625164628517265,-0.06423260679680148
8,12,0,1.2916204E7,1.25E7,0.9677766006173331,-0.014224882687846217
9,11,4,1.4429214E7,2.0E7,1.3860768854076182,0.141787321172005
8,12,1,1.2761126E7,1.25E7,0.9795373856507646,-0.008978983791775275
7,12,6,1.4722615E7,1.25E7,0.8490339521885208,-0.07107494231989435
9,12,0,1.3302449E7,1.25E7,0.939676596392138,-0.027021589558744202
8,12,2,1.3703365E7,1.25E7,0.9121847079166322,-0.039917212650979465
7,12,7,1.3835666E7,1.25E7,0.9034621101723618,-0.04409005637157703
9,12,1,1.1040922E7,1.25E7,1.1321518257261487,0.05390467124596065
8,12,3,1.1497644E7,1.25E7,1.0871792516797354,0.036301155491377364
9,12,2,1.0711697E7,1.25E7,1.1669486170118517,0.06705173364648148
8,12,4,1.2093307E7,1.25E7,1.033629593625631,0.014364935020516311
9,12,3,1.1426979E7,1.25E7,1.0939024216286737,0.03897858375403393
8,12,5,1.2267863E7,1.25E7,1.018922366511592,0.008141095606007603
9,12,4,1.3282745E7,1.25E7,0.941070539259769,-0.026377822201745265
8,12,6,1.0848636E7,1.25E7,1.1522185830550495,0.06153487527619061
9,12,5,1.0928592E7,1.25E7,1.1437886966591855,0.05834580037396973
8,12,7,1.071506E7,1.25E7,1.1665823616479982,0.06691540575004487
9,12,6,1.1187446E7,1.25E7,1.1173238288703249,0.048179060948545877
9,12,7,1.0878667E7,1.25E7,1.149037837080591,0.06033432996309302
