 Number of tacts (im units) = 1
 Number of massive (im units) = 100
 Trajectory File: sinus.txt
 Coef Load Impact: 10
 Command Line: curl 192.168.222.19:9000 > /dev/null 2>&1
cycle , cPeriod , count , procDur , procTime , spb
0,0,0,1.9693015E7,5000000.0,5.953422073644883
0,0,1,1.8976429E7,5000000.0,5.792444855514982
0,0,2,1.233759E7,5000000.0,3.9226032943576206
0,0,3,8994823.0,5000000.0,2.550226173889514
0,0,4,8294566.0,5000000.0,2.198236628494218
0,0,5,8105520.0,5000000.0,2.0981087738847877
0,0,6,8039761.0,5000000.0,2.0627313422288642
0,0,7,7969396.0,5000000.0,2.0245540315705792
0,0,8,8011824.0,5000000.0,2.0476139601238423
0,0,9,8598150.0,5000000.0,2.354350130446486
0,0,10,7958400.0,5000000.0,2.0185575925382313
0,0,11,8268610.0,5000000.0,2.184625039992228
0,0,12,7892394.0,5000000.0,1.982387534092027
0,0,13,7969272.0,5000000.0,2.0244864568952585
0,0,14,7919489.0,5000000.0,1.9972715558177434
0,0,15,7960771.0,5000000.0,2.019851268225498
0,0,16,7844675.0,5000000.0,1.956049514097069
0,0,17,7795933.0,5000000.0,1.9289809370123725
0,0,18,7914005.0,5000000.0,1.9942631597757912
0,0,19,7967019.0,5000000.0,2.0232584855006013
0,1,0,8038291.0,4347826.0,2.6689156905348033
0,1,1,7898673.0,4347826.0,2.592819793881583
0,1,2,7843557.0,4347826.0,2.562409016665297
0,1,3,8000622.0,4347826.0,2.648515967787936
0,1,4,8051598.0,4347826.0,2.6760992801647
0,1,5,8886210.0,4347826.0,3.104444170298455
0,1,6,9630618.0,4347826.0,3.4538200154537604
0,1,7,1.21238E7,4347826.0,4.453666081287926
0,1,8,9635593.0,4347826.0,3.456062921539955
0,1,9,8311627.0,4347826.0,2.814138899026829
0,1,10,9743658.0,4347826.0,3.504498766302712
0,1,11,1.1636108E7,4347826.0,4.275355881814242
0,1,12,9784291.0,4347826.0,3.5225720551573163
0,1,13,1.2479785E7,4347826.0,4.579349481494138
0,1,14,9056943.0,4347826.0,3.1870947921632493
0,1,15,8320440.0,4347826.0,2.8187413788355347
0,1,16,1.0863825E7,4347826.0,3.977106058605952
0,1,17,1.1370406E7,4347826.0,4.175038169032356
0,1,18,9645226.0,4347826.0,3.460402528786171
0,1,19,1.0444189E7,4347826.0,3.8060256699977364
0,1,20,9706900.0,4347826.0,3.488084002705434
0,1,21,8404999.0,4347826.0,2.8626551080800184
0,1,22,9411807.0,4347826.0,3.3540085758757647
0,2,0,1.1342804E7,4000000.0,4.52660436350296
0,2,1,9066939.0,4000000.0,3.55400702591832
0,2,2,9411186.0,4000000.0,3.715843654467275
0,2,3,9900656.0,4000000.0,3.9360397980913575
0,2,4,8880871.0,4000000.0,3.4639557039022306
0,2,5,9389570.0,4000000.0,3.705857126630442
0,2,6,9442133.0,4000000.0,3.730101221957089
0,2,7,1.0305197E7,4000000.0,4.109963070866542
0,2,8,9754681.0,4000000.0,3.8715308022881882
0,2,9,9515757.0,4000000.0,3.7638335177806335
0,2,10,9575211.0,4000000.0,3.790883615608467
0,2,11,8017427.0,4000000.0,3.0197502296736927
0,2,12,8568680.0,4000000.0,3.3085393294416283
0,2,13,9793495.0,4000000.0,3.8887771460624516
0,2,14,1.1050472E7,4000000.0,4.413208371562965
0,2,15,1.033979E7,4000000.0,4.124517270462725
0,2,16,1.1209884E7,4000000.0,4.47541127206301
0,2,17,1.3289914E7,4000000.0,5.214621792726862
0,2,18,1.2197548E7,4000000.0,4.842125445027948
0,2,19,1.0000932E7,4000000.0,3.9798048303167515
0,2,20,1.1255898E7,4000000.0,4.493201575765284
0,2,21,1.3388778E7,4000000.0,5.246809492333277
0,2,22,1.0318173E7,4000000.0,4.115428138836347
0,2,23,8510324.0,4000000.0,3.278861032729078
0,2,24,1.2530306E7,4000000.0,4.959016856110208
0,3,0,9643480.0,4000000.0,3.821737927893971
0,3,1,1.0455196E7,4000000.0,4.1727218747284205
0,3,2,1.003513E7,4000000.0,3.9946301159588593
0,3,3,1.0854206E7,4000000.0,4.335380683896336
0,3,4,9076174.0,4000000.0,3.5584282185623324
0,3,5,7929960.0,4000000.0,2.9721100534360243
0,3,6,8958079.0,4000000.0,3.5015489677766864
0,3,7,9607443.0,4000000.0,3.8054782519027124
0,3,8,9741959.0,4000000.0,3.8658630614026386
0,3,9,9555198.0,4000000.0,3.7817969947871326
0,3,10,1.100313E7,4000000.0,4.394562527727882
0,3,11,8980064.0,4000000.0,3.512194405228382
0,3,12,9740632.0,4000000.0,3.8652714473012315
0,3,13,1.1306993E7,4000000.0,4.512871319757957
0,3,14,8913256.0,4000000.0,3.479763888620022
0,3,15,9798055.0,4000000.0,3.890798816500207
0,3,16,9564659.0,4000000.0,3.786094998091908
0,3,17,9917507.0,4000000.0,3.9434252435316908
0,3,18,9732780.0,4000000.0,3.8617691535514647
0,3,19,9816853.0,4000000.0,3.899122964816538
0,3,20,1.0659328E7,4000000.0,4.256698348362196
0,3,21,9627796.0,4000000.0,3.81466888258732
0,3,22,9071207.0,4000000.0,3.5560508609199486
0,3,23,8566175.0,4000000.0,3.3072695110685886
0,3,24,8666712.0,4000000.0,3.3579437361146485
0,4,0,1.0187385E7,4347826.0,3.6979056395852785
0,4,1,9124040.0,4347826.0,3.219150252692068
0,4,2,1.0036168E7,4347826.0,3.632957672605921
0,4,3,9527241.0,4347826.0,3.4069499592362806
0,4,4,9673815.0,4347826.0,3.473256224791573
0,4,5,8003572.0,4347826.0,2.650117009035154
0,4,6,8081742.0,4347826.0,2.692328266966732
0,4,7,9716393.0,4347826.0,3.492329171477768
0,4,8,9553300.0,4347826.0,3.4188126070934826
0,4,9,9937045.0,4347826.0,3.5898510123460876
0,4,10,1.4599018E7,4347826.0,5.26051488739676
0,4,11,1.1533168E7,4347826.0,4.236764630076078
0,4,12,1.3435116E7,4347826.0,4.899692652264783
0,4,13,1.3666019E7,4347826.0,4.973698648944405
0,4,14,9453263.0,4347826.0,3.373095853073818
0,4,15,1.106345E7,4347826.0,4.056184221534126
0,4,16,9162502.0,4347826.0,3.2374192715090637
0,4,17,9023165.0,4347826.0,3.170867437683968
0,4,18,8596620.0,4347826.0,2.960555745648559
0,4,19,9467235.0,4347826.0,3.379510022092147
0,4,20,9136907.0,4347826.0,3.2252704917174047
0,4,21,9289044.0,4347826.0,3.296988647370836
0,4,22,9957720.0,4347826.0,3.598877549373017
0,5,0,8736846.0,5000000.0,2.423846763523188
0,5,1,8102261.0,5000000.0,2.0963622476507546
0,5,2,9526836.0,5000000.0,2.7997868477072196
0,5,3,1.0830926E7,5000000.0,3.356955842836113
0,5,4,1.0378492E7,5000000.0,3.1716425055828723
0,5,5,1.2753412E7,5000000.0,4.066563854955442
0,5,6,8971280.0,5000000.0,2.538844071894503
0,5,7,8043779.0,5000000.0,2.0649012566439606
0,5,8,8738159.0,5000000.0,2.4244993855462567
0,5,9,1.0043965E7,5000000.0,3.0293518633037864
0,5,10,9589134.0,5000000.0,2.82809383230508
0,5,11,1.1797219E7,5000000.0,3.7280963726677823
0,5,12,1.02746E7,5000000.0,3.1279491904184793
0,5,13,8429240.0,5000000.0,2.26818415047269
0,5,14,9555222.0,5000000.0,2.8127077729624466
0,5,15,1.0115253E7,5000000.0,3.060067453639643
0,5,16,9309488.0,5000000.0,2.6995579212446152
0,5,17,9684003.0,5000000.0,2.870849109734579
0,5,18,9838598.0,5000000.0,2.93963211550168
0,5,19,8971923.0,5000000.0,2.5391553333253447
0,6,0,9818272.0,5882352.0,2.224840502510424
0,6,1,9683049.0,5882352.0,2.1646112042347756
0,6,2,1.013408E7,5882352.0,2.362333192216096
0,6,3,9797044.0,5882352.0,2.2154404940058523
0,6,4,1.0866555E7,5882352.0,2.665408733486741
0,6,5,9249594.0,5882352.0,1.9657166117963423
0,6,6,8073481.0,5882352.0,1.3750981841668222
0,6,7,9650005.0,5882352.0,2.149765292321785
0,6,8,9497907.0,5882352.0,2.0807690368093126
0,6,9,8448545.0,5882352.0,1.5723091249195187
0,6,10,9979363.0,5882352.0,2.2955181126958455
0,6,11,1.0377152E7,5882352.0,2.465271690023099
0,6,12,9767104.0,5882352.0,2.2021480297095173
0,6,13,7887056.0,5882352.0,1.2736391529794457
0,6,14,7996487.0,5882352.0,1.3334822640804342
0,6,15,1.0998659E7,5882352.0,2.71788728350679
0,6,16,1.05105E7,5882352.0,2.5207236741465326
0,7,0,9995158.0,6666666.0,1.7588096617046185
0,7,1,1.0565717E7,6666666.0,1.9999027652634576
0,7,2,9558963.0,6666666.0,1.5650208306608635
0,7,3,7883009.0,6666666.0,0.7278332488058015
0,7,4,1.0170925E7,6666666.0,1.8345175433882823
0,7,5,1.1873336E7,6666666.0,2.5066406043215106
0,7,6,1.0332324E7,6666666.0,1.9028931876359914
0,7,7,1.489339E7,6666666.0,3.490848646244719
0,7,8,1.0863281E7,6666666.0,2.1205231604289025
0,7,9,1.0464691E7,6666666.0,1.9581771155963006
0,7,10,9712498.0,6666666.0,1.634222448640839
0,7,11,1.1493665E7,6666666.0,2.3654983730720063
0,7,12,1.0061811E7,6666666.0,1.7876745780958752
0,7,13,9439846.0,6666666.0,1.5105621183661633
0,7,14,9217556.0,6666666.0,1.4070708726798968
0,8,0,8113887.0,6666666.0,0.8532025758893534
0,8,1,9581434.0,6666666.0,1.5752181487065318
0,8,2,9896295.0,6666666.0,1.715639352422726
0,8,3,1.100799E7,6666666.0,2.177993288501513
0,8,4,1.0185704E7,6666666.0,1.8408235376427629
0,8,5,9473126.0,6666666.0,1.5258461628570854
0,8,6,9409534.0,6666666.0,1.496594183417326
0,8,7,8887129.0,6666666.0,1.2485278664592523
0,8,8,8867139.0,6666666.0,1.2387481894127965
0,8,9,9821891.0,6666666.0,1.6828641265526385
0,8,10,8826772.0,6666666.0,1.2189321117049652
0,8,11,9778160.0,6666666.0,1.6634844183027222
0,8,12,9753650.0,6666666.0,1.6525846979605407
0,8,13,8815410.0,6666666.0,1.2133381839406985
0,8,14,9786658.0,6666666.0,1.6672571441612571
0,9,0,9832851.0,5882352.0,2.231284490890434
0,9,1,9194012.0,5882352.0,1.9395405712005958
0,9,2,9836322.0,5882352.0,2.2328172814783596
0,9,3,9892159.0,5882352.0,2.2574007917209107
0,9,4,9712265.0,5882352.0,2.1776951452116675
0,9,5,8112848.0,5882352.0,1.3962233010226046
0,9,6,9816752.0,5882352.0,2.22416810443868
0,9,7,1.0103348E7,5882352.0,2.349143029634829
0,9,8,9426032.0,5882352.0,2.0477790065776285
0,9,9,1.147611E7,5882352.0,2.9024369322813888
0,9,10,9810788.0,5882352.0,2.221528820687597
0,9,11,9210966.0,5882352.0,1.9475417008175984
0,9,12,8479418.0,5882352.0,1.5881503556756262
0,9,13,9197824.0,5882352.0,1.9413408597511481
0,9,14,1.016264E7,5882352.0,2.374555323269226
0,9,15,1.0251546E7,5882352.0,2.4123835563661116
0,9,16,9543270.0,5882352.0,2.1014620200787184
0,10,0,1.0020832E7,5000000.0,3.019337768766775
0,10,1,8735158.0,5000000.0,2.423007604961029
0,10,2,9770369.0,5000000.0,2.909409618021601
0,10,3,1.3966278E7,5000000.0,4.461106781251262
0,10,4,1.2546405E7,5000000.0,3.9954929818828995
0,10,5,1.1524746E7,5000000.0,3.6266135818432255
0,10,6,1.0311419E7,5000000.0,3.1434843024570105
0,10,7,8172248.0,5000000.0,2.133715331884213
0,10,8,8169852.0,5000000.0,2.1324418485667738
0,10,9,1.1811507E7,5000000.0,3.733353073359739
0,10,10,1.0296393E7,5000000.0,3.1371510633518254
0,10,11,1.0171745E7,5000000.0,3.0842545978257263
0,10,12,9274310.0,5000000.0,2.683116040492245
0,10,13,1.0081294E7,5000000.0,3.0454627588770644
0,10,14,7982646.0,5000000.0,2.03176866052978
0,10,15,9917594.0,5000000.0,2.9743632111849627
0,10,16,1.0250511E7,5000000.0,3.117755116848824
0,10,17,9574608.0,5000000.0,2.8215099794726504
0,10,18,1.0717129E7,5000000.0,3.311084539262788
0,10,19,9862003.0,5000000.0,2.9499512597056308
0,11,0,8943540.0,4347826.0,3.13237298416762
0,11,1,1.0217918E7,4347826.0,3.710902577991488
0,11,2,9976232.0,4347826.0,3.6069438492820245
0,11,3,8900156.0,4347826.0,3.111254636343977
0,11,4,9782221.0,4347826.0,3.5216531488331904
0,11,5,9519833.0,4347826.0,3.403571746200345
0,11,6,8861590.0,4347826.0,3.0923949732113702
0,11,7,9745172.0,4347826.0,3.5051735342050683
0,11,8,9737651.0,4347826.0,3.501820499626203
0,11,9,1.0110046E7,4347826.0,3.6648097630840253
0,11,10,9699127.0,4347826.0,3.48460490707358
0,11,11,9225400.0,4347826.0,3.2671305032337523
0,11,12,9509963.0,4347826.0,3.399066719535054
0,11,13,7886039.0,4347826.0,2.5858676522700605
0,11,14,7940418.0,4347826.0,2.6157120989067466
0,11,15,9554220.0,4347826.0,3.419230820366226
0,11,16,9435354.0,4347826.0,3.3648604357247818
0,11,17,1.0717233E7,4347826.0,3.918105173787044
0,11,18,1.033365E7,4347826.0,3.7598159263861386
0,11,19,9853628.0,4347826.0,3.5532400720936725
0,11,20,8041279.0,4347826.0,2.670529753506467
0,11,21,8546039.0,4347826.0,2.934927150997255
0,11,22,9442144.0,4347826.0,3.367984641760235
0,12,0,1.0656707E7,4000000.0,4.255630339379469
0,12,1,1.0346474E7,4000000.0,4.127323794074781
0,12,2,9053752.0,4000000.0,3.5476860281772735
0,12,3,9821809.0,4000000.0,3.9013149303363925
0,12,4,7991096.0,4000000.0,3.005463567105911
0,12,5,9629625.0,4000000.0,3.8154938368839413
0,12,6,9667285.0,4000000.0,3.8324453083406222
0,12,7,9146991.0,4000000.0,3.59218260441867
0,12,8,1.0697784E7,4000000.0,4.272338334373245
0,12,9,9435412.0,4000000.0,3.7270087718146545
0,12,10,9692945.0,4000000.0,3.843957571295264
0,12,11,8662535.0,4000000.0,3.3558501101353526
0,12,12,1.0184939E7,4000000.0,4.058984409240056
0,12,13,1.0141236E7,4000000.0,4.040308981138134
0,12,14,1.1119833E7,4000000.0,4.440382736408201
0,12,15,1.0512532E7,4000000.0,4.196473394663315
0,12,16,9559088.0,4000000.0,3.7835646836852965
0,12,17,1.3921486E7,4000000.0,5.416256036560246
0,12,18,1.1590476E7,4000000.0,4.620412806950325
0,12,19,1.0794247E7,4000000.0,4.311323602842886
0,12,20,1.0820103E7,4000000.0,4.321714036494944
0,12,21,9838226.0,4000000.0,3.9085680345822498
0,12,22,1.0358725E7,4000000.0,4.132463123881457
0,12,23,9457095.0,4000000.0,3.736977603781521
0,12,24,8104993.0,4000000.0,3.0669265277172424
0,13,0,9371169.0,4000000.0,3.697337787041375
0,13,1,1.0025488E7,4000000.0,3.990455301686466
0,13,2,9757003.0,4000000.0,3.8725644719516983
0,13,3,1.0881079E7,4000000.0,4.346119720958842
0,13,4,9637061.0,4000000.0,3.8188461663170163
0,13,5,8678009.0,4000000.0,3.363601048741164
0,13,6,9568129.0,4000000.0,3.787670306268351
0,13,7,9732081.0,4000000.0,3.8614572357391768
0,13,8,8232665.0,4000000.0,3.134804523221737
0,13,9,1.104261E7,4000000.0,4.410117428107587
0,13,10,1.0812706E7,4000000.0,4.318744032545999
0,13,11,9399958.0,4000000.0,3.7106592180269478
0,13,12,8089920.0,4000000.0,3.058842356328465
0,13,13,8665522.0,4000000.0,3.357347378559959
0,13,14,1.0702579E7,4000000.0,4.274284508908298
0,13,15,9242930.0,4000000.0,3.637496726543455
0,13,16,1.0145212E7,4000000.0,4.042011353955847
0,13,17,9046923.0,4000000.0,3.5444090264548143
0,13,18,9385746.0,4000000.0,3.704088056941535
0,13,19,8098123.0,4000000.0,3.0632437752522685
0,13,20,7852656.0,4000000.0,2.9295658147466734
0,13,21,9068374.0,4000000.0,3.554694317704055
0,13,22,1.1662208E7,4000000.0,4.647207916365579
0,13,23,9316086.0,4000000.0,3.6717349767519716
0,13,24,1.0145655E7,4000000.0,4.0422009884899595
0,14,0,9579331.0,4347826.0,3.4306302464281946
0,14,1,8016156.0,4347826.0,2.656940049831329
0,14,2,1.0539826E7,4347826.0,3.8456128595348193
0,14,3,1.1650437E7,4347826.0,4.280700604628734
0,14,4,8947943.0,4347826.0,3.1345105360322956
0,14,5,1.4102476E7,4347826.0,5.110232140066799
0,14,6,9229641.0,4347826.0,3.2691265355700376
0,14,7,8331342.0,4347826.0,2.8244280724497046
0,14,8,1.0148555E7,4347826.0,3.6813205442055525
0,14,9,1.0525137E7,4347826.0,3.839556022237102
0,14,10,9937017.0,4347826.0,3.5898387750435234
0,14,11,1.0328444E7,4347826.0,3.7576274385004167
0,14,12,1.2127268E7,4347826.0,4.454908198355519
0,14,13,1.1858381E7,4347826.0,4.357532444600604
0,14,14,1.1773473E7,4347826.0,4.3263243687996775
0,14,15,1.2223434E7,4347826.0,4.489210766118202
0,14,16,9741497.0,4347826.0,3.5035354582056084
0,14,17,1.0749018E7,4347826.0,3.9309663484705903
0,14,18,9389496.0,4347826.0,3.3437012596924163
0,14,19,8254046.0,4347826.0,2.783947295853813
0,14,20,8715157.0,4347826.0,3.020030598579856
0,14,21,1.240523E7,4347826.0,4.553326654523671
0,14,22,1.0232936E7,4347826.0,3.7172810262476093
0,15,0,1.0871186E7,5000000.0,3.3730692200955525
0,15,1,8898741.0,5000000.0,2.503585623729313
0,15,2,8764175.0,5000000.0,2.437410364804834
0,15,3,9568219.0,5000000.0,2.8186110267235014
0,15,4,9415258.0,5000000.0,2.7486222086011987
0,15,5,1.0753849E7,5000000.0,3.3259392970882207
0,15,6,9779463.0,5000000.0,2.9134500356612976
0,15,7,1.0096361E7,5000000.0,3.0519486623926397
0,15,8,8266114.0,5000000.0,2.1833138611239695
0,15,9,9786962.0,5000000.0,2.9167789774370707
0,15,10,9394282.0,5000000.0,2.738935884715791
0,15,11,8348588.0,5000000.0,2.2264302496040758
0,15,12,1.0934577E7,5000000.0,3.398319828438457
0,15,13,9292965.0,5000000.0,2.6918429713812135
0,15,14,1.0096835E7,5000000.0,3.052152548478289
0,15,15,8493682.0,5000000.0,2.301259928142243
0,15,16,8609754.0,5000000.0,2.3602073852660084
0,15,17,1.0291264E7,5000000.0,3.13498714888233
0,15,18,9476159.0,5000000.0,2.7766233478132984
0,15,19,9773892.0,5000000.0,2.910975314955669
0,16,0,9156023.0,5882352.0,1.9215586582034159
0,16,1,9643684.0,5882352.0,2.146919620332018
0,16,2,8621064.0,5882352.0,1.6600986003260976
0,16,3,9763927.0,5882352.0,2.200735146200013
0,16,4,9417344.0,5882352.0,2.0437742563395176
0,16,5,1.0362215E7,5882352.0,2.4590158985152373
0,16,6,9708448.0,5882352.0,2.17598799670608
0,16,7,9119195.0,5882352.0,1.9040549339465505
0,16,8,9810328.0,5882352.0,2.2213251875591737
0,16,9,8048937.0,5882352.0,1.361875189950479
0,16,10,8319768.0,5882352.0,1.5056020685268265
0,16,11,1.0785745E7,5882352.0,2.6329913921119767
0,16,12,8592125.0,5882352.0,1.6454957747219776
0,16,13,1.1314613E7,5882352.0,2.840886949945184
0,16,14,9366212.0,5882352.0,2.020129744831606
0,16,15,9794478.0,5882352.0,2.2143028594239795
0,16,16,8164803.0,5882352.0,1.4239470142674582
0,17,0,7970764.0,6666666.0,0.7759125312616948
0,17,1,9206177.0,6666666.0,1.4017062296534761
0,17,2,1.2223828E7,6666666.0,2.632985328548007
0,17,3,9848314.0,6666666.0,1.6945318951372592
0,17,4,8841840.0,6666666.0,1.22633954228272
0,17,5,9587551.0,6666666.0,1.5779898963352927
0,17,6,8001324.0,6666666.0,0.7925315926676912
0,17,7,9499522.0,6666666.0,1.5379305535449288
0,17,8,1.4106274E7,6666666.0,3.2550361780346506
0,17,9,1.2149673E7,6666666.0,2.6065589184278166
0,17,10,9489429.0,6666666.0,1.5333138323594009
0,17,11,8161526.0,6666666.0,0.8786267097162626
0,17,12,7880904.0,6666666.0,0.7266733973275046
0,17,13,8795666.0,6666666.0,1.2036003191524254
0,17,14,1.1969786E7,6666666.0,2.5417768849305267
0,18,0,9562467.0,6666666.0,1.5666125190247813
0,18,1,1.2273766E7,6666666.0,2.6506914166463162
0,18,2,9336890.0,6666666.0,1.4629354480120584
0,18,3,7990990.0,6666666.0,0.7869188967180603
0,18,4,8607550.0,6666666.0,1.1097085662234538
0,18,5,9907602.0,6666666.0,1.7205985463030675
0,18,6,9807888.0,6666666.0,1.6766680031407
0,18,7,9984389.0,6666666.0,1.7541279562299823
0,18,8,9876483.0,6666666.0,1.7069362302262001
0,18,9,8821600.0,6666666.0,1.2163866405139612
0,18,10,9666336.0,6666666.0,1.6135318954391749
0,18,11,9730398.0,6666666.0,1.6422190695376573
0,18,12,1.0030975E7,6666666.0,1.7743445051455993
0,18,13,1.0047243E7,6666666.0,1.781382086048071
0,18,14,1.1308664E7,6666666.0,2.295026031046829
0,19,0,9271549.0,5555555.0,2.2242484642627285
0,19,1,1.0829617E7,5555555.0,2.8988564618043777
0,19,2,1.0991296E7,5555555.0,2.9632145228147544
0,19,3,1.0174899E7,5555555.0,2.6280265547567745
0,19,4,1.0692115E7,5555555.0,2.8433616973555287
0,19,5,8746649.0,5555555.0,1.9711424732042144
0,19,6,8420762.0,5555555.0,1.806239413888928
0,19,7,1.0317916E7,5555555.0,2.68864536415367
0,19,8,9635018.0,5555555.0,2.3912507886759844
0,19,9,8289235.0,5555555.0,1.7378700060185859
0,19,10,9270739.0,5555555.0,2.223869030472718
0,19,11,1.1856338E7,5555555.0,3.2922312019386126
0,19,12,9234331.0,5555555.0,2.2067798609649576
0,19,13,8428737.0,5555555.0,1.8103505138709628
0,19,14,8018968.0,5555555.0,1.5939102894359258
0,19,15,9242538.0,5555555.0,2.2106379335067725
0,19,16,1.2476127E7,5555555.0,3.5135233551546396
0,19,17,9781736.0,5555555.0,2.456884859701353
0,20,0,1.0296894E7,4761904.0,3.3492560619930236
0,20,1,9501963.0,4761904.0,3.000326991942396
0,20,2,8061831.0,4761904.0,2.2865305402706793
0,20,3,9266904.0,4761904.0,2.8915402821483047
0,20,4,1.0029566E7,4761904.0,3.2350150483038043
0,20,5,1.6857699E7,4761904.0,5.490176593140049
0,20,6,1.3209358E7,4761904.0,4.431010748081056
0,20,7,1.09503E7,4761904.0,3.616453817131454
0,20,8,1.1432806E7,4761904.0,3.80372198357119
0,20,9,1.0220378E7,4761904.0,3.3168632266927967
0,20,10,1.1075793E7,4761904.0,3.665941946642224
0,20,11,1.2128237E7,4761904.0,4.060170392163537
0,20,12,1.0120243E7,4761904.0,3.2741030481692643
0,20,13,8032123.0,4761904.0,2.270497146460226
0,20,14,9382588.0,4761904.0,2.9454201060594154
0,20,15,9978820.0,4761904.0,3.212985530247248
0,20,16,9840204.0,4761904.0,3.1522346622514226
0,20,17,9523124.0,4761904.0,3.0099880350917645
0,20,18,9217667.0,4761904.0,2.868403788497762
0,20,19,8570428.0,4761904.0,2.552218749886835
0,20,20,7897798.0,4761904.0,2.197253859225009
0,21,0,9189831.0,4166666.0,3.4351883602963786
0,21,1,9188597.0,4166666.0,3.4346051554744275
0,21,2,9767047.0,4166666.0,3.6997458879070617
0,21,3,1.0067045E7,4166666.0,3.831133211241129
0,21,4,9694488.0,4166666.0,3.667361886004146
0,21,5,8681475.0,4166666.0,3.188048301470457
0,21,6,8577072.0,4166666.0,3.135503669650185
0,21,7,1.026792E7,4166666.0,3.91693787511545
0,21,8,1.0587365E7,4166666.0,4.0499919686298425
0,21,9,9873614.0,4166666.0,3.746874560645386
0,21,10,1.0064482E7,4166666.0,3.8300273867667793
0,21,11,9800144.0,4166666.0,3.714437683142779
0,21,12,7908501.0,4166666.0,2.783054850729685
0,21,13,1.0932106E7,4166666.0,4.189151452504437
0,21,14,9569210.0,4166666.0,3.610873966451053
0,21,15,8248837.0,4166666.0,2.9660403307148977
0,21,16,9427088.0,4166666.0,3.54588872352076
0,21,17,1.0632169E7,4166666.0,4.068331823674261
0,21,18,9655643.0,4166666.0,3.64992511329009
0,21,19,8636749.0,4166666.0,3.1656160957395043
0,21,20,7914278.0,4166666.0,2.7862261259316417
0,21,21,9505762.0,4166666.0,3.5819824766907753
0,21,22,1.049538E7,4166666.0,4.012094786445878
0,21,23,1.251178E7,4166666.0,4.775304105952866
0,22,0,1.1096112E7,4000000.0,4.431108403652843
0,22,1,8899684.0,4000000.0,3.473145951492333
0,22,2,8068347.0,4000000.0,3.047245765648414
0,22,3,9233081.0,4000000.0,3.6328665422927293
0,22,4,1.0115432E7,4000000.0,4.029244435999072
0,22,5,1.1054632E7,4000000.0,4.4148429850586055
0,22,6,1.0980189E7,4000000.0,4.385498242825267
0,22,7,9774011.0,4000000.0,3.8801283213405076
0,22,8,8147270.0,4000000.0,3.089521177121645
0,22,9,9856271.0,4000000.0,3.9165264466391525
0,22,10,1.1536172E7,4000000.0,4.60001731263586
0,22,11,9059565.0,4000000.0,3.550473539608751
0,22,12,1.0218182E7,4000000.0,4.0731364247451465
0,22,13,9866967.0,4000000.0,3.921236843820198
0,22,14,8560604.0,4000000.0,3.3044441641145412
0,22,15,9465548.0,4000000.0,3.740857708161993
0,22,16,1.4081096E7,4000000.0,5.465764680397437
0,22,17,1.587073E7,4000000.0,5.9853691196629395
0,22,18,8829419.0,4000000.0,3.438721354211072
0,22,19,8029831.0,4000000.0,3.0264641365933636
0,22,20,8731304.0,4000000.0,3.3901911809501932
0,22,21,1.1900284E7,4000000.0,4.734973346159213
0,22,22,1.0109474E7,4000000.0,4.026685683342294
0,22,23,9963574.0,4000000.0,3.96355159350603
0,22,24,9161116.0,4000000.0,3.598883909773753
0,23,0,9431536.0,4000000.0,3.725224354498681
0,23,1,7882454.0,4000000.0,2.946014536670564
0,23,2,9706635.0,4000000.0,3.8500870776497225
0,23,3,9568340.0,4000000.0,3.7877660774742976
0,23,4,1.0350341E7,4000000.0,4.128946668687191
0,23,5,9773492.0,4000000.0,3.879897704840629
0,23,6,9035852.0,4000000.0,3.539091175837417
0,23,7,9835925.0,4000000.0,3.9075521720859054
0,23,8,7979561.0,4000000.0,2.9991900772678175
0,23,9,1.0295062E7,4000000.0,4.105689750876515
0,23,10,9553631.0,4000000.0,3.7810847172795277
0,23,11,1.0263509E7,4000000.0,4.092358761531795
0,23,12,1.0276045E7,4000000.0,4.097660060967174
0,23,13,8950180.0,4000000.0,3.497717783142798
0,23,14,9501279.0,4000000.0,3.757220797771279
0,23,15,7987727.0,4000000.0,3.003632220540256
0,23,16,9530817.0,4000000.0,3.770701394660213
0,23,17,9713380.0,4000000.0,3.8531038790252397
0,23,18,9610967.0,4000000.0,3.8070709474185014
0,23,19,1.0128762E7,4000000.0,4.034963751157223
0,23,20,9171116.0,4000000.0,3.6036219528552387
0,23,21,1.0100284E7,4000000.0,4.022735941278298
0,23,22,8132648.0,4000000.0,3.081719840994568
0,23,23,9730390.0,4000000.0,3.860702560784751
0,23,24,9907083.0,4000000.0,3.9388581013143003
0,24,0,1.0192693E7,4545454.0,3.507116765634773
0,24,1,9610225.0,4545454.0,3.2515628867212016
0,24,2,9114545.0,4545454.0,3.021577263979443
0,24,3,9645368.0,4545454.0,3.2674153488328628
0,24,4,8148624.0,4545454.0,2.5350701165794436
0,24,5,9587714.0,4545454.0,3.2413780355632222
0,24,6,9740198.0,4545454.0,3.3099051830008475
0,24,7,9135943.0,4545454.0,3.031761142440166
0,24,8,1.0170189E7,4545454.0,3.4975175674469523
0,24,9,9118744.0,4545454.0,3.023577564157596
0,24,10,9630669.0,4545454.0,3.260791896276882
0,24,11,1.4368294E7,4545454.0,4.998279387635163
0,24,12,1.196499E7,4545454.0,4.203350729161188
0,24,13,1.355746E7,4545454.0,4.746010647022478
0,24,14,1.2402946E7,4545454.0,4.359475858081427
0,24,15,1.142696E7,4545454.0,4.003534400757754
0,24,16,8568592.0,4545454.0,2.7533219699985505
0,24,17,9715480.0,4545454.0,3.2988699502225645
0,24,18,9908324.0,4545454.0,3.3842293241689925
0,24,19,1.0225663E7,4545454.0,3.5211420882541806
0,24,20,1.001017E7,4545454.0,3.4286418598479806
0,24,21,9087132.0,4545454.0,3.008495696128499
0,25,0,9874742.0,5263157.0,2.732794323026535
0,25,1,7918620.0,5263157.0,1.7740317725558084
0,25,2,9730605.0,5263157.0,2.6689351813379822
0,25,3,9870711.0,5263157.0,2.7310211136898115
0,25,4,1.00173E7,5263157.0,2.7950435508519247
0,25,5,1.0330468E7,5263157.0,2.9287367154100368
0,25,6,1.1289555E7,5263157.0,3.3143049847462502
0,25,7,9086209.0,5263157.0,2.371363969712554
0,25,8,7991805.0,5263157.0,1.8139855334702562
0,25,9,8707590.0,5263157.0,2.186516467218274
0,25,10,9650607.0,5263157.0,2.6330830506554066
0,25,11,1.0427128E7,5263157.0,2.9691837961300678
0,25,12,9605633.0,5263157.0,2.6127966442295985
0,25,13,9226551.0,5263157.0,2.4379306144297566
0,25,14,9058289.0,5263157.0,2.3579984729047427
0,25,15,7862946.0,5263157.0,1.7433896787475427
0,25,16,1.079025E7,5263157.0,3.1178518177931025
0,25,17,1.064987E7,5263157.0,3.060979812781015
0,25,18,9949427.0,5263157.0,2.7655174468401893
0,26,0,9003210.0,6250000.0,1.5851736284348656
0,26,1,9756452.0,6250000.0,1.934118948960803
0,26,2,7929193.0,6250000.0,1.0334897155218412
0,26,3,8522914.0,6250000.0,1.3470808889579178
0,26,4,1.0202829E7,6250000.0,2.1284059056884645
0,26,5,1.0200874E7,6250000.0,2.1275736589980294
0,26,6,9813282.0,6250000.0,1.9593426181078808
0,26,7,9241908.0,6250000.0,1.698816236086603
0,26,8,9728655.0,6250000.0,1.9217278526195212
0,26,9,8162413.0,6250000.0,1.1593854798698342
0,26,10,9650493.0,6250000.0,1.886694827054792
0,26,11,9541054.0,6250000.0,1.8371633651089823
0,26,12,1.0509173E7,6250000.0,2.256885240249909
0,26,13,9478003.0,6250000.0,1.8083682448324883
0,26,14,1.0058994E7,6250000.0,2.0667453175602586
0,26,15,1.032824E7,6250000.0,2.1814630384541083
0,27,0,7920455.0,6666666.0,0.7484143335661487
0,27,1,9899976.0,6666666.0,1.7172544424629768
0,27,2,9697516.0,6666666.0,1.627518073033436
0,27,3,8355130.0,6666666.0,0.9804451408658479
0,27,4,9500012.0,6666666.0,1.5381545635613636
0,27,5,9399798.0,6666666.0,1.4920982327334495
0,27,6,9740906.0,6666666.0,1.6469065489780375
0,27,7,8750074.0,6666666.0,1.1810302838238937
0,27,8,7914637.0,6666666.0,0.7452230348867234
0,27,9,8719963.0,6666666.0,1.1660594465050602
0,27,10,1.1648668E7,6666666.0,2.4236757005123657
0,27,11,1.4761744E7,6666666.0,3.4522897195272844
0,27,12,1.1013509E7,6666666.0,2.1801701351328946
0,27,13,1.0659828E7,6666666.0,2.038414997410201
0,27,14,1.0062854E7,6666666.0,1.7881247412613548
0,28,0,9637779.0,6250000.0,1.8809694610472922
0,28,1,1.1390596E7,6250000.0,2.60666431295109
0,28,2,9883002.0,6250000.0,1.9900886590800289
0,28,3,9407391.0,6250000.0,1.7758917766560285
0,28,4,9333348.0,6250000.0,1.741574417407026
0,28,5,8086685.0,6250000.0,1.1189050905747724
0,28,6,9942285.0,6250000.0,2.0160619088088345
0,28,7,9570621.0,6250000.0,1.8506010100991435
0,28,8,8907504.0,6250000.0,1.5387600870311913
0,28,9,1.0158489E7,6250000.0,2.1094909732000717
0,28,10,1.0726003E7,6250000.0,2.3455789675260523
0,28,11,8862742.0,6250000.0,1.5168808955844102
0,28,12,9901003.0,6250000.0,1.9979917475862343
0,28,13,9540443.0,6250000.0,1.8368852381585299
0,28,14,8418674.0,6250000.0,1.2936367512555633
0,28,15,1.1130428E7,6250000.0,2.5063184730190096
0,29,0,9382120.0,5555555.0,2.275735319301401
0,29,1,9174532.0,5555555.0,2.1785646832321492
0,29,2,8464080.0,5555555.0,1.8285230806724582
0,29,3,7915099.0,5555555.0,1.537288998075457
0,29,4,9009915.0,5555555.0,2.0999324237473944
0,29,5,1.1887517E7,5555555.0,3.303636995508588
0,29,6,9324892.0,5555555.0,2.2491635908579672
0,29,7,9348400.0,5555555.0,2.260098352735045
0,29,8,9482905.0,5555555.0,2.3221394833986935
0,29,9,8018084.0,5555555.0,1.5934315027831283
0,29,10,9740344.0,5555555.0,2.438468436725228
0,29,11,9560033.0,5555555.0,2.3573193993994095
0,29,12,1.0519135E7,5555555.0,2.7725257730750292
0,29,13,9646221.0,5555555.0,2.3962975614775424
0,29,14,9481184.0,5555555.0,2.321351234824868
0,29,15,9939351.0,5555555.0,2.526305761573707
0,29,16,7987942.0,5555555.0,1.5770745135493187
0,29,17,9684314.0,5555555.0,2.413414109068009
0,30,0,9346440.0,4761904.0,2.9286558656245316
0,30,1,8366270.0,4761904.0,2.4475124043720102
0,30,2,9541631.0,4761904.0,3.018419814573093
0,30,3,9073985.0,4761904.0,2.8001742122921778
0,30,4,9878184.0,4761904.0,3.1689647568419286
0,30,5,8528769.0,4761904.0,2.531057160113894
0,30,6,8031065.0,4761904.0,2.269925051353678
0,30,7,8956993.0,4761904.0,2.743815990291674
0,30,8,1.4157307E7,4761904.0,4.732000140247235
0,30,9,1.2614679E7,4761904.0,4.230955679210556
0,30,10,9818717.0,4761904.0,3.1427410697509823
0,30,11,9288826.0,4761904.0,2.9018019189168
0,30,12,8036252.0,4761904.0,2.2727291107444145
0,30,13,9139810.0,4761904.0,2.83156531857583
0,30,14,1.1566454E7,4761904.0,3.8541959920791014
0,30,15,9401720.0,4761904.0,2.9542667720115445
0,30,16,9359136.0,4761904.0,2.934551223873782
0,30,17,9398161.0,4761904.0,2.952622448752735
0,30,18,8156427.0,4761904.0,2.3371931782660145
0,30,19,8719505.0,4761904.0,2.627111952693848
0,30,20,1.0011036E7,4761904.0,3.2269838733490754
0,31,0,1.0324997E7,4166666.0,3.941012453398903
0,31,1,9745971.0,4166666.0,3.6903642596422674
0,31,2,9920808.0,4166666.0,3.767583558983775
0,31,3,1.009323E7,4166666.0,3.8424148107267087
0,31,4,8109977.0,4166666.0,2.8923093374684554
0,31,5,9551425.0,4166666.0,3.6027948105149004
0,31,6,9594501.0,4166666.0,3.6223370365407743
0,31,7,1.0448453E7,4166666.0,3.992633046794441
0,31,8,9603805.0,4166666.0,3.6265464456167225
0,31,9,9380042.0,4166666.0,3.5241609417559734
0,31,10,9749230.0,4166666.0,3.691816274145434
0,31,11,8174215.0,4166666.0,2.926573676334709
0,31,12,9883410.0,4166666.0,3.751181230610818
0,31,13,1.1204933E7,4166666.0,4.29620575209721
0,31,14,9062048.0,4166666.0,3.3743766942590825
0,31,15,9143325.0,4166666.0,3.413154682627064
0,31,16,1.1776675E7,4166666.0,4.512340012266264
0,31,17,8813332.0,4166666.0,3.253514415900191
0,31,18,8789252.0,4166666.0,3.2416322767236676
0,31,19,1.0053287E7,4166666.0,3.8251939211605683
0,31,20,1.0094932E7,4166666.0,3.8431470905746212
0,31,21,9352033.0,4166666.0,3.5111734182606
0,31,22,9650901.0,4166666.0,3.6477917180282575
0,31,23,8781054.0,4166666.0,3.2375795909924063
0,32,0,8734406.0,4000000.0,3.391733839676382
0,32,1,9533215.0,4000000.0,3.771793963297421
0,32,2,1.0680631E7,4000000.0,4.265369197655991
0,32,3,9975121.0,4000000.0,3.9685818113243654
0,32,4,9008626.0,4000000.0,3.5259856589728473
0,32,5,9734521.0,4000000.0,3.8625459501859956
0,32,6,8036595.0,4000000.0,3.0301209150818065
0,32,7,9726655.0,4000000.0,3.859035205942499
0,32,8,9638404.0,4000000.0,3.8194513475566287
0,32,9,1.0302135E7,4000000.0,4.108672452834693
0,32,10,9797832.0,4000000.0,3.8906999716053896
0,32,11,9942197.0,4000000.0,3.954223729030308
0,32,12,9736627.0,4000000.0,3.863485416294984
0,32,13,8523130.0,4000000.0,3.2853912129063936
0,32,14,9847770.0,4000000.0,3.9127790553099064
0,32,15,9476314.0,4000000.0,3.745794514158836
0,32,16,9868341.0,4000000.0,3.9218415677181975
0,32,17,1.0685447E7,4000000.0,4.267327032182541
0,32,18,1.0284654E7,4000000.0,4.1012969425860355
0,32,19,9362622.0,4000000.0,3.6933749850709976
0,32,20,1.0163512E7,4000000.0,4.049838129453789
0,32,21,1.2735606E7,4000000.0,5.029596235542716
0,32,22,1.0277363E7,4000000.0,4.098217049013081
0,32,23,1.0288541E7,4000000.0,4.102938012600921
0,32,24,1.1237449E7,4000000.0,4.486077424172082
0,33,0,1.1192791E7,4166666.0,4.291497055699455
0,33,1,8115608.0,4166666.0,2.8953237277980195
0,33,2,8646492.0,4166666.0,3.1705125518907584
0,33,3,9982439.0,4166666.0,3.7944797621643476
0,33,4,1.0035343E7,4166666.0,3.817435321140662
0,33,5,9547530.0,4166666.0,3.6010234287503335
0,33,6,9922047.0,4166666.0,3.7681259112448555
0,33,7,8922844.0,4166666.0,3.30714611387301
0,33,8,1.0594959E7,4166666.0,4.053105916312702
0,33,9,9639482.0,4166666.0,3.642650079038402
0,33,10,8122286.0,4166666.0,2.898895888958401
0,33,11,9132440.0,4166666.0,3.4079813878353016
0,33,12,1.1610891E7,4166666.0,4.450768592349605
0,33,13,9615736.0,4166666.0,3.6319384246750976
0,33,14,8478623.0,4166666.0,3.085366360897601
0,33,15,7900584.0,4166666.0,2.778705061098397
0,33,16,9026211.0,4166666.0,3.3571679272770543
0,33,17,1.0508026E7,4166666.0,4.017324498885665
0,33,18,9776427.0,4166666.0,3.7039147296933814
0,33,19,1.0065551E7,4166666.0,3.8304886486053373
0,33,20,9792046.0,4166666.0,3.710847561860034
0,33,21,8085524.0,4166666.0,2.8791948175336426
0,33,22,9524119.0,4166666.0,3.5903612429869387
0,33,23,9645565.0,4166666.0,3.6453898321964124
0,34,0,8440823.0,4545454.0,2.6880752635623355
0,34,1,1.0971076E7,4545454.0,3.8267195649642085
0,34,2,1.1081949E7,4545454.0,3.8703888010870324
0,34,3,9518639.0,4545454.0,3.2099758919549117
0,34,4,8108869.0,4545454.0,2.513830173198417
0,34,5,9686048.0,4545454.0,3.285693498350881
0,34,6,9595976.0,4545454.0,3.245118860431985
0,34,7,9233655.0,4545454.0,3.077963767724092
0,34,8,1.0747486E7,4545454.0,3.7372962100184575
0,34,9,1.39902E7,4545454.0,4.882466560266245
0,34,10,9095051.0,4545454.0,3.0122787162638187
0,34,11,7962322.0,4545454.0,2.434624696113335
0,34,12,9416531.0,4545454.0,3.163136734130791
0,34,13,9684682.0,4545454.0,3.285080980120269
0,34,14,9252328.0,4545454.0,3.0867375328181583
0,34,15,1.0452948E7,4545454.0,3.6166152286566344
0,34,16,1.3064183E7,4545454.0,4.585049882036318
0,34,17,1.2349079E7,4545454.0,4.340573018584946
0,34,18,1.0531884E7,4545454.0,3.6492880000304977
0,34,19,1.2278994E7,4545454.0,4.315855200891452
0,34,20,9117275.0,4545454.0,3.0228778735120705
0,34,21,9581856.0,4545454.0,3.238723727559253
0,35,0,9275386.0,5263157.0,2.460856668362127
0,35,1,8974689.0,5263157.0,2.317730826823838
0,35,2,9373440.0,5263157.0,2.506526785676166
0,35,3,1.2065974E7,5263157.0,3.603160599379309
0,35,4,8898518.0,5263157.0,2.280713580553058
0,35,5,1.0956543E7,5263157.0,3.184272222841325
0,35,6,9236646.0,5263157.0,2.4426797412810806
0,35,7,8589330.0,5263157.0,2.127129633346003
0,35,8,9197508.0,5263157.0,2.424238490359225
0,35,9,9734654.0,5263157.0,2.6707419473127776
0,35,10,8578066.0,5263157.0,2.1214305817878634
0,35,11,9426112.0,5263157.0,2.530862704752388
0,35,12,8989766.0,5263157.0,2.3250206215223477
0,35,13,8901178.0,5263157.0,2.2820116064636826
0,35,14,7935804.0,5263157.0,1.7834460777357328
0,35,15,9247885.0,5263157.0,2.4479609532129407
0,35,16,1.0694564E7,5263157.0,3.079167585708692
0,35,17,9285939.0,5263157.0,2.465795012107899
0,35,18,9227409.0,5263157.0,2.438334456928322
0,36,0,9366223.0,6250000.0,1.7568447632369575
0,36,1,8023356.0,6250000.0,1.084760451320673
0,36,2,8042352.0,6250000.0,1.0950306016593017
0,36,3,1.0815016E7,6250000.0,2.3814714893742157
0,36,4,9459114.0,6250000.0,1.7997044221510774
0,36,5,9680670.0,6250000.0,1.9002539856280611
0,36,6,9887590.0,6250000.0,1.9921043226663695
0,36,7,9318581.0,6250000.0,1.734697672428823
0,36,8,8008325.0,6250000.0,1.0766167235727413
0,36,9,7839803.0,6250000.0,0.9842513244650355
0,36,10,9007612.0,6250000.0,1.5872965347046677
0,36,11,1.039234E7,6250000.0,2.2083332950730568
0,36,12,9500759.0,6250000.0,1.818782844021025
0,36,13,9372925.0,6250000.0,1.7599512457107784
0,36,14,9087348.0,6250000.0,1.6255714233448215
0,36,15,8204366.0,6250000.0,1.1816500883236967
0,37,0,7889276.0,6666666.0,0.7312845225576063
0,37,1,9099247.0,6666666.0,1.3509675664405183
0,37,2,1.051381E7,6666666.0,1.9785142689883441
0,37,3,9668083.0,6666666.0,1.6143167263274982
0,37,4,9411335.0,6666666.0,1.4974253505268735
0,37,5,9392839.0,6666666.0,1.4888818076647299
0,37,6,8660565.0,6666666.0,1.1363752803344127
0,37,7,1.0228498E7,6666666.0,1.859031670669293
0,37,8,9512609.0,6666666.0,1.5439094864508174
0,37,9,1.0371407E7,6666666.0,1.9192897988536293
0,37,10,9904465.0,6666666.0,1.7192232412416464
0,37,11,1.0489904E7,6666666.0,1.9686281618288022
0,37,12,9592553.0,6666666.0,1.5802550989095114
0,37,13,7920303.0,6666666.0,0.7483309881084985
0,37,14,9617843.0,6666666.0,1.5916898593302924
0,38,0,1.2067635E7,6250000.0,2.857421486034277
0,38,1,9193403.0,6250000.0,1.6759628082768152
0,38,2,1.4752668E7,6250000.0,3.729905516410862
0,38,3,9879113.0,6250000.0,1.9883793569512593
0,38,4,1.0820293E7,6250000.0,2.38359003737041
0,38,5,9721595.0,6250000.0,1.918575071367976
0,38,6,8735130.0,6250000.0,1.4538935538214726
0,38,7,1.1900494E7,6250000.0,2.7968497236955603
0,38,8,8812325.0,6250000.0,1.4921048828216366
0,38,9,9564970.0,6250000.0,1.8480359488072517
0,38,10,7901209.0,6250000.0,1.0181353240908833
0,38,11,8549221.0,6250000.0,1.3604652652860212
0,38,12,9625483.0,6250000.0,1.875425139763862
0,38,13,1.0416054E7,6250000.0,2.218232054008971
0,38,14,1.0161123E7,6250000.0,2.1106169116990356
0,38,15,8945858.0,6250000.0,1.5574198287464673
0,39,0,9565225.0,5555555.0,2.359677387987521
0,39,1,8077240.0,5555555.0,1.6253553584978278
0,39,2,7906459.0,5555555.0,1.532545717171463
0,39,3,8960009.0,5555555.0,2.075809944279591
0,39,4,1.0430985E7,5555555.0,2.735978694105203
0,39,5,9774262.0,5555555.0,2.45356524684827
0,39,6,9486758.0,5555555.0,2.3239037073195763
0,39,7,9823800.0,5555555.0,2.4755206073980993
0,39,8,8108627.0,5555555.0,1.642198716953129
0,39,9,9730720.0,5555555.0,2.4341752451110397
0,39,10,9329270.0,5555555.0,2.251202107813788
0,39,11,1.045051E7,5555555.0,2.744100336957299
0,39,12,9880278.0,5555555.0,2.500417129753863
0,39,13,9527221.0,5555555.0,2.3423878806201937
0,39,14,9936549.0,5555555.0,2.5250812704599923
0,39,15,8054789.0,5555555.0,1.6132671683412578
0,39,16,1.0938063E7,5555555.0,2.9421296898603773
0,39,17,1.1708141E7,5555555.0,3.237604924920868
0,40,0,9023970.0,4761904.0,2.7761700705976446
0,40,1,9628114.0,4761904.0,3.0576058804233837
0,40,2,9222085.0,4761904.0,2.8704848501712195
0,40,3,9037075.0,4761904.0,2.782472507897552
0,40,4,9816059.0,4761904.0,3.1415652430036327
0,40,5,1.0095481E7,4761904.0,3.2634637998899043
0,40,6,1.0661699E7,4761904.0,3.5004578162548983
0,40,7,9426373.0,4761904.0,2.9656398494454357
0,40,8,1.0520663E7,4761904.0,3.442624736365355
0,40,9,8930691.0,4761904.0,2.7310442735112024
0,40,10,9350428.0,4761904.0,2.9305085464265748
0,40,11,9797063.0,4761904.0,3.133152650089708
0,40,12,9592250.0,4761904.0,3.0413985334911553
0,40,13,1.4739784E7,4761904.0,4.907104835449276
0,40,14,1.0784698E7,4761904.0,3.5502735243847567
0,40,15,9021691.0,4761904.0,2.775073123104815
0,40,16,9038882.0,4761904.0,2.783340810617472
0,40,17,9573560.0,4761904.0,3.0329282768834203
0,40,18,1.0445456E7,4761904.0,3.4114676822726597
0,40,19,1.0331147E7,4761904.0,3.3636790530671608
0,40,20,9752780.0,4761904.0,3.1134779187539925
0,41,0,8265601.0,4166666.0,2.974857482343512
0,41,1,1.0838806E7,4166666.0,4.151927542708498
0,41,2,1.1597328E7,4166666.0,4.4456925141476304
0,41,3,9024574.0,4166666.0,3.3563802163062295
0,41,4,9621682.0,4166666.0,3.6346231041592465
0,41,5,9306408.0,4166666.0,3.4899339961351874
0,41,6,8848101.0,4166666.0,3.270613826064948
0,41,7,9335176.0,4166666.0,3.503338214975668
0,41,8,1.0046536E7,4166666.0,3.8222765599901947
0,41,9,1.0256122E7,4166666.0,3.911944894822521
0,41,10,9411227.0,4166666.0,3.5385755998096915
0,41,11,9660230.0,4166666.0,3.6519877783593184
0,41,12,8982899.0,4166666.0,3.336278278797345
0,41,13,1.0324706E7,4166666.0,3.940890049997516
0,41,14,9421568.0,4166666.0,3.5433449818251805
0,41,15,8146137.0,4166666.0,2.9116302088238086
0,41,16,9911424.0,4166666.0,3.763473663816828
0,41,17,1.2383672E7,4166666.0,4.730607517535886
0,41,18,9160447.0,4166666.0,3.421279775409116
0,41,19,8434244.0,4166666.0,3.062574720607322
0,41,20,9751613.0,4166666.0,3.6928776885217536
0,41,21,1.0132721E7,4166666.0,3.8593739590792597
0,41,22,8511376.0,4166666.0,3.1021108760524037
0,41,23,1.1047926E7,4166666.0,4.23492067835624
0,42,0,1.0604787E7,4000000.0,4.234419586907069
0,42,1,9607084.0,4000000.0,3.8053159666494545
0,42,2,7953066.0,4000000.0,2.9847459521342303
0,42,3,8631646.0,4000000.0,3.3403362948044855
0,42,4,1.0081376E7,4000000.0,4.014598213790616
0,42,5,1.0305641E7,4000000.0,4.110150182860721
0,42,6,9856490.0,4000000.0,3.9166229430067
0,42,7,9688873.0,4000000.0,3.8421327196158916
0,42,8,1.0645923E7,4000000.0,4.2512332934814605
0,42,9,7987206.0,4000000.0,3.003348942450574
0,42,10,9596408.0,4000000.0,3.800487127846106
0,42,11,1.1400007E7,4000000.0,4.548451266804786
0,42,12,8995438.0,4000000.0,3.519623232521003
0,42,13,9728401.0,4000000.0,3.859814723788595
0,42,14,9397935.0,4000000.0,3.7097244560934888
0,42,15,8885528.0,4000000.0,3.4662324842993666
0,42,16,9692456.0,4000000.0,3.8437384682685116
0,42,17,9381033.0,4000000.0,3.7019067237076966
0,42,18,8275845.0,4000000.0,3.157523567513949
0,42,19,9389823.0,4000000.0,3.705974144793838
0,42,20,1.1229257E7,4000000.0,4.482910301627795
0,42,21,9888245.0,4000000.0,3.9305922701850737
0,42,22,8210950.0,4000000.0,3.1233341620430695
0,42,23,1.2317483E7,4000000.0,4.884619802269578
0,42,24,9677977.0,4000000.0,3.8372459433212436
0,43,0,1.3324633E7,4166666.0,5.048665673011044
0,43,1,9743252.0,4166666.0,3.689152465099246
0,43,2,1.0622662E7,4166666.0,4.064446741817058
0,43,3,9758962.0,4166666.0,3.6961493812303976
0,43,4,8082238.0,4166666.0,2.8774294628887827
0,43,5,1.0891888E7,4166666.0,4.17314478090668
0,43,6,1.0766925E7,4166666.0,4.123029990635946
0,43,7,9798839.0,4166666.0,3.7138593324194566
0,43,8,9537034.0,4166666.0,3.596246421173271
0,43,9,9624343.0,4166666.0,3.6358240353891578
0,43,10,8198717.0,4166666.0,2.939572070683573
0,43,11,8524888.0,4166666.0,3.1089999313874856
0,43,12,1.0252032E7,4166666.0,3.9102126429050315
0,43,13,9356501.0,4166666.0,3.5132477954213486
0,43,14,9807600.0,4166666.0,3.7177405616515387
0,43,15,8648717.0,4166666.0,3.1716299772165417
0,43,16,9100486.0,4166666.0,3.392758970892968
0,43,17,7866186.0,4166666.0,2.7597552250950192
0,43,18,8938155.0,4166666.0,3.314591928568146
0,43,19,1.0596934E7,4166666.0,4.053915406625098
0,43,20,9330972.0,4166666.0,3.501381974156414
0,43,21,1.086445E7,4166666.0,4.162190567645221
0,43,22,9653539.0,4166666.0,3.648978666575216
0,43,23,8275005.0,4166666.0,2.9797957605998997
0,44,0,1.0482E7,4545454.0,3.6286688830412173
0,44,1,1.1719114E7,4545454.0,4.113175119015266
0,44,2,8977314.0,4545454.0,2.955691487283673
0,44,3,9541894.0,4545454.0,3.220573206508358
0,44,4,9739624.0,4545454.0,3.30964924120355
0,44,5,8817604.0,4545454.0,2.8777332363145556
0,44,6,9807082.0,4545454.0,3.339625395212162
0,44,7,1.0215598E7,4545454.0,3.516865273517935
0,44,8,8792004.0,4545454.0,2.8651060993914292
0,44,9,9852818.0,4545454.0,3.3598319356897517
0,44,10,1.0516143E7,4545454.0,3.6427921600982014
0,44,11,8894245.0,4545454.0,2.915318212484146
0,44,12,9718287.0,4545454.0,3.3001245341837486
0,44,13,9569452.0,4545454.0,3.233098013110089
0,44,14,8323585.0,4545454.0,2.6273315182180816
0,44,15,9401605.0,4545454.0,3.156247336800188
0,44,16,1.133701E7,4545454.0,3.969212626511319
0,44,17,9646910.0,4545454.0,3.268109597684679
0,44,18,8168759.0,4545454.0,2.545788163500852
0,44,19,7848430.0,4545454.0,2.3720552209937114
0,44,20,1.0650132E7,4545454.0,3.697777234837919
0,44,21,1.3074248E7,4545454.0,4.588394515978885
0,45,0,2.1723498E7,5263157.0,6.156834330744999
0,45,1,1.0507661E7,5263157.0,3.0025972783828383
0,45,2,1.0180202E7,5263157.0,2.8651007032931246
0,45,3,1.0353646E7,5263157.0,2.9384698678330077
0,45,4,1.0619213E7,5263157.0,3.0484600674283637
0,45,5,9802146.0,5263157.0,2.7007484169263813
0,45,6,9732387.0,5263157.0,2.669730447316527
0,45,7,9833108.0,5263157.0,2.714444839589034
0,45,8,8173891.0,5263157.0,1.9118251681834995
0,45,9,9760428.0,5263157.0,2.682225369129875
0,45,10,9646963.0,5263157.0,2.6314428761558544
0,45,11,8287772.0,5263157.0,1.9719146972943502
0,45,12,9141005.0,5263157.0,2.39747621278216
0,45,13,1.0591671E7,5263157.0,3.0371815697070015
0,45,14,9745477.0,5263157.0,2.6755677564013087
0,45,15,8802043.0,5263157.0,2.2333716064321436
0,45,16,7921732.0,5263157.0,1.7757382048940178
0,45,17,9075723.0,5263157.0,2.366349071029684
0,45,18,1.0916337E7,5263157.0,3.168306091626972
0,46,0,9686734.0,6250000.0,1.9029735672759895
0,46,1,1.0828199E7,6250000.0,2.3867621126600613
0,46,2,9043635.0,6250000.0,1.6046300861090048
0,46,3,8097981.0,6250000.0,1.124967361200758
0,46,4,9472518.0,6250000.0,1.8058542186484494
0,46,5,9688917.0,6250000.0,1.9039521819898966
0,46,6,8983382.0,6250000.0,1.5755985021681598
0,46,7,9483862.0,6250000.0,1.8110520857420718
0,46,8,8877148.0,6250000.0,1.5239344316340473
0,46,9,9346550.0,6250000.0,1.7477131626022229
0,46,10,7931650.0,6250000.0,1.0348352449499703
0,46,11,9266730.0,6250000.0,1.7104649204389197
0,46,12,1.077994E7,6250000.0,2.3673632627645627
0,46,13,9538653.0,6250000.0,1.8360703283484554
0,46,14,9755889.0,6250000.0,1.933868330346276
0,46,15,9493401.0,6250000.0,1.8154180845816072
0,47,0,8017674.0,6666666.0,0.801396962705006
0,47,1,7995559.0,6666666.0,0.78940134811122
0,47,2,1.1507315E7,6666666.0,2.370653040720006
0,47,3,9171272.0,6666666.0,1.3852087635257615
0,47,4,1.0171571E7,6666666.0,1.834793374078286
0,47,5,1.0619149E7,6666666.0,2.0218101702600224
0,47,6,9496682.0,6666666.0,1.5366319821695162
0,47,7,7922636.0,6666666.0,0.749610055122017
0,47,8,1.0745757E7,6666666.0,2.073283178772764
0,47,9,9544105.0,6666666.0,1.5582651108850656
0,47,10,8205045.0,6666666.0,0.9017226973872792
0,47,11,9270279.0,6666666.0,1.4318410743190308
0,47,12,1.0824331E7,6666666.0,2.1049236668035047
0,47,13,9563321.0,6666666.0,1.567000359241134
0,47,14,8546119.0,6666666.0,1.0786023831987
0,48,0,8065649.0,6250000.0,1.1075930116065429
0,48,1,1.0620624E7,6250000.0,2.3027001651959016
0,48,2,1.6185588E7,6250000.0,4.1324846399827155
0,48,3,1.1323427E7,6250000.0,2.5809786727743167
0,48,4,9821245.0,6250000.0,1.9628652770942696
0,48,5,8232677.0,6250000.0,1.1966105933679685
0,48,6,1.2262142E7,6250000.0,2.9268632376204398
0,48,7,1.4858528E7,6250000.0,3.7609576966174743
0,48,8,9746446.0,6250000.0,1.9296626358865039
0,48,9,1.3121073E7,6250000.0,3.220893343818955
0,48,10,1.1537106E7,6250000.0,2.6621686549183194
0,48,11,1.6466127E7,6250000.0,4.207114433722924
0,48,12,1.0113821E7,6250000.0,2.090352456364343
0,48,13,9104988.0,6250000.0,1.6339936040496168
0,48,14,1.0813818E7,6250000.0,2.3809903864263156
0,48,15,8964992.0,6250000.0,1.5666988900728809
0,49,0,9760467.0,5555555.0,2.4474314598131386
0,49,1,8528592.0,5555555.0,1.8614988719108425
0,49,2,9666060.0,5555555.0,2.4052203513409114
0,49,3,9607586.0,5555555.0,2.378868291693542
0,49,4,1.0102972E7,5555555.0,2.5972169789312365
0,49,5,9640988.0,5555555.0,2.393940908340672
0,49,6,9285680.0,5555555.0,2.230862616095385
0,49,7,9918880.0,5555555.0,2.5173518467076397
0,49,8,8087327.0,5555555.0,1.6307755210144934
0,49,9,8168825.0,5555555.0,1.6743214084058833
0,49,10,9617821.0,5555555.0,2.383492385677309
0,49,11,8837664.0,5555555.0,2.016100345891041
0,49,12,9889196.0,5555555.0,2.504335330564186
0,49,13,9208533.0,5555555.0,2.1946299732343157
0,49,14,9868816.0,5555555.0,2.4953760034009322
0,49,15,8314468.0,5555555.0,1.7510701470935353
0,49,16,8012806.0,5555555.0,1.5905717659147325
0,49,17,9170067.0,5555555.0,2.176450573351644
0,50,0,1.1607769E7,4545454.0,4.071714897911118
0,50,1,9486429.0,4545454.0,3.195254935780803
0,50,2,1.0316171E7,4545454.0,3.5594126529263885
0,50,3,9430723.0,4545454.0,3.1696772184391104
0,50,4,8062431.0,4545454.0,2.488887438121917
0,50,5,1.0561385E7,4545454.0,3.6614360742474092
0,50,6,9706949.0,4545454.0,3.2950548079832704
0,50,7,8078436.0,4545454.0,2.497500216432997
0,50,8,8955356.0,4545454.0,2.945055878643567
0,50,9,1.0861062E7,4545454.0,3.782950257953339
0,50,10,9674520.0,4545454.0,3.2805215970109374
0,50,11,9106642.0,4545454.0,3.0178099687909334
0,50,12,7863185.0,4545454.0,2.3802122652750306
0,50,13,9239774.0,4545454.0,3.0808408167353534
0,50,14,1.1469861E7,4545454.0,4.0198088777876535
0,50,15,1.0699628E7,4545454.0,3.717914115240917
0,50,16,1.2619139E7,4545454.0,4.434524570766365
0,50,17,1.1465126E7,4545454.0,4.018015648603762
0,50,18,1.3408935E7,4545454.0,4.6981701847068
0,50,19,1.0271655E7,4545454.0,3.5406315700807403
0,50,20,1.0630877E7,4545454.0,3.6899182629902825
0,50,21,9910374.0,4545454.0,3.3851277723829734
0,51,0,8853152.0,4166666.0,3.27309231895766
0,51,1,9668931.0,4166666.0,3.6558977220369338
0,51,2,8023351.0,4166666.0,2.8456710303088055
0,51,3,7867790.0,4166666.0,2.7606407080160382
0,51,4,9082959.0,4166666.0,3.384386650090479
0,51,5,1.1081672E7,4166666.0,4.248166027816671
0,51,6,9439556.0,4166666.0,3.5516287845391585
0,51,7,8914213.0,4166666.0,3.3029431829008695
0,51,8,9461166.0,4166666.0,3.5615597362175504
0,51,9,8114634.0,4166666.0,2.8948024751563377
0,51,10,1.030797E7,4166666.0,3.933844571220839
0,51,11,9357116.0,4166666.0,3.5135332464984614
0,51,12,8336212.0,4166666.0,3.0118006193098
0,51,13,9501417.0,4166666.0,3.5799969010756465
0,51,14,1.0188378E7,4166666.0,3.883163605908953
0,51,15,9818893.0,4166666.0,3.722738385893896
0,51,16,8264893.0,4166666.0,2.974485466246019
0,51,17,7933279.0,4166666.0,2.7966403915562177
0,51,18,8832852.0,4166666.0,3.263122648189464
0,51,19,1.071173E7,4166666.0,4.100709285085136
0,51,20,9405304.0,4166666.0,3.5358414865969294
0,51,21,1.013167E7,4166666.0,3.8589234708303017
0,51,22,9037457.0,4166666.0,3.3625755514367843
0,51,23,8382632.0,4166666.0,3.0359171212097023
0,52,0,9700127.0,4000000.0,3.8471742902468824
0,52,1,9472251.0,4000000.0,3.743932063353706
0,52,2,1.0319176E7,4000000.0,4.115850283527211
0,52,3,9781431.0,4000000.0,3.8834240435342253
0,52,4,1.1554876E7,4000000.0,4.607052979242309
0,52,5,9276189.0,4000000.0,3.65309597368138
0,52,6,7870144.0,4000000.0,2.9392268738856826
0,52,7,9379779.0,4000000.0,3.7013261461920557
0,52,8,9219906.0,4000000.0,3.626665019719355
0,52,9,8349039.0,4000000.0,3.195764984052537
0,52,10,9395993.0,4000000.0,3.7088269322902074
0,52,11,1.1609423E7,4000000.0,4.627506440744193
0,52,12,9865344.0,4000000.0,3.9205224217277035
0,52,13,7902392.0,4000000.0,2.9569857783097477
0,52,14,7953916.0,4000000.0,2.985210088335515
0,52,15,1.1289995E7,4000000.0,4.506337582610541
0,52,16,1.0275956E7,4000000.0,4.0976224469081926
0,52,17,9777382.0,4000000.0,3.8816259197090766
0,52,18,8904525.0,4000000.0,3.475507662297575
0,52,19,1.0156247E7,4000000.0,4.046732630470785
0,52,20,8158300.0,4000000.0,3.0953967998273297
0,52,21,9733599.0,4000000.0,3.8621345909868388
0,52,22,9599388.0,4000000.0,3.801835545558472
0,52,23,1.0463293E7,4000000.0,4.1760839556087275
0,52,24,1.010628E7,4000000.0,4.025313351064466
0,53,0,9106348.0,4166666.0,3.3955555409510962
0,53,1,9825807.0,4166666.0,3.725795406028448
0,53,2,8171200.0,4166666.0,2.9249715171019353
0,53,3,1.2867606E7,4166666.0,4.89709065740945
0,53,4,1.1722304E7,4166666.0,4.492242911525819
0,53,5,9741830.0,4166666.0,3.688518578360292
0,53,6,1.0624237E7,4166666.0,4.065090613480637
0,53,7,1.0505224E7,4166666.0,4.016166283811361
0,53,8,8909968.0,4166666.0,3.3008745547708758
0,53,9,9188618.0,4166666.0,3.4346150810089764
0,53,10,9259156.0,4166666.0,3.4678271243271057
0,53,11,9505571.0,4166666.0,3.5818952126929835
0,53,12,1.0088578E7,4166666.0,3.840412672993958
0,53,13,9544583.0,4166666.0,3.599682701458039
0,53,14,8399281.0,4166666.0,3.044534221299986
0,53,15,7827196.0,4166666.0,2.7381752027767443
0,53,16,9022386.0,4166666.0,3.3553271455053197
0,53,17,1.0850039E7,4166666.0,4.156426104389778
0,53,18,2.1526701E7,4166666.0,7.131887898250583
0,53,19,1.0095841E7,4166666.0,3.8435381342303714
0,53,20,8613347.0,4166666.0,3.1538325489110774
0,53,21,9393088.0,4166666.0,3.53019702281754
0,53,22,1.002156E7,4166666.0,3.8114664217683867
0,53,23,9879689.0,4166666.0,3.749545849655374
0,54,0,1.1411347E7,4761904.0,3.7955627596083956
0,54,1,9487607.0,4761904.0,2.9937605106898175
0,54,2,8227741.0,4761904.0,2.374999763587986
0,54,3,1.0635691E7,4761904.0,3.4898507545444217
0,54,4,9548521.0,4761904.0,3.0215547179622773
0,54,5,8176363.0,4761904.0,2.3477952849374493
0,54,6,9207060.0,4761904.0,2.8634033756520734
0,54,7,1.0644439E7,4761904.0,3.4934214172628386
0,54,8,9476694.0,4761904.0,2.9887622181567526
0,54,9,8499693.0,4761904.0,2.516226039572457
0,54,10,7895908.0,4761904.0,2.196214436844074
0,54,11,1.1149412E7,4761904.0,3.694713282967917
0,54,12,1.0474209E7,4761904.0,3.4234059968694193
0,54,13,9638089.0,4761904.0,3.062102965649852
0,54,14,9213487.0,4761904.0,2.8664339162201187
0,54,15,9849641.0,4761904.0,3.1563976582928244
0,54,16,8044606.0,4761904.0,2.2772414277217843
0,54,17,9911922.0,4761904.0,3.183772400040132
0,54,18,9465614.0,4761904.0,2.983681545402101
0,54,19,1.0059948E7,4761904.0,3.2481510007301564
0,54,20,9842573.0,4761904.0,3.153280087531196
0,55,0,9003301.0,5555555.0,2.096743183322595
0,55,1,1.0605993E7,5555555.0,2.808238846792097
0,55,2,1.1341913E7,5555555.0,3.0995886016860847
0,55,3,1.1575099E7,5555555.0,3.187972626909841
0,55,4,1.248118E7,5555555.0,3.5152819503805137
0,55,5,9448369.0,5555555.0,2.3062939456226856
0,55,6,9025981.0,5555555.0,2.1076696351304554
0,55,7,9866793.0,5555555.0,2.494485655664546
0,55,8,8187311.0,5555555.0,1.6841383617632364
0,55,9,9762558.0,5555555.0,2.4483617559789552
0,55,10,9362727.0,5555555.0,2.2667490886936172
0,55,11,8378898.0,5555555.0,1.7845945212841106
0,55,12,9486836.0,5555555.0,2.3239394148081924
0,55,13,1.0321049E7,5555555.0,2.6899638843626574
0,55,14,9578996.0,5555555.0,2.3659254043908264
0,55,15,8429366.0,5555555.0,1.8106745968703892
0,55,16,7912530.0,5555555.0,1.5358791816919581
0,55,17,8819591.0,5555555.0,2.007209941451133
0,56,0,1.0758353E7,6250000.0,2.358657727818004
0,56,1,9603156.0,6250000.0,1.8653396654303378
0,56,2,9337938.0,6250000.0,1.7437096872669513
0,56,3,9263848.0,6250000.0,1.709114032509858
0,56,4,8458133.0,6250000.0,1.3139449258857954
0,56,5,9534431.0,6250000.0,1.834147627926705
0,56,6,9471649.0,6250000.0,1.8054557826496125
0,56,7,1.0393234E7,6250000.0,2.2087068803943577
0,56,8,9779738.0,6250000.0,1.9444720281383279
0,56,9,9123405.0,6250000.0,1.6427693685339628
0,56,10,9710753.0,6250000.0,1.913728903255527
0,56,11,8058459.0,6250000.0,1.1037198329701183
0,56,12,9387276.0,6250000.0,1.7665956961892324
0,56,13,9492534.0,6250000.0,1.8150214401012885
0,56,14,1.071645E7,6250000.0,2.3417092465942946
0,56,15,9940596.0,6250000.0,2.0153240646486257
0,57,0,9146760.0,6666666.0,1.3735858635391924
0,57,1,9939695.0,6666666.0,1.7346436074067153
0,57,2,8239730.0,6666666.0,0.9200428342602456
0,57,3,1.0546951E7,6666666.0,1.9921823081486059
0,57,4,9530130.0,6666666.0,1.551901273519547
0,57,5,8142327.0,6666666.0,0.868398423663729
0,57,6,1.1567556E7,6666666.0,2.393329131366096
0,57,7,1.0362796E7,6666666.0,1.9156825128647013
0,57,8,9464165.0,6666666.0,1.5217360574119068
0,57,9,8165496.0,6666666.0,0.8807387288305089
0,57,10,8499070.0,6666666.0,1.0546270867411232
0,57,11,1.0054431E7,6666666.0,1.7844880053550627
0,57,12,9237605.0,6666666.0,1.4165069036015838
0,57,13,9847670.0,6666666.0,1.6942478924223456
0,57,14,1.003381E7,6666666.0,1.7755717546420566
0,58,0,9727644.0,6250000.0,1.921276511157716
0,58,1,8118960.0,6250000.0,1.1362038441088216
0,58,2,7876450.0,6250000.0,1.0045050308975447
0,58,3,9275685.0,6250000.0,1.7146597433762836
0,58,4,1.1677708E7,6250000.0,2.714775942139242
0,58,5,9740860.0,6250000.0,1.9271728417175646
0,58,6,1.0458786E7,6250000.0,2.236012595295253
0,58,7,9495667.0,6250000.0,1.8164545875849818
0,58,8,7826391.0,6250000.0,0.9768152375452321
0,58,9,9703386.0,6250000.0,1.9104329058365854
0,58,10,9575386.0,6250000.0,1.852762727943491
0,58,11,1.5338009E7,6250000.0,3.8988897092388317
0,58,12,1.0114256E7,6250000.0,2.0905392443616964
0,58,13,1.1062654E7,6250000.0,2.4797931209149637
0,58,14,8941693.0,6250000.0,1.5553973757568815
0,58,15,7998030.0,6250000.0,1.071030114619325
0,59,0,1.2876917E7,5263157.0,3.885655711794654
0,59,1,1.0444787E7,5263157.0,2.976532626446663
0,59,2,9710913.0,5263157.0,2.6601373808140942
0,59,3,9002619.0,5263157.0,2.3312254553177687
0,59,4,9469235.0,5263157.0,2.5506856944629765
0,59,5,7961818.0,5263157.0,1.797659205631153
0,59,6,8505307.0,5263157.0,2.084436689219216
0,59,7,1.0101681E7,5263157.0,2.831473246326417
0,59,8,9347490.0,5263157.0,2.494486839986016
0,59,9,9751929.0,5263157.0,2.6784420547561982
0,59,10,1.0037086E7,5263157.0,2.8036132008098975
0,59,11,9582214.0,5263157.0,2.602195405307923
0,59,12,8115043.0,5263157.0,1.8804450019138874
0,59,13,7957819.0,5263157.0,1.7954773170998237
0,59,14,9146550.0,5263157.0,2.4001098759218777
0,59,15,1.0920256E7,5263157.0,3.169864942948561
0,59,16,9646588.0,5263157.0,2.631274052458512
0,59,17,9112775.0,5263157.0,2.3840432219183034
0,59,18,9607840.0,5263157.0,2.613794369030082
0,60,0,8064977.0,4545454.0,2.4902586612721107
0,60,1,7887789.0,4545454.0,2.3937801755816226
0,60,2,9062931.0,4545454.0,2.9969140647199684
0,60,3,1.0608525E7,4545454.0,3.6807773711297957
0,60,4,9572114.0,4545454.0,3.2343059518109034
0,60,5,1.0089624E7,4545454.0,3.4629771505475215
0,60,6,9352866.0,4545454.0,3.1336744512136954
0,60,7,8162927.0,4545454.0,2.5426864561497315
0,60,8,8496833.0,4545454.0,2.7167981548492697
0,60,9,1.0055552E7,4545454.0,3.448286491407088
0,60,10,9170186.0,4545454.0,3.0480087754479896
0,60,11,9791895.0,4545454.0,3.33289480757304
0,60,12,9555668.0,4545454.0,3.2268378524678747
0,60,13,9608471.0,4545454.0,3.2507701664207467
0,60,14,8024013.0,4545454.0,2.46814356567019
0,60,15,8001083.0,4545454.0,2.455715085658124
0,60,16,9031319.0,4545454.0,2.9817391543146554
0,60,17,1.1283023E7,4545454.0,3.9484820637278455
0,60,18,9776747.0,4545454.0,3.3261710971327267
0,60,19,1.0140618E7,4545454.0,3.484871559635901
0,60,20,9793142.0,4545454.0,3.3334478473448472
0,60,21,7879174.0,4545454.0,2.3890342427930054
0,61,0,1.6794066E7,4166666.0,6.053671668116336
0,61,1,1.7629664E7,4166666.0,6.264553464511723
0,61,2,1.1362244E7,4166666.0,4.356754225539595
0,61,3,9715326.0,4166666.0,3.6766868923033025
0,61,4,7998793.0,4166666.0,2.8323576906723757
0,61,5,8047446.0,4166666.0,2.8586938236182173
0,61,6,1.150233E7,4166666.0,4.409971344780957
0,61,7,1.0350293E7,4166666.0,3.951639553377604
0,61,8,1.0276699E7,4166666.0,3.9206494761811017
0,61,9,8824026.0,4166666.0,3.258780902818028
0,61,10,9658638.0,4166666.0,3.6512720047262515
0,61,11,8009242.0,4166666.0,2.838027273086319
0,61,12,9701120.0,4166666.0,3.670331879124479
0,61,13,9515775.0,4166666.0,3.586554758151483
0,61,14,1.0276587E7,4166666.0,3.9206021445943433
0,61,15,9562775.0,4166666.0,3.6079524869533057
0,61,16,9501394.0,4166666.0,3.5799863881330256
0,61,17,9907200.0,4166666.0,3.7616224152948963
0,61,18,7926936.0,4166666.0,2.7931666302666254
0,61,19,8489400.0,4166666.0,3.090883081685668
0,61,20,1.0106215E7,4166666.0,3.8479984439644683
0,61,21,1.0467088E7,4166666.0,4.000371866279668
0,61,22,9540398.0,4166666.0,3.5977780389007146
0,61,23,9025797.0,4166666.0,3.3569687273702744
0,62,0,9650075.0,4000000.0,3.824706973484279
0,62,1,8004356.0,4000000.0,3.0126640465286956
0,62,2,7853374.0,4000000.0,2.9299628895494383
0,62,3,9094800.0,4000000.0,3.5673316178551326
0,62,4,1.068152E7,4000000.0,4.265730666680937
0,62,5,9772388.0,4000000.0,3.8794071041528824
0,62,6,9998353.0,4000000.0,3.978684744798657
0,62,7,9479939.0,4000000.0,3.7474555149020627
0,62,8,8041705.0,4000000.0,3.0328814617530933
0,62,9,8399001.0,4000000.0,3.22167641640032
0,62,10,1.0315371E7,4000000.0,4.114248609865684
0,62,11,1.0360842E7,4000000.0,4.1333505955370065
0,62,12,9491883.0,4000000.0,3.752923849969906
0,62,13,9921498.0,4000000.0,3.945172578441538
0,62,14,9555054.0,4000000.0,3.781731544676484
0,62,15,7984975.0,4000000.0,3.0021356942468036
0,62,16,9491807.0,4000000.0,3.7528890765611274
0,62,17,9843064.0,4000000.0,3.910703175872042
0,62,18,1.0357235E7,4000000.0,4.1318383893490935
0,62,19,9930804.0,4000000.0,3.9492441916424843
0,62,20,8970659.0,4000000.0,3.5076435690575543
0,62,21,9994653.0,4000000.0,3.977077293071401
0,62,22,8045521.0,4000000.0,3.034941814201708
0,62,23,1.0398131E7,4000000.0,4.148952932274507
0,62,24,9277168.0,4000000.0,3.653554299684785
0,63,0,8252011.0,4166666.0,2.96771109418422
0,63,1,9074471.0,4166666.0,3.380326282702681
0,63,2,1.0690235E7,4166666.0,4.091985634684489
0,63,3,9958062.0,4166666.0,3.783861371122661
0,63,4,8525765.0,4166666.0,3.1094466899497117
0,63,5,7899204.0,4166666.0,2.777946409923393
0,63,6,8962633.0,4166666.0,3.3264692458727936
0,63,7,1.0620521E7,4166666.0,4.063571332054875
0,63,8,1.5324182E7,4166666.0,5.655886125054833
0,63,9,1.1003458E7,4166666.0,4.217405012945672
0,63,10,9972930.0,4166666.0,3.790340819365557
0,63,11,1.0069995E7,4166666.0,3.8324056611451662
0,63,12,9350154.0,4166666.0,3.510300750979236
0,63,13,1.1073066E7,4166666.0,4.244791996944134
0,63,14,1.0000167E7,4166666.0,3.80218563856017
0,63,15,9443167.0,4166666.0,3.5532898133995294
0,63,16,9558377.0,4166666.0,3.60595467095865
0,63,17,7984665.0,4166666.0,2.8246801104662884
0,63,18,9586526.0,4166666.0,3.618725656719708
0,63,19,9799999.0,4166666.0,3.714373425754578
0,63,20,8456564.0,4166666.0,3.074052511934106
0,63,21,1.0616223E7,4166666.0,4.061813437616156
0,63,22,9653465.0,4166666.0,3.648945375245643
0,63,23,9380976.0,4166666.0,3.524593360771224
0,64,0,8616110.0,4761904.0,2.5753059908943254
0,64,1,7896168.0,4761904.0,2.1963574409244813
0,64,2,9080589.0,4761904.0,2.803333835740236
0,64,3,1.1524941E7,4761904.0,3.8385807499075204
0,64,4,9472430.0,4761904.0,2.986807688013732
0,64,5,9169372.0,4761904.0,2.845589565678192
0,64,6,9326720.0,4761904.0,2.91948303106739
0,64,7,8127080.0,4761904.0,2.3215389903078787
0,64,8,9521398.0,4761904.0,3.0092008352052906
0,64,9,9340180.0,4761904.0,2.9257461007142216
0,64,10,8558841.0,4761904.0,2.5463432266180397
0,64,11,9392813.0,4761904.0,2.950150403448506
0,64,12,1.1621351E7,4761904.0,3.874759826143804
0,64,13,9524535.0,4761904.0,3.0106314627330164
0,64,14,8066800.0,4761904.0,2.289206538436741
0,64,15,7811588.0,4761904.0,2.149586938131746
0,64,16,9161839.0,4761904.0,2.8420201991848026
0,64,17,1.0733951E7,4761904.0,3.5297897264194997
0,64,18,1.0153993E7,4761904.0,3.288562238940775
0,64,19,1.0232656E7,4761904.0,3.322077385422817
0,64,20,9348474.0,4761904.0,2.929600887334369
0,65,0,8312680.0,5555555.0,1.7501361101358606
0,65,1,1.0566259E7,5555555.0,2.791938004347104
0,65,2,9617855.0,5555555.0,2.3835077384129084
0,65,3,8180072.0,5555555.0,1.6802967482817266
0,65,4,9084110.0,5555555.0,2.13554933008654
0,65,5,1.0859249E7,5555555.0,2.910723400439907
0,65,6,9471475.0,5555555.0,2.31690165812574
0,65,7,8753449.0,5555555.0,1.9745175430187638
0,65,8,7843407.0,5555555.0,1.4977729997890588
0,65,9,1.4193951E7,5555555.0,4.073758501677448
0,65,10,1.416402E7,5555555.0,4.064590798554513
0,65,11,1.2206054E7,5555555.0,3.418478354912093
0,65,12,1.1761373E7,5555555.0,3.2573057193253945
0,65,13,9218284.0,5555555.0,2.1992263241812244
0,65,14,1.0830813E7,5555555.0,2.89933606096366
0,65,15,9583510.0,5555555.0,2.3679714888931067
0,65,16,8073195.0,5555555.0,1.6231799109435905
0,65,17,9021683.0,5555555.0,2.1056011151064706
0,66,0,1.0717878E7,6250000.0,2.3422879188261234
0,66,1,9841981.0,6250000.0,1.9720250494684175
0,66,2,8475660.0,6250000.0,1.3229350937737514
0,66,3,7959843.0,6250000.0,1.0502448445061798
0,66,4,9062978.0,6250000.0,1.6139090841845847
0,66,5,1.1379426E7,6250000.0,2.602403386236139
0,66,6,9364007.0,6250000.0,1.7558171233453088
0,66,7,9112109.0,6250000.0,1.637388888340138
0,66,8,9098230.0,6250000.0,1.6307689409779083
0,66,9,8270952.0,6250000.0,1.2167548308532403
0,66,10,7955454.0,6250000.0,1.0478495156230387
0,66,11,9704147.0,6250000.0,1.9107734932784801
0,66,12,1.0359584E7,6250000.0,2.1946229886322293
0,66,13,9497712.0,6250000.0,1.8173897894981579
0,66,14,9049929.0,6250000.0,1.6076515467558439
0,66,15,9489448.0,6250000.0,1.8136093296241416
0,67,0,8350872.0,6666666.0,0.9782312946757323
0,67,1,8579744.0,6666666.0,1.0956563216996522
0,67,2,1.0676595E7,6666666.0,2.045240712364407
0,67,3,8547313.0,6666666.0,1.079209104671879
0,67,4,1.1088612E7,6666666.0,2.209684898906815
0,67,5,1.0443827E7,6666666.0,1.949509716904575
0,67,6,9696271.0,6666666.0,1.6269604752515143
0,67,7,8090607.0,6666666.0,0.8407240838186729
0,67,8,1.0428631E7,6666666.0,1.943186034171074
0,67,9,9469100.0,6666666.0,1.5240000550021056
0,67,10,8393855.0,6666666.0,1.0005276518717126
0,67,11,9473522.0,6666666.0,1.526027704853178
0,67,12,1.011364E7,6666666.0,1.8099879313067266
0,67,13,9785923.0,6666666.0,1.6669309670011283
0,67,14,8228066.0,6666666.0,0.9138906913942297
0,68,0,7927790.0,6250000.0,1.0327212021675667
0,68,1,8715214.0,6250000.0,1.443980382302294
0,68,2,1.0814444E7,6250000.0,2.3812417874364824
0,68,3,9578613.0,6250000.0,1.8542260968267845
0,68,4,9460271.0,6250000.0,1.8002356008507958
0,68,5,9108046.0,6250000.0,1.6354519799996534
0,68,6,8095914.0,6250000.0,1.1238586882113764
0,68,7,7892732.0,6250000.0,1.0134733911678597
0,68,8,8999399.0,6250000.0,1.5833348990648535
0,68,9,1.0776582E7,6250000.0,2.366010205084824
0,68,10,9517301.0,6250000.0,1.8263378744829954
0,68,11,9822436.0,6250000.0,1.9633919041847625
0,68,12,9920373.0,6250000.0,2.0064798432586093
0,68,13,8038907.0,6250000.0,1.0931698710870954
0,68,14,8567038.0,6250000.0,1.369506759199921
0,68,15,1.0375053E7,6250000.0,2.2011030659897064
0,69,0,9141074.0,5263157.0,2.397508994961092
0,69,1,1.0820241E7,5263157.0,3.129906087331636
0,69,2,1.4107574E7,5263157.0,4.282060117832694
0,69,3,9489084.0,5263157.0,2.5597796593035014
0,69,4,1.0459191E7,5263157.0,2.9825176870005716
0,69,5,9557691.0,5263157.0,2.591066604608531
0,69,6,1.0625264E7,5263157.0,3.050934043117255
0,69,7,1.2262154E7,5263157.0,3.6732044089887457
0,69,8,9483240.0,5263157.0,2.557104165217998
0,69,9,9315952.0,5263157.0,2.4798091696962397
0,69,10,8233232.0,5263157.0,1.9432402812715266
0,69,11,8604427.0,5263157.0,2.134756291647931
0,69,12,1.0536334E7,5263157.0,3.0144320401622138
0,69,13,8864850.0,5263157.0,2.264250661892724
0,69,14,9647076.0,5263157.0,2.6314937470766155
0,69,15,1.0405997E7,5263157.0,2.9603737113787614
0,69,16,8936706.0,5263157.0,2.2993114552079117
0,69,17,9547754.0,5263157.0,2.586548955680887
0,69,18,9760274.0,5263157.0,2.682156845620613
0,70,0,8395242.0,4545454.0,2.6645595250033645
0,70,1,9469359.0,4545454.0,3.1874331466681505
0,70,2,1.0017869E7,4545454.0,3.4319808121846247
0,70,3,1.0405439E7,4545454.0,3.596831405275452
0,70,4,7776549.0,4545454.0,2.332096457680909
0,70,5,7926458.0,4545454.0,2.4150189570307425
0,70,6,9194816.0,4545454.0,3.0596577581189175
0,70,7,1.0560156E7,4545454.0,3.6609306680188953
0,70,8,9589273.0,4545454.0,3.2420841580617967
0,70,9,9036929.0,4545454.0,2.9844360313132112
0,70,10,9266083.0,4545454.0,3.0931891897094266
0,70,11,8149499.0,4545454.0,2.5355364373601015
0,70,12,7823570.0,4545454.0,2.358277056272252
0,70,13,9012922.0,4545454.0,2.9728834553113415
0,70,14,1.0719819E7,4545454.0,3.726101854617566
0,70,15,9616901.0,4545454.0,3.2545787821573695
0,70,16,1.0410042E7,4545454.0,3.5987521464130556
0,70,17,9331498.0,4545454.0,3.1237410025450094
0,70,18,8092516.0,4545454.0,2.5050629967200857
0,70,19,9603100.0,4545454.0,3.2483418426537067
0,70,20,9353124.0,4545454.0,3.1337942502474156
0,70,21,8260477.0,4545454.0,2.5942785925146277
0,71,0,9393499.0,4166666.0,3.5303870467235225
0,71,1,1.0225497E7,4166666.0,3.898957368377141
0,71,2,9639434.0,4166666.0,3.6426284532010027
0,71,3,8133466.0,4166666.0,2.9048696674378336
0,71,4,8067042.0,4166666.0,2.8692562924504674
0,71,5,8836219.0,4166666.0,3.264777822406906
0,71,6,9770591.0,4166666.0,3.7013214516069795
0,71,7,1.3612543E7,4166666.0,5.141505758364426
0,71,8,1.3997711E7,4166666.0,5.262683339237084
0,71,9,1.1295061E7,4166666.0,4.3309989190813045
0,71,10,1.1037933E7,4166666.0,4.230990647784355
0,71,11,8554770.0,4166666.0,3.124196489713947
0,71,12,1.083047E7,4166666.0,4.148586149133806
0,71,13,9946399.0,4166666.0,3.7787718817643468
0,71,14,9407263.0,4166666.0,3.5367459701723227
0,71,15,8174689.0,4166666.0,2.92682550432817
0,71,16,7818198.0,4166666.0,2.7331797617171993
0,71,17,1.0632564E7,4166666.0,4.068493167172316
0,71,18,1.1527087E7,4166666.0,4.419308821826339
0,71,19,9801621.0,4166666.0,3.7150921680332822
0,71,20,1.0517516E7,4166666.0,4.021244925681929
0,71,21,9230300.0,4166666.0,3.4542712774221984
0,71,22,7951770.0,4166666.0,2.80675121071962
0,71,23,8780883.0,4166666.0,3.2374950167721392
0,72,0,9833216.0,4000000.0,3.9063558780953187
0,72,1,9239354.0,4000000.0,3.6358161581822444
0,72,2,1.0329593E7,4000000.0,4.120232187360591
0,72,3,9816217.0,4000000.0,3.898841591306856
0,72,4,8686417.0,4000000.0,3.367806829328695
0,72,5,9653008.0,4000000.0,3.8260267478697747
0,72,6,9542965.0,4000000.0,3.7762333967345922
0,72,7,8669227.0,4000000.0,3.3592038358757854
0,72,8,9657371.0,4000000.0,3.827989243641387
0,72,9,9634798.0,4000000.0,3.8178262248395867
0,72,10,9951752.0,4000000.0,3.9583955343301764
0,72,11,7906522.0,4000000.0,2.959254923743855
0,72,12,7882151.0,4000000.0,2.945847591506974
0,72,13,9102812.0,4000000.0,3.571155820298663
0,72,14,1.1561218E7,4000000.0,4.609435990553249
0,72,15,9365713.0,4000000.0,3.694808539368004
0,72,16,9254822.0,4000000.0,3.643080789612652
0,72,17,9864107.0,4000000.0,3.919977832550014
0,72,18,8107727.0,4000000.0,3.06839125556646
0,72,19,1.0650682E7,4000000.0,4.253174267147244
0,72,20,9515184.0,4000000.0,3.7635719955172773
0,72,21,8156525.0,4000000.0,3.0944518032264834
0,72,22,9049073.0,4000000.0,3.545441004070731
0,72,23,1.0750637E7,4000000.0,4.293742066342539
0,72,24,9499550.0,4000000.0,3.7564304162976243
0,73,0,8593802.0,4166666.0,3.143966545775636
0,73,1,7867373.0,4166666.0,2.7604105219048476
0,73,2,8785317.0,4166666.0,3.2396874793123094
0,73,3,9794480.0,4166666.0,3.7119269495721725
0,73,4,9771302.0,4166666.0,3.7016374735775925
0,73,5,1.0149324E7,4166666.0,3.8664842804434847
0,73,6,9178528.0,4166666.0,3.4298434831099716
0,73,7,8506278.0,4166666.0,3.099508833097512
0,73,8,7889705.0,4166666.0,2.772720762247132
0,73,9,1.0689726E7,4166666.0,4.091778846756924
0,73,10,1.0351709E7,4166666.0,3.952233661123641
0,73,11,9614824.0,4166666.0,3.6315265005628588
0,73,12,1.0221134E7,4166666.0,3.897103931639028
0,73,13,9674967.0,4166666.0,3.6586080357263957
0,73,14,7846410.0,4166666.0,2.748823088598698
0,73,15,9834888.0,4166666.0,3.729807297236384
0,73,16,1.4925927E7,4166666.0,5.5415262443281
0,73,17,1.0137655E7,4166666.0,3.8614881862806
0,73,18,1.0947334E7,4166666.0,4.1951967968444155
0,73,19,1.0581927E7,4166666.0,4.0477607240095335
0,73,20,9057737.0,4166666.0,3.372310175758107
0,73,21,1.2184316E7,4166666.0,4.660124650917711
0,73,22,8405005.0,4166666.0,3.047492873289792
0,73,23,1.1177956E7,4166666.0,4.285737069603815
0,74,0,9910021.0,4761904.0,3.182939390064643
0,74,1,9512604.0,4761904.0,3.005187821078674
0,74,2,8303824.0,4761904.0,2.414974999278764
0,74,3,7900733.0,4761904.0,2.198867495732163
0,74,4,1.0463154E7,4761904.0,3.418819816705656
0,74,5,9395575.0,4761904.0,2.9514272786840583
0,74,6,1.117706E7,4761904.0,3.705469465112132
0,74,7,1.0353112E7,4761904.0,3.3729027645675154
0,74,8,9857669.0,4761904.0,3.159935955801286
0,74,9,7896778.0,4761904.0,2.1966929320153676
0,74,10,9414333.0,4761904.0,2.9600892015303315
0,74,11,1.1379374E7,4761904.0,3.7833773561018926
0,74,12,8959787.0,4761904.0,2.745170495724318
0,74,13,9454658.0,4761904.0,2.9786518810552542
0,74,14,9933094.0,4761904.0,3.1930390957781594
0,74,15,8950402.0,4761904.0,2.740619059571734
0,74,16,9634866.0,4761904.0,3.0606504316422525
0,74,17,9591350.0,4761904.0,3.0409910343418822
0,74,18,1.0388772E7,4761904.0,3.3878357923321634
0,74,19,9644981.0,4761904.0,3.0652074066924135
0,74,20,8924039.0,4761904.0,2.727808237987524
0,75,0,9633557.0,5555555.0,2.390592198988603
0,75,1,8021534.0,5555555.0,1.595299771697852
0,75,2,7898219.0,5555555.0,1.5280172011774928
0,75,3,8972749.0,5555555.0,2.081980676779625
0,75,4,1.0879366E7,5555555.0,2.918761359239404
0,75,5,9543898.0,5555555.0,2.3499833771622063
0,75,6,1.0215366E7,5555555.0,2.645264798470721
0,75,7,9131153.0,5555555.0,2.157981683366864
0,75,8,8242588.0,5555555.0,1.7133614101284174
0,75,9,1.0298031E7,5555555.0,2.6802674337575665
0,75,10,9407540.0,5555555.0,2.28748622109016
0,75,11,8360791.0,5555555.0,1.775199157665608
0,75,12,9508181.0,5555555.0,2.3336998900087074
0,75,13,9113037.0,5555555.0,2.149356820964098
0,75,14,9677421.0,5555555.0,2.4103218324820186
0,75,15,8423962.0,5555555.0,1.8078894763759221
0,75,16,1.5883694E7,5555555.0,4.562240603046345
0,75,17,1.6098235E7,5555555.0,4.6205081141057285
0,76,0,1.1433581E7,6250000.0,2.6230225548064157
0,76,1,1.0492139E7,6250000.0,2.249840181515484
0,76,2,8858116.0,6250000.0,1.514613458738045
0,76,3,9395893.0,6250000.0,1.770580450639452
0,76,4,9359557.0,6250000.0,1.7537527615807877
0,76,5,8345558.0,6250000.0,1.2557536240326772
0,76,6,9366607.0,6250000.0,1.7570228133031507
0,76,7,1.1145496E7,6250000.0,2.5121938299751405
0,76,8,9780088.0,6250000.0,1.9446274518815478
0,76,9,7901549.0,6250000.0,1.0183222030190677
0,76,10,7873296.0,6250000.0,1.0027656189549863
0,76,11,8852388.0,6250000.0,1.5118042344730773
0,76,12,9503630.0,6250000.0,1.820095024556826
0,76,13,9368270.0,6250000.0,1.7577938156698079
0,76,14,1.1156208E7,6250000.0,2.5163658545414362
0,76,15,9567356.0,6250000.0,1.8491191695710973
0,77,0,8326131.0,6666666.0,0.9653454210453838
0,77,1,9614461.0,6666666.0,1.5901624459190487
0,77,2,9502892.0,6666666.0,1.539470960378879
0,77,3,8309281.0,6666666.0,0.956547485024688
0,77,4,9010971.0,6666666.0,1.3086289448755075
0,77,5,9438707.0,6666666.0,1.5100380724655185
0,77,6,9379608.0,6666666.0,1.4827599086480046
0,77,7,8805618.0,6666666.0,1.2085114371645904
0,77,8,7875380.0,6666666.0,0.7236282087331309
0,77,9,8674233.0,6666666.0,1.1432238611009773
0,77,10,1.156811E7,6666666.0,2.3935371211797634
0,77,11,9902486.0,6666666.0,1.718355395622655
0,77,12,1.0773137E7,6666666.0,2.0843348520896092
0,77,13,8877095.0,6666666.0,1.2436217007918338
0,77,14,8079252.0,6666666.0,0.8346245690948623
0,78,0,1.0118645E7,5882352.0,2.3557135036299908
0,78,1,1.0309648E7,5882352.0,2.4369282838292556
0,78,2,9015755.0,5882352.0,1.8545109226261114
0,78,3,1.0236439E7,5882352.0,2.4059789363635486
0,78,4,1.0079867E7,5882352.0,2.3390379266268484
0,78,5,8611654.0,5882352.0,1.6553556323498386
0,78,6,8564521.0,5882352.0,1.6315206944841634
0,78,7,1.0064523E7,5882352.0,2.3324218753896755
0,78,8,9281446.0,5882352.0,1.9806463312946898
0,78,9,1.078083E7,5882352.0,2.631011886867858
0,78,10,9067023.0,5882352.0,1.87913708256342
0,78,11,9590666.0,5882352.0,2.1229775758579263
0,78,12,7896070.0,5882352.0,1.278599806382965
0,78,13,7882582.0,5882352.0,1.2711748813656425
0,78,14,9166325.0,5882352.0,1.9264424233453614
0,78,15,1.0794112E7,5882352.0,2.6363591086933886
0,78,16,9660642.0,5882352.0,2.1545497937123708
0,79,0,9321628.0,5263157.0,2.482454422519292
0,79,1,9344067.0,5263157.0,2.492896185950963
0,79,2,8572377.0,5263157.0,2.1185493717827724
0,79,3,9774307.0,5263157.0,2.6883965039095714
0,79,4,9496785.0,5263157.0,2.563302808007999
0,79,5,9173769.0,5263157.0,2.413014749686159
0,79,6,1.0899185E7,5263157.0,3.1614769903214968
0,79,7,9295226.0,5263157.0,2.4701362826248814
0,79,8,1.3689262E7,5263157.0,4.151337103553855
0,79,9,1.0783972E7,5263157.0,3.115324263534742
0,79,10,9763763.0,5263157.0,2.6837090384007127
0,79,11,1.0610315E7,5263157.0,3.044819522498432
0,79,12,1.2000745E7,5263157.0,3.579618824426821
0,79,13,9850480.0,5263157.0,2.722110683538304
0,79,14,9183168.0,5263157.0,2.417462043035929
0,79,15,7879950.0,5263157.0,1.7527713658806323
0,79,16,9651238.0,5263157.0,2.633367002596973
0,79,17,9811372.0,5263157.0,2.7048341716446966
0,79,18,9875449.0,5263157.0,2.7331052528791497
0,80,0,1.0429947E7,4545454.0,3.607048344929349
0,80,1,1.0419124E7,4545454.0,3.6025393962094254
0,80,2,8862228.0,4545454.0,2.8996565194256507
0,80,3,9450106.0,4545454.0,3.1785941287082036
0,80,4,1.1751699E7,4545454.0,4.125233921396623
0,80,5,8964350.0,4545454.0,2.949415375276188
0,80,6,1.1084005E7,4545454.0,3.871194459582357
0,80,7,9537496.0,4545454.0,3.2185710175859237
0,80,8,8556214.0,4545454.0,2.7470437113914903
0,80,9,9820077.0,4545454.0,3.3453762607520976
0,80,10,1.0090929E7,4545454.0,3.463538834164094
0,80,11,1.1232766E7,4545454.0,3.9290944473092977
0,80,12,1.08483E7,4545454.0,3.777844196507133
0,80,13,9460208.0,4545454.0,3.1832341820394436
0,80,14,8378859.0,4545454.0,2.6560761508310033
0,80,15,9821697.0,4545454.0,3.3460926492639285
0,80,16,1.2439794E7,4545454.0,4.37235921539612
0,80,17,9277460.0,4545454.0,3.098518234909224
0,80,18,9714623.0,4545454.0,3.2984868432763657
0,80,19,9559981.0,4545454.0,3.228797620752209
0,80,20,8685646.0,4545454.0,2.8122485782795974
0,80,21,9395410.0,4545454.0,3.1533846967344092
0,81,0,9912017.0,4000000.0,3.941020468947522
0,81,1,1.0098582E7,4000000.0,4.022004049487988
0,81,2,9348431.0,4000000.0,3.686787355636796
0,81,3,1.036906E7,4000000.0,4.13679396178085
0,81,4,8752453.0,4000000.0,3.4006979598737637
0,81,5,9597352.0,4000000.0,3.800914322925389
0,81,6,9501364.0,4000000.0,3.757259650294017
0,81,7,8360023.0,4000000.0,3.2014748093872663
0,81,8,9212084.0,4000000.0,3.622978980782298
0,81,9,1.0884316E7,4000000.0,4.347411506610594
0,81,10,9664309.0,4000000.0,3.8311081600554324
0,81,11,1.1997703E7,4000000.0,4.770381155602205
0,81,12,1.0506194E7,4000000.0,4.1938542459007015
0,81,13,9308262.0,4000000.0,3.6680860756185734
0,81,14,9919473.0,4000000.0,3.9442860831899624
0,81,15,9549196.0,4000000.0,3.779068161235916
0,81,16,1.0423959E7,4000000.0,4.159727031926849
0,81,17,9023354.0,4000000.0,3.533080044117269
0,81,18,9940804.0,4000000.0,3.953615196933688
0,81,19,9704502.0,4000000.0,3.84913262543641
0,81,20,1.0612308E7,4000000.0,4.2374985465244945
0,81,21,9901318.0,4000000.0,3.9363301761588443
0,81,22,8892754.0,4000000.0,3.4697628727801497
0,81,23,9509903.0,4000000.0,3.7611609587447914
0,81,24,7985398.0,4000000.0,3.002365753451918
0,82,0,9504222.0,4000000.0,3.7585658069562062
0,82,1,9622972.0,4000000.0,3.8124923079960586
0,82,2,1.0067116E7,4000000.0,4.008450815418589
0,82,3,9576663.0,4000000.0,3.7915421366377218
0,82,4,8995309.0,4000000.0,3.5195609516294244
0,82,5,9774823.0,4000000.0,3.8804891071751078
0,82,6,7952440.0,4000000.0,2.98440409775272
0,82,7,7964890.0,4000000.0,2.991197909783165
0,82,8,9186014.0,4000000.0,3.6106711164356926
0,82,9,1.1049133E7,4000000.0,4.41268209943097
0,82,10,9447739.0,4000000.0,3.732678957726846
0,82,11,8861144.0,4000000.0,3.454298028857945
0,82,12,9467836.0,4000000.0,3.7419073523031896
0,82,13,8093197.0,4000000.0,3.0606012054261384
0,82,14,7915280.0,4000000.0,2.964062911431966
0,82,15,9054923.0,4000000.0,3.5482477024455656
0,82,16,1.0394931E7,4000000.0,4.147616195671632
0,82,17,9639168.0,4000000.0,3.8197955827998924
0,82,18,1.0334464E7,4000000.0,4.122279654090414
0,82,19,9309623.0,4000000.0,3.6687210293643115
0,82,20,8061823.0,4000000.0,3.0437326751423184
0,82,21,9584555.0,4000000.0,3.7951196255478643
0,82,22,9297839.0,4000000.0,3.6632203040543008
0,82,23,8377946.0,4000000.0,3.2107756546381716
0,82,24,1.1238612E7,4000000.0,4.486526866343381
0,83,0,9926429.0,4166666.0,3.7700435178667635
0,83,1,9599185.0,4166666.0,3.6244567288120937
0,83,2,8063162.0,4166666.0,2.8671669665841804
0,83,3,7978535.0,4166666.0,2.8213446572928316
0,83,4,1.2139898E7,4166666.0,4.64426348990418
0,83,5,1.0274557E7,4166666.0,3.9197441701661253
0,83,6,9695907.0,4166666.0,3.6679975242888965
0,83,7,9104112.0,4166666.0,3.3944890303122484
0,83,8,9538832.0,4166666.0,3.597065111638779
0,83,9,7991894.0,4166666.0,2.828610262164077
0,83,10,7948442.0,4166666.0,2.804933207215164
0,83,11,9259152.0,4166666.0,3.467825248153616
0,83,12,1.0855336E7,4166666.0,4.158545817056626
0,83,13,9439980.0,4166666.0,3.551823853803952
0,83,14,9018958.0,4166666.0,3.3536767568182224
0,83,15,1.0014175E7,4166666.0,3.808264877233982
0,83,16,7968654.0,4166666.0,2.8159628131009247
0,83,17,9830553.0,4166666.0,3.7278926016955665
0,83,18,9341934.0,4166666.0,3.506481059063203
0,83,19,1.0582723E7,4166666.0,4.048087399298525
0,83,20,1.3975242E7,4166666.0,5.2557064821190504
0,83,21,1.2135752E7,4166666.0,4.642780040489249
0,83,22,9217397.0,4166666.0,3.448196044710172
0,83,23,7956037.0,4166666.0,2.8090810536687143
0,84,0,9022080.0,5000000.0,2.5633666939048267
0,84,1,1.2371451E7,5000000.0,3.934506350131663
0,84,2,9666699.0,5000000.0,2.8630819148100906
0,84,3,9128653.0,5000000.0,2.614366945755926
0,84,4,8862492.0,5000000.0,2.485858518260578
0,84,5,8098540.0,5000000.0,2.0943672724694924
0,84,6,9527804.0,5000000.0,2.800228101972684
0,84,7,9309967.0,5000000.0,2.6997813725291753
0,84,8,8367456.0,5000000.0,2.2362343297614484
0,84,9,9387694.0,5000000.0,2.735889206172364
0,84,10,1.1147096E7,5000000.0,3.4819173699958665
0,84,11,1.0202359E7,5000000.0,3.0973059705635233
0,84,12,8220084.0,5000000.0,2.1590625122715608
0,84,13,9626183.0,5000000.0,2.8448410930437964
0,84,14,1.0274696E7,5000000.0,3.1279897682273377
0,84,15,9141877.0,5000000.0,2.620653694122361
0,84,16,9870291.0,5000000.0,2.953599525718374
0,84,17,1.1116589E7,5000000.0,3.470015449849594
0,84,18,1.0501455E7,5000000.0,3.222794713714122
0,84,19,7952575.0,5000000.0,2.0153776925382543
0,85,0,1.0583179E7,5882352.0,2.5506513255132655
0,85,1,9455976.0,5882352.0,2.0615535213091927
0,85,2,8224825.0,5882352.0,1.4557565708098033
0,85,3,9172897.0,5882352.0,1.9295550782412416
0,85,4,1.0690921E7,5882352.0,2.5946411122743953
0,85,5,9747889.0,5882352.0,2.1935956605986857
0,85,6,8649500.0,5882352.0,1.6743999387736397
0,85,7,7950593.0,5882352.0,1.3084851285812649
0,85,8,9191031.0,5882352.0,1.9381322178321547
0,85,9,1.1798997E7,5882352.0,3.0229408157158244
0,85,10,1.0147581E7,5882352.0,2.3681151749306752
0,85,11,1.0240341E7,5882352.0,2.4076340960995015
0,85,12,9298590.0,5882352.0,1.9886608978012175
0,85,13,7881372.0,5882352.0,1.2705081751266691
0,85,14,1.056825E7,5882352.0,2.54452069160008
0,85,15,9422050.0,5882352.0,2.0459439544458853
0,85,16,8263294.0,5882352.0,1.4760219567390929
0,86,0,9240727.0,6666666.0,1.417974425004926
0,86,1,1.0746698E7,6666666.0,2.073663471398927
0,86,2,9627274.0,6666666.0,1.5959463484820033
0,86,3,8486568.0,6666666.0,1.0482339791130992
0,86,4,1.2742808E7,6666666.0,2.813564419861251
0,86,5,1.7660031E7,6666666.0,4.230827640775943
0,86,6,1.0662669E7,6666666.0,2.0395723014824103
0,86,7,9821019.0,6666666.0,1.6824785372601472
0,86,8,1.0495515E7,6666666.0,1.970950561392069
0,86,9,9351591.0,6666666.0,1.4697680680579237
0,86,10,8117017.0,6666666.0,0.8548775802454968
0,86,11,9534799.0,6666666.0,1.554028447427768
0,86,12,9852722.0,6666666.0,1.6964753158874935
0,86,13,1.1164642E7,6666666.0,2.239361042394557
0,86,14,9577079.0,6666666.0,1.5732437235501893
0,87,0,9232458.0,6666666.0,1.4140864313419952
0,87,1,9248995.0,6666666.0,1.421858471520833
0,87,2,8307258.0,6666666.0,0.9554900112135273
0,87,3,7868786.0,6666666.0,0.7199903685565039
0,87,4,9100600.0,6666666.0,1.3516132866326687
0,87,5,1.0506482E7,6666666.0,1.9754862329436373
0,87,6,9548607.0,6666666.0,1.5603132157260804
0,87,7,1.0332821E7,6666666.0,1.9031020846532132
0,87,8,9467124.0,6666666.0,1.5230936801098824
0,87,9,7984995.0,6666666.0,0.7836595101560215
0,87,10,9791445.0,6666666.0,1.6693809124612822
0,87,11,9500438.0,6666666.0,1.5383493057378086
0,87,12,1.0460607E7,6666666.0,1.9564818865136726
0,87,13,9540491.0,6666666.0,1.556620286675678
0,87,14,1.0053125E7,6666666.0,1.7839238506719546
0,88,0,9869160.0,5882352.0,2.2472918072962327
0,88,1,7901070.0,5882352.0,1.2813490033667596
0,88,2,1.0014526E7,5882352.0,2.310793892822062
0,88,3,9322049.0,5882352.0,1.9996037227398709
0,88,4,1.036542E7,5882352.0,2.4603589497852862
0,88,5,9863620.0,5882352.0,2.244853234025808
0,88,6,9688964.0,5882352.0,2.167263331239119
0,88,7,9637944.0,5882352.0,2.1443338942722026
0,88,8,7926759.0,5882352.0,1.295446452539259
0,88,9,9569562.0,5882352.0,2.1134105138662616
0,88,10,9761806.0,5882352.0,2.199791633759543
0,88,11,1.0060916E7,5882352.0,2.330865138949792
0,88,12,9839300.0,5882352.0,2.2341319326512514
0,88,13,9082054.0,5882352.0,1.8863307066248522
0,88,14,1.0155897E7,5882352.0,2.371672785221353
0,88,15,7983094.0,5882352.0,1.3262023393338525
0,88,16,9696330.0,5882352.0,2.170563784982726
0,89,0,9403009.0,5000000.0,2.7429684745351235
0,89,1,9998993.0,5000000.0,3.0098626000752633
0,89,2,9988052.0,5000000.0,3.005107903819649
0,89,3,8759765.0,5000000.0,2.435224510818089
0,89,4,1.1605228E7,5000000.0,3.656836728272393
0,89,5,8016227.0,5000000.0,2.0500000252192434
0,89,6,1.0610421E7,5000000.0,3.267626118320055
0,89,7,9373634.0,5000000.0,2.7293798785185004
0,89,8,1.0614662E7,5000000.0,3.269361652567212
0,89,9,1.0745504E7,5000000.0,3.3225678582979548
0,89,10,9495588.0,5000000.0,2.78551858602067
0,89,11,9260079.0,5000000.0,2.6764468743422216
0,89,12,7953980.0,5000000.0,2.0161449029727714
0,89,13,1.0776596E7,5000000.0,3.3351159771386945
0,89,14,1.3070835E7,5000000.0,4.173333280271626
0,89,15,1.34072E7,5000000.0,4.283680836185179
0,89,16,9387822.0,5000000.0,2.7359484212625746
0,89,17,1.1325314E7,5000000.0,3.5508024754769023
0,89,18,9959349.0,5000000.0,2.9926094704472788
0,89,19,8488124.0,5000000.0,2.298417110580192
0,90,0,8962965.0,4347826.0,3.141795452282067
0,90,1,1.017391E7,4347826.0,3.6921573617886043
0,90,2,1.0047717E7,4347826.0,3.637952391032502
0,90,3,1.0415268E7,4347826.0,3.793982941599485
0,90,4,9573735.0,4347826.0,3.4280924678919695
0,90,5,8266619.0,4347826.0,2.7905576660479596
0,90,6,9769662.0,4347826.0,3.5160738344025773
0,90,7,9812548.0,4347826.0,3.535096388984878
0,90,8,1.0537684E7,4347826.0,3.8447301568024383
0,90,9,9770180.0,4347826.0,3.516304096798433
0,90,10,9817782.0,4347826.0,3.537412292357004
0,90,11,1.0407777E7,4347826.0,3.7908582303919927
0,90,12,7984938.0,4347826.0,2.6399939305996134
0,90,13,9484171.0,4347826.0,3.387272204279067
0,90,14,1.2109802E7,4347826.0,4.448648870199122
0,90,15,8749597.0,4347826.0,3.0371589490216078
0,90,16,9489603.0,4347826.0,3.389758886886492
0,90,17,9891658.0,4347826.0,3.569969370995315
0,90,18,8709350.0,4347826.0,3.0171358846579306
0,90,19,9408866.0,4347826.0,3.352651281073742
0,90,20,9348022.0,4347826.0,3.324475705104668
0,90,21,8502999.0,4347826.0,2.9129997270458774
0,90,22,9617330.0,4347826.0,3.4478236297690854
0,91,0,1.1774184E7,4000000.0,4.688708270991197
0,91,1,9854057.0,4000000.0,3.91555078759687
0,91,2,8058913.0,4000000.0,3.042164760431643
0,91,3,7895016.0,4000000.0,2.9529302315627075
0,91,4,9271012.0,4000000.0,3.650671518809507
0,91,5,1.0912582E7,4000000.0,4.358675288004373
0,91,6,9525605.0,4000000.0,3.768325772524934
0,91,7,9157881.0,4000000.0,3.597350045595969
0,91,8,1.0805648E7,4000000.0,4.3159082472108325
0,91,9,8272203.0,4000000.0,3.1556119214652667
0,91,10,1.0590476E7,4000000.0,4.228554890370863
0,91,11,9555524.0,4000000.0,3.7819451629213496
0,91,12,8192400.0,4000000.0,3.1135115757133978
0,91,13,9287509.0,4000000.0,3.6583925629110734
0,91,14,1.0596101E7,4000000.0,4.230860979285657
0,91,15,1.1273576E7,4000000.0,4.50001705616819
0,91,16,1.2877436E7,4000000.0,5.077694088153425
0,91,17,1.3924017E7,4000000.0,5.4170455351997395
0,91,18,1.3218303E7,4000000.0,5.191157115491474
0,91,19,9915454.0,4000000.0,3.9425261275857344
0,91,20,9566117.0,4000000.0,3.786756969520397
0,91,21,8934026.0,4000000.0,3.4898722070310013
0,91,22,8221110.0,4000000.0,3.1287046785801644
0,91,23,9660705.0,4000000.0,3.8294882933573544
0,91,24,1.0144229E7,4000000.0,4.041590532627112
0,92,0,1.034435E7,4000000.0,4.126432151013294
0,92,1,9607014.0,4000000.0,3.8052843225788004
0,92,2,9964832.0,4000000.0,3.9640998987332114
0,92,3,8879508.0,4000000.0,3.463289115221891
0,92,4,9868862.0,4000000.0,3.9220708478498594
0,92,5,1.1526776E7,4000000.0,4.596478622631675
0,92,6,9030608.0,4000000.0,3.5365699953437737
0,92,7,9617279.0,4000000.0,3.809922239073746
0,92,8,9905901.0,4000000.0,3.9383399198246085
0,92,9,8969225.0,4000000.0,3.506949274391685
0,92,10,8542488.0,4000000.0,3.2952438607114436
0,92,11,9905572.0,4000000.0,3.9381956772591415
0,92,12,8747869.0,4000000.0,3.398422794936141
0,92,13,9386210.0,4000000.0,3.704302752351693
0,92,14,9515198.0,4000000.0,3.76357838542868
0,92,15,8997678.0,4000000.0,3.520704556783559
0,92,16,7825993.0,4000000.0,2.9147946377992247
0,92,17,9123995.0,4000000.0,3.5812504728092254
0,92,18,1.0744056E7,4000000.0,4.291082719614759
0,92,19,9422187.0,4000000.0,3.720917280034821
0,92,20,9882857.0,4000000.0,3.9282252005837712
0,92,21,9665119.0,4000000.0,3.8314721424045723
0,92,22,7989416.0,4000000.0,3.0045504364974733
0,92,23,8509518.0,4000000.0,3.278449699471488
0,92,24,1.0233706E7,4000000.0,4.079729448168587
0,93,0,1.0918565E7,4347826.0,3.998934085728071
0,93,1,1.0021787E7,4347826.0,3.6267301284575453
0,93,2,1.0562506E7,4347826.0,3.8549481336098532
0,93,3,9235724.0,4347826.0,3.2719879070392537
0,93,4,8031283.0,4347826.0,2.665127742052629
0,93,5,1.0600258E7,4347826.0,3.87044280403418
0,93,6,1.0181801E7,4347826.0,3.695524493428826
0,93,7,8013946.0,4347826.0,2.65574256423693
0,93,8,1.0691464E7,4347826.0,3.907650226520599
0,93,9,9605830.0,4347826.0,3.442627411106081
0,93,10,9122448.0,4347826.0,3.2183924117125384
0,93,11,8712079.0,4347826.0,3.0184964959497
0,93,12,7859324.0,4347826.0,2.5711303760099358
0,93,13,9051457.0,4347826.0,3.18446337293172
0,93,14,1.0566932E7,4347826.0,3.8567675737719793
0,93,15,9865141.0,4347826.0,3.558311415987716
0,93,16,1.0284916E7,4347826.0,3.7392859373515357
0,93,17,9650594.0,4347826.0,3.4628188996260705
0,93,18,8068864.0,4347826.0,2.685402402360466
0,93,19,1.0633676E7,4347826.0,3.8841126826149948
0,93,20,9488323.0,4347826.0,3.3891730515979788
0,93,21,8133660.0,4347826.0,2.720138589473626
0,93,22,9045235.0,4347826.0,3.181476992467402
0,94,0,1.5014315E7,5000000.0,4.775355187786513
0,94,1,1.0100359E7,5000000.0,3.0536680597614483
0,94,2,1.0282975E7,5000000.0,3.131487756117168
0,94,3,8795907.0,5000000.0,2.4531062453823456
0,94,4,1.1069423E7,5000000.0,3.4515497928462233
0,94,5,1.0988155E7,5000000.0,3.4195477265658196
0,94,6,1.0803543E7,5000000.0,3.3459620050409282
0,94,7,8676489.0,5000000.0,2.3937401618652365
0,94,8,8198193.0,5000000.0,2.1474813382699374
0,94,9,8966255.0,5000000.0,2.536410816903053
0,94,10,1.0092348E7,5000000.0,3.0502221292311265
0,94,11,1.012644E7,5000000.0,3.0648678948514685
0,94,12,9841635.0,5000000.0,2.940972498364027
0,94,13,1.0718276E7,5000000.0,3.311549317764727
0,94,14,8773006.0,5000000.0,2.4417842204363156
0,94,15,1.0202162E7,5000000.0,3.0972221107042905
0,94,16,9723574.0,5000000.0,2.888559193542056
0,94,17,9367287.0,5000000.0,2.72643822246859
0,94,18,1.0219002E7,5000000.0,3.104384798132918
0,94,19,1.080998E7,5000000.0,3.3485488611149377
0,95,0,9304281.0,5882352.0,1.9913180897729448
0,95,1,9772286.0,5882352.0,2.2044515960521576
0,95,2,9990379.0,5882352.0,2.300309550159508
0,95,3,8772278.0,5882352.0,1.7356137720340308
0,95,4,9886073.0,5882352.0,2.2547280388678894
0,95,5,9062962.0,5882352.0,1.8771914991329808
0,95,6,9261894.0,5882352.0,1.9714879716281857
0,95,7,9337378.0,5882352.0,2.0067393133566
0,95,8,9271810.0,5882352.0,1.9761351425266358
0,95,9,8466245.0,5882352.0,1.5813982299399696
0,95,10,9442937.0,5882352.0,2.0555608309909235
0,95,11,1.1368638E7,5882352.0,2.861574287707832
0,95,12,9637000.0,5882352.0,2.1439084984928476
0,95,13,7992399.0,5882352.0,1.3312614766150572
0,95,14,7857232.0,5882352.0,1.2571856758573658
0,95,15,9043007.0,5882352.0,1.867618578848723
0,95,16,1.0747062E7,5882352.0,2.6173874520254254
0,96,0,9441607.0,6666666.0,1.5113722176576203
0,96,1,9435797.0,6666666.0,1.5086989146764158
0,96,2,9829747.0,6666666.0,1.6863364250262622
0,96,3,8350813.0,6666666.0,0.9782006110956833
0,96,4,9446599.0,6666666.0,1.513667828055071
0,96,5,9379884.0,6666666.0,1.4828877002502652
0,96,6,1.0009618E7,6666666.0,1.7650880617247204
0,96,7,9618226.0,6666666.0,1.591862799848016
0,96,8,1.2521985E7,6666666.0,2.737644816961578
0,96,9,1.0593986E7,6666666.0,2.0115069716298457
0,96,10,8925864.0,6666666.0,1.2674156785996435
0,96,11,1.0558886E7,6666666.0,1.9970940348846802
0,96,12,1.2411752E7,6666666.0,2.699243918185024
0,96,13,9739030.0,6666666.0,1.6460700611676362
0,96,14,9363440.0,6666666.0,1.4752673440181479
0,97,0,9313252.0,6666666.0,1.4519265683367175
0,97,1,8200217.0,6666666.0,0.8991664763172803
0,97,2,8699178.0,6666666.0,1.1556951982445243
0,97,3,9595530.0,6666666.0,1.5816027006298077
0,97,4,9010088.0,6666666.0,1.3082033516539024
0,97,5,9868825.0,6666666.0,1.703567503530044
0,97,6,8744875.0,6666666.0,1.1784490850128764
0,97,7,9679755.0,6666666.0,1.6195566769697531
0,97,8,7965774.0,6666666.0,0.7731928319951158
0,97,9,8980474.0,6666666.0,1.2939056233190995
0,97,10,9593491.0,6666666.0,1.5806797494777571
0,97,11,1.0996327E7,6666666.0,2.1733894855143405
0,97,12,9000638.0,6666666.0,1.3036459748656493
0,97,13,9455233.0,6666666.0,1.517635378732215
0,97,14,8110663.0,6666666.0,0.8514765922064957
0,98,0,7823081.0,5882352.0,1.2382681780973652
0,98,1,9189739.0,5882352.0,1.9375216792404168
0,98,2,1.0664887E7,5882352.0,2.5840524910031033
0,98,3,9644682.0,5882352.0,2.1473690372430476
0,98,4,1.0635621E7,5882352.0,2.572118437312704
0,98,5,9231821.0,5882352.0,1.9573636602433275
0,98,6,8128916.0,5882352.0,1.4048162666780573
0,98,7,9454541.0,5882352.0,2.060894403863882
0,98,8,9643914.0,5882352.0,2.1470231974916447
0,98,9,1.034663E7,5882352.0,2.4524790967010475
0,98,10,9946394.0,5882352.0,2.281146495256034
0,98,11,8844666.0,5882352.0,1.7713042821337075
0,98,12,9427621.0,5882352.0,2.048511059865528
0,98,13,8013698.0,5882352.0,1.342819626774682
0,98,14,9656443.0,5882352.0,2.152661721512829
0,98,15,9547248.0,5882352.0,2.1032719484148856
0,98,16,1.0403081E7,5882352.0,2.476109708504798
0,99,0,9510652.0,5000000.0,2.7924028655470776
0,99,1,8930125.0,5000000.0,2.518875336600634
0,99,2,9464312.0,5000000.0,2.7711904444836155
0,99,3,7971563.0,5000000.0,2.025734783805224
0,99,4,1.2273747E7,5000000.0,3.90007162547664
0,99,5,9611580.0,5000000.0,2.838247807184805
0,99,6,1.0279669E7,5000000.0,3.130091264917356
0,99,7,1.0407152E7,5000000.0,3.1836189329086895
0,99,8,8955200.0,5000000.0,2.5310528522663582
0,99,9,1.0052993E7,5000000.0,3.0332537581541046
0,99,10,8240207.0,5000000.0,2.1696811729175005
0,99,11,9928338.0,5000000.0,2.9790654951285083
0,99,12,9837708.0,5000000.0,2.93923923475551
0,99,13,8188443.0,5000000.0,2.142313258990892
0,99,14,1.1186411E7,5000000.0,3.4972076736575635
0,99,15,9394423.0,5000000.0,2.7390010680500856
0,99,16,9194023.0,5000000.0,2.645355815216688
0,99,17,8570884.0,5000000.0,2.340556129807358
0,99,18,7857718.0,5000000.0,1.9632643433657329
0,99,19,9192674.0,5000000.0,2.644718546590203
