 Number of tacts (im units) = 1
 Number of massive (im units) = 100
 Trajectory File: sinus.txt
 Coef Load Impact: 10
 Command Line: curl 192.168.222.51:9000 > /dev/null 2>&1
cycle , cPeriod , count , procDur , procTime , spb
0,0,0,3.271628E7,5000000.0,8.157939120777352
0,0,1,1.4482609E7,5000000.0,4.618768014641377
0,0,2,1.0352866E7,5000000.0,3.1609058851824905
0,0,3,7960188.0,5000000.0,2.0195332048688086
0,0,4,7863993.0,5000000.0,1.9667311390836482
0,0,5,8311781.0,5000000.0,2.207240875104412
0,0,6,1.018829359E9,5000000.0,23.091314469417988
0,0,7,1.055833461E9,5000000.0,23.2462541701275
0,0,8,1.049473153E9,5000000.0,23.220013288605447
0,0,9,1.028216751E9,5000000.0,23.131146704795785
0,0,10,1.055325555E9,5000000.0,23.244164504917922
0,0,11,1.054822502E9,5000000.0,23.242093814708113
0,0,12,1.054131624E9,5000000.0,23.23924838047033
0,0,13,1.055108853E9,5000000.0,23.243272627086597
0,0,14,1.055017246E9,5000000.0,23.24289554616572
0,0,15,1.02213522E9,5000000.0,23.10538348816136
0,0,16,1.026411885E9,5000000.0,23.123516678305744
0,0,17,1.054972415E9,5000000.0,23.24271099686407
0,0,18,1.056113138E9,5000000.0,23.247404409234708
0,0,19,1.055528692E9,5000000.0,23.2450003871544
0,1,0,1.055895697E9,4347826.0,23.85348864743524
0,1,1,1.05562554E9,4347826.0,23.852377337798075
0,1,2,1.023819596E9,4347826.0,23.719512824330657
0,1,3,1.023099315E9,4347826.0,23.71645638594465
0,1,4,1.055237573E9,4347826.0,23.8507809109325
0,1,5,1.052167279E9,4347826.0,23.83812636395088
0,1,6,1.5504617E7,4347826.0,5.5218888732836096
0,1,7,1.044593685E9,4347826.0,23.80675240722988
0,1,8,1.056584385E9,4347826.0,23.85632032770809
0,1,9,1.053921835E9,4347826.0,23.845362469585805
0,1,10,1.055510251E9,4347826.0,23.851903001881006
0,1,11,1.056213377E9,4347826.0,23.854795082540793
0,1,12,1.05667547E9,4347826.0,23.856694703938395
0,1,13,1.054493948E9,4347826.0,23.847719362633434
0,1,14,1.054971829E9,4347826.0,23.84968707490561
0,1,15,1.056507152E9,4347826.0,23.856002860479162
0,1,16,1.022951692E9,4347826.0,23.715829697223853
0,1,17,1.02544076E9,4347826.0,23.726384208186534
0,1,18,1.054139396E9,4347826.0,23.846258890816113
0,1,19,1.055562376E9,4347826.0,23.852117467263056
0,1,20,1.056268868E9,4347826.0,23.855023244790754
0,1,21,1.054932319E9,4347826.0,23.84952442320413
0,1,22,1.055320754E9,4347826.0,23.851123237878458
0,2,0,1.055698477E9,4000000.0,24.21479903693811
0,2,1,1.055676965E9,4000000.0,24.214710539717682
0,2,2,1.057104038E9,4000000.0,24.220577404504382
0,2,3,2.0552192E7,4000000.0,7.107981571583846
0,2,4,1.033645585E9,4000000.0,24.123116626487125
0,2,5,1.056111492E9,4000000.0,24.21649777063445
0,2,6,1.05508503E9,4000000.0,24.212274697955387
0,2,7,1.055540515E9,4000000.0,24.214149162382572
0,2,8,1.024200587E9,4000000.0,24.083250290776476
0,2,9,1.055683756E9,4000000.0,24.21473847709283
0,2,10,1.055577353E9,4000000.0,24.214300727014454
0,2,11,3.7431256E7,4000000.0,9.711744087150601
