0;0;30;0.284;0.003;19.30;
0;1;42;0.253;0.002;20.26;
0;2;49;0.249;0.002;20.87;
0;3;50;0.263;0.002;21.20;
0;4;42;0.256;0.002;20.31;
0;5;30;0.251;0.003;18.77;
0;6;18;0.293;0.006;17.22;
0;7;11;0.406;0.009;16.50;
0;8;10;0.261;0.010;14.17;
0;9;18;0.255;0.006;16.61;
1;0;30;0.285;0.003;19.31;
1;1;42;0.256;0.002;20.31;
1;2;49;0.248;0.002;20.85;
1;3;50;0.263;0.002;21.18;
1;4;42;0.256;0.002;20.31;
1;5;30;0.251;0.003;18.76;
1;6;18;0.343;0.006;17.91;
1;7;11;0.392;0.009;16.35;
1;8;10;0.262;0.010;14.19;
1;9;18;0.248;0.006;16.49;
2;0;30;0.283;0.003;19.29;
2;1;42;0.255;0.002;20.30;
2;2;49;0.251;0.002;20.90;
2;3;50;0.260;0.002;21.14;
2;4;42;0.255;0.002;20.30;
2;5;30;0.252;0.003;18.78;
2;6;18;0.352;0.006;18.02;
2;7;11;0.384;0.009;16.26;
2;8;10;0.263;0.010;14.20;
2;9;18;0.245;0.006;16.44;
3;0;30;0.283;0.003;19.29;
3;1;42;0.254;0.002;20.29;
3;2;49;0.253;0.002;20.94;
3;3;50;0.259;0.002;21.12;
3;4;42;0.255;0.002;20.29;
3;5;30;0.252;0.003;18.78;
3;6;18;0.264;0.006;16.77;
3;7;11;0.410;0.009;16.54;
3;8;10;0.267;0.010;14.27;
3;9;18;0.256;0.006;16.64;
4;0;30;0.286;0.003;19.34;
4;1;42;0.254;0.002;20.28;
4;2;49;0.252;0.002;20.91;
4;3;50;0.258;0.002;21.11;
4;4;42;0.255;0.002;20.29;
4;5;30;0.252;0.003;18.78;
4;6;18;0.278;0.006;16.99;
4;7;11;0.408;0.009;16.52;
4;8;10;0.262;0.010;14.18;
4;9;18;0.258;0.006;16.67;
5;0;30;0.283;0.003;19.30;
5;1;42;0.254;0.002;20.28;
5;2;49;0.252;0.002;20.91;
5;3;50;0.258;0.002;21.11;
5;4;42;0.255;0.002;20.30;
5;5;30;0.253;0.003;18.80;
5;6;18;0.373;0.006;18.27;
5;7;11;0.357;0.009;15.94;
5;8;10;0.255;0.010;14.07;
5;9;18;0.241;0.006;16.37;
6;0;30;0.283;0.003;19.29;
6;1;42;0.253;0.002;20.27;
6;2;49;0.252;0.002;20.92;
6;3;50;0.258;0.002;21.11;
6;4;42;0.254;0.002;20.28;
6;5;30;0.254;0.003;18.82;
6;6;18;0.369;0.006;18.23;
6;7;11;0.358;0.009;15.95;
6;8;10;0.262;0.010;14.19;
6;9;18;0.238;0.006;16.32;
7;0;30;0.280;0.003;19.24;
7;1;42;0.253;0.002;20.26;
7;2;49;0.252;0.002;20.92;
7;3;50;0.258;0.002;21.11;
7;4;42;0.255;0.002;20.30;
7;5;30;0.259;0.003;18.90;
7;6;18;0.186;0.006;15.26;
7;7;11;0.358;0.009;15.95;
7;8;10;0.339;0.010;15.30;
7;9;18;0.260;0.006;16.70;
8;0;30;0.278;0.003;19.22;
8;1;42;0.253;0.002;20.26;
8;2;49;0.252;0.002;20.92;
8;3;50;0.258;0.002;21.10;
8;4;42;0.257;0.002;20.32;
8;5;30;0.264;0.003;18.99;
8;6;18;0.266;0.006;16.80;
8;7;11;0.398;0.009;16.41;
8;8;10;0.268;0.010;14.29;
8;9;18;0.251;0.006;16.54;
9;0;30;0.277;0.003;19.20;
9;1;42;0.254;0.002;20.27;
9;2;49;0.251;0.002;20.89;
9;3;50;0.258;0.002;21.11;
9;4;42;0.256;0.002;20.31;
9;5;30;0.268;0.003;19.05;
9;6;18;0.277;0.006;16.98;
9;7;11;0.393;0.009;16.35;
9;8;10;0.263;0.010;14.20;
9;9;18;0.252;0.006;16.57;
10;0;30;0.275;0.003;19.16;
10;1;42;0.255;0.002;20.29;
10;2;49;0.253;0.002;20.93;
10;3;50;0.258;0.002;21.11;
10;4;42;0.254;0.002;20.28;
10;5;30;0.252;0.003;18.79;
10;6;18;0.197;0.006;15.50;
10;7;11;0.360;0.009;15.97;
10;8;10;0.339;0.010;15.30;
10;9;18;0.256;0.006;16.64;
11;0;30;0.273;0.003;19.13;
11;1;42;0.254;0.002;20.28;
11;2;49;0.252;0.002;20.92;
11;3;50;0.258;0.002;21.11;
11;4;42;0.254;0.002;20.28;
11;5;30;0.252;0.003;18.79;
11;6;18;0.202;0.006;15.60;
11;7;11;0.357;0.009;15.94;
11;8;10;0.335;0.010;15.25;
11;9;18;0.256;0.006;16.63;
12;0;30;0.274;0.003;19.15;
12;1;42;0.253;0.002;20.26;
12;2;49;0.254;0.002;20.94;
12;3;50;0.259;0.002;21.11;
12;4;42;0.252;0.002;20.24;
12;5;30;0.264;0.003;18.99;
12;6;18;0.283;0.006;17.07;
12;7;11;0.396;0.009;16.39;
12;8;10;0.259;0.010;14.14;
12;9;18;0.250;0.006;16.53;
13;0;30;0.272;0.003;19.12;
13;1;42;0.255;0.002;20.29;
13;2;49;0.254;0.002;20.95;
13;3;50;0.258;0.002;21.11;
13;4;42;0.253;0.002;20.26;
13;5;30;0.246;0.003;18.68;
13;6;18;0.206;0.006;15.70;
13;7;11;0.404;0.009;16.47;
13;8;10;0.291;0.010;14.63;
13;9;18;0.263;0.006;16.74;
14;0;30;0.272;0.003;19.12;
14;1;42;0.255;0.002;20.30;
14;2;49;0.254;0.002;20.95;
14;3;50;0.258;0.002;21.10;
14;4;42;0.253;0.002;20.26;
14;5;30;0.258;0.003;18.89;
14;6;18;0.284;0.006;17.08;
14;7;11;0.394;0.009;16.37;
14;8;10;0.257;0.010;14.09;
14;9;18;0.249;0.006;16.52;
15;0;30;0.273;0.003;19.14;
15;1;42;0.254;0.002;20.29;
15;2;49;0.253;0.002;20.94;
15;3;50;0.258;0.002;21.10;
15;4;42;0.253;0.002;20.26;
15;5;30;0.256;0.003;18.86;
15;6;18;0.287;0.006;17.13;
15;7;11;0.394;0.009;16.37;
15;8;10;0.262;0.010;14.19;
15;9;18;0.247;0.006;16.48;
16;0;30;0.273;0.003;19.13;
16;1;42;0.253;0.002;20.27;
16;2;49;0.254;0.002;20.96;
16;3;50;0.258;0.002;21.10;
16;4;42;0.253;0.002;20.27;
16;5;30;0.289;0.003;19.39;
16;6;18;0.328;0.006;17.72;
16;7;11;0.328;0.009;15.57;
16;8;10;0.262;0.010;14.18;
16;9;18;0.224;0.006;16.05;
17;0;30;0.273;0.003;19.13;
17;1;42;0.252;0.002;20.24;
17;2;49;0.254;0.002;20.95;
17;3;50;0.257;0.002;21.09;
17;4;42;0.253;0.002;20.26;
17;5;30;0.289;0.003;19.38;
17;6;18;0.329;0.006;17.73;
17;7;11;0.331;0.009;15.61;
17;8;10;0.257;0.010;14.11;
17;9;18;0.223;0.006;16.04;
18;0;30;0.270;0.003;19.09;
18;1;42;0.253;0.002;20.27;
18;2;49;0.253;0.002;20.93;
18;3;50;0.258;0.002;21.10;
18;4;42;0.253;0.002;20.26;
18;5;30;0.257;0.003;18.86;
18;6;18;0.287;0.006;17.13;
18;7;11;0.384;0.009;16.25;
18;8;10;0.263;0.010;14.20;
18;9;18;0.244;0.006;16.44;
19;0;30;0.269;0.003;19.06;
19;1;42;0.253;0.002;20.26;
19;2;49;0.253;0.002;20.93;
19;3;50;0.258;0.002;21.11;
19;4;42;0.254;0.002;20.27;
19;5;30;0.264;0.003;18.99;
19;6;18;0.314;0.006;17.52;
19;7;11;0.356;0.009;15.93;
19;8;10;0.262;0.010;14.18;
19;9;18;0.234;0.006;16.24;
20;0;30;0.266;0.003;19.02;
20;1;42;0.254;0.002;20.29;
20;2;49;0.253;0.002;20.94;
20;3;50;0.258;0.002;21.10;
20;4;42;0.254;0.002;20.28;
20;5;30;0.291;0.003;19.41;
20;6;18;0.355;0.006;18.06;
20;7;11;0.289;0.009;15.02;
20;8;10;0.256;0.010;14.09;
20;9;18;0.219;0.006;15.95;
21;0;30;0.265;0.003;19.01;
21;1;42;0.254;0.002;20.28;
21;2;49;0.255;0.002;20.97;
21;3;50;0.257;0.002;21.08;
21;4;42;0.254;0.002;20.29;
21;5;30;0.262;0.003;18.95;
21;6;18;0.330;0.006;17.74;
21;7;11;0.336;0.009;15.67;
21;8;10;0.259;0.010;14.13;
21;9;18;0.230;0.006;16.18;
22;0;30;0.270;0.003;19.09;
22;1;42;0.253;0.002;20.27;
22;2;49;0.256;0.002;20.98;
22;3;50;0.257;0.002;21.09;
22;4;42;0.253;0.002;20.27;
22;5;30;0.247;0.003;18.71;
22;6;18;0.311;0.006;17.48;
22;7;11;0.358;0.009;15.96;
22;8;10;0.258;0.010;14.12;
22;9;18;0.236;0.006;16.29;
23;0;30;0.273;0.003;19.13;
23;1;42;0.253;0.002;20.27;
23;2;49;0.255;0.002;20.97;
23;3;50;0.257;0.002;21.09;
23;4;42;0.255;0.002;20.30;
23;5;30;0.219;0.003;18.17;
23;6;18;0.279;0.006;17.01;
23;7;11;0.390;0.009;16.33;
23;8;10;0.261;0.010;14.16;
23;9;18;0.250;0.006;16.54;
24;0;30;0.279;0.003;19.23;
24;1;42;0.252;0.002;20.24;
24;2;49;0.255;0.002;20.97;
24;3;50;0.256;0.002;21.07;
24;4;42;0.256;0.002;20.31;
24;5;30;0.294;0.003;19.46;
24;6;18;0.365;0.006;18.17;
24;7;11;0.263;0.009;14.62;
24;8;10;0.257;0.010;14.09;
24;9;18;0.196;0.006;15.47;
25;0;30;0.284;0.003;19.30;
25;1;42;0.253;0.002;20.27;
25;2;49;0.254;0.002;20.95;
25;3;50;0.256;0.002;21.07;
25;4;42;0.255;0.002;20.30;
25;5;30;0.296;0.003;19.49;
25;6;18;0.361;0.006;18.13;
25;7;11;0.265;0.009;14.64;
25;8;10;0.255;0.010;14.06;
25;9;18;0.189;0.006;15.31;
26;0;30;0.285;0.003;19.32;
26;1;42;0.254;0.002;20.28;
26;2;49;0.255;0.002;20.97;
26;3;50;0.257;0.002;21.09;
26;4;42;0.252;0.002;20.25;
26;5;30;0.258;0.003;18.89;
26;6;18;0.356;0.006;18.07;
26;7;11;0.288;0.009;15.00;
26;8;10;0.265;0.010;14.23;
26;9;18;0.210;0.006;15.77;
27;0;30;0.286;0.003;19.33;
27;1;42;0.254;0.002;20.27;
27;2;49;0.256;0.002;20.99;
27;3;50;0.257;0.002;21.09;
27;4;42;0.255;0.002;20.30;
27;5;30;0.253;0.003;18.80;
27;6;18;0.369;0.006;18.22;
27;7;11;0.266;0.009;14.66;
27;8;10;0.264;0.010;14.22;
27;9;18;0.209;0.006;15.75;
28;0;30;0.286;0.003;19.34;
28;1;42;0.254;0.002;20.29;
28;2;49;0.256;0.002;20.98;
28;3;50;0.257;0.002;21.08;
28;4;42;0.254;0.002;20.28;
28;5;30;0.253;0.003;18.81;
28;6;18;0.373;0.006;18.26;
28;7;11;0.264;0.009;14.63;
28;8;10;0.261;0.010;14.16;
28;9;18;0.204;0.006;15.64;
29;0;30;0.292;0.003;19.42;
29;1;42;0.253;0.002;20.26;
29;2;49;0.255;0.002;20.97;
29;3;50;0.257;0.002;21.09;
29;4;42;0.255;0.002;20.30;
29;5;30;0.259;0.003;18.90;
29;6;18;0.362;0.006;18.14;
29;7;11;0.261;0.009;14.59;
29;8;10;0.259;0.010;14.14;
29;9;18;0.200;0.006;15.56;
30;0;30;0.293;0.003;19.44;
30;1;42;0.252;0.002;20.24;
30;2;49;0.256;0.002;20.98;
30;3;50;0.257;0.002;21.09;
30;4;42;0.254;0.002;20.29;
30;5;30;0.213;0.003;18.06;
30;6;18;0.331;0.006;17.75;
30;7;11;0.328;0.009;15.57;
30;8;10;0.262;0.010;14.18;
30;9;18;0.225;0.006;16.07;
31;0;30;0.297;0.003;19.51;
31;1;42;0.252;0.002;20.25;
31;2;49;0.258;0.002;21.02;
31;3;50;0.256;0.002;21.07;
31;4;42;0.253;0.002;20.27;
31;5;30;0.216;0.003;18.12;
31;6;18;0.336;0.006;17.82;
31;7;11;0.315;0.009;15.40;
31;8;10;0.261;0.010;14.17;
31;9;18;0.225;0.006;16.07;
32;0;30;0.297;0.003;19.50;
32;1;42;0.254;0.002;20.27;
32;2;49;0.257;0.002;21.00;
32;3;50;0.257;0.002;21.08;
32;4;42;0.252;0.002;20.25;
32;5;30;0.263;0.003;18.97;
32;6;18;0.366;0.006;18.19;
32;7;11;0.257;0.009;14.52;
32;8;10;0.266;0.010;14.24;
32;9;18;0.176;0.006;15.01;
33;0;30;0.300;0.003;19.55;
33;1;42;0.253;0.002;20.27;
33;2;49;0.258;0.002;21.01;
33;3;50;0.257;0.002;21.09;
33;4;42;0.253;0.002;20.27;
33;5;30;0.262;0.003;18.96;
33;6;18;0.359;0.006;18.11;
33;7;11;0.257;0.009;14.51;
33;8;10;0.271;0.010;14.34;
33;9;18;0.169;0.006;14.83;
34;0;30;0.303;0.003;19.59;
34;1;42;0.253;0.002;20.26;
34;2;49;0.259;0.002;21.03;
34;3;50;0.256;0.002;21.08;
34;4;42;0.253;0.002;20.26;
34;5;30;0.276;0.003;19.18;
34;6;18;0.364;0.006;18.16;
34;7;11;0.259;0.009;14.55;
34;8;10;0.262;0.010;14.18;
34;9;18;0.148;0.006;14.26;
35;0;30;0.303;0.003;19.58;
35;1;42;0.252;0.002;20.24;
35;2;49;0.258;0.002;21.02;
35;3;50;0.258;0.002;21.11;
35;4;42;0.252;0.002;20.25;
35;5;30;0.306;0.003;19.63;
35;6;18;0.349;0.006;17.99;
35;7;11;0.265;0.009;14.65;
35;8;10;0.245;0.010;13.89;
35;9;18;0.125;0.006;13.53;
36;0;30;0.301;0.003;19.56;
36;1;42;0.253;0.002;20.27;
36;2;49;0.257;0.002;20.99;
36;3;50;0.258;0.002;21.10;
36;4;42;0.252;0.002;20.24;
36;5;30;0.305;0.003;19.62;
36;6;18;0.347;0.006;17.96;
36;7;11;0.265;0.009;14.65;
36;8;10;0.243;0.010;13.86;
36;9;18;0.129;0.006;13.66;
37;0;30;0.299;0.003;19.53;
37;1;42;0.253;0.002;20.26;
37;2;49;0.257;0.002;21.01;
37;3;50;0.256;0.002;21.07;
37;4;42;0.253;0.002;20.26;
37;5;30;0.312;0.003;19.71;
37;6;18;0.343;0.006;17.90;
37;7;11;0.264;0.009;14.63;
37;8;10;0.241;0.010;13.82;
37;9;18;0.125;0.006;13.52;
38;0;30;0.296;0.003;19.48;
38;1;42;0.253;0.002;20.27;
38;2;49;0.257;0.002;21.01;
38;3;50;0.257;0.002;21.08;
38;4;42;0.252;0.002;20.24;
38;5;30;0.312;0.003;19.71;
38;6;18;0.343;0.006;17.90;
38;7;11;0.264;0.009;14.64;
38;8;10;0.241;0.010;13.81;
38;9;18;0.125;0.006;13.52;
39;0;30;0.297;0.003;19.50;
39;1;42;0.254;0.002;20.29;
39;2;49;0.259;0.002;21.03;
39;3;50;0.256;0.002;21.08;
39;4;42;0.252;0.002;20.24;
39;5;30;0.314;0.003;19.74;
39;6;18;0.340;0.006;17.86;
39;7;11;0.259;0.009;14.55;
39;8;10;0.241;0.010;13.82;
39;9;18;0.115;0.006;13.16;
40;0;30;0.294;0.003;19.45;
40;1;42;0.254;0.002;20.29;
40;2;49;0.258;0.002;21.02;
40;3;50;0.256;0.002;21.06;
40;4;42;0.253;0.002;20.26;
40;5;30;0.276;0.003;19.18;
40;6;18;0.355;0.006;18.06;
40;7;11;0.261;0.009;14.57;
40;8;10;0.260;0.010;14.14;
40;9;18;0.144;0.006;14.12;
41;0;30;0.293;0.003;19.44;
41;1;42;0.253;0.002;20.27;
41;2;49;0.258;0.002;21.03;
41;3;50;0.256;0.002;21.07;
41;4;42;0.253;0.002;20.26;
41;5;30;0.314;0.003;19.74;
41;6;18;0.340;0.006;17.87;
41;7;11;0.261;0.009;14.58;
41;8;10;0.243;0.010;13.86;
41;9;18;0.109;0.006;12.91;
42;0;30;0.292;0.003;19.42;
42;1;42;0.254;0.002;20.28;
42;2;49;0.259;0.002;21.04;
42;3;50;0.255;0.002;21.06;
42;4;42;0.252;0.002;20.25;
42;5;30;0.269;0.003;19.07;
42;6;18;0.356;0.006;18.07;
42;7;11;0.257;0.009;14.52;
42;8;10;0.257;0.010;14.09;
42;9;18;0.158;0.006;14.55;
43;0;30;0.290;0.003;19.40;
43;1;42;0.253;0.002;20.26;
43;2;49;0.260;0.002;21.05;
43;3;50;0.255;0.002;21.06;
43;4;42;0.252;0.002;20.25;
43;5;30;0.276;0.003;19.18;
43;6;18;0.353;0.006;18.03;
43;7;11;0.257;0.009;14.51;
43;8;10;0.256;0.010;14.08;
43;9;18;0.144;0.006;14.13;
44;0;30;0.290;0.003;19.39;
44;1;42;0.253;0.002;20.26;
44;2;49;0.260;0.002;21.06;
44;3;50;0.255;0.002;21.05;
44;4;42;0.253;0.002;20.26;
44;5;30;0.273;0.003;19.13;
44;6;18;0.351;0.006;18.00;
44;7;11;0.258;0.009;14.54;
44;8;10;0.257;0.010;14.09;
44;9;18;0.143;0.006;14.09;
45;0;30;0.287;0.003;19.35;
45;1;42;0.252;0.002;20.25;
45;2;49;0.261;0.002;21.06;
45;3;50;0.256;0.002;21.06;
45;4;42;0.252;0.002;20.25;
45;5;30;0.310;0.003;19.69;
45;6;18;0.344;0.006;17.92;
45;7;11;0.255;0.009;14.48;
45;8;10;0.238;0.010;13.77;
45;9;18;0.104;0.006;12.72;
46;0;30;0.285;0.003;19.32;
46;1;42;0.252;0.002;20.25;
46;2;49;0.259;0.002;21.04;
46;3;50;0.255;0.002;21.05;
46;4;42;0.253;0.002;20.26;
46;5;30;0.278;0.003;19.22;
46;6;18;0.351;0.006;18.00;
46;7;11;0.263;0.009;14.62;
46;8;10;0.252;0.010;14.02;
46;9;18;0.135;0.006;13.85;
47;0;30;0.287;0.003;19.35;
47;1;42;0.252;0.002;20.26;
47;2;49;0.259;0.002;21.04;
47;3;50;0.255;0.002;21.06;
47;4;42;0.254;0.002;20.28;
47;5;30;0.281;0.003;19.26;
47;6;18;0.347;0.006;17.96;
47;7;11;0.265;0.009;14.64;
47;8;10;0.243;0.010;13.86;
47;9;18;0.128;0.006;13.62;
48;0;30;0.285;0.003;19.31;
48;1;42;0.252;0.002;20.25;
48;2;49;0.260;0.002;21.05;
48;3;50;0.256;0.002;21.07;
48;4;42;0.252;0.002;20.25;
48;5;30;0.272;0.003;19.11;
48;6;18;0.351;0.006;18.01;
48;7;11;0.260;0.009;14.56;
48;8;10;0.249;0.010;13.96;
48;9;18;0.136;0.006;13.89;
49;0;30;0.285;0.003;19.33;
49;1;42;0.251;0.002;20.24;
49;2;49;0.262;0.002;21.09;
49;3;50;0.255;0.002;21.05;
49;4;42;0.251;0.002;20.22;
49;5;30;0.326;0.003;19.90;
49;6;18;0.319;0.006;17.59;
49;7;11;0.263;0.009;14.62;
49;8;10;0.217;0.010;13.36;
49;9;18;0.095;0.006;12.34;
