 


 Number of tacts (im units) = 1
 Number of massive (im units) = 100
 Trajectory File: sinus.txt
 Coef Load Impact: 10
 Command Line: ping -c1 192.168.222.3 > /dev/null 2>&1
cycle , cPeriod , count , procDur , procTime , spb
0,0,0,2.5150615E7,5000000.0,-7.0157860485079
0,0,1,2444937.0,5000000.0,3.107023314305163
0,0,2,7265311.0,5000000.0,-1.622842051711133
0,0,3,1389890.0,5000000.0,5.559895740699695
0,0,4,1356883.0,5000000.0,5.66427602988016
0,0,5,2031832.0,5000000.0,3.9108220844522474
0,0,6,1359355.0,5000000.0,5.6563711536825565
0,0,7,1344332.0,5000000.0,5.704634677891459
0,0,8,1484531.0,5000000.0,5.27380733364973
0,0,9,1317218.0,5000000.0,5.793123475502774
0,0,10,1312646.0,5000000.0,5.80822384853847
0,0,11,2931488.0,5000000.0,2.3188188358919195
0,0,12,1350466.0,5000000.0,5.684863496876038
0,0,13,1448080.0,5000000.0,5.381774489674179
0,0,14,1710032.0,5000000.0,4.659657668717082
0,0,15,1589189.0,5000000.0,4.977944540286024
0,0,16,1413466.0,5000000.0,5.486846380545035
0,0,17,1330349.0,5000000.0,5.750044168340582
0,0,18,1457372.0,5000000.0,5.353995830214782
0,0,19,1364589.0,5000000.0,5.639681382411389
0,1,0,1487896.0,4347826.0,4.656995790628638
0,1,1,1449469.0,4347826.0,4.77063223824133
0,1,2,1479884.0,4347826.0,4.6804448053283245
0,1,3,1710294.0,4347826.0,4.052013831483893
0,1,4,1529421.0,4347826.0,4.537451062413658
0,1,5,1643068.0,4347826.0,4.226166177813249
0,1,6,1566829.0,4347826.0,4.432505541111283
0,1,7,1417677.0,4347826.0,4.866948617531622
0,1,8,1359230.0,4347826.0,5.049792038773512
0,1,9,3723699.0,4347826.0,0.6729758715539216
0,1,10,1575543.0,4347826.0,4.408418947824472
0,1,11,1646276.0,4347826.0,4.2176950836396605
0,1,12,2062085.0,4347826.0,3.2396559218116083
0,1,13,2092631.0,4347826.0,3.1757950067598117
0,1,14,1626183.0,4347826.0,4.271027386275382
0,1,15,1427006.0,4347826.0,4.838463561402354
0,1,16,1337751.0,4347826.0,5.11896871004873
0,1,17,1338206.0,4347826.0,5.1174918253964705
0,1,18,1332010.0,4347826.0,5.1376467000539074
0,1,19,1407274.0,4347826.0,4.89893491335259
0,1,20,1334303.0,4347826.0,5.1301769281816245
0,1,21,1504855.0,4347826.0,4.607774997079439
0,1,22,1554053.0,4347826.0,4.468063292389347
0,2,0,1432911.0,4000000.0,4.45840774698402
0,2,1,1914094.0,4000000.0,3.2009672942377856
0,2,2,1353898.0,4000000.0,4.704740446345056
0,2,3,1332676.0,4000000.0,4.7733541469401315
0,2,4,1316303.0,4000000.0,4.8270412022529054
0,2,5,1377031.0,4000000.0,4.631162740358931
0,2,6,1352538.0,4000000.0,4.709105157316261
0,2,7,1394563.0,4000000.0,4.576218528375194
0,2,8,1401652.0,4000000.0,4.554197902792539
0,2,9,1477955.0,4000000.0,4.323987802388469
0,2,10,1435609.0,4000000.0,4.450238190155445
0,2,11,1339623.0,4000000.0,4.750773959900416
0,2,12,1849386.0,4000000.0,3.350324256667318
0,2,13,1357507.0,4000000.0,4.693179136169598
0,2,14,2062070.0,4000000.0,2.877565873650764
0,2,15,1550218.0,4000000.0,4.116672160352163
0,2,16,1450134.0,4000000.0,4.406518561469813
0,2,17,1327286.0,4000000.0,4.7909547777864585
0,2,18,1334710.0,4000000.0,4.7667307699905095
0,2,19,1489676.0,4000000.0,4.28968170374198
0,2,20,1530949.0,4000000.0,4.170992678978232
0,2,21,1403896.0,4000000.0,4.547250546873372
0,2,22,1848129.0,4000000.0,3.353277094910207
0,2,23,1346966.0,4000000.0,4.727033578906073
0,2,24,1433848.0,4000000.0,4.455568764397521
0,3,0,2851520.0,4000000.0,1.4698356934014418
0,3,1,1437188.0,4000000.0,4.445464089820608
0,3,2,1516619.0,4000000.0,4.211834988601507
0,3,3,1510059.0,4000000.0,4.230660752441597
0,3,4,1484578.0,4000000.0,4.3045697088483506
0,3,5,1331511.0,4000000.0,4.777152327050356
0,3,6,1405498.0,4000000.0,4.54229759377802
0,3,7,1706941.0,4000000.0,3.6984148123681404
0,3,8,1448742.0,4000000.0,4.410689405378098
0,3,9,1478096.0,4000000.0,4.323573496126535
0,3,10,1326907.0,4000000.0,4.792195061441491
0,3,11,1305579.0,4000000.0,4.862568354094968
0,3,12,1491160.0,4000000.0,4.285357460043967
0,3,13,1447374.0,4000000.0,4.414792244459338
0,3,14,1380052.0,4000000.0,4.62164540515431
0,3,15,1343511.0,4000000.0,4.73818764756956
0,3,16,1690605.0,4000000.0,3.7401784225132637
0,3,17,1971466.0,4000000.0,3.072706997182191
0,3,18,1519340.0,4000000.0,4.204050195712844
0,3,19,1449520.0,4000000.0,4.408357793432481
0,3,20,1270615.0,4000000.0,4.980460133188217
0,3,21,1283365.0,4000000.0,4.937098003139911
0,3,22,1265250.0,4000000.0,4.9988364534713705
0,3,23,1258896.0,4000000.0,5.02070137702801
0,3,24,1885305.0,4000000.0,3.2667837201061167
0,4,0,1297796.0,4347826.0,5.250657240318072
0,4,1,1340828.0,4347826.0,5.10899084709508
0,4,2,1302929.0,4347826.0,5.233514047783587
0,4,3,1731988.0,4347826.0,3.997272765943101
0,4,4,1339153.0,4347826.0,5.114419567312936
0,4,5,1247710.0,4347826.0,5.421584994654155
0,4,6,1224292.0,4347826.0,5.503871436433345
0,4,7,1371634.0,4347826.0,5.010339134487015
0,4,8,1227894.0,4347826.0,5.491112780695917
0,4,9,1264725.0,4347826.0,5.362760518922172
0,4,10,1295510.0,4347826.0,5.258313856566055
0,4,11,1301467.0,4347826.0,5.238389946834555
0,4,12,1426095.0,4347826.0,4.841236980825357
0,4,13,1299289.0,4347826.0,5.245663936418432
0,4,14,1336760.0,4347826.0,5.122187136529406
0,4,15,1721670.0,4347826.0,4.023222433201504
0,4,16,1269289.0,4347826.0,5.3471163894208695
0,4,17,1283781.0,4347826.0,5.297812114729645
0,4,18,1393621.0,4347826.0,4.94127473348052
0,4,19,1307573.0,4347826.0,5.218062110174876
0,4,20,1307684.0,4347826.0,5.21769345281141
0,4,21,1354337.0,4347826.0,5.065454119002447
0,4,22,1446393.0,4347826.0,4.779858439826586
0,5,0,1428942.0,5000000.0,5.439554029706254
0,5,1,1421653.0,5000000.0,5.461763985015754
0,5,2,1450542.0,5000000.0,5.374396961513757
0,5,3,1900920.0,5000000.0,4.200061643194085
0,5,4,1460566.0,5000000.0,5.344488177007571
0,5,5,4177403.0,5000000.0,0.7806363004439805
0,5,6,1530063.0,5000000.0,5.142606911726228
0,5,7,1778119.0,5000000.0,4.490091817209803
0,5,8,1540298.0,5000000.0,5.113652528271916
0,5,9,1571970.0,5000000.0,5.02525750774347
0,5,10,1544429.0,5000000.0,5.102020564877825
0,5,11,2181663.0,5000000.0,3.6018233807621227
0,5,12,2080529.0,5000000.0,3.807962306371423
0,5,13,1595916.0,5000000.0,4.959599755271559
0,5,14,1569570.0,5000000.0,5.031893151149834
0,5,15,1475577.0,5000000.0,5.300081271299461
0,5,16,1634036.0,5000000.0,4.857083839455452
0,5,17,1485653.0,5000000.0,5.270526200683735
0,5,18,1322075.0,5000000.0,5.777139113934819
0,5,19,1284149.0,5000000.0,5.903545864259959
0,6,0,1455207.0,5882352.0,6.0662623398210265
0,6,1,1728210.0,5882352.0,5.3195449535523
0,6,2,1315247.0,5882352.0,6.505436892641001
0,6,3,1271005.0,5882352.0,6.654037501084171
0,6,4,1269752.0,5882352.0,6.658321035715309
0,6,5,1403356.0,5882352.0,6.223831533425236
0,6,6,1277655.0,5882352.0,6.631374102603013
0,6,7,1288293.0,5882352.0,6.59536362095369
0,6,8,1304524.0,5882352.0,6.540989356855729
0,6,9,1279605.0,5882352.0,6.624750807327191
0,6,10,1285864.0,5882352.0,6.603559714740028
0,6,11,1360170.0,5882352.0,6.359578173467909
0,6,12,1677550.0,5882352.0,5.448755357925399
0,6,13,1378388.0,5882352.0,6.301795255684475
0,6,14,1302985.0,5882352.0,6.546115930035425
0,6,15,1265436.0,5882352.0,6.673108237254338
0,6,16,1434674.0,5882352.0,6.127977812948683
0,7,0,1287427.0,6666666.0,7.141860845752255
0,7,1,1264604.0,6666666.0,7.2195414634228685
0,7,2,1292669.0,6666666.0,7.124213635674942
0,7,3,1485186.0,6666666.0,6.521278507874396
0,7,4,1371726.0,6666666.0,6.866413270857872
0,7,5,1369997.0,6666666.0,6.871890813693172
0,7,6,1445766.0,6666666.0,6.638106902634206
0,7,7,2004973.0,6666666.0,5.218001689526648
0,7,8,1517952.0,6666666.0,6.426506588043669
0,7,9,1394585.0,6666666.0,6.794637078436332
0,7,10,1438078.0,6666666.0,6.661262551043756
0,7,11,1540198.0,6666666.0,6.363321424057155
0,7,12,1357742.0,6666666.0,6.910914449646506
0,7,13,1363872.0,6666666.0,6.891350840141744
0,7,14,1404085.0,6666666.0,6.765152977598534
0,8,0,1414168.0,6666666.0,6.73407691774668
0,8,1,1551017.0,6666666.0,6.332921395686192
0,8,2,2536343.0,6666666.0,4.197007129209457
0,8,3,1447431.0,6666666.0,6.633108277292096
0,8,4,1367112.0,6666666.0,6.881046021208031
0,8,5,1386970.0,6666666.0,6.818416300791914
0,8,6,1409036.0,6666666.0,6.749866083078401
0,8,7,1456292.0,6666666.0,6.6066023375064
0,8,8,1422148.0,6666666.0,6.70963902641028
0,8,9,1344328.0,6666666.0,6.954034531938088
0,8,10,1360524.0,6666666.0,6.902024902630153
0,8,11,1303720.0,6666666.0,7.0872436954863
0,8,12,1293761.0,6666666.0,7.120546421774565
0,8,13,1762339.0,6666666.0,5.77819245386385
0,8,14,1295012.0,6666666.0,7.116349047658318
0,9,0,1492967.0,5882352.0,5.955008007908862
0,9,1,1287617.0,5882352.0,6.597643072304913
0,9,2,1270959.0,5882352.0,6.65419468305976
0,9,3,1662143.0,5882352.0,5.488826241995568
0,9,4,1332535.0,5882352.0,6.448723842260565
0,9,5,1313944.0,5882352.0,6.509741530502982
0,9,6,1628736.0,5882352.0,5.5770031342939
0,9,7,1362506.0,5882352.0,6.352125857006728
0,9,8,2180232.0,5882352.0,4.310482994938351
0,9,9,1673747.0,5882352.0,5.458611975370106
0,9,10,1592583.0,5882352.0,5.674489335886453
0,9,11,1530565.0,5882352.0,5.846992312013166
0,9,12,1502266.0,5882352.0,5.928041709377902
0,9,13,1511210.0,5882352.0,5.9022619039178315
0,9,14,1303095.0,5882352.0,6.545749307421862
0,9,15,1289098.0,5882352.0,6.59265074526428
0,9,16,1382033.0,5882352.0,6.290325959467884
0,10,0,2510808.0,5000000.0,2.9915650059507066
0,10,1,1.0577342E7,5000000.0,-3.254065424027769
0,10,2,2091329.0,5000000.0,3.78547644571882
0,10,3,2842398.0,5000000.0,2.4528511543780014
0,10,4,7657800.0,5000000.0,-1.8513401528460471
0,10,5,1951800.0,5000000.0,4.085346906705216
0,10,6,1890114.0,5000000.0,4.224820054125888
0,10,7,1964987.0,5000000.0,4.056103228291232
0,10,8,1856787.0,5000000.0,4.302079175215208
0,10,9,1883091.0,5000000.0,4.240986966173251
0,10,10,3697082.0,5000000.0,1.3111092115469438
0,10,11,1912485.0,5000000.0,4.17371966754952
0,10,12,1936304.0,5000000.0,4.119964617159459
0,10,13,1870511.0,5000000.0,4.2700973781876685
0,10,14,2165593.0,5000000.0,3.6339316537218656
0,10,15,1548628.0,5000000.0,5.090228970673202
0,10,16,1731874.0,5000000.0,4.604537119752736
0,10,17,1839918.0,5000000.0,4.341715361857601
0,10,18,2435991.0,5000000.0,3.1229432491440834
0,10,19,1471032.0,5000000.0,5.313478841086509
0,11,0,4849860.0,4347826.0,-0.47457046789245905
0,11,1,1645853.0,4347826.0,4.2188111186848
0,11,2,1490098.0,4347826.0,4.650573234885148
0,11,3,1356832.0,4347826.0,5.057460777102801
0,11,4,1355584.0,4347826.0,5.061457210921669
0,11,5,2078719.0,4347826.0,3.204763696675354
0,11,6,1424304.0,4347826.0,4.846694613384523
0,11,7,1294770.0,4347826.0,5.260795271126268
0,11,8,1426719.0,4347826.0,4.839337103994765
0,11,9,1365007.0,4347826.0,5.0313727677426385
0,11,10,1417382.0,4347826.0,4.867852421456858
0,11,11,1323205.0,4347826.0,5.166450220146581
0,11,12,3417740.0,4347826.0,1.045331340271224
0,11,13,1502607.0,4347826.0,4.614267475967902
0,11,14,1404428.0,4347826.0,4.907726759128638
0,11,15,1612517.0,4347826.0,4.3076785340485575
0,11,16,1411471.0,4347826.0,4.886001957107507
0,11,17,1367795.0,4347826.0,5.022511434681409
0,11,18,1343930.0,4347826.0,5.0989550667204675
0,11,19,1440198.0,4347826.0,4.798499518150698
0,11,20,1458153.0,4347826.0,4.744690595933301
0,11,21,1366392.0,4347826.0,5.0269684466677065
0,11,22,2521030.0,4347826.0,2.366941415292599
0,12,0,1378824.0,4000000.0,4.625511571368359
0,12,1,1327648.0,4000000.0,4.789770457547815
0,12,2,1476844.0,4000000.0,4.327253684041552
0,12,3,1496827.0,4000000.0,4.26888382893429
0,12,4,1567781.0,4000000.0,4.067745944171185
0,12,5,1332388.0,4000000.0,4.774292787147458
0,12,6,1322935.0,4000000.0,4.80521484884079
0,12,7,2112724.0,4000000.0,2.7721722551374017
0,12,8,1615878.0,4000000.0,3.9365142321049955
0,12,9,1510104.0,4000000.0,4.230531333918907
0,12,10,1581370.0,4000000.0,4.03026495742185
0,12,11,1720391.0,4000000.0,3.664328293946183
0,12,12,1907425.0,4000000.0,3.2161252083551455
0,12,13,1573512.0,4000000.0,4.051899320266671
0,12,14,1392250.0,4000000.0,4.583427647661657
0,12,15,1311257.0,4000000.0,4.843721716872565
0,12,16,1364705.0,4000000.0,4.670212086092735
0,12,17,1298639.0,4000000.0,4.885715501064392
0,12,18,1260313.0,4000000.0,5.01581575343936
0,12,19,1453775.0,4000000.0,4.395627951349196
0,12,20,1317846.0,4000000.0,4.821953286100698
0,12,21,1294708.0,4000000.0,4.898881598126538
0,12,22,1276281.0,4000000.0,4.961136873864277
0,12,23,1332037.0,4000000.0,4.775437029256205
0,12,24,1758580.0,4000000.0,3.568978616273602
0,13,0,1344455.0,4000000.0,4.735137207141579
0,13,1,1296732.0,4000000.0,4.892097630833386
0,13,2,1294308.0,4000000.0,4.900223558115534
0,13,3,1334162.0,4000000.0,4.76851424540205
0,13,4,1342448.0,4000000.0,4.741625191168444
0,13,5,1305585.0,4000000.0,4.862548395433686
0,13,6,1271234.0,4000000.0,4.978344914781362
0,13,7,1259044.0,4000000.0,5.020190836003238
0,13,8,1270348.0,4000000.0,4.9813728314612336
0,13,9,1256204.0,4000000.0,5.029998193788686
0,13,10,1278473.0,4000000.0,4.9536843070970695
0,13,11,1923454.0,4000000.0,3.1797818684839836
0,13,12,1356820.0,4000000.0,4.695377547160157
0,13,13,1292159.0,4000000.0,4.907440345001836
0,13,14,1298662.0,4000000.0,4.885638584503054
0,13,15,1268404.0,4000000.0,4.988023883929772
0,13,16,1262778.0,4000000.0,5.007329842796468
0,13,17,1289104.0,4000000.0,4.917720353367523
0,13,18,1320363.0,4000000.0,4.813666455583392
0,13,19,1263132.0,4000000.0,5.006112536973218
0,13,20,1288822.0,4000000.0,4.918670505112649
0,13,21,1277216.0,4000000.0,4.957956409123355
0,13,22,1320818.0,4000000.0,4.812170125031106
0,13,23,1641722.0,4000000.0,3.8676037331164776
0,13,24,1354927.0,4000000.0,4.701440941627152
0,14,0,1356757.0,4347826.0,5.057700843569394
0,14,1,1339369.0,4347826.0,5.113719124245495
0,14,2,1249241.0,4347826.0,5.416259259907116
0,14,3,1486300.0,4347826.0,4.661656775040213
0,14,4,1270804.0,4347826.0,5.3419358214802255
0,14,5,1311652.0,4347826.0,5.204535295000139
0,14,6,1310036.0,4347826.0,5.209889249945502
0,14,7,1403244.0,4347826.0,4.911389613600629
0,14,8,1380572.0,4347826.0,4.98213094276105
0,14,9,1628839.0,4347826.0,4.26393996013857
0,14,10,1556897.0,4347826.0,4.460122734999366
0,14,11,1452254.0,4347826.0,4.762295739523238
0,14,12,1304524.0,4347826.0,5.2282008184748685
0,14,13,1330344.0,4347826.0,5.1430820005533215
0,14,14,1441202.0,4347826.0,4.795472991618614
0,14,15,1437481.0,4347826.0,4.806700422128937
0,14,16,8279582.0,4347826.0,-2.7973625640674245
0,14,17,1361686.0,4347826.0,5.041951829540782
0,14,18,1434875.0,4347826.0,4.814580864040556
0,14,19,1270076.0,4347826.0,5.34442445842079
0,14,20,1236393.0,4347826.0,5.461156177130624
0,14,21,1502129.0,4347826.0,4.615649246373695
0,14,22,1319894.0,4347826.0,5.177331006539738
0,15,0,1292553.0,5000000.0,5.875216443413144
0,15,1,1258082.0,5000000.0,5.992610556060086
0,15,2,1290222.0,5000000.0,5.883055614166927
0,15,3,1298530.0,5000000.0,5.85518016728839
0,15,4,1596730.0,5000000.0,4.957385192705404
0,15,5,1598187.0,5000000.0,4.953424106367333
0,15,6,1305771.0,5000000.0,5.831029852504743
0,15,7,1274054.0,5000000.0,5.937821686404403
0,15,8,1422233.0,5000000.0,5.45999253002075
0,15,9,1297167.0,5000000.0,5.859741126701138
0,15,10,1257771.0,5000000.0,5.993684272088485
0,15,11,1248586.0,5000000.0,6.025515433201441
0,15,12,1269405.0,5000000.0,5.9536979973248405
0,15,13,1271548.0,5000000.0,5.946372452181855
0,15,14,1265865.0,5000000.0,5.965826121469995
0,15,15,1497363.0,5000000.0,5.236429068745455
0,15,16,1979333.0,5000000.0,4.024511389338363
0,15,17,1349586.0,5000000.0,5.687694399077974
0,15,18,1286485.0,5000000.0,5.8956527749366145
0,15,19,1260107.0,5000000.0,5.985625802211819
0,16,0,1310130.0,5882352.0,6.522366176914592
0,16,1,1254975.0,5882352.0,6.709159346882158
0,16,2,1249232.0,5882352.0,6.729079086601576
0,16,3,1287713.0,5882352.0,6.597319290340799
0,16,4,1257266.0,5882352.0,6.7012383796353525
0,16,5,1482162.0,5882352.0,5.986553345999336
0,16,6,1422472.0,5882352.0,6.165072826546116
0,16,7,1273755.0,5882352.0,6.644651073364916
0,16,8,1677650.0,5882352.0,5.44849647947879
0,16,9,1301692.0,5882352.0,6.550427733850082
0,16,10,1267664.0,5882352.0,6.66546852026567
0,16,11,1348723.0,5882352.0,6.396282454702396
0,16,12,1264289.0,5882352.0,6.677046497775767
0,16,13,1244257.0,5882352.0,6.74640916437191
0,16,14,1238979.0,5882352.0,6.764870637443434
0,16,15,1249502.0,5882352.0,6.728140535234602
0,16,16,1249091.0,5882352.0,6.729569299612571
0,17,0,1323533.0,6666666.0,7.021739233627805
0,17,1,1254635.0,6666666.0,7.253912988226822
0,17,2,1267130.0,6666666.0,7.210875243153999
0,17,3,1630305.0,6666666.0,6.116398370214546
0,17,4,1355543.0,6666666.0,6.917953988617182
0,17,5,1263323.0,6666666.0,7.223942945577512
0,17,6,1266931.0,6666666.0,7.211557346718802
0,17,7,1246606.0,6666666.0,7.281794846647922
0,17,8,1234830.0,6666666.0,7.323015254607314
0,17,9,1412722.0,6666666.0,6.738519891301386
0,17,10,1251106.0,6666666.0,7.266145906473005
0,17,11,1254786.0,6666666.0,7.253390330077021
0,17,12,1296257.0,6666666.0,7.112175828501415
0,17,13,1257244.0,6666666.0,7.24489125819326
0,17,14,1267673.0,6666666.0,7.20901457068927
0,18,0,1487601.0,6666666.0,6.5142223588498105
0,18,1,1529853.0,6666666.0,6.392589950344734
0,18,2,1275606.0,6666666.0,7.181921441713197
0,18,3,1268868.0,6666666.0,7.2049225260957055
0,18,4,1251188.0,6666666.0,7.265861270474767
0,18,5,1247570.0,6666666.0,7.278437746736756
0,18,6,1366372.0,6666666.0,6.883397437382111
0,18,7,1251847.0,6666666.0,7.26357444611804
0,18,8,4390933.0,6666666.0,1.813518871361202
0,18,9,1551165.0,6666666.0,6.332507006179899
0,18,10,1999090.0,6666666.0,5.230763508087017
0,18,11,1631990.0,6666666.0,6.111912042233278
0,18,12,1312390.0,6666666.0,7.058457849759306
0,18,13,1264927.0,6666666.0,7.218432347792998
0,18,14,1412411.0,6666666.0,6.7394760628120185
0,19,0,5867204.0,5555555.0,-0.2370373723214038
0,19,1,1720637.0,5555555.0,5.090381938795019
0,19,2,1564732.0,5555555.0,5.502874871490116
0,19,3,2427499.0,5555555.0,3.5956839179330666
0,19,4,1490116.0,5555555.0,5.715073735254571
0,19,5,1395504.0,5555555.0,5.999963658017209
0,19,6,1403053.0,5555555.0,5.976533747562087
0,19,7,1327578.0,5555555.0,6.216674045955218
0,19,8,1315712.0,5555555.0,6.255666157599768
0,19,9,1297324.0,5555555.0,6.3167899902256375
0,19,10,1268831.0,5555555.0,6.41323670708349
0,19,11,1259420.0,5555555.0,6.44556865708544
0,19,12,1460279.0,5555555.0,5.802916117207811
0,19,13,1296016.0,5555555.0,6.3211708830549505
0,19,14,1829158.0,5555555.0,4.824762306466654
0,19,15,1270240.0,5555555.0,6.408416668669328
0,19,16,1266190.0,5555555.0,6.422285721996309
0,19,17,1246268.0,5555555.0,6.491160075343151
0,20,0,1481421.0,4761904.0,5.071021390441317
0,20,1,1317013.0,4761904.0,5.581905739527854
0,20,2,1393885.0,4761904.0,5.33553691231908
0,20,3,1288396.0,4761904.0,5.677312679552909
0,20,4,1276513.0,4761904.0,5.717553937640191
0,20,5,1286234.0,4761904.0,5.684606503446625
0,20,6,1251138.0,4761904.0,5.8047542094316515
0,20,7,1366533.0,4761904.0,5.4216051197504616
0,20,8,1654135.0,4761904.0,4.592096847568089
0,20,9,1488773.0,4761904.0,5.04952151836621
0,20,10,1283874.0,4761904.0,5.692582318201184
0,20,11,1373596.0,4761904.0,5.399216183177527
0,20,12,1245936.0,4761904.0,5.822849012894338
0,20,13,1258665.0,4761904.0,5.778704799451122
0,20,14,1267868.0,4761904.0,5.747065950532041
0,20,15,1261972.0,4761904.0,5.767309166714725
0,20,16,1285736.0,4761904.0,5.686288316645774
0,20,17,1272004.0,4761904.0,5.732921587627924
0,20,18,1257321.0,4761904.0,5.783344665008382
0,20,19,1964338.0,4761904.0,3.8456441765130354
0,20,20,1449895.0,4761904.0,5.164440835934641
0,21,0,1480486.0,4166666.0,4.493843838989823
0,21,1,1406842.0,4166666.0,4.715433634924749
0,21,2,1519193.0,4166666.0,4.3817573817050475
0,21,3,1353997.0,4166666.0,4.88170986700956
0,21,4,1399120.0,4166666.0,4.739337240572312
0,21,5,1444525.0,4166666.0,4.600636263399241
0,21,6,1317338.0,4166666.0,5.000914691154705
0,21,7,1438822.0,4166666.0,4.61781619117158
0,21,8,1263650.0,4166666.0,5.18161887099589
0,21,9,1494640.0,4166666.0,4.452520880075632
0,21,10,1472270.0,4166666.0,4.5180122611138795
0,21,11,1261247.0,4166666.0,5.189885425672025
0,21,12,1317193.0,4166666.0,5.00139274740031
0,21,13,1274824.0,4166666.0,5.143384578390396
0,21,14,1241305.0,4166666.0,5.259101840613225
0,21,15,1299183.0,4166666.0,5.061183596739496
0,21,16,1244250.0,4166666.0,5.248810393852105
0,21,17,1234590.0,4166666.0,5.282659338782704
0,21,18,1272890.0,4166666.0,5.149978141791445
0,21,19,1280522.0,4166666.0,5.124016445391687
0,21,20,1260175.0,4166666.0,5.193578291940756
0,21,21,1353341.0,4166666.0,4.883814496617715
0,21,22,1710227.0,4166666.0,3.8673493027784622
0,21,23,1281640.0,4166666.0,5.120226355135226
0,22,0,1291142.0,4000000.0,4.9108598265946775
0,22,1,1264643.0,4000000.0,5.00092046853109
0,22,2,1271514.0,4000000.0,4.977388449921892
0,22,3,1348083.0,4000000.0,4.723433592679009
0,22,4,1266530.0,4000000.0,4.994445100477041
0,22,5,1258449.0,4000000.0,5.022243713381994
0,22,6,1271873.0,4000000.0,4.976162433432551
0,22,7,1232627.0,4000000.0,5.1122831485316205
0,22,8,1241201.0,4000000.0,5.082178745171016
0,22,9,1332600.0,4000000.0,4.773601823958448
0,22,10,1698802.0,4000000.0,3.7191722771402236
0,22,11,1294891.0,4000000.0,4.898267789654102
0,22,12,1275163.0,4000000.0,4.964942885376527
0,22,13,1272207.0,4000000.0,4.975022104843914
0,22,14,1271588.0,4000000.0,4.977135705111263
0,22,15,1346281.0,4000000.0,4.729242746698842
0,22,16,1537159.0,4000000.0,4.1534119913649885
0,22,17,1433048.0,4000000.0,4.457992539759728
0,22,18,1409994.0,4000000.0,4.528427267381396
0,22,19,1439000.0,4000000.0,4.439991973913572
0,22,20,1392935.0,4000000.0,4.581291403741759
0,22,21,1295575.0,4000000.0,4.895974322513244
0,22,22,1924327.0,4000000.0,3.1778111789400243
0,22,23,1450705.0,4000000.0,4.404808834371069
0,22,24,1250583.0,4000000.0,5.049474705946778
0,23,0,1372451.0,4000000.0,4.6456314334936035
0,23,1,1250729.0,4000000.0,5.048967716059631
0,23,2,1248768.0,4000000.0,5.055782300384011
0,23,3,1272437.0,4000000.0,4.974237022678316
0,23,4,1253904.0,4000000.0,5.037957035304103
0,23,5,1249809.0,4000000.0,5.052163435871764
0,23,6,1249731.0,4000000.0,5.052434485501691
0,23,7,1667579.0,4000000.0,3.799735739559438
0,23,8,1763075.0,4000000.0,3.5578920404660073
0,23,9,1320437.0,4000000.0,4.813423061220552
0,23,10,1246719.0,4000000.0,5.062914131512732
0,23,11,1209955.0,4000000.0,5.1929077275953075
0,23,12,1255375.0,4000000.0,5.03286515627382
0,23,13,1238795.0,4000000.0,5.090605475305169
0,23,14,1255548.0,4000000.0,5.032266707452505
0,23,15,1390735.0,4000000.0,4.588156068440629
0,23,16,1254012.0,4000000.0,5.03758298925093
0,23,17,1253407.0,4000000.0,5.039678755189135
0,23,18,1252922.0,4000000.0,5.041359562667739
0,23,19,1314716.0,4000000.0,4.832280430296252
0,23,20,1394125.0,4000000.0,4.577582761194625
0,23,21,1660659.0,4000000.0,3.8177952782428304
0,23,22,1264722.0,4000000.0,5.000649180962222
0,23,23,1242757.0,4000000.0,5.076737732865402
0,23,24,1253153.0,4000000.0,5.0405589319954425
0,24,0,1253984.0,4545454.0,5.592852718405149
0,24,1,1265176.0,4545454.0,5.554263221735148
0,24,2,1352566.0,4545454.0,5.264188008724138
0,24,3,1238735.0,4545454.0,5.645988584645158
0,24,4,1249942.0,4545454.0,5.606874057858805
0,24,5,1276128.0,4545454.0,5.516830292716101
0,24,6,1244864.0,4545454.0,5.624553592256873
0,24,7,1254974.0,4545454.0,5.589425386744767
0,24,8,1826040.0,4545454.0,3.9606698039812254
0,24,9,1274927.0,4545454.0,5.52091948492325
0,24,10,1425717.0,4545454.0,5.035439389769837
0,24,11,1300166.0,4545454.0,5.435784622313589
0,24,12,1319063.0,4545454.0,5.37311728605577
0,24,13,1474079.0,4545454.0,4.890565078645969
0,24,14,1398640.0,4545454.0,5.1187132250124385
0,24,15,5579900.0,4545454.0,-0.890491487501532
0,24,16,2334856.0,4545454.0,2.8931716602920945
0,24,17,1595337.0,4545454.0,4.547248293363283
0,24,18,1369310.0,4545454.0,5.210754872640675
0,24,19,1262108.0,4545454.0,5.564807474972987
0,24,20,1317432.0,4545454.0,5.378490589554112
0,24,21,1311831.0,4545454.0,5.396993775220017
0,25,0,1323124.0,5263157.0,5.99645778087642
0,25,1,1265926.0,5263157.0,6.188380055791739
0,25,2,1249156.0,5263157.0,6.246296468841617
0,25,3,1237000.0,5263157.0,6.288766255879822
0,25,4,1241823.0,5263157.0,6.271866259959278
0,25,5,1257142.0,5263157.0,6.2186198919116595
0,25,6,1745667.0,5263157.0,4.7928492310718305
0,25,7,1250996.0,5263157.0,6.239904041573398
0,25,8,1279632.0,5263157.0,6.141612331847992
0,25,9,1234030.0,5263157.0,6.299206074355311
0,25,10,1241586.0,5263157.0,6.272695183366767
0,25,11,1260028.0,5263157.0,6.208661292182848
0,25,12,1241176.0,5263157.0,6.2741295595913025
0,25,13,1226758.0,5263157.0,6.324874264104699
0,25,14,1243051.0,5263157.0,6.267573779397341
0,25,15,1226477.0,5263157.0,6.325869168791357
0,25,16,1227685.0,5263157.0,6.321593756031245
0,25,17,1244410.0,5263157.0,6.2628283280344474
0,25,18,1661049.0,5263157.0,5.008638811367319
0,26,0,1326149.0,6250000.0,6.7328769520411775
0,26,1,1555262.0,6250000.0,6.040764564123595
0,26,2,1258479.0,6250000.0,6.960340443887465
0,26,3,1287067.0,6250000.0,6.862788620691262
0,26,4,1236933.0,6250000.0,7.0353384117358875
0,26,5,1246299.0,6250000.0,7.002577707896407
0,26,6,1223760.0,6250000.0,7.081837636649956
0,26,7,1306140.0,6250000.0,6.7989028759581025
0,26,8,1261706.0,6250000.0,6.9492184900702405
0,26,9,1231102.0,6250000.0,7.055859804956186
0,26,10,1307935.0,6250000.0,6.7929385580441926
0,26,11,1264661.0,6250000.0,6.9390589148440265
0,26,12,1714894.0,6250000.0,5.616427364858707
0,26,13,1324766.0,6250000.0,6.737408438889792
0,26,14,1246139.0,6250000.0,7.003135291412627
0,26,15,1311551.0,6250000.0,6.78094834436051
0,27,0,1237243.0,6666666.0,7.3145369215026275
0,27,1,1232869.0,6666666.0,7.329917649577559
0,27,2,1251593.0,6666666.0,7.264455719875604
0,27,3,1304249.0,6666666.0,7.085481851046602
0,27,4,1220206.0,6666666.0,7.374755413393349
0,27,5,1424396.0,6666666.0,6.7027795210010455
0,27,6,1325688.0,6666666.0,7.0146737240691115
0,27,7,1309020.0,6666666.0,7.069624154994192
0,27,8,1361648.0,6666666.0,6.898438450154697
0,27,9,1595571.0,6666666.0,6.209925632428406
0,27,10,1303739.0,6666666.0,7.087180403253084
0,27,11,1370919.0,6666666.0,6.868969020194811
0,27,12,1367266.0,6666666.0,6.880556832439809
0,27,13,1384470.0,6666666.0,6.826251480332148
0,27,14,1349607.0,6666666.0,6.93701375374901
0,28,0,1388524.0,6250000.0,6.533266266121479
0,28,1,1372072.0,6250000.0,6.585031156072701
0,28,2,1283158.0,6250000.0,6.875998813874316
0,28,3,1367690.0,6250000.0,6.59892345797676
0,28,4,1323752.0,6250000.0,6.74073388071172
0,28,5,1650058.0,6250000.0,5.783808072894152
0,28,6,1358859.0,6250000.0,6.627056222001352
0,28,7,1347819.0,6250000.0,6.662484430818037
0,28,8,1358268.0,6250000.0,6.628945482553785
0,28,9,1361063.0,6250000.0,6.620017893346227
0,28,10,1399420.0,6250000.0,6.499319409453365
0,28,11,1391023.0,6250000.0,6.525457064098985
0,28,12,1339127.0,6250000.0,6.690582507997975
0,28,13,1483629.0,6250000.0,6.245547035955077
0,28,14,1322065.0,6250000.0,6.746272093598379
0,28,15,1255519.0,6250000.0,6.970567279871137
0,29,0,1374624.0,5555555.0,6.065435293417688
0,29,1,1563308.0,5555555.0,5.506829011366536
0,29,2,1511115.0,5555555.0,5.654299348681667
0,29,3,1355877.0,5555555.0,6.125071576914715
0,29,4,1391754.0,5555555.0,6.011649732932388
0,29,5,1380742.0,5555555.0,6.046149158604446
0,29,6,1308770.0,5555555.0,6.278641200481417
0,29,7,1343599.0,5555555.0,6.164577795297124
0,29,8,1410259.0,5555555.0,5.954285714776372
0,29,9,1390770.0,5555555.0,6.014721374276774
0,29,10,1363235.0,5555555.0,6.101567237279103
0,29,11,1300244.0,5555555.0,6.307025930756737
0,29,12,1765502.0,5555555.0,4.9785923758938395
0,29,13,1461704.0,5555555.0,5.798680160422471
0,29,14,1309390.0,5555555.0,6.276584316381031
0,29,15,1349021.0,5555555.0,6.1470874114809435
0,29,16,1454419.0,5555555.0,5.820379120873863
0,29,17,1326216.0,5555555.0,6.221131883574017
0,30,0,1381485.0,4761904.0,5.374344620187151
0,30,1,1395212.0,4761904.0,5.3314043287555
0,30,2,3881155.0,4761904.0,0.888196484626743
0,30,3,1492650.0,4761904.0,5.038226504841321
0,30,4,1966561.0,4761904.0,3.8407321361060425
0,30,5,1332029.0,4761904.0,5.532669556872625
0,30,6,1375253.0,4761904.0,5.393980347788418
0,30,7,1383672.0,4761904.0,5.367474831383332
0,30,8,1322965.0,4761904.0,5.5623228101544235
0,30,9,1373821.0,4761904.0,5.398504851343687
0,30,10,1363299.0,4761904.0,5.431895196293963
0,30,11,1374496.0,4761904.0,5.39637155463025
0,30,12,1367368.0,4761904.0,5.418952237267406
0,30,13,1385189.0,4761904.0,5.362716016874641
0,30,14,1320183.0,4761904.0,5.5714649973858315
0,30,15,1371026.0,4761904.0,5.407349449942142
0,30,16,1511911.0,4761904.0,4.982544089963865
0,30,17,1400672.0,4761904.0,5.314441887641268
0,30,18,1452856.0,4761904.0,5.155580644985157
0,30,19,1364187.0,4761904.0,5.429067291670025
0,30,20,1365605.0,4761904.0,5.4245553755186915
0,31,0,1406220.0,4166666.0,4.7173541839360835
0,31,1,1328669.0,4166666.0,4.963718864723948
0,31,2,1324950.0,4166666.0,4.975891993086841
0,31,3,1401606.0,4166666.0,4.731627408439082
0,31,4,1412754.0,4166666.0,4.6972214319023236
0,31,5,1424745.0,4166666.0,4.660515472657521
0,31,6,1593708.0,4166666.0,4.173799361109824
0,31,7,1386684.0,4166666.0,4.778111842470961
0,31,8,1303278.0,4166666.0,5.047516245942228
0,31,9,1308216.0,4166666.0,5.031092323792603
0,31,10,1374651.0,4166666.0,4.8159623646254985
0,31,11,1410028.0,4166666.0,4.705609519439376
0,31,12,1381727.0,4166666.0,4.793664446816862
0,31,13,1280817.0,4166666.0,5.123016055574268
0,31,14,1326825.0,4166666.0,4.969750429121023
0,31,15,1410293.0,4166666.0,4.704793385119609
0,31,16,1897848.0,4166666.0,3.415272622720013
0,31,17,2831090.0,4166666.0,1.6783501304899515
0,31,18,1318699.0,4166666.0,4.996430119486011
0,31,19,1384094.0,4166666.0,4.786231028026362
0,31,20,1319907.0,4166666.0,4.992453566936728
0,31,21,1361928.0,4166666.0,4.856345401299564
0,31,22,1379949.0,4166666.0,4.799256527100801
0,31,23,1233373.0,4166666.0,5.28694251828999
0,32,0,1380024.0,4000000.0,4.621733520448916
0,32,1,1265325.0,4000000.0,4.998579025130758
0,32,2,1314404.0,4000000.0,4.833311192520798
0,32,3,1394776.0,4000000.0,4.575555254927074
0,32,4,1556274.0,4000000.0,4.099739293863383
0,32,5,1444656.0,4000000.0,4.4229554568005245
0,32,6,1525063.0,4000000.0,4.187722066699295
0,32,7,1366564.0,4000000.0,4.664300156022638
0,32,8,1294653.0,4000000.0,4.899066093038667
0,32,9,1360941.0,4000000.0,4.682206934059217
0,32,10,1304568.0,4000000.0,4.865932699039233
0,32,11,1244131.0,4000000.0,5.071938797980902
0,32,12,1319773.0,4000000.0,4.815607520351179
0,32,13,1392886.0,4000000.0,4.581444180460834
0,32,14,1445374.0,4000000.0,4.42079753148887
0,32,15,1399900.0,4000000.0,4.559629777920929
0,32,16,1555704.0,4000000.0,4.101330229644118
0,32,17,1457264.0,4000000.0,4.3852175503005295
0,32,18,1345414.0,4000000.0,4.732040488113317
0,32,19,1363825.0,4000000.0,4.673013441821468
0,32,20,1378890.0,4000000.0,4.62530369313435
0,32,21,1320524.0,4000000.0,4.813136925833175
0,32,22,1236958.0,4000000.0,5.097050375985228
0,32,23,1359200.0,4000000.0,4.687766254669732
0,32,24,1323665.0,4000000.0,4.802819058167252
0,33,0,2179539.0,4166666.0,2.8142404424625806
0,33,1,1426546.0,4166666.0,4.655029084450012
0,33,2,1587837.0,4166666.0,4.189827710841945
0,33,3,1380711.0,4166666.0,4.796859039517291
0,33,4,1372397.0,4166666.0,4.823089287648984
0,33,5,1271023.0,4166666.0,5.15635279330893
0,33,6,1329420.0,4166666.0,4.961264807206777
0,33,7,1372601.0,4166666.0,4.82244377843935
0,33,8,1257906.0,4166666.0,5.201405001614838
0,33,9,1394580.0,4166666.0,4.753452562070893
0,33,10,1403020.0,4166666.0,4.727248268764543
0,33,11,1437116.0,4166666.0,4.622968642114759
0,33,12,1368643.0,4166666.0,4.83498508270777
0,33,13,1357963.0,4166666.0,4.869007517836961
0,33,14,1594333.0,4166666.0,4.172096534485781
0,33,15,1350442.0,4166666.0,4.893127523480454
0,33,16,1349941.0,4166666.0,4.894739009983887
0,33,17,1431572.0,4166666.0,4.639754933305896
0,33,18,1304589.0,4166666.0,5.043149764724149
0,33,19,1317671.0,4166666.0,4.999817009414387
0,33,20,1350056.0,4166666.0,4.894369055013945
0,33,21,1383783.0,4166666.0,4.78720697879614
0,33,22,1315730.0,4166666.0,5.006219116362986
0,33,23,1400431.0,4166666.0,4.735269730408044
0,34,0,1322054.0,4545454.0,5.363280725610435
0,34,1,1493573.0,4545454.0,4.833508129898016
0,34,2,1618198.0,4545454.0,4.485456069886794
0,34,3,1360516.0,4545454.0,5.23873613507609
0,34,4,1526357.0,4545454.0,4.739211443236117
0,34,5,1285576.0,4545454.0,5.48479510933843
0,34,6,1317675.0,4545454.0,5.377689608346126
0,34,7,1448241.0,4545454.0,4.967364287779329
0,34,8,1376695.0,4545454.0,5.187395319535373
0,34,9,1311235.0,4545454.0,5.398967339862834
0,34,10,1436197.0,4545454.0,5.003632518463515
0,34,11,1322287.0,4545454.0,5.362515388503418
0,34,12,1248953.0,4545454.0,5.610311715423677
0,34,13,1575401.0,4545454.0,4.601861502567266
0,34,14,1424671.0,4545454.0,5.0386268298549215
0,34,15,1398863.0,4545454.0,5.1180208384829555
0,34,16,1381010.0,4545454.0,5.173804437125723
0,34,17,1307835.0,4545454.0,5.410243113843301
0,34,18,1390312.0,4545454.0,5.144649958202653
0,34,19,1295105.0,4545454.0,5.452722870065615
0,34,20,1260263.0,4545454.0,5.571160810481619
0,34,21,1423675.0,4545454.0,5.041664082503342
0,35,0,1377789.0,5263157.0,5.820636121099963
0,35,1,1358161.0,5263157.0,5.88295069803483
0,35,2,1374241.0,5263157.0,5.8318342379482395
0,35,3,1593364.0,5263157.0,5.189313245991579
0,35,4,1538259.0,5263157.0,5.34216860492367
0,35,5,1392887.0,5263157.0,5.773304401406291
0,35,6,1350661.0,5263157.0,5.906999653170516
0,35,7,1378270.0,5263157.0,5.81912021996783
0,35,8,1377046.0,5263157.0,5.822978771805928
0,35,9,1429325.0,5263157.0,5.6611533529349245
0,35,10,1386024.0,5263157.0,5.794755747556557
0,35,11,1342177.0,5263157.0,5.934365328905091
0,35,12,1372083.0,5263157.0,5.838659417241281
0,35,13,1330158.0,5263157.0,5.973430944360125
0,35,14,1771208.0,5263157.0,4.729767601038595
0,35,15,1521139.0,5263157.0,5.390774240012059
0,35,16,1398000.0,5263157.0,5.757391538074402
0,35,17,1366507.0,5263157.0,5.856344644876645
0,35,18,1358190.0,5263157.0,5.882857966720094
0,36,0,1362768.0,6250000.0,6.61458090266394
0,36,1,1378369.0,6250000.0,6.5651452022877885
0,36,2,1380349.0,6250000.0,6.5589111238366975
0,36,3,1320723.0,6250000.0,6.750682763276076
0,36,4,1359876.0,6250000.0,6.623807082172006
0,36,5,1377222.0,6250000.0,6.568760657553189
0,36,6,1344635.0,6250000.0,6.6727560586710934
0,36,7,1726366.0,6250000.0,5.587471431550247
0,36,8,1338660.0,6250000.0,6.692097307532853
0,36,9,1295005.0,6250000.0,6.836085721173703
0,36,10,1383539.0,6250000.0,6.548886115497425
0,36,11,1329568.0,6250000.0,6.721694633639228
0,36,12,1380970.0,6250000.0,6.556957732158236
0,36,13,1413192.0,6250000.0,6.456788470908126
0,36,14,1386229.0,6250000.0,6.5404503726942
0,36,15,1326659.0,6250000.0,6.731207097392824
0,37,0,1381399.0,6666666.0,6.835895602320568
0,37,1,1310150.0,6666666.0,7.065876763301407
0,37,2,1672914.0,6666666.0,6.0043508188746575
0,37,3,1336418.0,6666666.0,6.97966381066562
0,37,4,1262772.0,6666666.0,7.225837539908476
0,37,5,1451449.0,6666666.0,6.621069170148994
0,37,6,1297894.0,6666666.0,7.106694727661545
0,37,7,1390437.0,6666666.0,6.807573815330985
0,37,8,1328865.0,6666666.0,7.004278345052198
0,37,9,1329871.0,6666666.0,7.000991818901089
0,37,10,1260578.0,6666666.0,7.233389741017399
0,37,11,1342442.0,6666666.0,6.96013166364197
0,37,12,1296977.0,6666666.0,7.109764229432411
0,37,13,1337036.0,6666666.0,6.977655966172341
0,37,14,1802549.0,6666666.0,5.680216182202838
0,38,0,1424176.0,6250000.0,6.42316354513995
0,38,1,1336112.0,6250000.0,6.7003715280990495
0,38,2,1271325.0,6250000.0,6.916234300757308
0,38,3,1258400.0,6250000.0,6.960613077288448
0,38,4,1338925.0,6250000.0,6.691237666938212
0,38,5,1474821.0,6250000.0,6.271407044398387
0,38,6,1422180.0,6250000.0,6.429254504443493
0,38,7,1498571.0,6250000.0,6.202026933672177
0,38,8,1412430.0,6250000.0,6.459130839443143
0,38,9,1400989.0,6250000.0,6.494452919498462
0,38,10,1447952.0,6250000.0,6.35125852223731
0,38,11,1622638.0,6250000.0,5.856583749903778
0,38,12,1380990.0,6250000.0,6.556894835594649
0,38,13,1285555.0,6250000.0,6.867893555129712
0,38,14,1309782.0,6250000.0,6.78680999608591
0,38,15,1293749.0,6250000.0,6.840299902297681
0,39,0,1336835.0,5555555.0,6.186496440643418
0,39,1,1362432.0,5555555.0,6.1041261594002405
0,39,2,1281899.0,5555555.0,6.368736427201897
0,39,3,1339980.0,5555555.0,6.176291351580022
0,39,4,1369044.0,5555555.0,6.083100452250527
0,39,5,1472400.0,5555555.0,5.767016426926145
0,39,6,1491949.0,5555555.0,5.709734737710345
0,39,7,1453296.0,5555555.0,5.823733732501388
0,39,8,1477935.0,5555555.0,5.750721173827786
0,39,9,1403734.0,5555555.0,5.974426323322345
0,39,10,1372484.0,5555555.0,6.0722016118825675
0,39,11,1325562.0,5555555.0,6.223274058348251
0,39,12,1363528.0,5555555.0,6.100633908759629
0,39,13,1274394.0,5555555.0,6.394237333799325
0,39,14,1319781.0,5555555.0,6.242255796418917
0,39,15,1374475.0,5555555.0,6.06590606495314
0,39,16,2736536.0,5555555.0,3.0752628566933033
0,39,17,1565995.0,5555555.0,5.4993708038380955
0,40,0,1613736.0,4761904.0,4.699481482188862
0,40,1,1388424.0,4761904.0,5.352585235932688
0,40,2,1334599.0,4761904.0,5.524298406760479
0,40,3,1421731.0,4761904.0,5.24963202723431
0,40,4,1323388.0,4761904.0,5.560934434775858
0,40,5,1240500.0,4761904.0,5.841838671707301
0,40,6,1349892.0,4761904.0,5.474816122323207
0,40,7,1333405.0,4761904.0,5.528185564695853
0,40,8,1306459.0,4761904.0,5.616848507651008
0,40,9,1314862.0,4761904.0,5.589004614957496
0,40,10,1237336.0,4761904.0,5.8529298697331775
0,40,11,1519682.0,4761904.0,4.960279163169735
0,40,12,1282480.0,4761904.0,5.697300346714122
0,40,13,3365947.0,4761904.0,1.5067336246023346
0,40,14,4854324.0,4761904.0,-0.08348124003560153
0,40,15,1440495.0,4761904.0,5.192688806086756
0,40,16,1476154.0,4761904.0,5.0864896808774285
0,40,17,1377279.0,4761904.0,5.387587101284955
0,40,18,1743616.0,4761904.0,4.363297901844997
0,40,19,1522927.0,4761904.0,4.951015494205942
0,40,20,1299111.0,4761904.0,5.641343756774702
0,41,0,1232462.0,4166666.0,5.2901515107084975
0,41,1,1288177.0,4166666.0,5.098131481051613
0,41,2,1234082.0,4166666.0,5.284446709481775
0,41,3,1226125.0,4166666.0,5.312539412592096
0,41,4,1256609.0,4166666.0,5.205885229356434
0,41,5,1226293.0,4166666.0,5.311944395975239
0,41,6,1229433.0,4166666.0,5.300838226831338
0,41,7,1303511.0,4166666.0,5.046739883800506
0,41,8,1310574.0,4166666.0,5.023271409056549
0,41,9,1270378.0,4166666.0,5.158557246260998
0,41,10,1475146.0,4166666.0,4.509536828216955
0,41,11,1274167.0,4166666.0,5.145623358212915
0,41,12,1243423.0,4166666.0,5.251697924084295
0,41,13,1254325.0,4166666.0,5.213786105048467
0,41,14,1225791.0,4166666.0,5.313722604494696
0,41,15,1218256.0,4166666.0,5.340501298105497
0,41,16,1285574.0,4166666.0,5.106916083150502
0,41,17,1224181.0,4166666.0,5.319430540883482
0,41,18,1218916.0,4166666.0,5.338149109872061
0,41,19,1289536.0,4166666.0,5.093552179511144
0,41,20,1223110.0,4166666.0,5.323231718755764
0,41,21,1404735.0,4166666.0,4.721942854801495
0,41,22,1616711.0,4166666.0,4.111562955631805
0,41,23,1474122.0,4166666.0,4.512552610894823
0,42,0,1540165.0,4000000.0,4.1449274143245045
0,42,1,1311479.0,4000000.0,4.842986504672689
0,42,2,1259259.0,4000000.0,5.019449278582736
0,42,3,1244435.0,4000000.0,5.0708777409452015
0,42,4,1234486.0,4000000.0,5.105738222582479
0,42,5,1216307.0,4000000.0,5.170167851591261
0,42,6,1271329.0,4000000.0,4.978020376307389
0,42,7,1230338.0,4000000.0,5.1203555357176835
0,42,8,1224594.0,4000000.0,5.140678640849156
0,42,9,2809007.0,4000000.0,1.5350716987021293
0,42,10,2416662.0,4000000.0,2.188440781150611
0,42,11,3191481.0,4000000.0,0.9806772806103176
0,42,12,3737623.0,4000000.0,0.29464497729976813
0,42,13,2188565.0,4000000.0,2.619005417166777
0,42,14,1612946.0,4000000.0,3.944401634892754
0,42,15,1725912.0,4000000.0,3.650413429897389
0,42,16,2686672.0,4000000.0,1.728453421203489
0,42,17,2402159.0,4000000.0,2.21458241159804
0,42,18,1768627.0,4000000.0,3.5442374062424924
0,42,19,2995965.0,4000000.0,1.25523255863836
0,42,20,2017587.0,4000000.0,2.972277203971587
0,42,21,2066942.0,4000000.0,2.8673170117061106
0,42,22,2197991.0,4000000.0,2.600340815199899
0,42,23,2620918.0,4000000.0,1.8360655783065778
0,42,24,2074427.0,4000000.0,2.8516183490821154
0,43,0,1564882.0,4166666.0,4.25307093679793
0,43,1,1691385.0,4166666.0,3.915462140572674
0,43,2,1786178.0,4166666.0,3.67863952856919
0,43,3,2351655.0,4166666.0,2.484150799797622
0,43,4,2301640.0,4166666.0,2.577512922876479
0,43,5,2022441.0,4166666.0,3.1391282786093155
0,43,6,2276622.0,4166666.0,2.624977604882241
0,43,7,1603352.0,4166666.0,4.1475981094140275
0,43,8,1702771.0,4166666.0,3.8863244372982515
0,43,9,1540234.0,4166666.0,4.322019827773446
0,43,10,1842531.0,4166666.0,3.543738853417253
0,43,11,1336872.0,4166666.0,4.93698861460634
0,43,12,1377050.0,4166666.0,4.808389792416134
0,43,13,1755616.0,4166666.0,3.7535915861965123
0,43,14,1611615.0,4166666.0,4.125273878989592
0,43,15,1859899.0,4166666.0,3.5029932788101066
0,43,16,1815825.0,4166666.0,3.607146976979983
0,43,17,1308560.0,4166666.0,5.029950481291485
0,43,18,1346739.0,4166666.0,4.905052518331847
0,43,19,1234269.0,4166666.0,5.28378867447564
0,43,20,1237137.0,4166666.0,5.273708929316583
0,43,21,1249321.0,4166666.0,5.2311464865181705
0,43,22,1391202.0,4166666.0,4.763984954619204
0,43,23,4766621.0,4166666.0,-0.5842193320083909
0,44,0,1691017.0,4545454.0,4.29429293427407
0,44,1,1594698.0,4545454.0,4.548988175073973
0,44,2,1385881.0,4545454.0,5.1585132629756245
0,44,3,1292145.0,4545454.0,5.462660156584529
0,44,4,1285523.0,4545454.0,5.484974158122969
0,44,5,1277833.0,4545454.0,5.511031674791638
0,44,6,1390347.0,4545454.0,5.144540629393422
0,44,7,1264762.0,4545454.0,5.555684583974957
0,44,8,1256831.0,4545454.0,5.583003829340192
0,44,9,1288135.0,4545454.0,5.476158864278895
0,44,10,1289647.0,4545454.0,5.471064148496543
0,44,11,1306140.0,4545454.0,5.415875373141878
0,44,12,1390002.0,4545454.0,5.145618419246606
0,44,13,1487377.0,4545454.0,4.85156205555948
0,44,14,1317947.0,4545454.0,5.376793211977473
0,44,15,1259076.0,4545454.0,5.5752532139903535
0,44,16,1247386.0,4545454.0,5.6157640161130224
0,44,17,1247376.0,4545454.0,5.615798832619118
0,44,18,1295228.0,4545454.0,5.452310427176501
0,44,19,1192133.0,4545454.0,5.812525570072966
0,44,20,1206394.0,4545454.0,5.760880984947873
0,44,21,2166153.0,4545454.0,3.2188813854553007
0,45,0,1405775.0,5263157.0,5.733305095674037
0,45,1,1479834.0,5263157.0,5.510333239622436
0,45,2,1674781.0,5263157.0,4.972882999396118
0,45,3,1337992.0,5263157.0,5.94792808471578
0,45,4,1278850.0,5263157.0,6.144267174019438
0,45,5,1248401.0,5263157.0,6.248922173430741
0,45,6,1296489.0,5263157.0,6.084774888472257
0,45,7,1359848.0,5263157.0,5.8775595835458585
0,45,8,1266053.0,5263157.0,6.187944385517632
0,45,9,1243779.0,5263157.0,6.265031053180774
0,45,10,1209250.0,5263157.0,6.3873022915661
0,45,11,1224999.0,5263157.0,6.33110591042804
0,45,12,1305622.0,5263157.0,6.054288657940633
0,45,13,1366103.0,5263157.0,5.857628801576411
0,45,14,1260392.0,5263157.0,6.207406872740756
0,45,15,1525668.0,5263157.0,5.377862879645305
0,45,16,1343602.0,5263157.0,5.9297568358400685
0,45,17,1315213.0,5263157.0,6.022502322897089
0,45,18,1243976.0,5263157.0,6.264343236148038
0,46,0,1316936.0,6250000.0,6.763153475624076
0,46,1,1258192.0,6250000.0,6.961330978739629
0,46,2,1232407.0,6250000.0,7.051258609247974
0,46,3,1253435.0,6250000.0,6.97778199890093
0,46,4,1231449.0,6250000.0,7.054635869401407
0,46,5,1222071.0,6250000.0,7.087835790214408
0,46,6,1336062.0,6250000.0,6.700534052875488
0,46,7,1235956.0,6250000.0,7.038770071878306
0,46,8,1437851.0,6250000.0,6.381661335437544
0,46,9,1412759.0,6250000.0,6.458119346865534
0,46,10,1283207.0,6250000.0,6.8758329728531375
0,46,11,1274670.0,6250000.0,6.904822527538331
0,46,12,1369707.0,6250000.0,6.59252342079891
0,46,13,1344705.0,6250000.0,6.672529976333122
0,46,14,1370179.0,6250000.0,6.591027103087254
0,46,15,1379853.0,6250000.0,6.560471952104646
0,47,0,1304011.0,6666666.0,7.0862744260734765
0,47,1,1406852.0,6666666.0,6.756602852002932
0,47,2,1316283.0,6666666.0,7.045594251631116
0,47,3,1315314.0,6666666.0,7.048792548117878
0,47,4,1534797.0,6666666.0,6.3785775588402815
0,47,5,1312731.0,6666666.0,7.057329563336228
0,47,6,1387756.0,6666666.0,6.815955838231601
0,47,7,1383991.0,6666666.0,6.827754315726308
0,47,8,1353319.0,6666666.0,6.925085183523159
0,47,9,1346041.0,6666666.0,6.948504089474367
0,47,10,1347672.0,6666666.0,6.94324492202375
0,47,11,1329714.0,6666666.0,7.001504562308335
0,47,12,1307896.0,6666666.0,7.073354859592103
0,47,13,1280272.0,6666666.0,7.166064500937618
0,47,14,1388919.0,6666666.0,6.812317785438317
0,48,0,1348419.0,6250000.0,6.660551539927521
0,48,1,1647621.0,6250000.0,5.790226986591136
0,48,2,1418388.0,6250000.0,6.440849690009518
0,48,3,1388783.0,6250000.0,6.532456256488847
0,48,4,1374582.0,6250000.0,6.577093647722397
0,48,5,1288626.0,6250000.0,6.8575312769009145
0,48,6,1485089.0,6250000.0,6.2412753604729465
0,48,7,1354328.0,6250000.0,6.641561599823156
0,48,8,1392944.0,6250000.0,6.519463603457067
0,48,9,1381399.0,6250000.0,6.555608800612637
0,48,10,1367138.0,6250000.0,6.600676625322319
0,48,11,1261512.0,6250000.0,6.949886312903266
0,48,12,1513054.0,6250000.0,6.160255893317771
0,48,13,1792007.0,6250000.0,5.425403155584623
0,48,14,1486615.0,6250000.0,6.236815068077492
0,48,15,1902344.0,6250000.0,5.1659096436768674
0,49,0,1364585.0,5555555.0,6.097268584153632
0,49,1,1375531.0,5555555.0,6.062570690445364
0,49,2,1380609.0,5555555.0,6.046567512997914
0,49,3,1478027.0,5555555.0,5.750450838198654
0,49,4,1298322.0,5555555.0,6.313450352121692
0,49,5,1337256.0,5555555.0,6.185128963034078
0,49,6,1956825.0,5555555.0,4.531754632812212
0,49,7,1574020.0,5555555.0,5.477172051249761
0,49,8,1350091.0,5555555.0,6.143644092937813
0,49,9,1343579.0,5555555.0,6.164642442221431
0,49,10,1325370.0,5555555.0,6.223903154384446
0,49,11,1354541.0,5555555.0,6.129352964322955
0,49,12,1320473.0,5555555.0,6.23997925947695
0,49,13,1369910.0,5555555.0,6.080354155424359
0,49,14,1367217.0,5555555.0,6.088900016958359
0,49,15,1369565.0,5555555.0,6.081448026308735
0,49,16,1325462.0,5555555.0,6.223601701162581
0,49,17,1433125.0,5555555.0,5.884433793932295
0,50,0,1335406.0,4545454.0,5.319639438687201
0,50,1,1589462.0,4545454.0,4.563271175657255
0,50,2,1417576.0,4545454.0,5.060309151971001
0,50,3,1366456.0,4545454.0,5.219816151280693
0,50,4,1273755.0,4545454.0,5.524913652643408
0,50,5,1277944.0,4545454.0,5.510654437751618
0,50,6,1374475.0,4545454.0,5.194404220905232
0,50,7,1374732.0,4545454.0,5.193592250892248
0,50,8,1373567.0,4545454.0,5.197274187258866
0,50,9,1353768.0,4545454.0,5.260330229147981
0,50,10,1379253.0,4545454.0,5.1793332980187685
0,50,11,1793162.0,4545454.0,4.0395774017294555
0,50,12,1819034.0,4545454.0,3.9773645042096684
0,50,13,1341727.0,4545454.0,5.299131077530518
0,50,14,1373098.0,4545454.0,5.1987573249112
0,50,15,1423034.0,4545454.0,5.043619904244201
0,50,16,1359505.0,4545454.0,5.241964578837544
0,50,17,1352134.0,4545454.0,5.265575336100761
0,50,18,1393542.0,4545454.0,5.134572046027505
0,50,19,1368111.0,4545454.0,5.21455932301277
0,50,20,1362771.0,4545454.0,5.2315438392914695
0,50,21,1409624.0,4545454.0,5.0847398171324105
0,51,0,1249371.0,4166666.0,5.230972677788658
0,51,1,1289394.0,4166666.0,5.09403043845181
0,51,2,1809854.0,4166666.0,3.621451468336305
0,51,3,1323549.0,4166666.0,4.980486645574141
0,51,4,1279521.0,4166666.0,5.127412707083698
0,51,5,1349795.0,4166666.0,4.895208737352931
0,51,6,1380804.0,4166666.0,4.796566523367046
0,51,7,1514546.0,4166666.0,4.395062204801788
0,51,8,1300783.0,4166666.0,5.055838363311343
0,51,9,1278879.0,4166666.0,5.1295923276530715
0,51,10,1409475.0,4166666.0,4.707313116502917
0,51,11,1293982.0,4166666.0,5.078604537012369
0,51,12,1351324.0,4166666.0,4.890291987415185
0,51,13,1510087.0,4166666.0,4.407867199640629
0,51,14,1521144.0,4166666.0,4.376183600571598
0,51,15,1381408.0,4166666.0,4.794667220408037
0,51,16,1318439.0,4166666.0,4.997286476382469
0,51,17,1355792.0,4166666.0,4.875956218227035
0,51,18,1293561.0,4166666.0,5.08001775394051
0,51,19,1268623.0,4166666.0,5.164561079557056
0,51,20,1357554.0,4166666.0,4.870315750813897
0,51,21,1315749.0,4166666.0,5.006156401857901
0,51,22,1270765.0,4166666.0,5.157234440218238
0,51,23,1252844.0,4166666.0,5.218916913562045
0,52,0,1257862.0,4000000.0,5.0242699403905124
0,52,1,1339813.0,4000000.0,4.750158039597039
0,52,2,1517711.0,4000000.0,4.2087090952760455
0,52,3,1515599.0,4000000.0,4.2147568127464075
0,52,4,1323976.0,4000000.0,4.801798787031602
0,52,5,1360545.0,4000000.0,4.683470806929019
0,52,6,1385778.0,4000000.0,4.603663289433898
0,52,7,1296967.0,4000000.0,4.891310652826095
0,52,8,1361985.0,4000000.0,4.678876667564098
0,52,9,1385281.0,4000000.0,4.605221136883703
0,52,10,1365552.0,4000000.0,4.667517486734706
0,52,11,1372548.0,4000000.0,4.645324500305198
0,52,12,1321186.0,4000000.0,4.810960283029551
0,52,13,1716521.0,4000000.0,3.674108703542323
0,52,14,1389058.0,4000000.0,4.593396112821689
0,52,15,1374801.0,4000000.0,4.638201519664087
0,52,16,1326860.0,4000000.0,4.792348894394057
0,52,17,1401193.0,4000000.0,4.555620323004685
0,52,18,1301248.0,4000000.0,4.8769991631340925
0,52,19,1382352.0,4000000.0,4.614413461244607
0,52,20,1429909.0,4000000.0,4.4675159166387015
0,52,21,1381181.0,4000000.0,4.618093959134416
0,52,22,1313468.0,4000000.0,4.836404947865439
0,52,23,1386932.0,4000000.0,4.600048227916073
0,52,24,1334717.0,4000000.0,4.76670799310713
0,53,0,1593845.0,4166666.0,4.173426044374024
0,53,1,1393791.0,4166666.0,4.75591032938641
0,53,2,2277266.0,4166666.0,2.623749267039017
0,53,3,1379001.0,4166666.0,4.802241076911761
0,53,4,1371938.0,4166666.0,4.8245420342637555
0,53,5,1303483.0,4166666.0,5.046833173201968
0,53,6,1373080.0,4166666.0,4.820928474520635
0,53,7,1383106.0,4166666.0,4.789332234779419
0,53,8,1399413.0,4166666.0,4.738427847803583
0,53,9,1368035.0,4166666.0,4.836914802238833
0,53,10,1323304.0,4166666.0,4.98129063543206
0,53,11,1724047.0,4166666.0,3.832395876592021
0,53,12,1407551.0,4166666.0,4.713245491377043
0,53,13,1314583.0,4166666.0,5.0100067705495235
0,53,14,1444218.0,4166666.0,4.601559352829116
0,53,15,1343265.0,4166666.0,4.916269898446598
0,53,16,1327820.0,4166666.0,4.9664948297491325
0,53,17,1389719.0,4166666.0,4.768616936453394
0,53,18,1309015.0,4166666.0,5.028440656424911
0,53,19,6968400.0,4166666.0,-2.233443832796777
0,53,20,1613396.0,4166666.0,4.120477129143465
0,53,21,1533308.0,4166666.0,4.341592871987704
0,53,22,1444811.0,4166666.0,4.599776493388208
0,53,23,1420702.0,4166666.0,4.672856969595921
0,54,0,1454006.0,4761904.0,5.152144371228475
0,54,1,1378205.0,4761904.0,5.38466814617303
0,54,2,1409445.0,4761904.0,5.287325024763016
0,54,3,1386493.0,4761904.0,5.3586295448609995
0,54,4,1410498.0,4761904.0,5.284081610901818
0,54,5,2180715.0,4761904.0,3.391817249068439
0,54,6,1478037.0,4761904.0,5.08095329802221
0,54,7,1440010.0,4761904.0,5.194151277602782
0,54,8,1441235.0,4761904.0,5.190458354769857
0,54,9,1381146.0,4761904.0,5.375410458007
0,54,10,1297850.0,4761904.0,5.645561343290022
0,54,11,1233597.0,4761904.0,5.8660733123698385
0,54,12,1206395.0,4761904.0,5.96291107217541
0,54,13,1235284.0,4761904.0,5.860138195164936
0,54,14,1238367.0,4761904.0,5.8493126536395925
0,54,15,1230892.0,4761904.0,5.8756068671578525
0,54,16,1404854.0,4761904.0,5.30149443416181
0,54,17,1728378.0,4761904.0,4.401419061074869
0,54,18,1296854.0,4761904.0,5.648895498748379
0,54,19,1251664.0,4761904.0,5.80292874420632
0,54,20,1221148.0,4761904.0,5.91012333268845
0,55,0,1229041.0,5555555.0,6.551610805606469
0,55,1,1249135.0,5555555.0,6.4811807427265675
0,55,2,1241816.0,5555555.0,6.506702003163181
0,55,3,1227005.0,5555555.0,6.558811190026801
0,55,4,1226385.0,5555555.0,6.561006214743719
0,55,5,1221900.0,5555555.0,6.576917866615833
0,55,6,1225343.0,5555555.0,6.564697773329259
0,55,7,1287565.0,5555555.0,6.349582887607975
0,55,8,1221724.0,5555555.0,6.577543460642961
0,55,9,1749219.0,5555555.0,5.018832654663075
0,55,10,1424903.0,5555555.0,5.909421506304977
0,55,11,1226399.0,5555555.0,6.560956637424668
0,55,12,1337429.0,5555555.0,6.1845671552288675
0,55,13,1256073.0,5555555.0,6.457125711616914
0,55,14,1248683.0,5555555.0,6.482752523440478
0,55,15,1248317.0,5555555.0,6.484025665463024
0,55,16,1284972.0,5555555.0,6.358337871290979
0,55,17,1209104.0,5555555.0,6.622637935480938
0,56,0,1222312.0,6250000.0,7.086979418929893
0,56,1,1233205.0,6250000.0,7.048447404495077
0,56,2,1236310.0,6250000.0,7.0375263525726615
0,56,3,1477029.0,6250000.0,6.26490995006849
0,56,4,1450668.0,6250000.0,6.343119862060753
0,56,5,1263771.0,6250000.0,6.942116320420743
0,56,6,1226775.0,6250000.0,7.071151002721959
0,56,7,1241329.0,6250000.0,7.019931158226709
0,56,8,1226877.0,6250000.0,7.07078992431981
0,56,9,1221183.0,6250000.0,7.090992674573636
0,56,10,1439193.0,6250000.0,6.377609793389638
0,56,11,1283804.0,6250000.0,6.873812928448414
0,56,12,1228181.0,6250000.0,7.066176427957131
0,56,13,1238049.0,6250000.0,7.031421836385827
0,56,14,1221651.0,6250000.0,7.0893286251947805
0,56,15,1261468.0,6250000.0,6.950037792163552
0,57,0,1541244.0,6666666.0,6.360372985984856
0,57,1,1267061.0,6666666.0,7.211111739292283
0,57,2,1228149.0,6666666.0,7.346576385661379
0,57,3,1237120.0,6666666.0,7.314968695024282
0,57,4,1231215.0,6666666.0,7.335747996115684
0,57,5,1226958.0,6666666.0,7.350790008680837
0,57,6,1268555.0,6666666.0,7.20599396096112
0,57,7,1224310.0,6666666.0,7.360173007483234
0,57,8,1220346.0,6666666.0,7.374257155396526
0,57,9,1214389.0,6666666.0,7.395508728081084
0,57,10,1242334.0,6666666.0,7.296703264276376
0,57,11,1400597.0,6666666.0,6.775955057362536
0,57,12,1309597.0,6666666.0,7.067710259834161
0,57,13,1653191.0,6666666.0,6.055856652053288
0,57,14,1261648.0,6666666.0,7.229704939389682
0,58,0,1246224.0,6250000.0,7.00283906625621
0,58,1,1239076.0,6250000.0,7.027820722526253
0,58,2,1232123.0,6250000.0,7.05225952734113
0,58,3,1225925.0,6250000.0,7.07416115744448
0,58,4,1216338.0,6250000.0,7.1082574245872685
0,58,5,1221757.0,6250000.0,7.088951813666697
0,58,6,1215940.0,6250000.0,7.109678719400938
0,58,7,1390510.0,6250000.0,6.527059008578828
0,58,8,1218850.0,6250000.0,7.0992975568029895
0,58,9,1310035.0,6250000.0,6.785971185556296
0,58,10,1520425.0,6250000.0,6.139150153496149
0,58,11,1285005.0,6250000.0,6.869751998182522
0,58,12,1322563.0,6250000.0,6.744636486212054
0,58,13,1293156.0,6250000.0,6.842290981462007
0,58,14,1348062.0,6250000.0,6.661701506353729
0,58,15,1499387.0,6250000.0,6.199662762419714
0,59,0,1322034.0,5263157.0,6.000037007615001
0,59,1,1319316.0,5263157.0,6.008974958423882
0,59,2,1407034.0,5263157.0,5.729417332308446
0,59,3,1370058.0,5263157.0,5.845073722601369
0,59,4,1377248.0,5263157.0,5.822341748412624
0,59,5,1407713.0,5263157.0,5.72732203948865
0,59,6,1764004.0,5263157.0,4.747467596276749
0,59,7,1326051.0,5263157.0,5.986860978356447
0,59,8,1304028.0,5263157.0,6.059594085796826
0,59,9,1282275.0,5263157.0,6.132651501319097
0,59,10,1282642.0,5263157.0,6.131408684682565
0,59,11,1377781.0,5263157.0,5.820661338066727
0,59,12,1371775.0,5263157.0,5.839634414496882
0,59,13,1433185.0,5263157.0,5.649440711118933
0,59,14,1309768.0,5263157.0,6.040519495940018
0,59,15,1355032.0,5263157.0,5.892967737267366
0,59,16,1336444.0,5263157.0,5.9529555965580085
0,59,17,1385413.0,5263157.0,5.796670667020662
0,59,18,1660852.0,5263157.0,5.009153914093351
0,60,0,1484597.0,4545454.0,4.859686884456535
0,60,1,1346922.0,4545454.0,5.282348205231465
0,60,2,1302703.0,4545454.0,5.4273185377776105
0,60,3,1788030.0,4545454.0,4.052024658435181
0,60,4,1401060.0,4545454.0,5.111205328395261
0,60,5,1392699.0,4545454.0,5.1372000330495595
0,60,6,1332073.0,4545454.0,5.330492414560544
0,60,7,1397873.0,4545454.0,5.121095505201891
0,60,8,1408555.0,4545454.0,5.088034574657901
0,60,9,1392220.0,4545454.0,5.13869398715654
0,60,10,1548330.0,4545454.0,4.677137384254351
0,60,11,1306924.0,4545454.0,5.413269337591055
0,60,12,1328047.0,4545454.0,5.343638219405035
0,60,13,1279687.0,4545454.0,5.504735089736643
0,60,14,1305480.0,4545454.0,5.418070442594235
0,60,15,1347965.0,4545454.0,5.278986512015816
0,60,16,1301179.0,4545454.0,5.432402215655447
0,60,17,1365653.0,4545454.0,5.2223690397563
0,60,18,1337737.0,4545454.0,5.312065278278198
0,60,19,1247493.0,4545454.0,5.615391496968069
0,60,20,1434576.0,4545454.0,5.008537061107497
0,60,21,1423707.0,4545454.0,5.041566467055738
0,61,0,1837272.0,4166666.0,3.556152323569357
0,61,1,1336954.0,4166666.0,4.936722238652727
0,61,2,1453991.0,4166666.0,4.5722697049175585
0,61,3,1309535.0,4166666.0,5.026715784770305
0,61,4,1381736.0,4166666.0,4.79363615875701
0,61,5,1327316.0,4166666.0,4.968143592159105
0,61,6,1335229.0,4166666.0,4.942329325333142
0,61,7,1288511.0,4166666.0,5.097005583327341
0,61,8,1301358.0,4166666.0,5.053919025879906
0,61,9,1288570.0,4166666.0,5.096806727533233
0,61,10,1395195.0,4166666.0,4.7515377760347635
0,61,11,1374818.0,4166666.0,4.8154347923665135
0,61,12,1555706.0,4166666.0,4.278611621127403
0,61,13,1385879.0,4166666.0,4.780633747782085
0,61,14,1397513.0,4166666.0,4.744328323129318
0,61,15,1350218.0,4166666.0,4.893847954517085
0,61,16,1321479.0,4166666.0,4.987284227762855
0,61,17,1390431.0,4166666.0,4.766392468868009
0,61,18,1330068.0,4166666.0,4.959148438718989
0,61,19,1249084.0,4166666.0,5.231970434537164
0,61,20,1430657.0,4166666.0,4.642531646591089
0,61,21,1296361.0,4166666.0,5.070627316521196
0,61,22,1247301.0,4166666.0,5.238174182700255
0,61,23,1402379.0,4166666.0,4.729232890329921
0,62,0,1594946.0,4000000.0,3.9931400757051367
0,62,1,1311608.0,4000000.0,4.842559343940234
0,62,2,1429205.0,4000000.0,4.469654644380505
0,62,3,1253252.0,4000000.0,5.040215849742329
0,62,4,1255460.0,4000000.0,5.03257111042074
0,62,5,1299901.0,4000000.0,4.881497134756754
0,62,6,1384567.0,4000000.0,4.607460149760563
0,62,7,1365853.0,4000000.0,4.666560304335303
0,62,8,1367950.0,4000000.0,4.659897675702818
0,62,9,1297516.0,4000000.0,4.889472693786676
0,62,10,1332109.0,4000000.0,4.775202288347076
0,62,11,1638372.0,4000000.0,3.8764747412048415
0,62,12,1439582.0,4000000.0,4.43823583570447
0,62,13,1444372.0,4000000.0,4.423809305453136
0,62,14,1323365.0,4000000.0,4.803803469716262
0,62,15,1341674.0,4000000.0,4.744129875667213
0,62,16,1327875.0,4000000.0,4.789027968421324
0,62,17,1354645.0,4000000.0,4.702344929742905
0,62,18,1363456.0,4000000.0,4.674188639131904
0,62,19,1328188.0,4000000.0,4.7880043919966315
0,62,20,1372563.0,4000000.0,4.645277038346619
0,62,21,1235963.0,4000000.0,5.100545214945412
0,62,22,1701193.0,4000000.0,3.7130640429963053
0,62,23,1602484.0,4000000.0,3.9726628932830863
0,62,24,1495935.0,4000000.0,4.271472679563436
0,63,0,1308221.0,4166666.0,5.031075725094377
0,63,1,1351065.0,4166666.0,4.891124452846011
0,63,2,1411940.0,4166666.0,4.699724469173299
0,63,3,1293309.0,4166666.0,5.080863890080214
0,63,4,1278085.0,4166666.0,5.13228950938668
0,63,5,1391537.0,4166666.0,4.762939303897808
0,63,6,1302666.0,4166666.0,5.049556107334578
0,63,7,1334774.0,4166666.0,4.943809503379225
0,63,8,1342882.0,4166666.0,4.917508362221634
0,63,9,1563234.0,4166666.0,4.257646965131876
0,63,10,1594221.0,4166666.0,4.172401631918618
0,63,11,1305921.0,4166666.0,5.038717831499625
0,63,12,1243036.0,4166666.0,5.253049822232253
0,63,13,1349123.0,4166666.0,4.897371425495884
0,63,14,1314769.0,4166666.0,5.009392331906323
0,63,15,1252263.0,4166666.0,5.220931399158947
0,63,16,1346747.0,4166666.0,4.905026720121979
0,63,17,1331686.0,4166666.0,4.953868547652658
0,63,18,1353235.0,4166666.0,4.884154669700646
0,63,19,1461339.0,4166666.0,4.550377139680066
0,63,20,1376934.0,4166666.0,4.80875564900739
0,63,21,1641569.0,4166666.0,4.045295466707549
0,63,22,1310552.0,4166666.0,5.0233443126758495
0,63,23,1296359.0,4166666.0,5.0706340167353625
0,64,0,1323816.0,4761904.0,5.5595300999389945
0,64,1,1455275.0,4761904.0,5.148355670635528
0,64,2,1328136.0,4761904.0,5.545380870832686
0,64,3,1385473.0,4761904.0,5.361825690784396
0,64,4,1372525.0,4761904.0,5.402603720825731
0,64,5,1365421.0,4761904.0,5.425140578184584
0,64,6,1335755.0,4761904.0,5.520538272692547
0,64,7,1372701.0,4761904.0,5.402046857172831
0,64,8,1303973.0,4761904.0,5.625120367698734
0,64,9,1793483.0,4761904.0,4.24083371321856
0,64,10,1416966.0,4761904.0,5.264212062721737
0,64,11,1283932.0,4761904.0,5.692386126744707
0,64,12,1269072.0,4761904.0,5.7429437356158894
0,64,13,1316116.0,4761904.0,5.5848646691157064
0,64,14,1328055.0,4761904.0,5.54564574525659
0,64,15,1319346.0,4761904.0,5.5742193107011
0,64,16,1349381.0,4761904.0,5.47646045013224
0,64,17,1269171.0,4761904.0,5.742604956754054
0,64,18,1403806.0,4761904.0,5.304735414829867
0,64,19,1357799.0,4761904.0,5.449451512922884
0,64,20,1316887.0,4761904.0,5.582321253440771
0,65,0,1869402.0,5555555.0,4.7302474847863385
0,65,1,1354687.0,5555555.0,6.128884882681844
0,65,2,1367257.0,5555555.0,6.0887729594015685
0,65,3,1363662.0,5555555.0,6.100207129102752
0,65,4,1293543.0,5555555.0,6.329465813429175
0,65,5,1418191.0,5555555.0,5.929927265017327
0,65,6,1314843.0,5555555.0,6.258535528652665
0,65,7,1373352.0,5555555.0,6.069455871620959
0,65,8,1457286.0,5555555.0,5.811826587687906
0,65,9,1310786.0,5555555.0,6.27195657264089
0,65,10,1254253.0,5555555.0,6.463423029937749
0,65,11,1490387.0,5555555.0,5.714283977251173
0,65,12,1555028.0,5555555.0,5.529892380812276
0,65,13,1405215.0,5555555.0,5.9698467443602645
0,65,14,1322623.0,5555555.0,6.232913807885047
0,65,15,1252991.0,5555555.0,6.467794999179257
0,65,16,1335940.0,5555555.0,6.189404980088986
0,65,17,1372660.0,5555555.0,6.071644731595633
0,66,0,1309806.0,6250000.0,6.786730418170864
0,66,1,1386187.0,6250000.0,6.540581957335476
0,66,2,1308469.0,6250000.0,6.791165794689937
0,66,3,1249424.0,6250000.0,6.9917017335576475
0,66,4,1398744.0,6250000.0,6.501417807370559
0,66,5,1439976.0,6250000.0,6.3752476355051
0,66,6,1560183.0,6250000.0,6.027044758941096
0,66,7,1282516.0,6250000.0,6.878172254952187
0,66,8,1332935.0,6250000.0,6.710710455968353
0,66,9,1259101.0,6250000.0,6.958194484885247
0,66,10,1465924.0,6250000.0,6.2976856220691175
0,66,11,1360319.0,6250000.0,6.622392533162218
0,66,12,1467116.0,6250000.0,6.294155639178128
0,66,13,1335399.0,6250000.0,6.702689706635086
0,66,14,1340115.0,6250000.0,6.687379490371573
0,66,15,1343106.0,6250000.0,6.677697281314664
0,67,0,1386466.0,6666666.0,6.81999473578222
0,67,1,1472137.0,6666666.0,6.5596046932356655
0,67,2,1423006.0,6666666.0,6.707019662560247
0,67,3,1373955.0,6666666.0,6.859361886426644
0,67,4,1319140.0,6666666.0,7.0361780795717435
0,67,5,1414197.0,6666666.0,6.733987858944329
0,67,6,1313458.0,6666666.0,7.054925074577735
0,67,7,1237681.0,6666666.0,7.312999735026925
0,67,8,1408058.0,6666666.0,6.752881531056816
0,67,9,1327177.0,6666666.0,7.009798507641127
0,67,10,1299702.0,6666666.0,7.100649102783159
0,67,11,1379689.0,6666666.0,6.841274957553026
0,67,12,1371978.0,6666666.0,6.865615501056556
0,67,13,1830832.0,6666666.0,5.612602029239238
0,67,14,1338316.0,6666666.0,6.973500273917622
0,68,0,1348733.0,6250000.0,6.659540336495652
0,68,1,1431677.0,6250000.0,6.400349693026808
0,68,2,1318980.0,6250000.0,6.756418070558531
0,68,3,1366376.0,6250000.0,6.603097921893564
0,68,4,1324628.0,6250000.0,6.737860864150489
0,68,5,1369275.0,6250000.0,6.593893383929286
0,68,6,1368399.0,6250000.0,6.596672692050934
0,68,7,1454518.0,6250000.0,6.331609172320844
0,68,8,1307148.0,6250000.0,6.7955525459564425
0,68,9,1275863.0,6250000.0,6.900759742585571
0,68,10,1890342.0,6250000.0,5.1933963365965665
0,68,11,1391279.0,6250000.0,6.524657874164314
0,68,12,1379520.0,6250000.0,6.561520161702812
0,68,13,1324917.0,6250000.0,6.736913447852462
0,68,14,1262901.0,6250000.0,6.945107102082851
0,68,15,1366467.0,6250000.0,6.6028086934390355
0,69,0,1367120.0,5263157.0,5.854396884469911
0,69,1,1345251.0,5263157.0,5.924430016631723
0,69,2,1382558.0,5263157.0,5.805629656732157
0,69,3,1327508.0,5263157.0,5.982091782542655
0,69,4,1250516.0,5263157.0,6.241570724394605
0,69,5,1674733.0,5263157.0,4.973007471992039
0,69,6,1354486.0,5263157.0,5.894718047029683
0,69,7,1333867.0,5263157.0,5.9613379702014315
0,69,8,1372290.0,5263157.0,5.838004266079798
0,69,9,1362016.0,5263157.0,5.870641158261691
0,69,10,1362455.0,5263157.0,5.869241581762578
0,69,11,1313644.0,5263157.0,6.027686386716576
0,69,12,1203666.0,5263157.0,6.407403320497349
0,69,13,1470197.0,5263157.0,5.538707929991226
0,69,14,1299026.0,5263157.0,6.076284816548313
0,69,15,1357037.0,5263157.0,5.886546362332928
0,69,16,1330040.0,5263157.0,5.973816229582489
0,69,17,1719107.0,5263157.0,4.859434164978428
0,69,18,1381178.0,5263157.0,5.809966731147625
0,70,0,1458030.0,4545454.0,4.938108070719802
0,70,1,1359383.0,4545454.0,5.242354325872566
0,70,2,1269760.0,4545454.0,5.5385562526040575
0,70,3,1317095.0,4545454.0,5.379601659899564
0,70,4,1366490.0,4545454.0,5.219708091974834
0,70,5,1868518.0,4545454.0,3.860799811663223
0,70,6,1334839.0,4545454.0,5.321483801095445
0,70,7,1265831.0,4545454.0,5.552015397908528
0,70,8,1387031.0,4545454.0,5.154910994437547
0,70,9,1370974.0,4545454.0,5.205480484243623
0,70,10,1717954.0,4545454.0,4.2256573609669665
0,70,11,1329837.0,4545454.0,5.337788549215236
0,70,12,1345968.0,4545454.0,5.285425322774838
0,70,13,1299978.0,4545454.0,5.436412644167302
0,70,14,1243036.0,4545454.0,5.630935604844068
0,70,15,1363165.0,4545454.0,5.23028840242823
0,70,16,1268535.0,4545454.0,5.5427481277142014
0,70,17,1369610.0,4545454.0,5.20980348782409
0,70,18,1363793.0,4545454.0,5.228288100704061
0,70,19,1270230.0,4545454.0,5.536949014710805
0,70,20,1324795.0,4545454.0,5.35428586719253
0,70,21,1772550.0,4545454.0,4.089787724779673
0,71,0,1568397.0,4166666.0,4.243326858825461
0,71,1,1322706.0,4166666.0,4.983253652235471
0,71,2,1257794.0,4166666.0,5.201791700998749
0,71,3,1374759.0,4166666.0,4.815621172849303
0,71,4,1367041.0,4166666.0,4.840071487713149
0,71,5,1319457.0,4166666.0,4.993934473084953
0,71,6,1314245.0,4166666.0,5.011123553661178
0,71,7,1320130.0,4166666.0,4.991719882752038
0,71,8,1324517.0,4166666.0,4.9773115202018285
0,71,9,1344867.0,4166666.0,4.911093516911946
0,71,10,1315607.0,4166666.0,5.006625132174058
0,71,11,1766784.0,4166666.0,3.7260523116894433
0,71,12,1416904.0,4166666.0,4.684482624653327
0,71,13,1328899.0,4166666.0,4.96296714186239
0,71,14,1378485.0,4166666.0,4.803866441140467
0,71,15,1302985.0,4166666.0,5.048492726702104
0,71,16,1348876.0,4166666.0,4.898166612872378
0,71,17,1398421.0,4166666.0,4.741507516891178
0,71,18,1396486.0,4166666.0,4.747521026154638
0,71,19,1366262.0,4166666.0,4.842546993799102
0,71,20,1381734.0,4166666.0,4.793642444976609
0,71,21,1312330.0,4166666.0,5.017456318422955
0,71,22,1382552.0,4166666.0,4.791072140047479
0,71,23,1748606.0,4166666.0,3.770967245496408
0,72,0,1340604.0,4000000.0,4.747594804509681
0,72,1,1451221.0,4000000.0,4.403264370762942
0,72,2,1317820.0,4000000.0,4.82203896961697
0,72,3,1225642.0,4000000.0,5.136963564874525
0,72,4,1419703.0,4000000.0,4.498624912772854
0,72,5,1334512.0,4000000.0,4.76737507988736
0,72,6,1373290.0,4000000.0,4.642977336973523
0,72,7,1321619.0,4000000.0,4.809537177561332
0,72,8,1330044.0,4000000.0,4.781939829615362
0,72,9,1323800.0,4000000.0,4.8023761457577745
0,72,10,1797324.0,4000000.0,3.474336177646245
0,72,11,1334379.0,4000000.0,4.767807927584331
0,72,12,1265408.0,4000000.0,4.998294155553361
0,72,13,1320618.0,4000000.0,4.812827789245167
0,72,14,1349675.0,4000000.0,4.718307877952576
0,72,15,1287164.0,4000000.0,4.92426106616716
0,72,16,1386043.0,4000000.0,4.6028328747855145
0,72,17,1357695.0,4000000.0,4.692577727046237
0,72,18,1464306.0,4000000.0,4.364281494246648
0,72,19,1668669.0,4000000.0,3.7968979349231056
0,72,20,1448114.0,4000000.0,4.4125723912007135
0,72,21,1413920.0,4000000.0,4.516351536785627
0,72,22,1790466.0,4000000.0,3.490939129236783
0,72,23,1406961.0,4000000.0,4.537779320734155
0,72,24,1354432.0,4000000.0,4.703027854036574
0,73,0,1327565.0,4166666.0,4.9673289467847095
0,73,1,1377538.0,4166666.0,4.806851009052625
0,73,2,1329885.0,4166666.0,4.959746012362687
0,73,3,1368354.0,4166666.0,4.835902227342832
0,73,4,1398129.0,4166666.0,4.742414448568971
0,73,5,1291218.0,4166666.0,5.087891171743712
0,73,6,1360942.0,4166666.0,4.859490717659683
0,73,7,1376138.0,4166666.0,4.811267013891621
0,73,8,1400896.0,4166666.0,4.733827935601941
0,73,9,1597058.0,4166666.0,4.164680002003264
0,73,10,1375555.0,4166666.0,4.81310728958181
0,73,11,1388708.0,4166666.0,4.771777514295335
0,73,12,1272892.0,4166666.0,5.149971318041699
0,73,13,1275389.0,4166666.0,5.141460218454266
0,73,14,1371664.0,4166666.0,4.825409482883759
0,73,15,1292468.0,4166666.0,5.083688895269441
0,73,16,1372736.0,4166666.0,4.82201665597603
0,73,17,1388276.0,4166666.0,4.773128729986141
0,73,18,1445293.0,4166666.0,4.598327895398529
0,73,19,1339337.0,4166666.0,4.928988221508234
0,73,20,1470523.0,4166666.0,4.523168672380419
0,73,21,1418694.0,4166666.0,4.678999567986853
0,73,22,1311426.0,4166666.0,5.020448991729282
0,73,23,1371351.0,4166666.0,4.826400612523413
0,74,0,1437289.0,4761904.0,5.2023653397321015
0,74,1,1361507.0,4761904.0,5.437607572322011
0,74,2,1352047.0,4761904.0,5.467888469204815
0,74,3,1266078.0,4761904.0,5.753201734419427
0,74,4,1244631.0,4761904.0,5.8274002203161945
0,74,5,1346638.0,4761904.0,5.48529770368951
0,74,6,1340125.0,4761904.0,5.506353267586569
0,74,7,1258493.0,4761904.0,5.779298315241579
0,74,8,1389613.0,4761904.0,5.3488676744278285
0,74,9,1347816.0,4761904.0,5.481500281783049
0,74,10,1239715.0,4761904.0,5.844587797728053
0,74,11,1316252.0,4761904.0,5.584415916892677
0,74,12,1321849.0,4761904.0,5.565987889593424
0,74,13,1246061.0,4761904.0,5.82241332368377
0,74,14,1256010.0,4761904.0,5.7878753863293175
0,74,15,1328948.0,4761904.0,5.542726478797784
0,74,16,1373501.0,4761904.0,5.3995165582701965
0,74,17,1292042.0,4761904.0,5.665040044172845
0,74,18,1399397.0,4761904.0,5.318396972338797
0,74,19,1338912.0,4761904.0,5.5102860183664015
0,74,20,1507070.0,4761904.0,4.996472109973705
0,75,0,1618049.0,5555555.0,5.35735782085064
0,75,1,1310499.0,5555555.0,6.27290757580769
0,75,2,1481043.0,5555555.0,5.741597836336631
0,75,3,1358636.0,5555555.0,6.116243334882528
0,75,4,1360286.0,5555555.0,6.110972231238453
0,75,5,1401528.0,5555555.0,5.981256728643225
0,75,6,1367360.0,5555555.0,6.088445803301411
0,75,7,1328791.0,5555555.0,6.212707735226818
0,75,8,1286129.0,5555555.0,6.354429205318855
0,75,9,1430234.0,5555555.0,5.893203534463027
0,75,10,1296354.0,5555555.0,6.320038393975729
0,75,11,1632129.0,5555555.0,5.319729699819388
0,75,12,1419128.0,5555555.0,5.927058825167339
0,75,13,1398613.0,5555555.0,5.9902989081053795
0,75,14,1316912.0,5555555.0,6.251706963925492
0,75,15,1224329.0,5555555.0,6.568293149606584
0,75,16,1463015.0,5555555.0,5.79478672584699
0,75,17,1340536.0,5555555.0,6.17448970043971
0,76,0,1514347.0,6250000.0,6.1565461581406655
0,76,1,1376938.0,6250000.0,6.569656318177827
0,76,2,1398037.0,6250000.0,6.5036135188348885
0,76,3,1667798.0,6250000.0,5.737365686429604
0,76,4,4129907.0,6250000.0,1.7993974531033066
0,76,5,9024115.0,6250000.0,-1.595246038194809
0,76,6,1610752.0,6250000.0,5.888513380809765
0,76,7,1738640.0,6250000.0,5.556703503492669
0,76,8,2937938.0,6250000.0,3.2783739081223082
0,76,9,3186459.0,6250000.0,2.92571682536448
0,76,10,1998174.0,6250000.0,4.9524671365952875
0,76,11,1938621.0,6250000.0,5.083871044474183
0,76,12,2146343.0,6250000.0,4.641808909983856
0,76,13,1952736.0,6250000.0,5.052364844981949
0,76,14,1917713.0,6250000.0,5.130964050426319
0,76,15,2490441.0,6250000.0,3.9960375984340897
0,77,0,1697840.0,6666666.0,5.940119364544868
0,77,1,1501090.0,6666666.0,6.475019657435471
0,77,2,1271835.0,6666666.0,7.1947792522573115
0,77,3,1293325.0,6666666.0,7.122010249385263
0,77,4,1293832.0,6666666.0,7.120308092885725
0,77,5,1275053.0,6666666.0,7.183804600945816
0,77,6,1297115.0,6666666.0,7.109302159169991
0,77,7,1284267.0,6666666.0,7.152533742710516
0,77,8,1403440.0,6666666.0,6.76714847146417
0,77,9,1547185.0,6666666.0,6.343664512521617
0,77,10,2098961.0,6666666.0,5.019043283189127
0,77,11,1300545.0,6666666.0,7.097833137522388
0,77,12,1293365.0,6666666.0,7.12187593271587
0,77,13,1500907.0,6666666.0,6.475549144242333
0,77,14,1264820.0,6666666.0,7.218799732433369
0,78,0,1281005.0,5882352.0,6.620001842547324
0,78,1,1299052.0,5882352.0,6.559244732570666
0,78,2,1304911.0,5882352.0,6.539701170212039
0,78,3,1275535.0,5882352.0,6.638586292163755
0,78,4,1286931.0,5882352.0,6.599957467077404
0,78,5,1290339.0,5882352.0,6.588471852787929
0,78,6,1267773.0,5882352.0,6.665095108514113
0,78,7,1907752.0,5882352.0,4.890290916133911
0,78,8,1259976.0,5882352.0,6.691887363716709
0,78,9,1262696.0,5882352.0,6.682522044336717
0,78,10,1223020.0,5882352.0,6.821174500389413
0,78,11,1254717.0,5882352.0,6.7100522690154385
0,78,12,1188673.0,5882352.0,6.9448861105722575
0,78,13,1289977.0,5882352.0,6.589690421393328
0,78,14,1474357.0,5882352.0,6.009483530488199
0,78,15,4132482.0,5882352.0,1.533400385590431
0,78,16,1558435.0,5882352.0,5.768623159192509
0,79,0,1685902.0,5263157.0,4.944139993508083
0,79,1,1277614.0,5263157.0,6.148466630936943
0,79,2,1335583.0,5263157.0,5.955754427272372
0,79,3,1254720.0,5263157.0,6.226995045969902
0,79,4,1279903.0,5263157.0,6.1406926819503695
0,79,5,1439597.0,5263157.0,5.630053922687405
0,79,6,1264431.0,5263157.0,6.19351190340054
0,79,7,1264916.0,5263157.0,6.191846391896548
0,79,8,1274067.0,5263157.0,6.160540581556161
0,79,9,1265359.0,5263157.0,6.19032566820091
0,79,10,1266144.0,5263157.0,6.187632239204608
0,79,11,1272872.0,5263157.0,6.164615920179955
0,79,12,1513557.0,5263157.0,5.412475442460607
0,79,13,1262097.0,5263157.0,6.201535907956284
0,79,14,1251345.0,5263157.0,6.238692625741847
0,79,15,1270315.0,5263157.0,6.173348989076755
0,79,16,1268709.0,5263157.0,6.178843045304301
0,79,17,1293087.0,5263157.0,6.0961857964928425
0,79,18,1252132.0,5263157.0,6.23596210520168
0,80,0,1255589.0,4545454.0,5.587297647972922
0,80,1,1267735.0,4545454.0,5.545487864390855
0,80,2,1226721.0,4545454.0,5.688314671214158
0,80,3,1203375.0,4545454.0,5.771762822392299
0,80,4,1400409.0,4545454.0,5.113223738827846
0,80,5,1476093.0,4545454.0,4.884635463542644
0,80,6,1310712.0,4545454.0,5.40069991506018
0,80,7,1276627.0,4545454.0,5.515132417681246
0,80,8,1260675.0,4545454.0,5.569741264835219
0,80,9,1286939.0,4545454.0,5.480193049220415
0,80,10,1294772.0,4545454.0,5.453839680348658
0,80,11,1334282.0,4545454.0,5.323296398051008
0,80,12,1300237.0,4545454.0,5.435547467470875
0,80,13,1352858.0,4545454.0,5.2632505291334475
0,80,14,1363438.0,4545454.0,5.229418731310318
0,80,15,1305729.0,4545454.0,5.417242172422666
0,80,16,1384219.0,4545454.0,5.163724609248559
0,80,17,2005220.0,4545454.0,3.5541523946059406
0,80,18,1395632.0,4545454.0,5.128063483728694
0,80,19,1385350.0,4545454.0,5.160177580188538
0,80,20,1360923.0,4545454.0,5.237437132192304
0,80,21,1392121.0,4545454.0,5.139002822559435
0,81,0,1340126.0,4000000.0,4.74914358237653
0,81,1,1376265.0,4000000.0,4.633579259191057
0,81,2,1350925.0,4000000.0,4.714287525874171
0,81,3,1370342.0,4000000.0,4.652310225825699
0,81,4,1322725.0,4000000.0,4.805904293753524
0,81,5,1454418.0,4000000.0,4.393707505516239
0,81,6,1285932.0,4000000.0,4.928419875963543
0,81,7,1813314.0,4000000.0,3.43586976719708
0,81,8,1394487.0,4000000.0,4.576455213846108
0,81,9,1319087.0,4000000.0,4.817865510705324
0,81,10,1400746.0,4000000.0,4.557006003671235
0,81,11,1345915.0,4000000.0,4.730423580348069
0,81,12,1365123.0,4000000.0,4.668882074862324
0,81,13,1384695.0,4000000.0,4.607058673166992
0,81,14,1319553.0,4000000.0,4.816331529331047
0,81,15,1226337.0,4000000.0,5.13450159702728
0,81,16,1380129.0,4000000.0,4.6214030973120686
0,81,17,1304701.0,4000000.0,4.865489960738635
0,81,18,1366640.0,4000000.0,4.664058634492353
0,81,19,1642343.0,4000000.0,3.8659612755130106
0,81,20,1440622.0,4000000.0,4.435099486468031
0,81,21,1300799.0,4000000.0,4.8784979694531945
0,81,22,1360606.0,4000000.0,4.6832760954749295
0,81,23,1370839.0,4000000.0,4.650735398334403
0,81,24,1487240.0,4000000.0,4.2967893385832205
0,82,0,1327914.0,4000000.0,4.788900416987115
0,82,1,1267913.0,4000000.0,4.989705366120509
0,82,2,1389670.0,4000000.0,4.5914830919918534
0,82,3,1404181.0,4000000.0,4.546368990365005
0,82,4,1417047.0,4000000.0,4.5067573635069245
0,82,5,1393621.0,4000000.0,4.579153093794971
0,82,6,1812774.0,4000000.0,3.43716327701792
0,82,7,1328303.0,4000000.0,4.787628378184049
0,82,8,1344727.0,4000000.0,4.734258664153559
0,82,9,1370970.0,4000000.0,4.650320398039542
0,82,10,1471945.0,4000000.0,4.341684086653133
0,82,11,1319322.0,4000000.0,4.817091868684567
0,82,12,1290533.0,4000000.0,4.91290877035704
0,82,13,1383549.0,4000000.0,4.61065446533483
0,82,14,1298019.0,4000000.0,4.88778941749002
0,82,15,1355761.0,4000000.0,4.698768545472846
0,82,16,1458260.0,4000000.0,4.382250280466341
0,82,17,1546316.0,4000000.0,4.1276174169865
0,82,18,1387065.0,4000000.0,4.59963178070191
0,82,19,1286121.0,4000000.0,4.927781618064289
0,82,20,1340522.0,4000000.0,4.7478604551917245
0,82,21,1266912.0,4000000.0,4.993135415918686
0,82,22,1395353.0,4000000.0,4.573759008806336
0,82,23,3536708.0,4000000.0,0.5346078653826634
0,82,24,1309334.0,4000000.0,4.850095458052325
0,83,0,1367682.0,4166666.0,4.838035575717688
0,83,1,1472008.0,4166666.0,4.518785185101078
0,83,2,1649502.0,4166666.0,4.024358423431052
0,83,3,1525428.0,4166666.0,4.363969749812437
0,83,4,1317966.0,4166666.0,4.998844820355753
0,83,5,1255269.0,4166666.0,5.210518851379126
0,83,6,1436272.0,4166666.0,4.625519947773917
0,83,7,1320186.0,4166666.0,4.991535658659238
0,83,8,1241536.0,4166666.0,5.258293717776449
0,83,9,1423499.0,4166666.0,4.664315224076086
0,83,10,1302604.0,4166666.0,5.049762813417886
0,83,11,1245981.0,4166666.0,5.24277268996636
0,83,12,1417288.0,4166666.0,4.683305787783621
0,83,13,1278014.0,4166666.0,5.132530774754125
0,83,14,1782271.0,4166666.0,3.6881494821585714
0,83,15,1396173.0,4166666.0,4.748494536872594
0,83,16,1243349.0,4166666.0,5.251956394033854
0,83,17,1275515.0,4166666.0,5.141031185415277
0,83,18,1290875.0,4166666.0,5.089044987722988
0,83,19,1240905.0,4166666.0,5.260501543251317
0,83,20,1312982.0,4166666.0,5.015299165231085
0,83,21,1333465.0,4166666.0,4.948070677302689
0,83,22,1256244.0,4166666.0,5.207146882839623
0,83,23,1336189.0,4166666.0,4.9392079664100965
0,84,0,1406741.0,5000000.0,5.507558590156508
0,84,1,1357845.0,5000000.0,5.661198069148339
0,84,2,1624751.0,5000000.0,4.881831913977265
0,84,3,1423906.0,5000000.0,5.454886842969573
0,84,4,1288101.0,5000000.0,5.890200869465817
0,84,5,1415935.0,5000000.0,5.479266872741175
0,84,6,1338649.0,5000000.0,5.723032864325197
0,84,7,1355015.0,5000000.0,5.670259014642134
0,84,8,1461479.0,5000000.0,5.341774249775918
0,84,9,1306879.0,5000000.0,5.827346249153379
0,84,10,1255412.0,5000000.0,6.0018372874772865
0,84,11,1451195.0,5000000.0,5.372442309514144
0,84,12,1349705.0,5000000.0,5.687311475981649
0,84,13,1402173.0,5000000.0,5.521684041788241
0,84,14,1635223.0,5000000.0,4.853930173302531
0,84,15,1326211.0,5000000.0,5.763573785737153
0,84,16,1366157.0,5000000.0,5.634693926071876
0,84,17,1373654.0,5000000.0,5.610926492062692
0,84,18,1315721.0,5000000.0,5.798061978897387
0,84,19,1375900.0,5000000.0,5.60383133682436
0,85,0,1276120.0,5882352.0,6.636594939285997
0,85,1,1352109.0,5882352.0,6.385393055538381
0,85,2,1419830.0,5882352.0,6.173146608654071
0,85,3,1356051.0,5882352.0,6.372749858262223
0,85,4,1382107.0,5882352.0,6.290093425720183
0,85,5,1423050.0,5882352.0,6.163308494982401
0,85,6,1513556.0,5882352.0,5.895525150999802
0,85,7,1320278.0,5882352.0,6.488856225089718
0,85,8,1426430.0,5882352.0,6.153005449954544
0,85,9,1362950.0,5882352.0,6.350710851578859
0,85,10,1310332.0,5882352.0,6.521696619519613
0,85,11,1305194.0,5882352.0,6.538759404736242
0,85,12,1250685.0,5882352.0,6.7240306793683535
0,85,13,1371759.0,5882352.0,6.32273190886122
0,85,14,1364337.0,5882352.0,6.346293520375129
0,85,15,1367970.0,5882352.0,6.334744358567335
0,85,16,1463088.0,5882352.0,6.042805608185594
0,86,0,1606056.0,6666666.0,6.1814801331755
0,86,1,2550249.0,6666666.0,4.17326111572445
0,86,2,1401795.0,6666666.0,6.77224190930178
0,86,3,1317046.0,6666666.0,7.043077538383624
0,86,4,1414166.0,6666666.0,6.734083059800369
0,86,5,1317022.0,6666666.0,7.043156678842913
0,86,6,1240297.0,6666666.0,7.303830042747768
0,86,7,1440702.0,6666666.0,6.65334538449324
0,86,8,1351150.0,6666666.0,6.93205131945013
0,86,9,4834208.0,6666666.0,1.3958336478439584
0,86,10,6758172.0,6666666.0,-0.0592054314986202
0,86,11,1395107.0,6666666.0,6.79301179706334
0,86,12,1329692.0,6666666.0,7.001576416538958
0,86,13,1459387.0,6666666.0,6.597382242109447
0,86,14,1384199.0,6666666.0,6.827101663614958
0,87,0,1300780.0,6666666.0,7.097048466606413
0,87,1,1243079.0,6666666.0,7.294099677679636
0,87,2,1719492.0,6666666.0,5.885085379232436
0,87,3,1263366.0,6666666.0,7.2237951263348315
0,87,4,1217955.0,6666666.0,7.382774548770556
0,87,5,1215721.0,6666666.0,7.390747788799917
0,87,6,1214238.0,6666666.0,7.39604877368588
0,87,7,1234029.0,6666666.0,7.325833316653063
0,87,8,1233053.0,6666666.0,7.329269533499122
0,87,9,1279685.0,6666666.0,7.168056181777142
0,87,10,1248657.0,6666666.0,7.274655413385921
0,87,11,1253766.0,6666666.0,7.256922091794172
0,87,12,1409277.0,6666666.0,6.749123333991314
0,87,13,1240143.0,6666666.0,7.30436931279904
0,87,14,1620410.0,6666666.0,6.142837828432226
0,88,0,1315016.0,5882352.0,6.506199721495589
0,88,1,1231609.0,5882352.0,6.790781552788442
0,88,2,1235946.0,5882352.0,6.775515128270625
0,88,3,1249806.0,5882352.0,6.72708403861114
0,88,4,1223729.0,5882352.0,6.8186575704036425
0,88,5,1221583.0,5882352.0,6.826280288465238
0,88,6,1246824.0,5882352.0,6.737458557549787
0,88,7,1282071.0,5882352.0,6.616389324273166
0,88,8,1250590.0,5882352.0,6.724360574928023
0,88,9,1337939.0,5882352.0,6.431146958278399
0,88,10,1319288.0,5882352.0,6.492113969410146
0,88,11,1296967.0,5882352.0,6.566220830892505
0,88,12,1671976.0,5882352.0,5.4632096996843185
0,88,13,1422906.0,5882352.0,6.1637479845981735
0,88,14,1405611.0,5882352.0,6.21685861941753
0,88,15,1371742.0,5882352.0,6.32278573064727
0,88,16,1325142.0,5882352.0,6.472885900979315
0,89,0,1485766.0,5000000.0,5.270195885258824
0,89,1,1310320.0,5000000.0,5.815926344336741
0,89,2,1263676.0,5000000.0,5.9733426697939525
0,89,3,1374148.0,5000000.0,5.609364942312225
0,89,4,2239205.0,5000000.0,3.488761491253292
0,89,5,2028540.0,5000000.0,3.9178642852539958
0,89,6,1531334.0,5000000.0,5.139000791264139
0,89,7,1543525.0,5000000.0,5.104563363267025
0,89,8,1473056.0,5000000.0,5.30750746951165
0,89,9,1482645.0,5000000.0,5.279328270076663
0,89,10,1462110.0,5000000.0,5.339899568879689
0,89,11,1393682.0,5000000.0,5.548063133573903
0,89,12,1472288.0,5000000.0,5.30977231986299
0,89,13,1320141.0,5000000.0,5.7834968506073885
0,89,14,1254774.0,5000000.0,6.004044931734889
0,89,15,1214055.0,5000000.0,6.14731642427553
0,89,16,1265367.0,5000000.0,5.967535002005468
0,89,17,1378331.0,5000000.0,5.596164803700049
0,89,18,1265111.0,5000000.0,5.968413724426659
0,89,19,1245489.0,5000000.0,6.036301080800305
0,90,0,1226846.0,4347826.0,5.4948210401831705
0,90,1,1212045.0,4347826.0,5.547534109704689
0,90,2,1208194.0,4347826.0,5.561354806431473
0,90,3,1215227.0,4347826.0,5.536147451488756
0,90,4,1228121.0,4347826.0,5.490309977393226
0,90,5,1432760.0,4347826.0,4.8209870698218085
0,90,6,1223777.0,4347826.0,5.505698686085864
0,90,7,1214881.0,4347826.0,5.537384152834984
0,90,8,1234362.0,4347826.0,5.4682961184960455
0,90,9,1234158.0,4347826.0,5.469013925720699
0,90,10,1385341.0,4347826.0,4.96715467679297
0,90,11,1271543.0,4347826.0,5.339411039212773
0,90,12,1211695.0,4347826.0,5.548788394980524
0,90,13,1266462.0,4347826.0,5.3567999191444144
0,90,14,1252111.0,4347826.0,5.406293243848383
0,90,15,1202268.0,4347826.0,5.582708673737918
0,90,16,1241704.0,4347826.0,5.442540751464344
0,90,17,1225208.0,4347826.0,5.500623314253579
0,90,18,1221369.0,4347826.0,5.514252624791414
0,90,19,1206542.0,4347826.0,5.5672971089940395
0,90,20,1258947.0,4347826.0,5.382647080258584
0,90,21,1226945.0,4347826.0,5.494470601586471
0,90,22,1227039.0,4347826.0,5.494137888077998
0,91,0,1725201.0,4000000.0,3.6522029011839097
0,91,1,3738606.0,4000000.0,0.2935029270009581
0,91,2,7867267.0,4000000.0,-2.9376389821564075
0,91,3,1.7955561E7,4000000.0,-6.52138987357087
0,91,4,8832075.0,4000000.0,-3.440027570041546
0,91,5,6383612.0,4000000.0,-2.0300649112187954
0,91,6,9495557.0,4000000.0,-3.7546045377787167
0,91,7,1.4361289E7,4000000.0,-5.551334305047605
0,91,8,6498977.0,4000000.0,-2.107850086656116
0,91,9,8493025.0,4000000.0,-3.2700241114442434
0,91,10,2023185.0,4000000.0,2.960243948618086
0,91,11,2457112.0,4000000.0,2.116350383996192
0,91,12,1782646.0,4000000.0,3.5099488231443927
0,91,13,7692140.0,4000000.0,-2.8398718864229684
0,91,14,1.0187686E7,4000000.0,-4.060155595524611
0,91,15,1343047.0,4000000.0,4.739687802352049
0,91,16,1413129.0,4000000.0,4.51878182323733
0,91,17,1552018.0,4000000.0,4.111632375144639
0,91,18,1886269.0,4000000.0,3.264563639632173
0,91,19,1768147.0,4000000.0,3.545416228257094
0,91,20,1570984.0,4000000.0,4.0588822942426885
0,91,21,1523871.0,4000000.0,4.1911178702739464
0,91,22,1472079.0,4000000.0,4.341288740279495
0,91,23,1476470.0,4000000.0,4.328353642509226
0,91,24,1594574.0,4000000.0,3.994153128126821
0,92,0,1499265.0,4000000.0,4.2618158872250405
0,92,1,1446989.0,4000000.0,4.4159476169991265
0,92,2,1456250.0,4000000.0,4.388240529578682
0,92,3,1486015.0,4000000.0,4.300367980646779
0,92,4,1996283.0,4000000.0,3.0183788292058633
0,92,5,1499707.0,4000000.0,4.260535727474358
0,92,6,1496456.0,4000000.0,4.269960394388416
0,92,7,1438050.0,4000000.0,4.442860049009958
0,92,8,1415877.0,4000000.0,4.510344643453135
0,92,9,1544382.0,4000000.0,4.133052601126964
0,92,10,1470579.0,4000000.0,4.345716314121091
0,92,11,1484270.0,4000000.0,4.305470817297865
0,92,12,1517415.0,4000000.0,4.209556184767888
0,92,13,1301241.0,4000000.0,4.877022525856266
0,92,14,1301754.0,4000000.0,4.875310704880038
0,92,15,1466159.0,4000000.0,4.358789206966497
0,92,16,1387769.0,4000000.0,4.597428093405156
0,92,17,1450608.0,4000000.0,4.405099230924357
0,92,18,1303468.0,4000000.0,4.869596175758277
0,92,19,1261076.0,4000000.0,5.013187307770667
0,92,20,1274197.0,4000000.0,4.968234130940881
0,92,21,1267240.0,4000000.0,4.992011185084389
0,92,22,1272581.0,4000000.0,4.9737455652075955
0,92,23,1279337.0,4000000.0,4.95075030928929
0,92,24,1263027.0,4000000.0,5.006473566667912
0,93,0,1269217.0,4347826.0,5.347362748521107
0,93,1,1643775.0,4347826.0,4.224297842736453
0,93,2,1601139.0,4347826.0,4.338431192469332
0,93,3,1291341.0,4347826.0,5.272312152274523
0,93,4,1320440.0,4347826.0,5.1755348338547735
0,93,5,1219205.0,4347826.0,5.521954202413162
0,93,6,1266516.0,4347826.0,5.356614746576581
0,93,7,1358283.0,4347826.0,5.052818901136345
0,93,8,1263364.0,4347826.0,5.36743657935337
0,93,9,1266419.0,4347826.0,5.356947377021225
0,93,10,1422525.0,4347826.0,4.85212247704529
0,93,11,1275320.0,4347826.0,5.326529848032315
0,93,12,1264198.0,4347826.0,5.364570563714172
0,93,13,1253975.0,4347826.0,5.399832770715776
0,93,14,1316624.0,4347826.0,5.188103879579213
0,93,15,1305595.0,4347826.0,5.224636770887593
0,93,16,1282744.0,4347826.0,5.301321633649131
0,93,17,1270472.0,4347826.0,5.343070572438502
0,93,18,1267074.0,4347826.0,5.354701758880701
0,93,19,1282292.0,4347826.0,5.3028522250938686
0,93,20,1270170.0,4347826.0,5.34410304324039
0,93,21,1274891.0,4347826.0,5.327991000340841
0,93,22,1357542.0,4347826.0,5.05518880508138
0,94,0,1276563.0,5000000.0,5.929277516844219
0,94,1,1264317.0,5000000.0,5.971140268372225
0,94,2,1275557.0,5000000.0,5.932701339167802
0,94,3,1293244.0,5000000.0,5.872895321576136
0,94,4,1468838.0,5000000.0,5.319961047920084
0,94,5,1427296.0,5000000.0,5.4445595565310265
0,94,6,1209874.0,5000000.0,6.162298604278604
0,94,7,1232373.0,5000000.0,6.082278295235258
0,94,8,1269868.0,5000000.0,5.9521142499503
0,94,9,1258716.0,5000000.0,5.990422516278182
0,94,10,1269227.0,5000000.0,5.954307021538712
0,94,11,1356599.0,5000000.0,5.665185117416476
0,94,12,1258137.0,5000000.0,5.992420698209807
0,94,13,1274065.0,5000000.0,5.937784190201903
0,94,14,1262333.0,5000000.0,5.9779606861521914
0,94,15,1280191.0,5000000.0,5.916952346429996
0,94,16,1330384.0,5000000.0,5.749929911804
0,94,17,1511080.0,5000000.0,5.196825468541512
0,94,18,1346060.0,5000000.0,5.69905585541559
0,94,19,1318649.0,5000000.0,5.7884079457384825
0,95,0,1260715.0,5882352.0,6.689340890298732
0,95,1,1255814.0,5882352.0,6.706256888062409
0,95,2,1292141.0,5882352.0,6.582411021467615
0,95,3,1316113.0,5882352.0,6.50257830214098
0,95,4,1238865.0,5882352.0,6.765270255587046
0,95,5,1199834.0,5882352.0,6.904298446460455
0,95,6,1273411.0,5882352.0,6.645824120607875
0,95,7,1301810.0,5882352.0,6.550034058339945
0,95,8,1296826.0,5882352.0,6.566693000583832
0,95,9,1529535.0,5882352.0,5.849915898387815
0,95,10,1301803.0,5882352.0,6.550057410976249
0,95,11,1235796.0,5882352.0,6.776042239695405
0,95,12,1201774.0,5882352.0,6.897282051793625
0,95,13,1258545.0,5882352.0,6.696822605237289
0,95,14,1278962.0,5882352.0,6.626933680456898
0,95,15,1361010.0,5882352.0,6.356896929475331
0,95,16,1261133.0,5882352.0,6.687901191354958
0,96,0,1265137.0,6666666.0,7.2177114028571445
0,96,1,1268013.0,6666666.0,7.207849914460288
0,96,2,1260236.0,6666666.0,7.23456815968472
0,96,3,1266688.0,6666666.0,7.212390412459357
0,96,4,1776682.0,6666666.0,5.7429899509164315
0,96,5,1301782.0,6666666.0,7.093704353441245
0,96,6,1271276.0,6666666.0,7.196688493492113
0,96,7,1361571.0,6666666.0,6.898684046818905
0,96,8,1373543.0,6666666.0,6.860664375657829
0,96,9,1352736.0,6666666.0,6.926956495723886
0,96,10,1319211.0,6666666.0,7.035944335780848
0,96,11,1310029.0,6666666.0,7.066277878128659
0,96,12,1380235.0,6666666.0,6.839556614655086
0,96,13,1353033.0,6666666.0,6.926003084980817
0,96,14,1387226.0,6666666.0,6.817614775682061
0,97,0,1404329.0,6666666.0,6.764398332066566
0,97,1,1708676.0,6666666.0,5.912489781248382
0,97,2,1422634.0,6666666.0,6.708155136816924
0,97,3,1350279.0,6666666.0,6.93485184100258
0,97,4,1326065.0,6666666.0,7.013438850226937
0,97,5,1277004.0,6666666.0,7.177164398949873
0,97,6,1366035.0,6666666.0,6.884468707080539
0,97,7,1393058.0,6666666.0,6.799394988543154
0,97,8,1467428.0,6666666.0,6.5735189592216905
0,97,9,1320573.0,6666666.0,7.031462839288408
0,97,10,1388515.0,6666666.0,6.813581217598551
0,97,11,1456935.0,6666666.0,6.604685210166866
0,97,12,1346493.0,6666666.0,6.947045975239492
0,97,13,1693108.0,6666666.0,5.9522403573903215
0,97,14,1480047.0,6666666.0,6.536331905546749
0,98,0,1268197.0,5882352.0,6.6636428763343725
0,98,1,1296156.0,5882352.0,6.56893734558392
0,98,2,1398389.0,5882352.0,6.2392301007574735
0,98,3,1445300.0,5882352.0,6.095930064560845
0,98,4,1419634.0,5882352.0,6.173746170533272
0,98,5,1392348.0,5882352.0,6.258032138090254
0,98,6,1355505.0,5882352.0,6.374498852495232
0,98,7,1402133.0,5882352.0,6.227617983381112
0,98,8,1349590.0,5882352.0,6.393491575150854
0,98,9,1444474.0,5882352.0,6.098412800247592
0,98,10,1459666.0,5882352.0,6.052975170154543
0,98,11,1379859.0,5882352.0,6.297162985670611
0,98,12,1313475.0,5882352.0,6.511291980691367
0,98,13,1390800.0,5882352.0,6.262863271233825
0,98,14,4099255.0,5882352.0,1.568460740705326
0,98,15,1373456.0,5882352.0,6.317362582016758
0,98,16,1350888.0,5882352.0,6.38931665292655
0,99,0,1351142.0,5000000.0,5.682690101802484
0,99,1,1256583.0,5000000.0,5.997788243787735
0,99,2,1667817.0,5000000.0,4.768216080644223
0,99,3,1342556.0,5000000.0,5.710375945202858
0,99,4,1367863.0,5000000.0,5.629274020714288
0,99,5,1383379.0,5000000.0,5.580288256298629
0,99,6,1377345.0,5000000.0,5.599272675434104
0,99,7,1369274.0,5000000.0,5.624796425561054
0,99,8,1389772.0,5000000.0,5.5602644671771975
0,99,9,1326150.0,5000000.0,5.7637735471075
0,99,10,1297089.0,5000000.0,5.86000228033901
0,99,11,1386436.0,5000000.0,5.570701776549968
0,99,12,1382232.0,5000000.0,5.583890612517952
0,99,13,1345356.0,5000000.0,5.701327844006228
0,99,14,1696297.0,5000000.0,4.694681103253412
0,99,15,1378237.0,5000000.0,5.596460995786112
0,99,16,1413016.0,5000000.0,5.488229248141629
0,99,17,1374467.0,5000000.0,5.608356871408522
0,99,18,1374942.0,5000000.0,5.606856258869925
0,99,19,1403191.0,5000000.0,5.5185321384916755
