 Number of tacts (im units) = 1
 Number of massive (im units) = 100
 Trajectory File: sinus.txt
 Coef Load Impact: 10
 Command Line: ping -c1 192.168.222.7 > /dev/null 2>&1
cycle , cPeriod , count , procDur , procTime , spb
0,0,0,1.6054685E7,5000000.0,-5.06631784600831
0,0,1,1734446.0,5000000.0,4.598092212113233
0,0,2,1867563.0,5000000.0,4.276947431975158
0,0,3,1628487.0,5000000.0,4.87185708337675
0,0,4,2145178.0,5000000.0,3.6750666995492445
0,0,5,7682214.0,5000000.0,-1.8651639660881612
0,0,6,1447012.0,5000000.0,5.38497871619073
0,0,7,1499438.0,5000000.0,5.23041491435908
0,0,8,1447281.0,5000000.0,5.384171436375119
0,0,9,1650512.0,5000000.0,4.813513181326769
0,0,10,1624593.0,5000000.0,4.8822542670934315
0,0,11,1378042.0,5000000.0,5.597075501241564
0,0,12,1345073.0,5000000.0,5.702241492638709
0,0,13,1456133.0,5000000.0,5.357689600402342
0,0,14,1445751.0,5000000.0,5.388765029665898
0,0,15,1608917.0,5000000.0,4.924363638241582
0,0,16,1390866.0,5000000.0,5.556847134984249
0,0,17,1321955.0,5000000.0,5.777533325330788
0,0,18,1437334.0,5000000.0,5.414123054417573
0,0,19,1547427.0,5000000.0,5.093598340396466
0,1,0,1537088.0,4347826.0,4.515734232422001
0,1,1,1389392.0,4347826.0,4.954473613813691
0,1,2,1399888.0,4347826.0,4.9217886456664806
0,1,3,1519244.0,4347826.0,4.566446254471729
0,1,4,1609721.0,4347826.0,4.315215455133608
0,1,5,1423151.0,4347826.0,4.8502117300027106
0,1,6,1509699.0,4347826.0,4.593817879170982
0,1,7,1448404.0,4347826.0,4.773824397760056
0,1,8,1413725.0,4347826.0,4.879072172625966
0,1,9,1433257.0,4347826.0,4.819480837586135
0,1,10,1597266.0,4347826.0,4.348949080920223
0,1,11,3803505.0,4347826.0,0.5808816379158892
0,1,12,1569300.0,4347826.0,4.425661805494189
0,1,13,1679324.0,4347826.0,4.1313766056573415
0,1,14,1536542.0,4347826.0,4.517277194910091
0,1,15,1512737.0,4347826.0,4.585087258702201
0,1,16,1489431.0,4347826.0,4.65251766586245
0,1,17,1439313.0,4347826.0,4.801169073006271
0,1,18,1327710.0,4347826.0,5.151689290245509
0,1,19,1823692.0,4347826.0,3.7732066231029275
0,1,20,1364916.0,4347826.0,5.0316623055638
0,1,21,1485577.0,4347826.0,4.663769883467047
0,1,22,1571700.0,4347826.0,4.419025021289087
0,2,0,1433767.0,4000000.0,4.455814110115433
0,2,1,1381123.0,4000000.0,4.618276336453887
0,2,2,1340928.0,4000000.0,4.746545319268995
0,2,3,1277995.0,4000000.0,4.955308366265961
0,2,4,1422550.0,4000000.0,4.4899245134523005
0,2,5,1371745.0,4000000.0,4.647866054570148
0,2,6,1293909.0,4000000.0,4.901562576440907
0,2,7,1827843.0,4000000.0,3.401211014410192
0,2,8,1352730.0,4000000.0,4.708488696834967
0,2,9,1439953.0,4000000.0,4.4371167435338394
0,2,10,1407584.0,4000000.0,4.5358566975986605
0,2,11,1302669.0,4000000.0,4.872259130943769
0,2,12,1333153.0,4000000.0,4.771799970208775
0,2,13,1326376.0,4000000.0,4.793933363559805
0,2,14,2057369.0,4000000.0,2.887477996372721
0,2,15,1501890.0,4000000.0,4.254218656787321
0,2,16,1390310.0,4000000.0,4.589483448301406
0,2,17,1968181.0,4000000.0,3.0799495633496248
0,2,18,1372699.0,4000000.0,4.644846740257861
0,2,19,1358523.0,4000000.0,4.6899299584050285
0,2,20,1506928.0,4000000.0,4.239674888140577
0,2,21,1354911.0,4000000.0,4.701492226698145
0,2,22,1342231.0,4000000.0,4.7423272632059446
0,2,23,1303798.0,4000000.0,4.8684968082231395
0,2,24,1316169.0,4000000.0,4.827483337710569
0,3,0,2828882.0,4000000.0,1.504451590415856
0,3,1,1628447.0,4000000.0,3.902863628956651
0,3,2,1819514.0,4000000.0,3.42104589773746
0,3,3,1308423.0,4000000.0,4.853118216001102
0,3,4,1340780.0,4000000.0,4.747024682297235
0,3,5,1298886.0,4000000.0,4.8848895553094644
0,3,6,1308151.0,4000000.0,4.854021137909699
0,3,7,1447224.0,4000000.0,4.415242353057104
0,3,8,1317930.0,4000000.0,4.821676473985463
0,3,9,1391615.0,4000000.0,4.585408900350213
0,3,10,1304276.0,4000000.0,4.866904884338509
0,3,11,1279312.0,4000000.0,4.950835177218013
0,3,12,1495978.0,4000000.0,4.271347845300387
0,3,13,1916157.0,4000000.0,3.1962890128259196
0,3,14,1595898.0,4000000.0,3.990548608625959
0,3,15,1407532.0,4000000.0,4.536017140813516
0,3,16,1600113.0,4000000.0,3.9790933770730885
0,3,17,1544585.0,4000000.0,4.1324817838928976
0,3,18,1481741.0,4000000.0,4.31287693285783
0,3,19,1370670.0,4000000.0,4.651270838980665
0,3,20,1332276.0,4000000.0,4.774657868688709
0,3,21,1320158.0,4000000.0,4.81434079499572
0,3,22,1342942.0,4000000.0,4.740027348944556
0,3,23,1328659.0,4000000.0,4.786464576545314
0,3,24,1808466.0,4000000.0,3.447496430913622
0,4,0,1306265.0,4347826.0,5.222408647563544
0,4,1,1306926.0,4347826.0,5.220211573881134
0,4,2,1366705.0,4347826.0,5.025973720366883
0,4,3,1363443.0,4347826.0,5.036351687232395
0,4,4,1278699.0,4347826.0,5.315038297573526
0,4,5,1422869.0,4347826.0,4.8510723778147256
0,4,6,1326672.0,4347826.0,5.155085920385364
0,4,7,1329379.0,4347826.0,5.146233412887811
0,4,8,1409404.0,4347826.0,4.892366555714377
0,4,9,1497205.0,4347826.0,4.629908865009514
0,4,10,2103017.0,4347826.0,3.1542937192244
0,4,11,1463362.0,4347826.0,4.729203820383837
0,4,12,1418728.0,4347826.0,4.863730152457909
0,4,13,1345875.0,4347826.0,5.0926742923555866
0,4,14,1423994.0,4347826.0,4.8476399589201495
0,4,15,1436899.0,4347826.0,4.80845912760227
0,4,16,1426965.0,4347826.0,4.838588342444342
0,4,17,1425359.0,4347826.0,4.843478929990795
0,4,18,1636674.0,4347826.0,4.243099719752487
0,4,19,1432651.0,4347826.0,4.8213174803531444
0,4,20,1528175.0,4347826.0,4.540990646808756
0,4,21,1516682.0,4347826.0,4.573776227117746
0,4,22,1557384.0,4347826.0,4.458764466979166
0,5,0,1582193.0,5000000.0,4.997105455772813
0,5,1,1519999.0,5000000.0,5.171267021113941
0,5,2,1401442.0,5000000.0,5.52394875554862
0,5,3,1642086.0,5000000.0,4.835741059086325
0,5,4,1408500.0,5000000.0,5.502131530142266
0,5,5,4236176.0,5000000.0,0.7199600893433984
0,5,6,2279482.0,5000000.0,3.411338372042842
0,5,7,1869932.0,5000000.0,4.271441906132783
0,5,8,1497573.0,5000000.0,5.235820028409707
0,5,9,1811280.0,5000000.0,4.409844126330148
0,5,10,1566468.0,5000000.0,5.040484768485017
0,5,11,4248902.0,5000000.0,0.7069329003870282
0,5,12,1612211.0,5000000.0,4.915481243490023
0,5,13,1600293.0,5000000.0,4.947704987841885
0,5,14,1479301.0,5000000.0,5.289134535042445
0,5,15,1435793.0,5000000.0,5.4187817267337435
0,5,16,1617944.0,5000000.0,4.900065185256924
0,5,17,1314847.0,5000000.0,5.800947845304567
0,5,18,1295861.0,5000000.0,5.8641158472311545
0,5,19,1271793.0,5000000.0,5.945535740562018
0,6,0,1271666.0,5882352.0,6.651779492407432
0,6,1,1293171.0,5882352.0,6.57895052354684
0,6,2,1298922.0,5882352.0,6.559679365732465
0,6,3,1275650.0,5882352.0,6.638194757520422
0,6,4,1294648.0,5882352.0,6.573993043758466
0,6,5,1490174.0,5882352.0,5.963140274150279
0,6,6,1326896.0,5882352.0,6.467141242476479
0,6,7,1283706.0,5882352.0,6.610854380480124
0,6,8,1282184.0,5882352.0,6.616006559871912
0,6,9,1465151.0,5882352.0,6.036686232926947
0,6,10,1287154.0,5882352.0,6.5992049847801475
0,6,11,1264309.0,5882352.0,6.676977796545771
0,6,12,1286578.0,5882352.0,6.601148882790917
0,6,13,1285431.0,5882352.0,6.60502239803729
0,6,14,1271568.0,5882352.0,6.652114191135489
0,6,15,1284012.0,5882352.0,6.609819265938016
0,6,16,1296888.0,5882352.0,6.5664853735448965
0,7,0,1515563.0,6666666.0,6.433347033742887
0,7,1,1310664.0,6666666.0,7.064173266856714
0,7,2,1283959.0,6666666.0,7.15357541662136
0,7,3,1267345.0,6666666.0,7.210138417469523
0,7,4,1295764.0,6666666.0,7.113827876707505
0,7,5,1303897.0,6666666.0,7.08665411409137
0,7,6,1273620.0,6666666.0,7.1886882722378775
0,7,7,1480243.0,6666666.0,6.535756815142921
0,7,8,1294550.0,6666666.0,7.117898684645331
0,7,9,1497763.0,6666666.0,6.484655997290054
0,7,10,1269879.0,6666666.0,7.201463561934139
0,7,11,1704909.0,6666666.0,5.922074941585227
0,7,12,1527181.0,6666666.0,6.4001818525032
0,7,13,1492521.0,6666666.0,6.499882470803238
0,7,14,1309774.0,6666666.0,7.067123324089558
0,8,0,1273661.0,6666666.0,7.188548467687381
0,8,1,1272666.0,6666666.0,7.191942556753615
0,8,2,1364655.0,6666666.0,6.888858267492363
0,8,3,1525201.0,6666666.0,6.405816161674056
0,8,4,1314069.0,6666666.0,7.052905274718584
0,8,5,1294802.0,6666666.0,7.117053359561795
0,8,6,1266525.0,6666666.0,7.212949307433036
0,8,7,1299905.0,6666666.0,7.099970832721526
0,8,8,1565809.0,6666666.0,6.291699125292418
0,8,9,1306844.0,6666666.0,7.0768494924780825
0,8,10,1274745.0,6666666.0,7.18485380328323
0,8,11,1496596.0,6666666.0,6.4880411737905455
0,8,12,1279922.0,6666666.0,7.167251934933737
0,8,13,1282950.0,6666666.0,7.156989664300647
0,8,14,1379178.0,6666666.0,6.842883766406734
0,9,0,1598707.0,5882352.0,5.657821325947974
0,9,1,1379646.0,5882352.0,6.297833430006309
0,9,2,1453287.0,5882352.0,6.071996204332201
0,9,3,2963238.0,5882352.0,2.977844747872937
0,9,4,1476981.0,5882352.0,6.0017610058516615
0,9,5,1777723.0,5882352.0,5.196869178228932
0,9,6,1499897.0,5882352.0,5.934895726572664
0,9,7,1995052.0,5882352.0,4.695967893029415
0,9,8,1821195.0,5882352.0,5.091945598306444
0,9,9,5548104.0,5882352.0,0.254064157451103
0,9,10,1869731.0,5882352.0,4.977718804692847
0,9,11,1474832.0,5882352.0,6.008084570430449
0,9,12,1361803.0,5882352.0,6.35436722557068
0,9,13,1315831.0,5882352.0,6.503508952978273
0,9,14,1347537.0,5882352.0,6.400103104704672
0,9,15,1319538.0,5882352.0,6.491291076041651
0,9,16,1374078.0,5882352.0,6.315396228389406
0,10,0,3061068.0,5000000.0,2.1309702701024644
0,10,1,1471702.0,5000000.0,5.311501242649795
0,10,2,1457728.0,5000000.0,5.352935085565704
0,10,3,2355935.0,5000000.0,3.2680670019495297
0,10,4,3656044.0,5000000.0,1.3595859056683544
0,10,5,1537316.0,5000000.0,5.122068571026582
0,10,6,1401012.0,5000000.0,5.525281491990923
0,10,7,1446163.0,5000000.0,5.387527583962085
0,10,8,1421878.0,5000000.0,5.461076696861468
0,10,9,1391828.0,5000000.0,5.553844352010376
0,10,10,1429706.0,5000000.0,5.437232645666848
0,10,11,1426952.0,5000000.0,5.445606398308602
0,10,12,2207687.0,5000000.0,3.550325040327404
0,10,13,1419187.0,5000000.0,5.469303800432119
0,10,14,1308724.0,5000000.0,5.821219375526101
0,10,15,1269572.0,5000000.0,5.953126687079947
0,10,16,1347936.0,5000000.0,5.693007319487958
0,10,17,1312241.0,5000000.0,5.809564014927092
0,10,18,1339552.0,5000000.0,5.72010427209467
0,10,19,1358607.0,5000000.0,5.6587615644437435
0,11,0,2618842.0,4347826.0,2.2016285793964947
0,11,1,3203141.0,4347826.0,1.3269609887616851
0,11,2,1611441.0,4347826.0,4.3105774606467255
0,11,3,1498662.0,4347826.0,4.625684597977492
0,11,4,1506195.0,4347826.0,4.603909537228763
0,11,5,1458822.0,4347826.0,4.742698511575448
0,11,6,1258671.0,4347826.0,5.383599292051522
0,11,7,1294127.0,4347826.0,5.262952570992628
0,11,8,1305322.0,4347826.0,5.225544975889833
0,11,9,1285554.0,4347826.0,5.291818312919946
0,11,10,1373172.0,4347826.0,5.00547216040526
0,11,11,1273256.0,4347826.0,5.333564239053982
0,11,12,1299226.0,4347826.0,5.2458745224828975
0,11,13,1549425.0,4347826.0,4.481015962600712
0,11,14,1293780.0,4347826.0,5.264117220156014
0,11,15,1273431.0,4347826.0,5.332967373130115
0,11,16,1329934.0,4347826.0,5.144420663196776
0,11,17,1276967.0,4347826.0,5.320924811365357
0,11,18,1263737.0,4347826.0,5.366154542403314
0,11,19,1450581.0,4347826.0,4.767301706095025
0,11,20,1299606.0,4347826.0,5.24460447575191
0,11,21,1306302.0,4347826.0,5.222285635247829
0,11,22,1278192.0,4347826.0,5.316760602554151
0,12,0,1305690.0,4000000.0,4.862199133708096
0,12,1,1284949.0,4000000.0,4.931741005930395
0,12,2,1506962.0,4000000.0,4.239576901735066
0,12,3,1464269.0,4000000.0,4.364391232913619
0,12,4,1382231.0,4000000.0,4.614793624418177
0,12,5,1273761.0,4000000.0,4.969720437983289
0,12,6,1260246.0,4000000.0,5.01604663659103
0,12,7,2472114.0,4000000.0,2.089914972294011
0,12,8,1535696.0,4000000.0,4.1575473825567775
0,12,9,1468920.0,4000000.0,4.3506184734480815
0,12,10,1371234.0,4000000.0,4.649484182035359
0,12,11,1539671.0,4000000.0,4.1463206149748
0,12,12,1876826.0,4000000.0,3.2863598015714963
0,12,13,1527687.0,4000000.0,4.180256083561672
0,12,14,1618532.0,4000000.0,3.929387010672592
0,12,15,1399332.0,4000000.0,4.561392256122854
0,12,16,1286211.0,4000000.0,4.927477718696811
0,12,17,1273432.0,4000000.0,4.970842323017841
0,12,18,1271460.0,4000000.0,4.9775728946077304
0,12,19,1404771.0,4000000.0,4.544544582200742
0,12,20,1286925.0,4000000.0,4.92506753697274
0,12,21,1271055.0,4000000.0,4.978956479496381
0,12,22,1284388.0,4000000.0,4.933637520153477
0,12,23,1630707.0,4000000.0,3.8968405586358283
0,12,24,1352215.0,4000000.0,4.710142421113152
0,13,0,1408241.0,4000000.0,4.533830069666966
0,13,1,1282497.0,4000000.0,4.940036334388216
0,13,2,1279363.0,4000000.0,4.950662048402669
0,13,3,1246043.0,4000000.0,5.065269615726335
0,13,4,1296034.0,4000000.0,4.894435964147627
0,13,5,1312179.0,4000000.0,4.840669082626479
0,13,6,1317518.0,4000000.0,4.823034340488629
0,13,7,1423021.0,4000000.0,4.488486821664997
0,13,8,1343050.0,4000000.0,4.7396781014109015
0,13,9,1355306.0,4000000.0,4.700226303552018
0,13,10,1727180.0,4000000.0,3.6472239091559495
0,13,11,1466361.0,4000000.0,4.3581908991255744
0,13,12,1432274.0,4000000.0,4.460338830593144
0,13,13,1374982.0,4000000.0,4.637629785084755
0,13,14,1313180.0,4000000.0,4.837357316140818
0,13,15,1298799.0,4000000.0,4.885180457554654
0,13,16,1314000.0,4000000.0,4.834646261042003
0,13,17,1329519.0,4000000.0,4.783654431645551
0,13,18,1421163.0,4000000.0,4.494160992268314
0,13,19,1502200.0,4000000.0,4.253322336837733
0,13,20,1372952.0,4000000.0,4.644046372663928
0,13,21,1646828.0,4000000.0,3.8541174889872716
0,13,22,1525073.0,4000000.0,4.187693589642409
0,13,23,1338204.0,4000000.0,4.755376676412747
0,13,24,1319875.0,4000000.0,4.8152718844089915
0,14,0,1364256.0,4347826.0,5.033762828093299
0,14,1,1419307.0,4347826.0,4.861958105893926
0,14,2,1410302.0,4347826.0,4.889600334995377
0,14,3,1353573.0,4347826.0,5.067904724768355
0,14,4,1391059.0,4347826.0,4.949266048651948
0,14,5,1401953.0,4347826.0,4.915387009974008
0,14,6,1409475.0,4347826.0,4.892147781455377
0,14,7,1360036.0,4347826.0,5.047217510480472
0,14,8,1598357.0,4347826.0,4.345983679193139
0,14,9,1423890.0,4347826.0,4.847957153202908
0,14,10,1308061.0,4347826.0,5.216441579858877
0,14,11,1409713.0,4347826.0,4.891414505867239
0,14,12,1371379.0,4347826.0,5.011146604908806
0,14,13,1527851.0,4347826.0,4.541911525182591
0,14,14,1433798.0,4347826.0,4.817841850419874
0,14,15,7836090.0,4347826.0,-2.5582726006585843
0,14,16,1370489.0,4347826.0,5.013966011987986
0,14,17,1327228.0,4347826.0,5.15326620046019
0,14,18,1263574.0,4347826.0,5.366714742557932
0,14,19,1276998.0,4347826.0,5.320819382129329
0,14,20,1365653.0,4347826.0,5.029317922096946
0,14,21,2396096.0,4347826.0,2.5876794114725383
0,14,22,1386050.0,4347826.0,4.96493258114218
0,15,0,1271347.0,5000000.0,5.947059017620415
0,15,1,1280624.0,5000000.0,5.915483677178557
0,15,2,1568596.0,5000000.0,5.034589011336687
0,15,3,2106192.0,5000000.0,3.7547204549236697
0,15,4,1334019.0,5000000.0,5.738079891959734
0,15,5,1272017.0,5000000.0,5.9447708881225845
0,15,6,1269953.0,5000000.0,5.951823559929425
0,15,7,1288836.0,5000000.0,5.887723459635038
0,15,8,1614872.0,5000000.0,4.9083189989597775
0,15,9,1265397.0,5000000.0,5.9674320383592505
0,15,10,1355859.0,5000000.0,5.667554760924922
0,15,11,1259901.0,5000000.0,5.986335836969419
0,15,12,1258407.0,5000000.0,5.991488789126844
0,15,13,1284154.0,5000000.0,5.903528954476265
0,15,14,1378031.0,5000000.0,5.5971101682427715
0,15,15,1301328.0,5000000.0,5.845832299600921
0,15,16,1478540.0,5000000.0,5.291369260357435
0,15,17,1318452.0,5000000.0,5.789056809874474
0,15,18,1310543.0,5000000.0,5.815187292583954
0,15,19,1266492.0,5000000.0,5.963675534915906
0,16,0,1246200.0,5882352.0,6.739632622158607
0,16,1,1369163.0,5882352.0,6.330958548015055
0,16,2,1266408.0,5882352.0,6.669773637988752
0,16,3,1248782.0,5882352.0,6.7306437897535245
0,16,4,1261940.0,5882352.0,6.685123026324873
0,16,5,1847806.0,5882352.0,5.028946361640307
0,16,6,1432466.0,5882352.0,6.134666864795536
0,16,7,1259144.0,5882352.0,6.6947560878908785
0,16,8,1249093.0,5882352.0,6.729562345849647
0,16,9,1274861.0,5882352.0,6.640881735597772
0,16,10,1261739.0,5882352.0,6.685814819465341
0,16,11,1259792.0,5882352.0,6.692521629925441
0,16,12,1245562.0,5882352.0,6.741856589660392
0,16,13,1260655.0,5882352.0,6.689547584825273
0,16,14,1462141.0,5882352.0,6.045617537704482
0,16,15,1620105.0,5882352.0,5.6000784678774025
0,16,16,1288655.0,5882352.0,6.594143459712694
0,17,0,1379066.0,6666666.0,6.843236461686775
0,17,1,1355053.0,6666666.0,6.919524154724197
0,17,2,1271662.0,6666666.0,7.195370036877739
0,17,3,1268417.0,6666666.0,7.206466434749256
0,17,4,1346934.0,6666666.0,6.945623817755879
0,17,5,1252192.0,6666666.0,7.262377726760196
0,17,6,1250291.0,6666666.0,7.268975925180758
0,17,7,1290193.0,6666666.0,7.1325401623463955
0,17,8,1280235.0,6666666.0,7.166190014328767
0,17,9,1252914.0,6666666.0,7.259874354650464
0,17,10,1365848.0,6666666.0,6.8850632645212695
0,17,11,1258464.0,6666666.0,7.240679010114725
0,17,12,1308406.0,6666666.0,7.071661704990103
0,17,13,1410382.0,6666666.0,6.745719408714744
0,17,14,1288236.0,6666666.0,7.1391326608351005
0,18,0,1274328.0,6666666.0,7.186274718263453
0,18,1,1353411.0,6666666.0,6.924789955758658
0,18,2,1251891.0,6666666.0,7.263421802692843
0,18,3,1250422.0,6666666.0,7.268520914332401
0,18,4,1268846.0,6666666.0,7.204997825980579
0,18,5,1256949.0,6666666.0,7.245910407262162
0,18,6,1241830.0,6666666.0,7.298465502372431
0,18,7,1356429.0,6666666.0,6.915116312382647
0,18,8,3272838.0,6666666.0,3.0898418852439677
0,18,9,1936377.0,6666666.0,5.369187820010907
0,18,10,1572422.0,6666666.0,6.273395860428773
0,18,11,1672776.0,6666666.0,6.0047090866073916
0,18,12,1321792.0,6666666.0,7.027455784918577
0,18,13,1440364.0,6666666.0,6.654364392982158
0,18,14,1537570.0,6666666.0,6.370738007606123
0,19,0,1717019.0,5555555.0,5.099523505116262
0,19,1,2840337.0,5555555.0,2.913575802379633
0,19,2,3278382.0,5555555.0,2.2906789490321025
0,19,3,1549288.0,5555555.0,5.545952944022349
0,19,4,1488301.0,5555555.0,5.720366779057542
0,19,5,1438919.0,5555555.0,5.866911042597113
0,19,6,1405351.0,5555555.0,5.969426444324009
0,19,7,1364217.0,5555555.0,6.098439943382402
0,19,8,1250817.0,5555555.0,6.475336763091874
0,19,9,1298624.0,5555555.0,6.312440266165912
0,19,10,1244786.0,5555555.0,6.496327562664707
0,19,11,1241075.0,5555555.0,6.509294241168351
0,19,12,1250062.0,5555555.0,6.477958979870841
0,19,13,1266183.0,5555555.0,6.422309731582364
0,19,14,1494526.0,5555555.0,5.702239766832392
0,19,15,1342598.0,5555555.0,6.1678145556427575
0,19,16,1255450.0,5555555.0,6.459280304410013
0,19,17,1272687.0,5555555.0,6.400058434829071
0,20,0,1479199.0,4761904.0,5.0775403122886145
0,20,1,1302566.0,4761904.0,5.629808978883046
0,20,2,1236950.0,4761904.0,5.854284908490821
0,20,3,1329366.0,4761904.0,5.541360687586273
0,20,4,1256484.0,4761904.0,5.786236730978384
0,20,5,1236425.0,4761904.0,5.856128580448558
0,20,6,1265226.0,4761904.0,5.756125278273147
0,20,7,1248453.0,4761904.0,5.814084384907607
0,20,8,1350923.0,4761904.0,5.471500399975754
0,20,9,1423780.0,4761904.0,5.243377477192338
0,20,10,1252934.0,4761904.0,5.798524412339182
0,20,11,1236168.0,4761904.0,5.857031387196381
0,20,12,1379257.0,4761904.0,5.38135439013847
0,20,13,1242751.0,4761904.0,5.833965145055941
0,20,14,1273018.0,4761904.0,5.729460913197983
0,20,15,1270583.0,4761904.0,5.73777595464103
0,20,16,1249262.0,4761904.0,5.811271059543055
0,20,17,1245707.0,4761904.0,5.823647308931418
0,20,18,1258157.0,4761904.0,5.780457975478691
0,20,19,1455095.0,4761904.0,5.148892873856027
0,20,20,1691230.0,4761904.0,4.495779619846586
0,21,0,1471873.0,4166666.0,4.519183501168188
0,21,1,1395274.0,4166666.0,4.751291872825808
0,21,2,1380260.0,4166666.0,4.798277865090472
0,21,3,1439085.0,4166666.0,4.617022423693628
0,21,4,1277684.0,4166666.0,5.133652324951563
0,21,5,1249740.0,4166666.0,5.229690184414119
0,21,6,1243216.0,4166666.0,5.2524209800482815
0,21,7,1225754.0,4166666.0,5.313853696486332
0,21,8,1321017.0,4166666.0,4.988802822702516
0,21,9,1238893.0,4166666.0,5.267548897022312
0,21,10,1241873.0,4166666.0,5.257115037653282
0,21,11,1361478.0,4166666.0,4.857780607938861
0,21,12,1313729.0,4166666.0,5.012829019206437
0,21,13,1267433.0,4166666.0,5.168636781918481
0,21,14,1301167.0,4166666.0,5.054556485625287
0,21,15,1288430.0,4166666.0,5.097278603571466
0,21,16,1251748.0,4166666.0,5.222717826305904
0,21,17,1274449.0,4166666.0,5.144662279381137
0,21,18,1284021.0,4166666.0,5.112165621793872
0,21,19,1251980.0,4166666.0,5.221912975938052
0,21,20,1229824.0,4166666.0,5.299457247585533
0,21,21,1253196.0,4166666.0,5.217696887875023
0,21,22,1249341.0,4166666.0,5.231076962191645
0,21,23,1254762.0,4166666.0,5.212273310230984
0,22,0,1469455.0,4000000.0,4.349037003755576
0,22,1,1271654.0,4000000.0,4.976910296472903
0,22,2,1242377.0,4000000.0,5.078065885829463
0,22,3,1252208.0,4000000.0,5.04383517286342
0,22,4,1240212.0,4000000.0,5.0856406216530505
0,22,5,1245745.0,4000000.0,5.0663083859284885
0,22,6,1446186.0,4000000.0,4.418358383564738
0,22,7,1293983.0,4000000.0,4.901314206016874
0,22,8,1338515.0,4000000.0,4.75436748878805
0,22,9,1248864.0,4000000.0,5.055448445994867
0,22,10,1250061.0,4000000.0,5.051287852662955
0,22,11,1241218.0,4000000.0,5.082119262817776
0,22,12,1499159.0,4000000.0,4.262122949969341
0,22,13,1296563.0,4000000.0,4.892663673397348
0,22,14,1251366.0,4000000.0,5.046756404411198
0,22,15,1243844.0,4000000.0,5.07294075754126
0,22,16,1241177.0,4000000.0,5.082262721644914
0,22,17,1258998.0,4000000.0,5.02034951124511
0,22,18,1401257.0,4000000.0,4.555421961950274
0,22,19,1264042.0,4000000.0,5.00298486950265
0,22,20,1303016.0,4000000.0,4.871102427918566
0,22,21,1244898.0,4000000.0,5.069262221065459
0,22,22,1249960.0,4000000.0,5.051638759656905
0,22,23,1434615.0,4000000.0,4.453246239229453
0,22,24,1434298.0,4000000.0,4.45420598496816
0,23,0,1369163.0,4000000.0,4.656048369948645
0,23,1,1408516.0,4000000.0,4.5329820662154585
0,23,2,1261852.0,4000000.0,5.010515709305832
0,23,3,1244627.0,4000000.0,5.070207733201796
0,23,4,1271113.0,4000000.0,4.978758309430872
0,23,5,1240961.0,4000000.0,5.0830185829896735
0,23,6,4081037.0,4000000.0,-0.08710540917248577
0,23,7,1354265.0,4000000.0,4.70356336744815
0,23,8,1280110.0,4000000.0,4.948127011016511
0,23,9,1575644.0,4000000.0,4.046018913091677
0,23,10,1409800.0,4000000.0,4.529024850961063
0,23,11,1346376.0,4000000.0,4.728936298638075
0,23,12,1255238.0,4000000.0,5.033339130909336
0,23,13,1242724.0,4000000.0,5.076853056361365
0,23,14,1250358.0,4000000.0,5.050256141883826
0,23,15,1248942.0,4000000.0,5.055177208199782
0,23,16,1233895.0,4000000.0,5.107817869474181
0,23,17,1422420.0,4000000.0,4.490321412419156
0,23,18,1251460.0,4000000.0,5.046430183720522
0,23,19,1239367.0,4000000.0,5.088600631004754
0,23,20,1262046.0,4000000.0,5.009848066400649
0,23,21,1250137.0,4000000.0,5.051023822529062
0,23,22,1642008.0,4000000.0,3.866847226204287
0,23,23,1349370.0,4000000.0,4.719289408957389
0,23,24,1259366.0,4000000.0,5.019080271607965
0,24,0,1278829.0,4545454.0,5.507647908569446
0,24,1,1247917.0,4545454.0,5.613915660435403
0,24,2,1239221.0,4545454.0,5.644285026382532
0,24,3,1232120.0,4545454.0,5.66924259883471
0,24,4,1376489.0,4545454.0,5.188045219167501
0,24,5,1247615.0,4545454.0,5.614966794495596
0,24,6,1249804.0,4545454.0,5.607353567685511
0,24,7,1335782.0,4545454.0,5.318416801221967
0,24,8,1293727.0,4545454.0,5.457346251208792
0,24,9,1842659.0,4545454.0,3.921322943613176
0,24,10,1428984.0,4545454.0,5.025499009381109
0,24,11,1329008.0,4545454.0,5.340496718643422
0,24,12,1418656.0,4545454.0,5.057001678794438
0,24,13,1401319.0,4545454.0,5.110402565663073
0,24,14,1394581.0,4545454.0,5.131335230524136
0,24,15,4761622.0,4545454.0,-0.20177649031604403
0,24,16,3143233.0,4545454.0,1.6020069168798856
0,24,17,1919991.0,4545454.0,3.7427807411905842
0,24,18,1355955.0,4545454.0,5.253319901980546
0,24,19,1334111.0,4545454.0,5.3238530203814305
0,24,20,1322313.0,4545454.0,5.362429994443599
0,24,21,1315908.0,4545454.0,5.383517398582295
0,25,0,1315215.0,5263157.0,6.022495718732566
0,25,1,1253407.0,5263157.0,6.231542094080539
0,25,2,1246285.0,5263157.0,6.2562895723265575
0,25,3,1314884.0,5263157.0,6.023588844689186
0,25,4,1243163.0,5263157.0,6.267182493836193
0,25,5,1335124.0,5263157.0,5.957247224266997
0,25,6,1422028.0,5263157.0,5.683381773987605
0,25,7,1324094.0,5263157.0,5.993275076117688
0,25,8,1298468.0,5263157.0,6.0781507405860955
0,25,9,1255717.0,5263157.0,6.223545514105755
0,25,10,1243612.0,5263157.0,6.265614211828424
0,25,11,1233673.0,5263157.0,6.300462652891067
0,25,12,1238462.0,5263157.0,6.283636396432448
0,25,13,1229348.0,5263157.0,6.315714861985536
0,25,14,1238128.0,5263157.0,6.2848078003211425
0,25,15,1260273.0,5263157.0,6.207816931541785
0,25,16,1231031.0,5263157.0,6.309773356818691
0,25,17,1259109.0,5263157.0,6.211829969762309
0,25,18,1282987.0,5263157.0,6.130240693541527
0,26,0,1247369.0,6250000.0,6.998850707155686
0,26,1,1332848.0,6250000.0,6.710993927053126
0,26,2,1287286.0,6250000.0,6.8620497127655335
0,26,3,1253056.0,6250000.0,6.979095369744039
0,26,4,1242280.0,6250000.0,7.016605239593981
0,26,5,1453420.0,6250000.0,6.334888852725254
0,26,6,1228465.0,6250000.0,7.065172297663958
0,26,7,1235879.0,6250000.0,7.03904064556237
0,26,8,1259510.0,6250000.0,6.95678397373716
0,26,9,1230610.0,6250000.0,7.057595774784837
0,26,10,1720101.0,6250000.0,5.603260690092805
0,26,11,7577899.0,6250000.0,-0.836687952556297
0,26,12,3721328.0,6250000.0,2.2518206666891865
0,26,13,4859861.0,6250000.0,1.0925616943903966
0,26,14,4244260.0,6250000.0,1.6807803676448123
0,26,15,2823689.0,6250000.0,3.4506315535440613
0,27,0,1868127.0,6666666.0,5.52502300179489
0,27,1,1911117.0,6666666.0,5.426214218157096
0,27,2,1884018.0,6666666.0,5.488236497674946
0,27,3,1623158.0,6666666.0,6.135479009244156
0,27,4,1761102.0,6666666.0,5.7812418722942205
0,27,5,1607689.0,6666666.0,6.177066572361025
0,27,6,1458544.0,6666666.0,6.599891624671476
0,27,7,1868953.0,6666666.0,5.523103175364127
0,27,8,1339027.0,6666666.0,6.9711936334618265
0,27,9,1321260.0,6666666.0,7.029204102147998
0,27,10,1251074.0,6666666.0,7.2662569889964175
0,27,11,1280505.0,6666666.0,7.165274189133328
0,27,12,1262486.0,6666666.0,7.22682126689681
0,27,13,1267159.0,6666666.0,7.210775850069976
0,27,14,1230815.0,6666666.0,7.337159171400223
0,28,0,1345371.0,6250000.0,6.67037955284429
0,28,1,1257489.0,6250000.0,6.963758226301823
0,28,2,1244163.0,6250000.0,7.010027355719232
0,28,3,1442472.0,6250000.0,6.367726255776681
0,28,4,1554858.0,6250000.0,6.041892848380639
0,28,5,1319793.0,6250000.0,6.753741967498819
0,28,6,1513797.0,6250000.0,6.158123771145023
0,28,7,1284726.0,6250000.0,6.870695039776581
0,28,8,1270537.0,6250000.0,6.918927004473741
0,28,9,1286269.0,6250000.0,6.865482143866377
0,28,10,1271711.0,6250000.0,6.91491589495179
0,28,11,1282993.0,6250000.0,6.87655730470056
0,28,12,1362072.0,6250000.0,6.61679952075512
0,28,13,1246476.0,6250000.0,7.001960964520642
0,28,14,1257378.0,6250000.0,6.964141599955559
0,28,15,1271799.0,6250000.0,6.914615381767861
0,29,0,1454913.0,5555555.0,5.818904270453752
0,29,1,1305581.0,5555555.0,6.289236302590494
0,29,2,1329730.0,5555555.0,6.20963984495651
0,29,3,1252577.0,5555555.0,6.469230186068171
0,29,4,1269100.0,5555555.0,6.412316073574781
0,29,5,1270021.0,5555555.0,6.4091654932332
0,29,6,4475193.0,5555555.0,0.9391568175328613
0,29,7,1563579.0,5555555.0,5.506076225577408
0,29,8,1446309.0,5555555.0,5.844663627559827
0,29,9,1428866.0,5555555.0,5.897359491908248
0,29,10,1589256.0,5555555.0,5.435335917473366
0,29,11,1278224.0,5555555.0,6.381204838424761
0,29,12,1238762.0,5555555.0,6.517395769034453
0,29,13,1280682.0,5555555.0,6.372861459145956
0,29,14,1327571.0,5555555.0,6.21669694532074
0,29,15,1229812.0,5555555.0,6.548887250708951
0,29,16,1239336.0,5555555.0,6.515383862830011
0,29,17,1262683.0,5555555.0,6.434331180383585
0,30,0,1226142.0,4761904.0,5.892398668646782
0,30,1,1226698.0,4761904.0,5.89042978575125
0,30,2,3552832.0,4761904.0,1.2720596394906405
0,30,3,1657677.0,4761904.0,4.582807240299232
0,30,4,1319007.0,4761904.0,5.5753353541583275
0,30,5,1303305.0,4761904.0,5.627345743897659
0,30,6,1318676.0,4761904.0,5.5764253371036965
0,30,7,1293939.0,4761904.0,5.658668328526443
0,30,8,1259256.0,4761904.0,5.77666606953451
0,30,9,1404751.0,4761904.0,5.30181285850727
0,30,10,1279595.0,4761904.0,5.707081013633344
0,30,11,1270680.0,4761904.0,5.737444414263154
0,30,12,1243784.0,4761904.0,5.8303567001668455
0,30,13,1239282.0,4761904.0,5.8461049396413065
0,30,14,1368154.0,4761904.0,5.416456512706098
0,30,15,1675533.0,4761904.0,4.536276499957498
0,30,16,1283209.0,4761904.0,5.694832388315208
0,30,17,1241427.0,4761904.0,5.838594490847468
0,30,18,1259912.0,4761904.0,5.774404233987472
0,30,19,1352286.0,4761904.0,5.4671208390243216
0,30,20,1230009.0,4761904.0,5.878723465866843
0,31,0,1327245.0,4166666.0,4.968375908600297
0,31,1,1244161.0,4166666.0,5.249121051608448
0,31,2,1233418.0,4166666.0,5.286784067479298
0,31,3,1236766.0,4166666.0,5.275011512756548
0,31,4,1249110.0,4166666.0,5.231880035981008
0,31,5,1264388.0,4166666.0,5.179083233978177
0,31,6,1469289.0,4166666.0,4.526814615877105
0,31,7,1274925.0,4166666.0,5.143040515169309
0,31,8,1245326.0,4166666.0,5.245056333790272
0,31,9,1233631.0,4166666.0,5.28603414540742
0,31,10,1244251.0,4166666.0,5.24880690344176
0,31,11,1229694.0,4166666.0,5.2999163479678035
0,31,12,1336742.0,4166666.0,4.9374109514335105
0,31,13,1237998.0,4166666.0,5.270687457243333
0,31,14,1229952.0,4166666.0,5.2990052576991875
0,31,15,2182552.0,4166666.0,2.8082408909535723
0,31,16,1.050236E7,4166666.0,-4.014982121554648
0,31,17,3447288.0,4166666.0,0.8231112120825317
0,31,18,1886099.0,4166666.0,3.442242039920635
0,31,19,1712045.0,4166666.0,3.862735131594111
0,31,20,2713256.0,4166666.0,1.8629791673439444
0,31,21,3826203.0,4166666.0,0.3702068091421165
0,31,22,1406446.0,4166666.0,4.71665626563991
0,31,23,1338644.0,4166666.0,4.931235930380531
0,32,0,1409870.0,4000000.0,4.52880921853784
0,32,1,1281478.0,4000000.0,4.9434883657095785
0,32,2,1364390.0,4000000.0,4.671214636479636
0,32,3,1279499.0,4000000.0,4.950200405300427
0,32,4,1263527.0,4000000.0,5.004754646401127
0,32,5,1292744.0,4000000.0,4.905474605658806
0,32,6,1799392.0,4000000.0,3.46934206030395
0,32,7,1408152.0,4000000.0,4.534104549889735
0,32,8,1339498.0,4000000.0,4.751179218268943
0,32,9,1277373.0,4000000.0,4.9574225914818895
0,32,10,1286133.0,4000000.0,4.927741096919932
0,32,11,1274573.0,4000000.0,4.966952769920623
0,32,12,1254896.0,4000000.0,5.034522563457
0,32,13,1320508.0,4000000.0,4.8131895470184585
0,32,14,1278042.0,4000000.0,4.955148651514949
0,32,15,1247193.0,4000000.0,5.061263266631366
0,32,16,1260313.0,4000000.0,5.01581575343936
0,32,17,1276192.0,4000000.0,4.961439734728271
0,32,18,1801512.0,4000000.0,3.464228319932021
0,32,19,1337067.0,4000000.0,4.759068211630338
0,32,20,1265940.0,4000000.0,4.996468688112501
0,32,21,1252958.0,4000000.0,5.041234779347312
0,32,22,1419512.0,4000000.0,4.499209230946494
0,32,23,1247202.0,4000000.0,5.061231927165587
0,32,24,1216679.0,4000000.0,5.168839791762499
0,33,0,1430573.0,4166666.0,4.6427866469684815
0,33,1,1444874.0,4166666.0,4.599587126364714
0,33,2,1276833.0,4166666.0,5.136545902232683
0,33,3,1253192.0,4166666.0,5.217710749878252
0,33,4,1243777.0,4166666.0,5.250461672495103
0,33,5,1744892.0,4166666.0,3.780201373086914
0,33,6,1284045.0,4166666.0,5.112084447341455
0,33,7,1240705.0,4166666.0,5.261201563774838
0,33,8,1244033.0,4166666.0,5.249567879257198
0,33,9,1218118.0,4166666.0,5.3409932803591795
0,33,10,1316040.0,4166666.0,5.005195992837658
0,33,11,1283215.0,4166666.0,5.114892611941368
0,33,12,1243059.0,4166666.0,5.252969465101217
0,33,13,1215700.0,4166666.0,5.349622721038379
0,33,14,1215938.0,4166666.0,5.348772577332589
0,33,15,1468336.0,4166666.0,4.529632420435367
0,33,16,1312043.0,4166666.0,5.018406202580451
0,33,17,1288469.0,4166666.0,5.097147147237355
0,33,18,1711272.0,4166666.0,3.864696443621112
0,33,19,1244471.0,4166666.0,5.24803908135261
0,33,20,1247946.0,4166666.0,5.23592895449586
0,33,21,1231197.0,4166666.0,5.294611402015601
0,33,22,1221151.0,4166666.0,5.330193193591849
0,33,23,1238530.0,4166666.0,5.268821581566364
0,34,0,1307421.0,4545454.0,5.41161810670832
0,34,1,1259845.0,4545454.0,5.572601503460653
0,34,2,1269944.0,4545454.0,5.5379269652161565
0,34,3,1243988.0,4545454.0,5.627610760636972
0,34,4,1349012.0,4545454.0,5.275614541506647
0,34,5,1281223.0,4545454.0,5.499525407208202
0,34,6,1732855.0,4545454.0,4.188150432605288
0,34,7,1275116.0,4545454.0,5.520275718075162
0,34,8,1455810.0,4545454.0,4.944725688271715
0,34,9,1222862.0,4545454.0,5.701998174015355
0,34,10,1221753.0,4545454.0,5.705938529559851
0,34,11,1225247.0,4545454.0,5.69353619240398
0,34,12,1234598.0,4545454.0,5.660516979707006
0,34,13,1224109.0,4545454.0,5.6975717605775555
0,34,14,1239023.0,4545454.0,5.644978987974689
0,34,15,1228053.0,4545454.0,5.683601566817016
0,34,16,1234486.0,4545454.0,5.660910979927384
0,34,17,1246541.0,4545454.0,5.618706996009799
0,34,18,1289212.0,4545454.0,5.472529277853515
0,34,19,1581418.0,4545454.0,4.585305893505684
0,34,20,1259768.0,4545454.0,5.572866946408573
0,34,21,1239643.0,4545454.0,5.642806346849216
0,35,0,1211770.0,5263157.0,6.3782612882729195
0,35,1,1235616.0,5263157.0,6.293628018690748
0,35,2,1232283.0,5263157.0,6.305358680182555
0,35,3,1213677.0,5263157.0,6.371432033726029
0,35,4,1545457.0,5263157.0,5.321893992357776
0,35,5,1233148.0,5263157.0,6.302311223228694
0,35,6,1222056.0,5263157.0,6.34155217564461
0,35,7,1236566.0,5263157.0,6.2902902403385355
0,35,8,1237686.0,5263157.0,6.286358467399046
0,35,9,1713961.0,5263157.0,4.872453895887876
0,35,10,1284155.0,5263157.0,6.126288781338268
0,35,11,1231491.0,5263157.0,6.30815082947478
0,35,12,1228048.0,5263157.0,6.320309830636432
0,35,13,1241464.0,5263157.0,6.273121948247336
0,35,14,1221587.0,5263157.0,6.3432192286021305
0,35,15,1297151.0,5263157.0,6.082557904208726
0,35,16,1281347.0,5263157.0,6.135795687917666
0,35,17,1300653.0,5263157.0,6.070848782220145
0,35,18,1330988.0,5263157.0,5.970721852625449
0,36,0,1383183.0,6250000.0,6.550003747383903
0,36,1,1410434.0,6250000.0,6.465272487998259
0,36,2,1789268.0,6250000.0,5.432046224423887
0,36,3,1473437.0,6250000.0,6.275484459652446
0,36,4,1281375.0,6250000.0,6.882037708175935
0,36,5,1271671.0,6250000.0,6.915052498728002
0,36,6,1392175.0,6250000.0,6.52186186697881
0,36,7,1377702.0,6250000.0,6.567247284745642
0,36,8,1408241.0,6250000.0,6.472030329828094
0,36,9,1330692.0,6250000.0,6.718024713956888
0,36,10,1265941.0,6250000.0,6.934665517666252
0,36,11,1424287.0,6250000.0,6.422825070056961
0,36,12,1354710.0,6250000.0,6.640336807161063
0,36,13,1340035.0,6250000.0,6.687638756148209
0,36,14,1866206.0,6250000.0,5.249204359585997
0,36,15,1420866.0,6250000.0,6.433268952256536
0,37,0,1483834.0,6666666.0,6.525233793996539
0,37,1,1393744.0,6666666.0,6.797256867351887
0,37,2,1297961.0,6666666.0,7.106470541562599
0,37,3,2899769.0,6666666.0,3.615452947956075
0,37,4,1535089.0,6666666.0,6.377751378395157
0,37,5,1426830.0,6666666.0,6.695364654373615
0,37,6,1402765.0,6666666.0,6.7692377613124775
0,37,7,1341322.0,6666666.0,6.963756496883413
0,37,8,1695368.0,6666666.0,5.946447159063755
0,37,9,1351967.0,6666666.0,6.9294260642168615
0,37,10,1381141.0,6666666.0,6.836706797645572
0,37,11,1340152.0,6666666.0,6.967546386892211
0,37,12,1235008.0,6666666.0,7.32238926684688
0,37,13,1420615.0,6666666.0,6.714323015228867
0,37,14,1317919.0,6666666.0,7.040199784056154
0,38,0,1375658.0,6250000.0,6.573695392396529
0,38,1,1491111.0,6250000.0,6.223700433121629
0,38,2,1295684.0,6250000.0,6.8338092151170935
0,38,3,1333531.0,6250000.0,6.7087690135083715
0,38,4,1548685.0,6250000.0,6.059169253909282
0,38,5,1463385.0,6250000.0,6.305214182324708
0,38,6,1473438.0,6250000.0,6.275481512160734
0,38,7,1392765.0,6250000.0,6.520021728604867
0,38,8,1328295.0,6250000.0,6.725854794774229
0,38,9,1370804.0,6250000.0,6.589046543150224
0,38,10,1293436.0,6250000.0,6.841350729150023
0,38,11,1353889.0,6250000.0,6.642969576209284
0,38,12,1468368.0,6250000.0,6.290451059461035
0,38,13,1403173.0,6250000.0,6.487687979810514
0,38,14,1341345.0,6250000.0,6.68339522620051
0,38,15,1398091.0,6250000.0,6.503445773280853
0,39,0,1843083.0,5555555.0,4.791825581199323
0,39,1,1630719.0,5555555.0,5.323483201408191
0,39,2,1476279.0,5555555.0,5.755590094883338
0,39,3,1271846.0,5555555.0,6.402929230158353
0,39,4,1363941.0,5555555.0,6.099318670182053
0,39,5,1319114.0,5555555.0,6.244451218560368
0,39,6,1398764.0,5555555.0,5.989830051266769
0,39,7,1323106.0,5555555.0,6.231328125926768
0,39,8,1422022.0,5555555.0,5.918211360828539
0,39,9,1382347.0,5555555.0,6.041103771200337
0,39,10,1290816.0,5555555.0,6.3386311150897034
0,39,11,1772199.0,5555555.0,4.962149643059332
0,39,12,1458608.0,5555555.0,5.8078886026691485
0,39,13,1392121.0,5555555.0,6.010504666607343
0,39,14,1379954.0,5555555.0,6.048628417900172
0,39,15,1390545.0,5555555.0,6.015424036568828
0,39,16,2717727.0,5555555.0,3.105216224512871
0,39,17,1514922.0,5555555.0,5.643371789204361
0,40,0,1327468.0,4761904.0,5.547565750204988
0,40,1,1319016.0,4761904.0,5.575305720979715
0,40,2,1299732.0,4761904.0,5.639268241798269
0,40,3,1354395.0,4761904.0,5.460352939536387
0,40,4,1870036.0,4761904.0,4.059306685735517
0,40,5,1371333.0,4761904.0,5.4063770870494565
0,40,6,1377800.0,4761904.0,5.38594455362829
0,40,7,1380587.0,4761904.0,5.377168561478256
0,40,8,1385001.0,4761904.0,5.363305488085809
0,40,9,1374122.0,4761904.0,5.397553429574199
0,40,10,1404665.0,4761904.0,5.3020787452641995
0,40,11,1332411.0,4761904.0,5.531424263353358
0,40,12,1233663.0,4761904.0,5.865840962023199
0,40,13,3382072.0,4761904.0,1.4859778684312102
0,40,14,6634025.0,4761904.0,-1.4399646802518529
0,40,15,1495108.0,4761904.0,5.0310807046971835
0,40,16,1431183.0,4761904.0,5.220854668627668
0,40,17,1418686.0,4761904.0,5.25894352765126
0,40,18,1435925.0,4761904.0,5.206488789762744
0,40,19,1413261.0,4761904.0,5.275582613384987
0,40,20,1291810.0,4761904.0,5.665819936520181
0,41,0,1571628.0,4166666.0,4.234389312364776
0,41,1,1284137.0,4166666.0,5.111773292661979
0,41,2,1237096.0,4166666.0,5.273852861385711
0,41,3,1266447.0,4166666.0,5.172016692417557
0,41,4,1234713.0,4166666.0,5.282226680487482
0,41,5,1225279.0,4166666.0,5.31553698578914
0,41,6,1225425.0,4166666.0,5.315019526361703
0,41,7,1230669.0,4166666.0,5.296474277492664
0,41,8,1236861.0,4166666.0,5.2746779299180595
0,41,9,1210712.0,4166666.0,5.367478418481689
0,41,10,1346056.0,4166666.0,4.907255605737319
0,41,11,1370465.0,4166666.0,4.829207401340457
0,41,12,1310235.0,4166666.0,5.024394923438455
0,41,13,1540631.0,4166666.0,4.320900564772504
0,41,14,1373211.0,4166666.0,4.820514151514279
0,41,15,1405571.0,4166666.0,4.719359006654135
0,41,16,1344577.0,4166666.0,4.912030107525025
0,41,17,1334457.0,4166666.0,4.944841046557096
0,41,18,1263490.0,4166666.0,5.182168797926709
0,41,19,1227312.0,4166666.0,5.3083370826342335
0,41,20,1267086.0,4166666.0,5.1698259636619355
0,41,21,1367903.0,4166666.0,4.837333867814556
0,41,22,3926948.0,4166666.0,0.2573353834892812
0,41,23,3620231.0,4166666.0,0.6105240588562673
0,42,0,1544614.0,4000000.0,4.132400244697944
0,42,1,1300272.0,4000000.0,4.880257807574451
0,42,2,1265064.0,4000000.0,4.999474941609836
0,42,3,1229084.0,4000000.0,5.124784261877741
0,42,4,1241590.0,4000000.0,5.080817852894198
0,42,5,1240168.0,4000000.0,5.085794702537477
0,42,6,1224432.0,4000000.0,5.141253201561628
0,42,7,1224711.0,4000000.0,5.140263727602981
0,42,8,1295056.0,4000000.0,4.897714430148205
0,42,9,1277728.0,4000000.0,4.956215793456545
0,42,10,1349269.0,4000000.0,4.719614489434568
0,42,11,1330413.0,4000000.0,4.780735114298784
0,42,12,1231876.0,4000000.0,5.114929971570624
0,42,13,1235023.0,4000000.0,5.103849457322195
0,42,14,1285103.0,4000000.0,4.931220539027056
0,42,15,1235383.0,4000000.0,5.102583705744585
0,42,16,1247400.0,4000000.0,5.060542516128495
0,42,17,1225833.0,4000000.0,5.136286827431055
0,42,18,1314713.0,4000000.0,4.83229034030672
0,42,19,1222476.0,4000000.0,5.148196496426353
0,42,20,1255930.0,4000000.0,5.030945569115905
0,42,21,1283904.0,4000000.0,4.935274394245127
0,42,22,1259688.0,4000000.0,5.017969991130178
0,42,23,1391800.0,4000000.0,4.584831591689663
0,42,24,1361772.0,4000000.0,4.679555911159132
0,43,0,1237893.0,4166666.0,5.271055816921745
0,43,1,1233115.0,4166666.0,5.287851081208112
0,43,2,1352005.0,4166666.0,4.88810391079978
0,43,3,1236254.0,4166666.0,5.276809789987719
0,43,4,1223996.0,4166666.0,5.3200869025706075
0,43,5,1435876.0,4166666.0,4.626717522661586
0,43,6,1279381.0,4166666.0,5.127887920495756
0,43,7,1833416.0,4166666.0,3.565276717351761
0,43,8,1269224.0,4166666.0,5.162504131376153
0,43,9,1255340.0,4166666.0,5.210273214498007
0,43,10,1386291.0,4166666.0,4.779342850558166
0,43,11,1260176.0,4166666.0,5.193574845639174
0,43,12,1256567.0,4166666.0,5.206030387262142
0,43,13,1333757.0,4166666.0,4.9471197704098815
0,43,14,1229786.0,4166666.0,5.299591441139093
0,43,15,1214282.0,4166666.0,5.354691315334471
0,43,16,1251192.0,4166666.0,5.224647299133139
0,43,17,1269710.0,4166666.0,5.160841487756564
0,43,18,1224916.0,4166666.0,5.316823813148467
0,43,19,1330605.0,4166666.0,4.957395377445028
0,43,20,1217919.0,4166666.0,5.341702831175452
0,43,21,1244150.0,4166666.0,5.249159449053952
0,43,22,1400537.0,4166666.0,4.734941021082527
0,43,23,1648962.0,4166666.0,4.025780412710444
0,44,0,1439182.0,4545454.0,4.9946154845755935
0,44,1,1355116.0,4545454.0,5.256007939895814
0,44,2,1317088.0,4545454.0,5.379624741525809
0,44,3,1280970.0,4545454.0,5.500383082678226
0,44,4,1301419.0,4545454.0,5.431601241582985
0,44,5,1231836.0,4545454.0,5.670243750100453
0,44,6,1284154.0,4545454.0,5.489601581740605
0,44,7,1323968.0,4545454.0,5.356997786289894
0,44,8,1370834.0,4545454.0,5.20592399617093
0,44,9,1346769.0,4545454.0,5.282841558446831
0,44,10,1630965.0,4545454.0,4.451326257462496
0,44,11,1390155.0,4545454.0,5.145140409869451
0,44,12,1382322.0,4545454.0,5.169680470819305
0,44,13,1403560.0,4545454.0,5.1034628428369855
0,44,14,1326240.0,4545454.0,5.349551447703542
0,44,15,1384803.0,4545454.0,5.1618927135020325
0,44,16,1332381.0,4545454.0,5.329488361189595
0,44,17,1231118.0,4545454.0,5.672775859484874
0,44,18,1398137.0,4545454.0,5.120275381214043
0,44,19,1331898.0,4545454.0,5.331063002862312
0,44,20,1268819.0,4545454.0,5.541775936735918
0,44,21,3914638.0,4545454.0,0.6488565951173753
0,45,0,1761129.0,5263157.0,4.754551566795365
0,45,1,1334358.0,5263157.0,5.959739614792713
0,45,2,1299819.0,5263157.0,6.073634442748892
0,45,3,1434595.0,5263157.0,5.645170123634349
0,45,4,1389741.0,5263157.0,5.783124550001144
0,45,5,1313388.0,5263157.0,6.028532812551656
0,45,6,1412400.0,5263157.0,5.712886163260434
0,45,7,1390804.0,5263157.0,5.779803941582623
0,45,8,1384915.0,5263157.0,5.798232060865126
0,45,9,1344664.0,5263157.0,5.926325473290569
0,45,10,1851256.0,5263157.0,4.537798461185369
0,45,11,1378163.0,5263157.0,5.819457391301847
0,45,12,1360928.0,5263157.0,5.874111757888102
0,45,13,1386513.0,5263157.0,5.793223793221212
0,45,14,1352790.0,5263157.0,5.900159409769672
0,45,15,1336732.0,5263157.0,5.952019804741292
0,45,16,1236338.0,5263157.0,6.291091073222905
0,45,17,1283783.0,5263157.0,6.127547048075223
0,45,18,1356811.0,5263157.0,5.887269693581673
0,46,0,1314275.0,6250000.0,6.77193770471354
0,46,1,1368284.0,6250000.0,6.5970376876711665
0,46,2,1338407.0,6250000.0,6.692918179810227
0,46,3,1739403.0,6250000.0,5.554798025642002
0,46,4,1325059.0,6250000.0,6.736448011059908
0,46,5,1394781.0,6250000.0,6.513739946505739
0,46,6,1563361.0,6250000.0,6.01820743608134
0,46,7,1361851.0,6250000.0,6.6175042328979465
0,46,8,1322289.0,6250000.0,6.745536322486197
0,46,9,1380687.0,6250000.0,6.557847816182493
0,46,10,1282182.0,6250000.0,6.879303416264556
0,46,11,1373788.0,6250000.0,6.579602988373217
0,46,12,1285411.0,6250000.0,6.868380052465416
0,46,13,1285438.0,6250000.0,6.8682888300636975
0,46,14,1818073.0,6250000.0,5.362687001409183
0,46,15,1408773.0,6250000.0,6.470389978256399
0,47,0,1344785.0,6666666.0,6.952558412636739
0,47,1,1404954.0,6666666.0,6.76246592400609
0,47,2,1338195.0,6666666.0,6.973892946560074
0,47,3,1252053.0,6666666.0,7.262859843590191
0,47,4,1411962.0,6666666.0,6.740856887681945
0,47,5,1326003.0,6666666.0,7.013641908805244
0,47,6,1269411.0,6666666.0,7.20306440169511
0,47,7,1370601.0,6666666.0,6.869976531691094
0,47,8,1306525.0,6666666.0,7.0779097326540015
0,47,9,1294792.0,6666666.0,7.117086901073083
0,47,10,1684121.0,6666666.0,5.975354062274352
0,47,11,1369034.0,6666666.0,6.874944635306037
0,47,12,1254691.0,6666666.0,7.253719147402706
0,47,13,1513564.0,6666666.0,6.439079079942021
0,47,14,1304832.0,6666666.0,7.083540986143108
0,48,0,1429859.0,6250000.0,6.405868040336293
0,48,1,1346446.0,6250000.0,6.666910768800904
0,48,2,1328264.0,6250000.0,6.72595615242478
0,48,3,1364518.0,6250000.0,6.609007483171902
0,48,4,1411162.0,6250000.0,6.463031441513637
0,48,5,1424731.0,6250000.0,6.421471433459887
0,48,6,1613835.0,6250000.0,5.880208873623667
0,48,7,1517090.0,6250000.0,6.148686716634999
0,48,8,1342905.0,6250000.0,6.678347265183126
0,48,9,1394310.0,6250000.0,6.515206752019943
0,48,10,1393386.0,6250000.0,6.518085746831245
0,48,11,1447736.0,6250000.0,6.351906434638543
0,48,12,1332259.0,6250000.0,6.712913545695121
0,48,13,1265162.0,6250000.0,6.937338782342439
0,48,14,1391965.0,6250000.0,6.522517019674957
0,48,15,1350964.0,6250000.0,6.652362410901121
0,49,0,1318661.0,5555555.0,6.2459428954640925
0,49,1,1409925.0,5555555.0,5.955314401965817
0,49,2,1452924.0,5555555.0,5.824845537857834
0,49,3,1388505.0,5555555.0,6.021800034857566
0,49,4,1402102.0,5555555.0,5.979478426684011
0,49,5,1307929.0,5555555.0,6.2814328220768445
0,49,6,1301556.0,5555555.0,6.302645929153588
0,49,7,1384830.0,5555555.0,6.033309882425027
0,49,8,1399494.0,5555555.0,5.987564105960929
0,49,9,1327895.0,5555555.0,6.215637158354271
0,49,10,1322131.0,5555555.0,6.234529632173893
0,49,11,1242828.0,5555555.0,6.503164224390931
0,49,12,1413537.0,5555555.0,5.9442027062930824
0,49,13,1378217.0,5555555.0,6.054098489297447
0,49,14,1549974.0,5555555.0,5.544030382977487
0,49,15,1356304.0,5555555.0,6.1237040889387675
0,49,16,1304736.0,5555555.0,6.2920480595535535
0,49,17,1326467.0,5555555.0,6.220310014430338
0,50,0,1504447.0,4545454.0,4.802003744300081
0,50,1,1386383.0,4545454.0,5.1569404269665124
0,50,2,1380223.0,4545454.0,5.176280068602769
0,50,3,1316641.0,4545454.0,5.381098922318706
0,50,4,1388425.0,4545454.0,5.150548420801498
0,50,5,1380056.0,4545454.0,5.176805574745926
0,50,6,1425962.0,4545454.0,5.034693147655433
0,50,7,1307679.0,4545454.0,5.410761175985254
0,50,8,1560034.0,4545454.0,4.64443203418584
0,50,9,1379360.0,4545454.0,5.17899639313514
0,50,10,1373136.0,4545454.0,5.1986371371172
0,50,11,1411489.0,4545454.0,5.078997691051369
0,50,12,1327056.0,4545454.0,5.346880171612176
0,50,13,1271567.0,4545454.0,5.532380185840076
0,50,14,1339269.0,4545454.0,5.307094507059084
0,50,15,1408403.0,4545454.0,5.088503255847421
0,50,16,1370224.0,4545454.0,5.2078569697769925
0,50,17,1320086.0,4545454.0,5.369750418347742
0,50,18,1397603.0,4545454.0,5.1219344285943915
0,50,19,2254967.0,4545454.0,3.0443707642398135
0,50,20,1420223.0,4545454.0,5.052207254500496
0,50,21,1354222.0,4545454.0,5.258874022170619
0,51,0,1394696.0,4166666.0,4.753091334570065
0,51,1,1321318.0,4166666.0,4.98781337481178
0,51,2,1289774.0,4166666.0,5.092750708676026
0,51,3,1473841.0,4166666.0,4.513380550389209
0,51,4,1322308.0,4166666.0,4.984560633635963
0,51,5,1452717.0,4166666.0,4.57607670035965
0,51,6,1355741.0,4166666.0,4.87611958720377
0,51,7,1326395.0,4166666.0,4.971158127154758
0,51,8,1520658.0,4166666.0,4.3775713774223
0,51,9,1363167.0,4166666.0,4.852396247966151
0,51,10,1304003.0,4166666.0,5.045100982627725
0,51,11,1360994.0,4166666.0,4.85932478199432
0,51,12,1310581.0,4166666.0,5.023248212707053
0,51,13,1311282.0,4166666.0,5.0209258912198615
0,51,14,1332717.0,4166666.0,4.95050751230485
0,51,15,1326294.0,4166666.0,4.971488838690814
0,51,16,1333910.0,4166666.0,4.946621604365888
0,51,17,1346496.0,4166666.0,4.905836211989392
0,51,18,1377459.0,4166666.0,4.807100078391574
0,51,19,1355483.0,4166666.0,4.876946136221257
0,51,20,1656777.0,4166666.0,4.005246319129886
0,51,21,1396295.0,4166666.0,4.748115059458165
0,51,22,1553556.0,4166666.0,4.284617762037451
0,51,23,1348804.0,4166666.0,4.898398435792106
0,52,0,1370999.0,4000000.0,4.650228533106162
0,52,1,1360756.0,4000000.0,4.682797333940437
0,52,2,1270948.0,4000000.0,4.979322092830364
0,52,3,1320456.0,4000000.0,4.813360570274071
0,52,4,1399269.0,4000000.0,4.561587786335018
0,52,5,1359783.0,4000000.0,4.685903840032864
0,52,6,1310262.0,4000000.0,4.847018454605491
0,52,7,1301011.0,4000000.0,4.877790228070332
0,52,8,1583753.0,4000000.0,4.023725407799773
0,52,9,1406940.0,4000000.0,4.5378441430866125
0,52,10,1349823.0,4000000.0,4.717831673981422
0,52,11,1275425.0,4000000.0,4.964050658527983
0,52,12,1361370.0,4000000.0,4.680838153385159
0,52,13,1328274.0,4000000.0,4.7877231959888835
0,52,14,1341007.0,4000000.0,4.74628946471562
0,52,15,1504147.0,4000000.0,4.247697094811556
0,52,16,1392257.0,4000000.0,4.583405812116813
0,52,17,1253425.0,4000000.0,5.039616387222917
0,52,18,1415381.0,4000000.0,4.511866299658452
0,52,19,1498755.0,4000000.0,4.263293463678214
0,52,20,1361683.0,4000000.0,4.679839758029399
0,52,21,1358993.0,4000000.0,4.688427715853156
0,52,22,1368498.0,4000000.0,4.658158242837553
0,52,23,1269126.0,4000000.0,4.985552499359771
0,52,24,1311219.0,4000000.0,4.843847576482442
0,53,0,1388279.0,4166666.0,4.773119345094102
0,53,1,1420620.0,4166666.0,4.673107642680675
0,53,2,2287208.0,4166666.0,2.6048302741068694
0,53,3,1337397.0,4166666.0,4.935283441297834
0,53,4,1402438.0,4166666.0,4.729050180552877
0,53,5,1369228.0,4166666.0,4.833129171484927
0,53,6,1679253.0,4166666.0,3.9467255595900195
0,53,7,1384873.0,4166666.0,4.783787406196788
0,53,8,1479868.0,4166666.0,4.495657095064706
0,53,9,1397283.0,4166666.0,4.745043135452389
0,53,10,1357295.0,4166666.0,4.871144395583121
0,53,11,1338762.0,4166666.0,4.930853121431139
0,53,12,1360965.0,4166666.0,4.859417322256504
0,53,13,1375502.0,4166666.0,4.813274626045895
0,53,14,1319896.0,4166666.0,4.992489760844387
0,53,15,1422474.0,4166666.0,4.667443517023337
0,53,16,1377370.0,4166666.0,4.807380692606852
0,53,17,1654410.0,4166666.0,4.011455423078208
0,53,18,1386105.0,4166666.0,4.779925586745602
0,53,19,6273599.0,4166666.0,-1.777280669291339
0,53,20,1451318.0,4166666.0,4.580261071603
0,53,21,1478672.0,4166666.0,4.499168396102723
0,53,22,1522501.0,4166666.0,4.372311022455608
0,53,23,1445939.0,4166666.0,4.596387170890926
0,54,0,1444231.0,4761904.0,5.181439730150034
0,54,1,1995955.0,4761904.0,3.7762989014623862
0,54,2,1393254.0,4761904.0,5.337503371995206
0,54,3,1442199.0,4761904.0,5.187554456874826
0,54,4,1357330.0,4761904.0,5.450951877097393
0,54,5,1423939.0,4761904.0,5.242892507834797
0,54,6,1389493.0,4761904.0,5.349242725525993
0,54,7,1375730.0,4761904.0,5.392474279085383
0,54,8,1362310.0,4761904.0,5.435046912196375
0,54,9,1400842.0,4761904.0,5.313914815051131
0,54,10,1363739.0,4761904.0,5.4304937521359005
0,54,11,1403008.0,4761904.0,5.307204883814252
0,54,12,1961688.0,4761904.0,3.851507003462346
0,54,13,1381034.0,4761904.0,5.375762650709862
0,54,14,1421330.0,4761904.0,5.250857129955624
0,54,15,2145630.0,4761904.0,3.462258029637476
0,54,16,1525667.0,4761904.0,4.94320883185056
0,54,17,1327956.0,4761904.0,5.545969502603439
0,54,18,1250366.0,4761904.0,5.807434799593998
0,54,19,1242604.0,4761904.0,5.834478884854997
0,54,20,1204774.0,4761904.0,5.968750492483371
0,55,0,1168233.0,5555555.0,6.771979815311413
0,55,1,1218485.0,5555555.0,6.589072642389303
0,55,2,1438547.0,5555555.0,5.868033958024562
0,55,3,1229318.0,5555555.0,6.550632107442398
0,55,4,1320736.0,5555555.0,6.23911435670615
0,55,5,1187268.0,5555555.0,6.701786888868744
0,55,6,1181777.0,5555555.0,6.721919180746409
0,55,7,1216121.0,5555555.0,6.597506635223311
0,55,8,1170475.0,5555555.0,6.763653093662512
0,55,9,1176488.0,5555555.0,6.741399496707676
0,55,10,1331326.0,5555555.0,6.204430378667731
0,55,11,1176686.0,5555555.0,6.74066865141005
0,55,12,1160702.0,5555555.0,6.800067186949711
0,55,13,1184730.0,5555555.0,6.711080655690718
0,55,14,1178482.0,5555555.0,6.734044979207527
0,55,15,1323493.0,5555555.0,6.230058028222549
0,55,16,1334464.0,5555555.0,6.194205892015177
0,55,17,1275423.0,5555555.0,6.390732070118531
0,56,0,1174437.0,6250000.0,7.260502923447069
0,56,1,1164051.0,6250000.0,7.299080090805767
0,56,2,1232418.0,6250000.0,7.051219845933733
0,56,3,1179920.0,6250000.0,7.240274547297746
0,56,4,1161347.0,6250000.0,7.309180149448206
0,56,5,1264830.0,6250000.0,6.938478594395755
0,56,6,1164723.0,6250000.0,7.296573656948815
0,56,7,1165482.0,6250000.0,7.293744467899595
0,56,8,1432639.0,6250000.0,6.397432477836167
0,56,9,1229047.0,6250000.0,7.063115262799484
0,56,10,1355565.0,6250000.0,6.637596702969827
0,56,11,1350951.0,6250000.0,6.6524042022103576
0,56,12,1245915.0,6250000.0,7.003916028621438
0,56,13,1186991.0,6250000.0,7.2143259128346475
0,56,14,1211656.0,6250000.0,7.125006801106598
0,56,15,1175647.0,6250000.0,7.2560307737746434
0,57,0,1184896.0,6666666.0,7.502284641377156
0,57,1,1284748.0,6666666.0,7.150907472344353
0,57,2,1166039.0,6666666.0,7.571956211900371
0,57,3,1166431.0,6666666.0,7.570496442312691
0,57,4,1162271.0,6666666.0,7.5860129572343284
0,57,5,1166401.0,6666666.0,7.570608142036098
0,57,6,1172295.0,6666666.0,7.548717848507634
0,57,7,1360794.0,6666666.0,6.9011631179324535
0,57,8,1401235.0,6666666.0,6.773977209409887
0,57,9,1239304.0,6666666.0,7.307308460796348
0,57,10,1221985.0,6666666.0,7.368428225880473
0,57,11,1240862.0,6666666.0,7.301852125278417
0,57,12,1210926.0,6666666.0,7.407910934086578
0,57,13,1214715.0,6666666.0,7.394343030754412
0,57,14,1322045.0,6666666.0,7.026624595217722
0,58,0,1225520.0,6250000.0,7.075596141845688
0,58,1,1210298.0,6250000.0,7.129877017206744
0,58,2,1230846.0,6250000.0,7.056762987214852
0,58,3,1208190.0,6250000.0,7.137447805233737
0,58,4,1215577.0,6250000.0,7.110975431684686
0,58,5,1459344.0,6250000.0,6.317223404662169
0,58,6,1275143.0,6250000.0,6.903211261988296
0,58,7,1211950.0,6250000.0,7.123953143224039
0,58,8,1231618.0,6250000.0,7.0540398988690844
0,58,9,1212434.0,6250000.0,7.1222191066025
0,58,10,1222587.0,6250000.0,7.08600243801553
0,58,11,1328548.0,6250000.0,6.725027673982721
0,58,12,1213872.0,6250000.0,7.11707123540984
0,58,13,1212022.0,6250000.0,7.123695143521846
0,58,14,1231508.0,6250000.0,7.05442779939095
0,58,15,1210064.0,6250000.0,7.1307167668729665
0,59,0,1212207.0,5263157.0,6.376695376627323
0,59,1,1220823.0,5263157.0,6.345936225297985
0,59,2,1590412.0,5263157.0,5.1973668130639386
0,59,3,1280213.0,5263157.0,6.139640922654712
0,59,4,1259001.0,5263157.0,6.212202501574456
0,59,5,1249956.0,5263157.0,6.243515996438699
0,59,6,1210245.0,5263157.0,6.383730281424693
0,59,7,1202545.0,5263157.0,6.411449882909669
0,59,8,1322038.0,5263157.0,6.000023867443874
0,59,9,1207125.0,5263157.0,6.394940808037704
0,59,10,1223500.0,5263157.0,6.336423515292948
0,59,11,1221569.0,5263157.0,6.343283222065294
0,59,12,1213148.0,5263157.0,6.373325386436386
0,59,13,1335003.0,5263157.0,5.957640835749495
0,59,14,1363276.0,5263157.0,5.86662536042287
0,59,15,1433119.0,5263157.0,5.649640713880752
0,59,16,1253496.0,5263157.0,6.231233727870073
0,59,17,1240909.0,5263157.0,6.275063908149997
0,59,18,1197982.0,5263157.0,6.427960325055486
0,60,0,1205652.0,4545454.0,5.7635529614834535
0,60,1,1302780.0,4545454.0,5.427061843144666
0,60,2,1220806.0,4545454.0,5.709306119820473
0,60,3,1217870.0,4545454.0,5.719763345092944
0,60,4,1220171.0,4545454.0,5.71156568230082
0,60,5,1207513.0,4545454.0,5.756854520298981
0,60,6,1315362.0,4545454.0,5.385319758587331
0,60,7,1428326.0,4545454.0,5.027499252785877
0,60,8,1725188.0,4545454.0,4.207408384278083
0,60,9,1293068.0,4545454.0,5.459559028562745
0,60,10,1323330.0,4545454.0,5.359091089611384
0,60,11,1232097.0,4545454.0,5.669323669398578
0,60,12,1270872.0,4545454.0,5.534754556847136
0,60,13,1421547.0,4545454.0,5.048160439060504
0,60,14,1392533.0,4545454.0,5.137717712611487
0,60,15,1361118.0,4545454.0,5.236814897449213
0,60,16,1367847.0,4545454.0,5.215397448039384
0,60,17,2058081.0,4545454.0,3.4411480374936385
0,60,18,2774100.0,4545454.0,2.1445515471400634
0,60,19,3613587.0,4545454.0,0.9963875189521756
0,60,20,3208609.0,4545454.0,1.5126046972028186
0,60,21,2011424.0,4545454.0,3.540736393046513
0,61,0,1841691.0,4166666.0,3.5457192301215885
0,61,1,1602670.0,4166666.0,4.149445812524773
0,61,2,1700688.0,4166666.0,3.891640414477677
0,61,3,1649255.0,4166666.0,4.025008794084183
0,61,4,5678300.0,4166666.0,-1.3442964495087193
0,61,5,1384554.0,4166666.0,4.784787901536365
0,61,6,1270071.0,4166666.0,5.159606890686793
0,61,7,1412367.0,4166666.0,4.698411270960883
0,61,8,1346194.0,4166666.0,4.9068103823104074
0,61,9,1370445.0,4166666.0,4.82927078094532
0,61,10,1382501.0,4166666.0,4.791232346875916
0,61,11,1369622.0,4166666.0,4.831879654154293
0,61,12,1948085.0,4166666.0,3.3018078645087128
0,61,13,2990663.0,4166666.0,1.4402121107124188
0,61,14,2305557.0,4166666.0,2.5701282510446077
0,61,15,1973636.0,4166666.0,3.2452163052249174
0,61,16,1829072.0,4166666.0,3.5755788732308025
0,61,17,2011049.0,4166666.0,3.1636603631971676
0,61,18,1802488.0,4166666.0,3.6391630670030706
0,61,19,1686765.0,4166666.0,3.927341078792227
0,61,20,3880596.0,4166666.0,0.3089025711600528
0,61,21,1544281.0,4166666.0,4.310623606475811
0,61,22,1408584.0,4166666.0,4.710059378353857
0,61,23,1395117.0,4166666.0,4.751780580205748
0,62,0,1482391.0,4000000.0,4.310972217293463
0,62,1,1262071.0,4000000.0,5.009762037408745
0,62,2,1472386.0,4000000.0,4.34038311969017
0,62,3,1390506.0,4000000.0,4.588871241534803
0,62,4,1378310.0,4000000.0,4.627130842439583
0,62,5,1384572.0,4000000.0,4.607444466384542
0,62,6,1495897.0,4000000.0,4.271583001201236
0,62,7,1453623.0,4000000.0,4.396082053342177
0,62,8,1454745.0,4000000.0,4.39273118142453
0,62,9,1377042.0,4000000.0,4.631128048182645
0,62,10,1380665.0,4000000.0,4.619716757474871
0,62,11,1330021.0,4000000.0,4.7820149313371925
0,62,12,4404143.0,4000000.0,-0.41801420493699754
0,62,13,1405892.0,4000000.0,4.541080316722967
0,62,14,1314895.0,4000000.0,4.8316891739288215
0,62,15,1365269.0,4000000.0,4.6684176214474435
0,62,16,1545685.0,4000000.0,4.129389989646633
0,62,17,1494310.0,4000000.0,4.276192885450008
0,62,18,1359663.0,4000000.0,4.686287119111486
0,62,19,1271831.0,4000000.0,4.976305849240692
0,62,20,1360216.0,4000000.0,4.684521122522654
0,62,21,1267135.0,4000000.0,4.992371044384027
0,62,22,1779915.0,4000000.0,3.516607282956909
0,62,23,1378420.0,4000000.0,4.626784255047747
0,62,24,1408676.0,4000000.0,4.532488758573102
0,63,0,1442877.0,4166666.0,4.6055937814995564
0,63,1,1386464.0,4166666.0,4.778800913420072
0,63,2,1755734.0,4166666.0,3.753299694195521
0,63,3,1390155.0,4166666.0,4.767254627257636
0,63,4,1371897.0,4166666.0,4.824671823946876
0,63,5,1388529.0,4166666.0,4.772337342011647
0,63,6,1417970.0,4166666.0,4.68121646228047
0,63,7,1387781.0,4166666.0,4.774677514977373
0,63,8,1418889.0,4166666.0,4.678402669682173
0,63,9,1335106.0,4166666.0,4.942729411624277
0,63,10,1267588.0,4166666.0,5.168105696418369
0,63,11,1362186.0,4166666.0,4.855522763358083
0,63,12,1329080.0,4166666.0,4.9623756601287425
0,63,13,1399904.0,4166666.0,4.7369043433716
0,63,14,1817809.0,4166666.0,3.6024043951034255
0,63,15,1316102.0,4166666.0,5.00499139705306
0,63,16,1239643.0,4166666.0,5.264920564237401
0,63,17,1261402.0,4166666.0,5.189351735532971
0,63,18,1280735.0,4166666.0,5.123294106908211
0,63,19,1232739.0,4166666.0,5.28917552885555
0,63,20,1266330.0,4166666.0,5.172417931487706
0,63,21,1350646.0,4166666.0,4.89247152060697
0,63,22,1300857.0,4166666.0,5.055591305365821
0,63,23,1532202.0,4166666.0,4.344726639079157
0,64,0,1347961.0,4761904.0,5.481033086611218
0,64,1,1347060.0,4761904.0,5.483936955210189
0,64,2,1565789.0,4761904.0,4.830473980504432
0,64,3,1398094.0,4761904.0,5.322442638622206
0,64,4,1390145.0,4761904.0,5.347205337870521
0,64,5,1381701.0,4761904.0,5.373665638690559
0,64,6,1338519.0,4761904.0,5.511560954920238
0,64,7,1316924.0,4761904.0,5.58219923332747
0,64,8,1300376.0,4761904.0,5.637116903068763
0,64,9,1352416.0,4761904.0,5.466703356560886
0,64,10,1400523.0,4761904.0,5.314903903872659
0,64,11,1365812.0,4761904.0,5.423897116761966
0,64,12,1290830.0,4761904.0,5.6691158555231596
0,64,13,1762623.0,4761904.0,4.316212029623837
0,64,14,1359038.0,4761904.0,5.445490355883418
0,64,15,1421321.0,4761904.0,5.250884629992295
0,64,16,1356274.0,4761904.0,5.454331994432424
0,64,17,1344380.0,4761904.0,5.492585928222253
0,64,18,1392621.0,4761904.0,5.339476959552263
0,64,19,1302766.0,4761904.0,5.629142200932664
0,64,20,1360989.0,4761904.0,5.439260206848125
0,65,0,1453530.0,5555555.0,5.823034516869047
0,65,1,1351084.0,5555555.0,6.1404510051892816
0,65,2,1381092.0,5555555.0,6.0450484185202855
0,65,3,1298464.0,5555555.0,6.312975381781497
0,65,4,1524607.0,5555555.0,5.615695420319225
0,65,5,1310145.0,5555555.0,6.274080877084237
0,65,6,1366868.0,5555555.0,6.090008751873385
0,65,7,1365151.0,5555555.0,6.095467599147904
0,65,8,1445803.0,5555555.0,5.846183299066915
0,65,9,1280034.0,5555555.0,6.375059460254087
0,65,10,1314260.0,5555555.0,6.2604616128502
0,65,11,1360850.0,5555555.0,6.1091719383365115
0,65,12,1373589.0,5555555.0,6.068706472252961
0,65,13,1354810.0,5555555.0,6.128490579080026
0,65,14,1375836.0,5555555.0,6.061607824949608
0,65,15,1394086.0,5555555.0,6.004378856152991
0,65,16,1658635.0,5555555.0,5.249766259771395
0,65,17,1293790.0,5555555.0,6.328636614115783
0,66,0,1207029.0,6250000.0,7.141623127904905
0,66,1,1254767.0,6250000.0,6.9731692898425965
0,66,2,1423185.0,6250000.0,6.426186595950465
0,66,3,1335436.0,6250000.0,6.70256937800504
0,66,4,1300034.0,6250000.0,6.819253067147045
0,66,5,1334250.0,6250000.0,6.7064280586845015
0,66,6,1315419.0,6250000.0,6.768159067969952
0,66,7,1249701.0,6250000.0,6.990739000025073
0,66,8,1377066.0,6250000.0,6.569252617284702
0,66,9,1321928.0,6250000.0,6.746722157906975
0,66,10,1537831.0,6250000.0,6.089714060660553
0,66,11,1341291.0,6250000.0,6.683570068423055
0,66,12,1272584.0,6250000.0,6.91193558726278
0,66,13,1449455.0,6250000.0,6.346752806161869
0,66,14,1321482.0,6250000.0,6.748187653919828
0,66,15,1367916.0,6250000.0,6.598205879837704
0,67,0,1374439.0,6666666.0,6.857832276542368
0,67,1,1372579.0,6666666.0,6.863713474698235
0,67,2,1306954.0,6666666.0,7.076483952424586
0,67,3,1380611.0,6666666.0,6.8383736821321905
0,67,4,1320023.0,6666666.0,7.033271991226084
0,67,5,1602906.0,6666666.0,6.190006429575402
0,67,6,1504490.0,6666666.0,6.465193920849986
0,67,7,1385000.0,6666666.0,6.82458924114401
0,67,8,1336496.0,6666666.0,6.979410342206867
0,67,9,1374756.0,6666666.0,6.856830737172672
0,67,10,1323535.0,6666666.0,7.021732670978384
0,67,11,1398826.0,6666666.0,6.78145001564543
0,67,12,1346129.0,6666666.0,6.94822017044681
0,67,13,1316014.0,6666666.0,7.04648188107444
0,67,14,1352848.0,6666666.0,6.926596935776748
0,68,0,1323336.0,6250000.0,6.74209890148896
0,68,1,1304693.0,6250000.0,6.803716850499243
0,68,2,1845409.0,6250000.0,5.297873830235904
0,68,3,1391602.0,6250000.0,6.523649731032899
0,68,4,1281912.0,6250000.0,6.88021804350168
0,68,5,1384881.0,6250000.0,6.5446756037949685
0,68,6,1379521.0,6250000.0,6.561517013547479
0,68,7,1307353.0,6250000.0,6.794871495392893
0,68,8,1314029.0,6250000.0,6.772750673402551
0,68,9,1348743.0,6250000.0,6.659508136432933
0,68,10,1394678.0,6250000.0,6.514060670571993
0,68,11,1389469.0,6250000.0,6.5303115552836255
0,68,12,1338886.0,6250000.0,6.691364169404558
0,68,13,1376752.0,6250000.0,6.570243012931099
0,68,14,1812961.0,6250000.0,5.374915555910765
0,68,15,1324658.0,6250000.0,6.737762506823589
0,69,0,1427987.0,5263157.0,5.665220714561935
0,69,1,1337708.0,5263157.0,5.948850008947374
0,69,2,1322067.0,5263157.0,5.999928602392178
0,69,3,1277370.0,5263157.0,6.149296130095502
0,69,4,1375086.0,5263157.0,5.829164647544744
0,69,5,1281997.0,5263157.0,6.133593163252326
0,69,6,1249660.0,5263157.0,6.244544563764594
0,69,7,1363900.0,5263157.0,5.864637958352473
0,69,8,1266587.0,5263157.0,6.186112990161222
0,69,9,1486138.0,5263157.0,5.4918718614530535
0,69,10,1615793.0,5263157.0,5.128606028849755
0,69,11,1459958.0,5263157.0,5.569059630152728
0,69,12,1356965.0,5263157.0,5.886776791070302
0,69,13,1315726.0,5263157.0,6.020808683690403
0,69,14,1465238.0,5263157.0,5.553381519320002
0,69,15,1287883.0,5263157.0,6.113699146485784
0,69,16,1282031.0,5263157.0,6.133477985006335
0,69,17,1498170.0,5263157.0,5.456852288944088
0,69,18,1361977.0,5263157.0,5.870765516032033
0,70,0,1306368.0,4545454.0,5.4151173341837175
0,70,1,1347880.0,4545454.0,5.279260378139233
0,70,2,1521663.0,4545454.0,4.752587864057858
0,70,3,1342595.0,4545454.0,5.296322415801927
0,70,4,1368141.0,4545454.0,5.214464091766104
0,70,5,1449048.0,4545454.0,4.964944952628715
0,70,6,1406587.0,4545454.0,5.094106678158309
0,70,7,1353786.0,4545454.0,5.2602724847729885
0,70,8,1311855.0,4545454.0,5.396914321599684
0,70,9,1417920.0,4545454.0,5.059255387109349
0,70,10,1311089.0,4545454.0,5.399450933762164
0,70,11,1241042.0,4545454.0,5.63790787691373
0,70,12,1378440.0,4545454.0,5.181893999474779
0,70,13,1367309.0,4545454.0,5.217105946086862
0,70,14,1591326.0,4545454.0,4.558181084730504
0,70,15,1381017.0,4545454.0,5.173782423862469
0,70,16,1365812.0,4545454.0,5.221863429596913
0,70,17,1263081.0,4545454.0,5.561460647849911
0,70,18,1321329.0,4545454.0,5.365663002467591
0,70,19,1353549.0,4545454.0,5.261032847214091
0,70,20,1256705.0,4545454.0,5.58343924068712
0,70,21,1370097.0,4545454.0,5.208259516772335
0,71,0,1369569.0,4166666.0,4.832047715509225
0,71,1,1891818.0,4166666.0,3.429093354868894
0,71,2,1370062.0,4166666.0,4.830484678867506
0,71,3,1691219.0,4166666.0,3.91588839729119
0,71,4,1384382.0,4166666.0,4.7853274492253215
0,71,5,1352013.0,4166666.0,4.888078213072507
0,71,6,1282474.0,4166666.0,5.1174011951721345
0,71,7,1344401.0,4166666.0,4.912598619643191
0,71,8,1380108.0,4166666.0,4.798756154661398
0,71,9,1473507.0,4166666.0,4.514364854635443
0,71,10,1475535.0,4166666.0,4.508391732868193
0,71,11,1304008.0,4166666.0,5.045084330302183
0,71,12,1419469.0,4166666.0,4.676627764592611
0,71,13,1312120.0,4166666.0,5.018151335218049
0,71,14,1335242.0,4166666.0,4.942287041943697
0,71,15,1858565.0,4166666.0,3.5061093442807594
0,71,16,1331828.0,4166666.0,4.953405476563198
0,71,17,1277884.0,4166666.0,5.132972562984298
0,71,18,1377761.0,4166666.0,4.806148016965917
0,71,19,1361659.0,4166666.0,4.857203278914723
0,71,20,1382054.0,4166666.0,4.792636765562486
0,71,21,1300810.0,4166666.0,5.055748218918951
0,71,22,1227434.0,4166666.0,5.307905397019218
0,71,23,1371098.0,4166666.0,4.827201914602199
0,72,0,1285297.0,4000000.0,4.930564974681823
0,72,1,1346932.0,4000000.0,4.727143204529504
0,72,2,1482736.0,4000000.0,4.309961592136882
0,72,3,1490837.0,4000000.0,4.286298286732951
0,72,4,1389489.0,4000000.0,4.592048783277135
0,72,5,1383823.0,4000000.0,4.609794467557658
0,72,6,1368310.0,4000000.0,4.658754904077408
0,72,7,1353750.0,4000000.0,4.705215216945857
0,72,8,1431922.0,4000000.0,4.461406297054234
0,72,9,1291981.0,4000000.0,4.908038643994159
0,72,10,1219227.0,4000000.0,5.159754196969599
0,72,11,1312619.0,4000000.0,4.8392130500188095
0,72,12,1345824.0,4000000.0,4.730717225444183
0,72,13,1298090.0,4000000.0,4.887551870389934
0,72,14,1389917.0,4000000.0,4.590711245402324
0,72,15,1597169.0,4000000.0,3.9870911909416322
0,72,16,1428043.0,4000000.0,4.473187065897947
0,72,17,1365913.0,4000000.0,4.666369529071841
0,72,18,1368594.0,4000000.0,4.6578535963713055
0,72,19,1417148.0,4000000.0,4.50644783122216
0,72,20,1314029.0,4000000.0,4.834550413241423
0,72,21,1248132.0,4000000.0,5.057994734173622
0,72,22,1330287.0,4000000.0,4.781146442932307
0,72,23,1292835.0,4000000.0,4.905168903934978
0,72,24,1250962.0,4000000.0,5.048158738335555
0,73,0,1413814.0,4166666.0,4.693964109436365
0,73,1,1747622.0,4166666.0,3.773411855982202
0,73,2,1360083.0,4166666.0,4.862232765030419
0,73,3,1397214.0,4166666.0,4.745257602093487
0,73,4,1277105.0,4166666.0,5.135620835927046
0,73,5,1272204.0,4166666.0,5.152319320716863
0,73,6,1367536.0,4166666.0,4.8384992096541275
0,73,7,1365969.0,4166666.0,4.843478454452945
0,73,8,1459742.0,4166666.0,4.555125849878116
0,73,9,1337358.0,4166666.0,4.935410088297618
0,73,10,1356473.0,4166666.0,4.873775350587692
0,73,11,1505698.0,4166666.0,4.420508152671489
0,73,12,1330519.0,4166666.0,4.957676080827936
0,73,13,1492513.0,4166666.0,4.458705662168317
0,73,14,1426164.0,4166666.0,4.656192192463647
0,73,15,1323817.0,4166666.0,4.979607349537646
0,73,16,1272034.0,4166666.0,5.1528996914371605
0,73,17,1253468.0,4166666.0,5.216754375439839
0,73,18,1277876.0,4166666.0,5.1329997514202645
0,73,19,1345145.0,4166666.0,4.910195871352009
0,73,20,1271358.0,4166666.0,5.155208286232456
0,73,21,1358950.0,4166666.0,4.865852108204815
0,73,22,1279539.0,4166666.0,5.127351611988825
0,73,23,1304399.0,4166666.0,5.043782316132646
0,74,0,1295391.0,4761904.0,5.653797604023799
0,74,1,3578268.0,4761904.0,1.241077711623605
0,74,2,3346364.0,4761904.0,1.5320745629742125
0,74,3,1343283.0,4761904.0,5.496131172347759
0,74,4,1501473.0,4761904.0,5.012631088053573
0,74,5,1407886.0,4761904.0,5.29213145443986
0,74,6,1367988.0,4761904.0,5.41698348012288
0,74,7,1375483.0,4761904.0,5.3932540859365306
0,74,8,1309155.0,4761904.0,5.607895670283908
0,74,9,1308436.0,4761904.0,5.610281510855194
0,74,10,1870366.0,4761904.0,4.058540366075759
0,74,11,1330043.0,4761904.0,5.539149539390566
0,74,12,1365364.0,4761904.0,5.4253218797917935
0,74,13,1341575.0,4761904.0,5.5016567910222385
0,74,14,1347236.0,4761904.0,5.483369565220939
0,74,15,1331865.0,4761904.0,5.5332042950800915
0,74,16,1400334.0,4761904.0,5.315490022030096
0,74,17,1351133.0,4761904.0,5.470825344822321
0,74,18,1610990.0,4761904.0,4.706877911749468
0,74,19,1402989.0,4761904.0,5.307263697812672
0,74,20,1412842.0,4761904.0,5.276870389444463
0,75,0,1632177.0,5555555.0,5.319601978122138
0,75,1,1405117.0,5555555.0,5.970149632839233
0,75,2,1431778.0,5555555.0,5.88851766490615
0,75,3,1316039.0,5555555.0,6.254586919508373
0,75,4,1233042.0,5555555.0,6.5374958163746175
0,75,5,1343397.0,5555555.0,6.165230773459427
0,75,6,1366166.0,5555555.0,6.092239786928206
0,75,7,1291986.0,5555555.0,6.334696438110333
0,75,8,1357370.0,5555555.0,6.120292050930354
0,75,9,1238187.0,5555555.0,6.519412115205327
0,75,10,1230211.0,5555555.0,6.547478454939164
0,75,11,1282553.0,5555555.0,6.366521306019499
0,75,12,1461009.0,5555555.0,5.800745602158365
0,75,13,1374682.0,5555555.0,6.0652520538659305
0,75,14,1382749.0,5555555.0,6.039840984064156
0,75,15,1283523.0,5555555.0,6.363237960806723
0,75,16,1359960.0,5555555.0,6.112013166519882
0,75,17,1380646.0,5555555.0,6.046451124646737
0,76,0,1556896.0,6250000.0,6.0362041449634045
0,76,1,1364753.0,6250000.0,6.608259596989111
0,76,2,1414431.0,6250000.0,6.452982511644702
0,76,3,1518678.0,6250000.0,6.144143156651718
0,76,4,4619273.0,6250000.0,1.313063874443656
0,76,5,1390321.0,6250000.0,6.527649347633636
0,76,6,1417779.0,6250000.0,6.4427147800662325
0,76,7,5193992.0,6250000.0,0.8037874096849073
0,76,8,1360437.0,6250000.0,6.622015823535213
0,76,9,1451779.0,6250000.0,6.339795073060575
0,76,10,1295346.0,6250000.0,6.834942289884395
0,76,11,1332190.0,6250000.0,6.713138480150674
0,76,12,1388595.0,6250000.0,6.533044202117583
0,76,13,1570132.0,6250000.0,5.999438525387735
0,76,14,1439858.0,6250000.0,6.375603536219469
0,76,15,1389561.0,6250000.0,6.530024008244912
0,77,0,1328402.0,6666666.0,7.005791767280044
0,77,1,1368901.0,6666666.0,6.875366567646568
0,77,2,1334186.0,6666666.0,6.986923183521391
0,77,3,1443638.0,6666666.0,6.644503923089528
0,77,4,1355184.0,6666666.0,6.919104320022113
0,77,5,1358407.0,6666666.0,6.908787866486037
0,77,6,1265966.0,6666666.0,7.214866555070455
0,77,7,1224808.0,6666666.0,7.358406831619363
0,77,8,2030937.0,6666666.0,5.162122457874226
0,77,9,1315610.0,6666666.0,7.047815316033745
0,77,10,1334408.0,6666666.0,6.986200605450654
0,77,11,1404341.0,6666666.0,6.7643612217347515
0,77,12,1305421.0,6666666.0,7.081581027057283
0,77,13,1368002.0,6666666.0,6.878219651977821
0,77,14,1458275.0,6666666.0,6.600692670029198
0,78,0,1379166.0,5882352.0,6.299344670014087
0,78,1,1355744.0,5882352.0,6.373733180427164
0,78,2,1360279.0,5882352.0,6.359230156662207
0,78,3,1364765.0,5882352.0,6.344931328417639
0,78,4,1522803.0,5882352.0,5.869072854090308
0,78,5,1417977.0,5882352.0,6.178818226134329
0,78,6,1331788.0,5882352.0,6.451159117461673
0,78,7,1512860.0,5882352.0,5.897522688448279
0,78,8,1401875.0,5882352.0,6.228417182075604
0,78,9,1335605.0,5882352.0,6.438729729149351
0,78,10,1413136.0,5882352.0,6.193670488378565
0,78,11,1322786.0,5882352.0,6.480614193209105
0,78,12,1379841.0,5882352.0,6.29721963893491
0,78,13,1364173.0,5882352.0,6.346815595024794
0,78,14,1401086.0,5882352.0,6.230862156195986
0,78,15,1354587.0,5882352.0,6.37744105777561
0,78,16,1604102.0,5882352.0,5.643190288343795
0,79,0,1419001.0,5263157.0,5.692636237030193
0,79,1,1407835.0,5263157.0,5.72694567277904
0,79,2,1358928.0,5263157.0,5.880498780733131
0,79,3,1366252.0,5263157.0,5.857155145130833
0,79,4,1377568.0,5263157.0,5.821332793659682
0,79,5,1377161.0,5263157.0,5.822616098517769
0,79,6,1308008.0,5263157.0,6.046359250016141
0,79,7,1467485.0,5263157.0,5.546726544460179
0,79,8,1329345.0,5263157.0,5.976086188026222
0,79,9,1255237.0,5263157.0,6.225205929659786
0,79,10,1380939.0,5263157.0,5.810718302362269
0,79,11,1812502.0,5263157.0,4.629678307528387
0,79,12,1381610.0,5263157.0,5.808608572521548
0,79,13,1336104.0,5263157.0,5.9540606103848415
0,79,14,1294268.0,5263157.0,6.092221115815098
0,79,15,1501382.0,5263157.0,5.447551203921675
0,79,16,1320266.0,5263157.0,6.005848859097381
0,79,17,1381481.0,5263157.0,5.80901408930117
0,79,18,1601865.0,5263157.0,5.166204128606134
0,80,0,1400648.0,4545454.0,5.112482615877282
0,80,1,1352115.0,4545454.0,5.2656363629896035
0,80,2,1359946.0,4545454.0,5.240556030801944
0,80,3,1843455.0,4545454.0,3.9194472641688147
0,80,4,1382854.0,4545454.0,5.168009368023511
0,80,5,1310607.0,4545454.0,5.401047838534005
0,80,6,1230419.0,4545454.0,5.67524238223883
0,80,7,1314068.0,4545454.0,5.389594275155181
0,80,8,1327141.0,4545454.0,5.346602008152761
0,80,9,1266668.0,4545454.0,5.549144680134594
0,80,10,1373133.0,4545454.0,5.198646625506324
0,80,11,1367688.0,4545454.0,5.2159023059388465
0,80,12,1371825.0,4545454.0,5.202785539291703
0,80,13,1413253.0,4545454.0,5.073573510254228
0,80,14,1360091.0,4545454.0,5.24009300254214
0,80,15,1481566.0,4545454.0,4.8685626410000795
0,80,16,1332458.0,4545454.0,5.329237384112812
0,80,17,1332481.0,4545454.0,5.329162419747143
0,80,18,1315882.0,4545454.0,5.383603208289983
0,80,19,1435997.0,4545454.0,5.004237344575687
0,80,20,1401667.0,4545454.0,5.109324183677014
0,80,21,1269483.0,4545454.0,5.539503775719918
0,81,0,1385607.0,4000000.0,4.6041992262055835
0,81,1,1365535.0,4000000.0,4.667571553164611
0,81,2,1454227.0,4000000.0,4.39427787588569
0,81,3,1322770.0,4000000.0,4.805756546343777
0,81,4,1286122.0,4000000.0,4.92777824128782
0,81,5,1628296.0,4000000.0,3.9032663531925786
0,81,6,1399856.0,4000000.0,4.559766282367782
0,81,7,1371549.0,4000000.0,4.648486634927906
0,81,8,1463967.0,4000000.0,4.365287041407196
0,81,9,1289334.0,4000000.0,4.916945560790756
0,81,10,1271488.0,4000000.0,4.977477255644654
0,81,11,1336646.0,4000000.0,4.7604358825687845
0,81,12,1312196.0,4000000.0,4.840612817754329
0,81,13,1382560.0,4000000.0,4.613760035367717
0,81,14,1400120.0,4000000.0,4.558947320036947
0,81,15,1387519.0,4000000.0,4.59821052478359
0,81,16,1572104.0,4000000.0,4.055787186244954
0,81,17,1620932.0,4000000.0,3.9229519526057777
0,81,18,1324166.0,4000000.0,4.801175588187256
0,81,19,1410403.0,4000000.0,4.527167682689288
0,81,20,1348253.0,4000000.0,4.72288596017311
0,81,21,1388252.0,4000000.0,4.59591683511946
0,81,22,1504364.0,4000000.0,4.247070592846057
0,81,23,1395198.0,4000000.0,4.574241462950798
0,81,24,1316492.0,4000000.0,4.826417669792378
0,82,0,1332708.0,4000000.0,4.773249866105387
0,82,1,1423058.0,4000000.0,4.488373902130217
0,82,2,1413087.0,4000000.0,4.518910903026287
0,82,3,1611105.0,4000000.0,3.949361458593335
0,82,4,1328207.0,4000000.0,4.787942265730347
0,82,5,1357664.0,4000000.0,4.692676889837895
0,82,6,1314002.0,4000000.0,4.834639650780948
0,82,7,1383480.0,4000000.0,4.610871060963264
0,82,8,1389348.0,4000000.0,4.592489510977255
0,82,9,1386393.0,4000000.0,4.6017363440127665
0,82,10,1330783.0,4000000.0,4.77952746962068
0,82,11,1364278.0,4000000.0,4.671571154619626
0,82,12,1338507.0,4000000.0,4.754393445659941
0,82,13,1260094.0,4000000.0,5.016570476718387
0,82,14,1282206.0,4000000.0,4.941021865225714
0,82,15,1599986.0,4000000.0,3.979438087653797
0,82,16,1424296.0,4000000.0,4.484597367126307
0,82,17,1393435.0,4000000.0,4.579732764772187
0,82,18,1361525.0,4000000.0,4.6803437116621565
0,82,19,1412717.0,4000000.0,4.520048200299716
0,82,20,1401563.0,4000000.0,4.554473673355284
0,82,21,1326275.0,4000000.0,4.7942640798334
0,82,22,1548461.0,4000000.0,4.121597197676002
0,82,23,1328278.0,4000000.0,4.7877101175479
0,82,24,1256083.0,4000000.0,5.0304165347851635
0,83,0,1433574.0,4166666.0,4.633685729891674
0,83,1,1791838.0,4166666.0,3.6648994624659386
0,83,2,1443376.0,4166666.0,4.604092090908822
0,83,3,1397609.0,4166666.0,4.744030001479823
0,83,4,1383779.0,4166666.0,4.787219532646263
0,83,5,1392191.0,4166666.0,4.760898669206556
0,83,6,1350009.0,4166666.0,4.894520250193701
0,83,7,1379322.0,4166666.0,4.801230255993977
0,83,8,1392407.0,4166666.0,4.760224908697648
0,83,9,1328285.0,4166666.0,4.964974205104037
0,83,10,1258477.0,4166666.0,5.199434060359688
0,83,11,1372305.0,4166666.0,4.823380431039778
0,83,12,1350333.0,4166666.0,4.8934780754409335
0,83,13,1874791.0,4166666.0,3.468358287939986
0,83,14,1340016.0,4166666.0,4.926787048616682
0,83,15,1362128.0,4166666.0,4.85570768389187
0,83,16,1457448.0,4166666.0,4.5619562020104425
0,83,17,1396264.0,4166666.0,4.748211480904871
0,83,18,1321757.0,4166666.0,4.986370697026937
0,83,19,1390583.0,4166666.0,4.7659177300762225
0,83,20,1322284.0,4166666.0,4.9846394591604
0,83,21,1260333.0,4166666.0,5.193033810207465
0,83,22,1446797.0,4166666.0,4.593810892403017
0,83,23,1327805.0,4166666.0,4.966543891022683
0,84,0,1472199.0,5000000.0,5.310034859374295
0,84,1,1350172.0,5000000.0,5.685809070315973
0,84,2,1334874.0,5000000.0,5.735297301614372
0,84,3,1306757.0,5000000.0,5.827751691432493
0,84,4,1387318.0,5000000.0,5.567939831936647
0,84,5,1384383.0,5000000.0,5.5771374674738965
0,84,6,1380159.0,5000000.0,5.59040882539938
0,84,7,1383285.0,5000000.0,5.580583367532336
0,84,8,1308867.0,5000000.0,5.820744862044247
0,84,9,1376554.0,5000000.0,5.601767515982959
0,84,10,1343514.0,5000000.0,5.707278080059326
0,84,11,1338907.0,5000000.0,5.722195922153471
0,84,12,1588071.0,5000000.0,4.981000892305104
0,84,13,1369129.0,5000000.0,5.625256348369602
0,84,14,1324987.0,5000000.0,5.767583870865592
0,84,15,1399425.0,5000000.0,5.530203762454862
0,84,16,1300946.0,5000000.0,5.847107342069766
0,84,17,3435553.0,5000000.0,1.6297335158134612
0,84,18,1395453.0,5000000.0,5.54254790658907
0,84,19,1504416.0,5000000.0,5.216020606845941
0,85,0,1380605.0,5882352.0,6.294815672382795
0,85,1,1346503.0,5882352.0,6.403436837806914
0,85,2,1807162.0,5882352.0,5.125539232297233
0,85,3,1418842.0,5882352.0,6.176169733308463
0,85,4,1401619.0,5882352.0,6.229210330822678
0,85,5,1398346.0,5882352.0,6.239363646929874
0,85,6,1339421.0,5882352.0,6.426339054313932
0,85,7,1394324.0,5882352.0,6.251873063465957
0,85,8,1334868.0,5882352.0,6.441126870339611
0,85,9,1265317.0,5882352.0,6.673516661493169
0,85,10,1429039.0,5882352.0,6.145069278218199
0,85,11,1401671.0,5882352.0,6.22904921075974
0,85,12,1378089.0,5882352.0,6.302737429702965
0,85,13,1391218.0,5882352.0,6.261558210700057
0,85,14,1647701.0,5882352.0,5.526726038556403
0,85,15,1406421.0,5882352.0,6.214356666807666
0,85,16,1365299.0,5882352.0,6.3432323700320925
0,86,0,1305462.0,6666666.0,7.081444628193301
0,86,1,2530222.0,6666666.0,4.207500699575343
0,86,2,1348343.0,6666666.0,6.941083126904849
0,86,3,1396617.0,6666666.0,6.788313734277582
0,86,4,1322034.0,6666666.0,7.026660730592656
0,86,5,1240346.0,6666666.0,7.303658470864058
0,86,6,1408957.0,6666666.0,6.750109584492915
0,86,7,1362129.0,6666666.0,6.896904582676067
0,86,8,1777536.0,6666666.0,5.740902923645269
0,86,9,1379043.0,6666666.0,6.8433088937268725
0,86,10,7120744.0,6666666.0,-0.2861667508460818
0,86,11,1566182.0,6666666.0,6.290664691652501
0,86,12,1425849.0,6666666.0,6.698351621386319
0,86,13,1521203.0,6666666.0,6.41721524292178
0,86,14,1497673.0,6666666.0,6.484916971007289
0,87,0,1827200.0,6666666.0,5.621226109491143
0,87,1,1437321.0,6666666.0,6.663549266246732
0,87,2,1374597.0,6666666.0,6.857333057701901
0,87,3,1300685.0,6666666.0,7.097365656926477
0,87,4,1222536.0,6666666.0,7.366470408675538
0,87,5,1243437.0,6666666.0,7.292849113230457
0,87,6,1237752.0,6666666.0,7.312750607636093
0,87,7,1277637.0,6666666.0,7.175012171590561
0,87,8,1212998.0,6666666.0,7.400486127156325
0,87,9,1417328.0,6666666.0,6.724383306082915
0,87,10,1233191.0,6666666.0,7.328783509905632
0,87,11,1254327.0,6666666.0,7.25497926743789
0,87,12,1686784.0,6666666.0,5.968492246554824
0,87,13,1246663.0,6666666.0,7.2815962737264055
0,87,14,1226747.0,6666666.0,7.351536929243068
0,88,0,1237725.0,5882352.0,6.76926846073475
0,88,1,1218377.0,5882352.0,6.837693171547501
0,88,2,1225761.0,5882352.0,6.811452098328548
0,88,3,1271476.0,5882352.0,6.652428421580204
0,88,4,1231641.0,5882352.0,6.790668714680886
0,88,5,1359332.0,5882352.0,6.362254684000749
0,88,6,1291175.0,5882352.0,6.585659005756588
0,88,7,1267380.0,5882352.0,6.666441597130424
0,88,8,1268879.0,5882352.0,6.661307992840206
0,88,9,1650325.0,5882352.0,5.519815304917698
0,88,10,1298159.0,5882352.0,6.562231205272518
0,88,11,1233073.0,5882352.0,6.785622208124239
0,88,12,1488336.0,5882352.0,5.968500224991872
0,88,13,1275097.0,5882352.0,6.640077851784612
0,88,14,1294963.0,5882352.0,6.572936493083679
0,88,15,1344496.0,5882352.0,6.409914946396279
0,88,16,1379916.0,5882352.0,6.296983588542425
0,89,0,1296278.0,5000000.0,5.862718539443912
0,89,1,1339547.0,5000000.0,5.720120482562515
0,89,2,1386005.0,5000000.0,5.572052073441467
0,89,3,1301470.0,5000000.0,5.845358426357653
0,89,4,2584290.0,5000000.0,2.8662875726803767
0,89,5,2180703.0,5000000.0,3.6037348329848724
0,89,6,1576816.0,5000000.0,5.011889862429324
0,89,7,1443072.0,5000000.0,5.396820042039812
0,89,8,4367826.0,5000000.0,0.5870467517619873
0,89,9,1574934.0,5000000.0,5.017076455985833
0,89,10,1568680.0,5000000.0,5.034356448205559
0,89,11,1934532.0,5000000.0,4.123940863508778
0,89,12,1416722.0,5000000.0,5.476853663051107
0,89,13,1437313.0,5000000.0,5.414186506967539
0,89,14,1432753.0,5000000.0,5.427986778486455
0,89,15,1367380.0,5000000.0,5.630807809390026
0,89,16,1374772.0,5000000.0,5.607393260623691
0,89,17,1433241.0,5000000.0,5.4265078102177355
0,89,18,1276625.0,5000000.0,5.92906659420254
0,89,19,1254959.0,5000000.0,6.003404668573049
0,90,0,1218387.0,4347826.0,5.524868987984596
0,90,1,1270286.0,4347826.0,5.343706436017625
0,90,2,1235107.0,4347826.0,5.465675721974902
0,90,3,1421870.0,4347826.0,4.854122641513831
0,90,4,1259492.0,4347826.0,5.38076741991079
0,90,5,1438476.0,4347826.0,4.803695349196798
0,90,6,1219621.0,4347826.0,5.520472616549932
0,90,7,1197849.0,4347826.0,5.598700806488854
0,90,8,1235290.0,4347826.0,5.465032295915578
0,90,9,1215832.0,4347826.0,5.5339858571631915
0,90,10,1198988.0,4347826.0,5.594573187863779
0,90,11,1210832.0,4347826.0,5.551882652784357
0,90,12,1192212.0,4347826.0,5.619186664664079
0,90,13,1217135.0,4347826.0,5.529334040973138
0,90,14,1233146.0,4347826.0,5.472576567700226
0,90,15,1209109.0,4347826.0,5.558067014459014
0,90,16,1359162.0,4347826.0,5.050009314462783
0,90,17,1387011.0,4347826.0,4.961922499403505
0,90,18,1226880.0,4347826.0,5.494700684345676
0,90,19,1204786.0,4347826.0,5.573622430518385
0,90,20,1207933.0,4347826.0,5.562293092044916
0,90,21,1207685.0,4347826.0,5.563184830986176
0,90,22,1206934.0,4347826.0,5.565886335169042
0,91,0,1187821.0,4000000.0,5.273089922395445
0,91,1,1337535.0,4000000.0,4.757548360679767
0,91,2,1203854.0,4000000.0,5.214861712160509
0,91,3,1218432.0,4000000.0,5.162586948600193
0,91,4,1216679.0,4000000.0,5.168839791762499
0,91,5,1211250.0,4000000.0,5.188262012691406
0,91,6,1211412.0,4000000.0,5.187681199468818
0,91,7,1384600.0,4000000.0,4.60735664052545
0,91,8,1431324.0,4000000.0,4.463220378722063
0,91,9,1370788.0,4000000.0,4.6508969740599095
0,91,10,1395149.0,4000000.0,4.574393991862905
0,91,11,1221303.0,4000000.0,5.152365674297147
0,91,12,1205291.0,4000000.0,5.209680776645977
0,91,13,1240889.0,4000000.0,5.083270566008032
0,91,14,1208035.0,4000000.0,5.199804741896477
0,91,15,1216684.0,4000000.0,5.168821944261657
0,91,16,1352057.0,4000000.0,4.710649903557364
0,91,17,1440108.0,4000000.0,4.436649283679621
0,91,18,1538756.0,4000000.0,4.148902319609301
0,91,19,1439467.0,4000000.0,4.438582782668174
0,91,20,1411069.0,4000000.0,4.525117404463456
0,91,21,1524514.0,4000000.0,4.189285743715096
0,91,22,1392236.0,4000000.0,4.5834713190807035
0,91,23,1409418.0,4000000.0,4.530201776570238
0,91,24,1406305.0,4000000.0,4.539804704649449
0,92,0,1399919.0,4000000.0,4.559570834145232
0,92,1,1419665.0,4000000.0,4.498741158291669
0,92,2,1493572.0,4000000.0,4.278338280309393
0,92,3,1393045.0,4000000.0,4.580948455170455
0,92,4,1821025.0,4000000.0,3.4174408326642
0,92,5,1483363.0,4000000.0,4.308125492639129
0,92,6,1496742.0,4000000.0,4.269130457830913
0,92,7,1458714.0,4000000.0,4.380898402140541
0,92,8,1381196.0,4000000.0,4.618046793832732
0,92,9,1406052.0,4000000.0,4.5405860884084674
0,92,10,1374142.0,4000000.0,4.640283775055027
0,92,11,1374365.0,4000000.0,4.639579045762528
0,92,12,1457752.0,4000000.0,4.383763453930913
0,92,13,1363241.0,4000000.0,4.674873521345092
0,92,14,1518869.0,4000000.0,4.205396730481288
0,92,15,1422493.0,4000000.0,4.4900985339185775
0,92,16,1368761.0,4000000.0,4.657323689372996
0,92,17,1376415.0,4000000.0,4.633105944658675
0,92,18,1493958.0,4000000.0,4.277216031020198
0,92,19,1306434.0,4000000.0,4.8597251692004875
0,92,20,1229443.0,4000000.0,5.123515927463585
0,92,21,1229083.0,4000000.0,5.124787795360062
0,92,22,1226473.0,4000000.0,5.134019993889661
0,92,23,1220642.0,4000000.0,5.154716821923726
0,92,24,1303078.0,4000000.0,4.870895787192
0,93,0,1216877.0,4347826.0,5.530254726464834
0,93,1,1232554.0,4347826.0,5.474661998516845
0,93,2,1437902.0,4347826.0,4.805428675177747
0,93,3,1822497.0,4347826.0,3.776053331951296
0,93,4,1457250.0,4347826.0,4.747380913050348
0,93,5,1238097.0,4347826.0,5.455174840256034
0,93,6,1211136.0,4347826.0,5.5507924193610245
0,93,7,1248122.0,4347826.0,5.420151169555596
0,93,8,1380422.0,4347826.0,4.982602832032447
0,93,9,1258182.0,4347826.0,5.385286875746898
0,93,10,1348513.0,4347826.0,5.08417017780836
0,93,11,1222760.0,4347826.0,5.509309320329581
0,93,12,1533644.0,4347826.0,4.5254759540885034
0,93,13,4571388.0,4347826.0,-0.21775928628501007
0,93,14,2634792.0,4347826.0,2.175258191702513
0,93,15,2060987.0,4347826.0,3.2419690288948826
0,93,16,2725924.0,4347826.0,2.027584119566069
0,93,17,3298902.0,4347826.0,1.199027410823026
0,93,18,2479252.0,4347826.0,2.439514830477749
0,93,19,2211327.0,4347826.0,2.9361918666855784
0,93,20,2321622.0,4347826.0,2.724806447508702
0,93,21,1688179.0,4347826.0,4.10853661709048
0,93,22,4268024.0,4347826.0,0.08045302407660554
0,94,0,2115143.0,5000000.0,3.736302699717633
0,94,1,1693467.0,5000000.0,4.701932662178088
0,94,2,1858162.0,5000000.0,4.2988642996414885
0,94,3,1798600.0,5000000.0,4.440354152585779
0,94,4,2617879.0,5000000.0,2.8102043501919245
0,94,5,1648274.0,5000000.0,4.819405962486984
0,94,6,1666397.0,5000000.0,4.771915292521974
0,94,7,1849363.0,5000000.0,4.319478398377673
0,94,8,2186065.0,5000000.0,3.5930693330895886
0,94,9,1638825.0,5000000.0,4.844374239150352
0,94,10,1737184.0,5000000.0,4.591241836134247
0,94,11,1588988.0,5000000.0,4.978493868979668
0,94,12,1631127.0,5000000.0,4.864822276906303
0,94,13,1519920.0,5000000.0,5.171492745970939
0,94,14,1279296.0,5000000.0,5.919989623643328
0,94,15,1245137.0,5000000.0,6.037528656989165
0,94,16,1216550.0,5000000.0,6.138400412723437
0,94,17,1244173.0,5000000.0,6.040892319220732
0,94,18,1286255.0,5000000.0,5.896429283492504
0,94,19,1238226.0,5000000.0,6.0617008534239964
0,95,0,1246515.0,5882352.0,6.738535001592053
0,95,1,1415977.0,5882352.0,6.184948100564239
0,95,2,1229048.0,5882352.0,6.799821647118946
0,95,3,1219354.0,5882352.0,6.834212018528257
0,95,4,1281270.0,5882352.0,6.619103515567474
0,95,5,1538420.0,5882352.0,5.824760918867736
0,95,6,1277548.0,5882352.0,6.63173782720408
0,95,7,1267130.0,5882352.0,6.667298359351349
0,95,8,1222510.0,5882352.0,6.822985888423759
0,95,9,1230488.0,5882352.0,6.7947362641410365
0,95,10,1263427.0,5882352.0,6.680008554097858
0,95,11,1311139.0,5882352.0,6.51902273407158
0,95,12,1481812.0,5882352.0,5.987579016733106
0,95,13,3536108.0,5882352.0,2.2102548834566944
0,95,14,1450723.0,5882352.0,6.079665126553189
0,95,15,1307698.0,5882352.0,6.530435496089478
0,95,16,1679968.0,5882352.0,5.44249999763371
0,96,0,1255428.0,6666666.0,7.251168869568386
0,96,1,1281233.0,6666666.0,7.162805814995639
0,96,2,1262964.0,6666666.0,7.225177260760647
0,96,3,1383486.0,6666666.0,6.829339288001021
0,96,4,1175449.0,6666666.0,7.537049066732784
0,96,5,1188190.0,6666666.0,7.490228045517078
0,96,6,1254659.0,6666666.0,7.253829912528509
0,96,7,1267614.0,6666666.0,7.209216704604971
0,96,8,1261830.0,6666666.0,7.2290784897369145
0,96,9,1344866.0,6666666.0,6.9522968333237
0,96,10,1270146.0,6666666.0,7.20055052661287
0,96,11,1663020.0,6666666.0,6.030112253023195
0,96,12,1269988.0,6666666.0,7.201090801482064
0,96,13,1220607.0,6666666.0,7.3733284127275045
0,96,14,1295510.0,6666666.0,7.1146792787495645
0,97,0,1335623.0,6666666.0,6.982248083311892
0,97,1,1203874.0,6666666.0,7.433276623939208
0,97,2,1211828.0,6666666.0,7.404677146085186
0,97,3,1221400.0,6666666.0,7.370507818550216
0,97,4,1197545.0,6666666.0,7.456168556917383
0,97,5,1192478.0,6666666.0,7.4745832201800955
0,97,6,1490342.0,6666666.0,6.506227568411809
0,97,7,1462292.0,6666666.0,6.58874593479654
0,97,8,1683606.0,6666666.0,5.976682327064957
0,97,9,1293294.0,6666666.0,7.122114347661349
0,97,10,1324890.0,6666666.0,7.017288753749656
0,97,11,1406194.0,6666666.0,6.758634569751622
0,97,12,1304668.0,6666666.0,7.084086870757984
0,97,13,1253836.0,6666666.0,7.256679624179764
0,97,14,1224103.0,6666666.0,7.360907352203412
0,98,0,1195554.0,5882352.0,6.919818123110952
0,98,1,1177308.0,5882352.0,6.9866091400415335
0,98,2,1172367.0,5882352.0,7.004874237963929
0,98,3,1207824.0,5882352.0,6.875473541520805
0,98,4,1190161.0,5882352.0,6.939452942277574
0,98,5,1205617.0,5882352.0,6.883416459443689
0,98,6,1382846.0,5882352.0,6.287771913348951
0,98,7,1289523.0,5882352.0,6.591219164923624
0,98,8,1229191.0,5882352.0,6.799316373945896
0,98,9,1223533.0,5882352.0,6.8193532189989705
0,98,10,1208460.0,5882352.0,6.873187292910382
0,98,11,1200592.0,5882352.0,6.901555639740109
0,98,12,1354430.0,5882352.0,6.3779444450466025
0,98,13,1218789.0,5882352.0,6.8362248322694334
0,98,14,1202841.0,5882352.0,6.893427861059522
0,98,15,1331418.0,5882352.0,6.452365850694762
0,98,16,1205272.0,5882352.0,6.88465941668709
0,99,0,1316660.0,5000000.0,5.794963623941901
0,99,1,1261933.0,5000000.0,5.979337068785522
0,99,2,1408545.0,5000000.0,5.501992780128068
0,99,3,1247022.0,5000000.0,6.030958889534496
0,99,4,1237685.0,5000000.0,6.06359876751258
0,99,5,1214697.0,5000000.0,6.145020454461603
0,99,6,1201443.0,5000000.0,6.192668329186794
0,99,7,1222152.0,5000000.0,6.1184478152600565
0,99,8,1208795.0,5000000.0,6.166173493956029
0,99,9,1203869.0,5000000.0,6.18390772956093
0,99,10,1188010.0,5000000.0,6.241499080287728
0,99,11,1208581.0,5000000.0,6.166942418768471
0,99,12,1251376.0,5000000.0,6.015821828998195
0,99,13,1288948.0,5000000.0,5.88734607361663
0,99,14,1237016.0,5000000.0,6.065946873530002
0,99,15,1471481.0,5000000.0,5.312153455445813
0,99,16,1243143.0,5000000.0,6.044489154861473
0,99,17,1236472.0,5000000.0,6.067857181580534
0,99,18,1195563.0,5000000.0,6.2139753820336585
0,99,19,1197658.0,5000000.0,6.206371845444313
