 


 Number of tacts (im units) = 1
 Number of massive (im units) = 100
 Trajectory File: sinus.txt
 Coef Load Impact: 10
 Command Line: ping -c1 192.168.222.19 > /dev/null 2>&1
cycle , cPeriod , count , procDur , procTime , spb
0,0,0,1.7883452E7,5000000.0,-5.534813490416772
0,0,1,5898008.0,5000000.0,-0.7173535295292065
0,0,2,1611967.0,5000000.0,4.916138576018108
0,0,3,1746704.0,5000000.0,4.567506895410093
0,0,4,7760422.0,5000000.0,-1.9091533384075703
0,0,5,1423428.0,5000000.0,5.456344998312781
0,0,6,1507859.0,5000000.0,5.206092718108365
0,0,7,1612073.0,5000000.0,4.915853001303784
0,0,8,1915948.0,5000000.0,4.165862864512796
0,0,9,1610067.0,5000000.0,4.9212605555581215
0,0,10,1361160.0,5000000.0,5.650608262061959
0,0,11,1543467.0,5000000.0,5.104726558247469
0,0,12,1358839.0,5000000.0,5.658020012854154
0,0,13,1316076.0,5000000.0,5.79689034945932
0,0,14,1482261.0,5000000.0,5.280453223663613
0,0,15,1511474.0,5000000.0,5.1956932338364314
0,0,16,1330748.0,5000000.0,5.748741821980582
0,0,17,1311795.0,5000000.0,5.811040331111733
0,0,18,1590872.0,5000000.0,4.973347661916182
0,0,19,1379488.0,5000000.0,5.592520773797852
0,1,0,1328231.0,4347826.0,5.149985431402456
0,1,1,1407050.0,4347826.0,4.899626247855311
0,1,2,1590297.0,4347826.0,4.36793915620173
0,1,3,1726439.0,4347826.0,4.011209171991758
0,1,4,1396923.0,4347826.0,4.930996873331829
0,1,5,1706276.0,4347826.0,4.062228731414305
0,1,6,1369087.0,4347826.0,5.01841108609276
0,1,7,1426619.0,4347826.0,4.839641515517046
0,1,8,1489490.0,4347826.0,4.65234563461734
0,1,9,2315865.0,4347826.0,2.7355891607181486
0,1,10,1646744.0,4347826.0,4.216460655552986
0,1,11,2276395.0,4347826.0,2.810245322676251
0,1,12,1582241.0,4347826.0,4.389995212684376
0,1,13,2746992.0,4347826.0,1.9941476065968837
0,1,14,1460881.0,4347826.0,4.73657314549215
0,1,15,1428916.0,4347826.0,4.832654561127788
0,1,16,1470664.0,4347826.0,4.707586937274025
0,1,17,1415813.0,4347826.0,4.8726625959190155
0,1,18,1359726.0,4347826.0,5.048207533063133
0,1,19,1423987.0,4347826.0,4.847661307808174
0,1,20,1517844.0,4347826.0,4.570450170839845
0,1,21,2224665.0,4347826.0,2.9100753306048994
0,1,22,2276389.0,4347826.0,2.81025676959265
0,2,0,1644425.0,4000000.0,3.860459206414968
0,2,1,1423067.0,4000000.0,4.488346435660282
0,2,2,1402567.0,4000000.0,4.551363748505415
0,2,3,1404815.0,4000000.0,4.5444085553469264
0,2,4,1447377.0,4000000.0,4.414783242763194
0,2,5,1477419.0,4000000.0,4.325563114649134
0,2,6,1435754.0,4000000.0,4.44979956431866
0,2,7,1770262.0,4000000.0,3.540224443256459
0,2,8,1471181.0,4000000.0,4.343938838856247
0,2,9,1436008.0,4000000.0,4.449031319605545
0,2,10,1637252.0,4000000.0,3.8794446171044377
0,2,11,1353522.0,4000000.0,4.705946721885944
0,2,12,1367113.0,4000000.0,4.662555782610781
0,2,13,1412516.0,4000000.0,4.520666154224294
0,2,14,3401027.0,4000000.0,0.7044991161386234
0,2,15,1537681.0,4000000.0,4.151937431896975
0,2,16,1532786.0,4000000.0,4.165784662887656
0,2,17,1344484.0,4000000.0,4.735043530490859
0,2,18,1334988.0,4000000.0,4.7658262941553735
0,2,19,1335823.0,4000000.0,4.763110745176398
0,2,20,1309807.0,4000000.0,4.848526842294919
0,2,21,1364205.0,4000000.0,4.671803543805753
0,2,22,1317438.0,4000000.0,4.823298053116567
0,2,23,1354638.0,4000000.0,4.702367371557756
0,2,24,1311564.0,4000000.0,4.842705037453321
0,3,0,1267927.0,4000000.0,4.989657412600203
0,3,1,3229957.0,4000000.0,0.9286325066467004
0,3,2,1465151.0,4000000.0,4.361776054860536
0,3,3,1464240.0,4000000.0,4.364477246239689
0,3,4,1285419.0,4000000.0,4.93015276324476
0,3,5,1335598.0,4000000.0,4.763842312822676
0,3,6,1319075.0,4000000.0,4.817905019528382
0,3,7,1325418.0,4000000.0,4.797071270439174
0,3,8,1453529.0,4000000.0,4.396362903337726
0,3,9,1453194.0,4000000.0,4.397363952643641
0,3,10,1957655.0,4000000.0,3.1032383337973317
0,3,11,1504136.0,4000000.0,4.2477288553826265
0,3,12,1379160.0,4000000.0,4.624453385775974
0,3,13,1503675.0,4000000.0,4.249060120929066
0,3,14,1408217.0,4000000.0,4.533904085097452
0,3,15,1499640.0,4000000.0,4.260729754576206
0,3,16,1566754.0,4000000.0,4.070591791793716
0,3,17,1545829.0,4000000.0,4.128985408555043
0,3,18,1547764.0,4000000.0,4.123552502984886
0,3,19,1364242.0,4000000.0,4.671685755951846
0,3,20,1376808.0,4000000.0,4.631866105150237
0,3,21,1343583.0,4000000.0,4.7379549113667725
0,3,22,1770389.0,4000000.0,3.5399128881259174
0,3,23,1397661.0,4000000.0,4.566581444408987
0,3,24,1311188.0,4000000.0,4.843950254128892
0,4,0,1470309.0,4347826.0,4.708635396690854
0,4,1,1338773.0,4347826.0,5.115652102522877
0,4,2,1314434.0,4347826.0,5.19533370982256
0,4,3,1326674.0,4347826.0,5.155079373263626
0,4,4,1470581.0,4347826.0,4.707832047368611
0,4,5,1298687.0,4347826.0,5.247676620775677
0,4,6,1449418.0,4347826.0,4.770785048741217
0,4,7,1397136.0,4347826.0,4.930334720350632
0,4,8,1652148.0,4347826.0,4.202232063168022
0,4,9,1317048.0,4347826.0,5.186705521226936
0,4,10,1308455.0,4347826.0,5.215133641920312
0,4,11,1449035.0,4347826.0,4.771932797471572
0,4,12,1305929.0,4347826.0,5.223525891893209
0,4,13,1336249.0,4347826.0,5.1238476208970685
0,4,14,1353757.0,4347826.0,5.067314400095757
0,4,15,1325087.0,4347826.0,5.160277620202669
0,4,16,1326039.0,4347826.0,5.157158580484882
0,4,17,1399307.0,4347826.0,4.923591486108888
0,4,18,1339421.0,4347826.0,5.1135505159330705
0,4,19,1576836.0,4347826.0,4.4048562873918815
0,4,20,1428960.0,4347826.0,4.832520832742054
0,4,21,1392552.0,4347826.0,4.944607339344808
0,4,22,1507895.0,4347826.0,4.5990105415284095
0,5,0,1391741.0,5000000.0,5.554115828089739
0,5,1,1321904.0,5000000.0,5.777700876010154
0,5,2,1441903.0,5000000.0,5.40033958919104
0,5,3,1814965.0,5000000.0,4.401017498693574
0,5,4,1830598.0,5000000.0,4.363770207934371
0,5,5,3070352.0,5000000.0,2.117818363851118
0,5,6,1749478.0,5000000.0,4.560615188138505
0,5,7,1435262.0,5000000.0,5.420388177132779
0,5,8,1367571.0,5000000.0,5.630201215369304
0,5,9,1503572.0,5000000.0,5.218457747900663
0,5,10,1606890.0,5000000.0,4.9298385627715895
0,5,11,3109001.0,5000000.0,2.0634914260340533
0,5,12,2491265.0,5000000.0,3.025500777162388
0,5,13,1503553.0,5000000.0,5.2185126281943415
0,5,14,1583475.0,5000000.0,4.993587932417637
0,5,15,1483690.0,5000000.0,5.276268347631197
0,5,16,1438732.0,5000000.0,5.409901011296738
0,5,17,1460221.0,5000000.0,5.3455141443030545
0,5,18,1332650.0,5000000.0,5.742539007042687
0,5,19,1327362.0,5000000.0,5.759806239262871
0,6,0,1316045.0,5882352.0,6.502802696153619
0,6,1,1327607.0,5882352.0,6.464814755115059
0,6,2,1321980.0,5882352.0,6.483261242991585
0,6,3,1328168.0,5882352.0,6.462979967092944
0,6,4,1332026.0,5882352.0,6.45038307163439
0,6,5,1349115.0,5882352.0,6.395020381604573
0,6,6,1499268.0,5882352.0,5.936717375152334
0,6,7,1436514.0,5882352.0,6.12241146232242
0,6,8,1278562.0,5882352.0,6.6282921646328266
0,6,9,1263529.0,5882352.0,6.679657950152414
0,6,10,1284145.0,5882352.0,6.609369440120165
0,6,11,1265126.0,5882352.0,6.674172279866718
0,6,12,1270596.0,5882352.0,6.655435253482222
0,6,13,1315918.0,5882352.0,6.503221816021524
0,6,14,1283566.0,5882352.0,6.6113280445681255
0,6,15,1269339.0,5882352.0,6.659733853315055
0,6,16,1328978.0,5882352.0,6.4603321747530575
0,7,0,1326504.0,6666666.0,7.012001336033742
0,7,1,2677760.0,6666666.0,3.961370476717634
0,7,2,1371111.0,6666666.0,6.868360824510141
0,7,3,2495544.0,6666666.0,4.267434660140922
0,7,4,1448809.0,6666666.0,6.628975623636174
0,7,5,1456821.0,6666666.0,6.605025043502
0,7,6,1383766.0,6666666.0,6.828460420045753
0,7,7,1514091.0,6666666.0,6.437567195699766
0,7,8,1413595.0,6666666.0,6.7358369714819935
0,7,9,1363351.0,6666666.0,6.893010164867475
0,7,10,1834051.0,6666666.0,5.604972894575171
0,7,11,1502333.0,6666666.0,6.471424905235556
0,7,12,1279341.0,6666666.0,7.169223792443658
0,7,13,1362992.0,6666666.0,6.894153907381929
0,7,14,1256281.0,6666666.0,7.248219059639723
0,8,0,1270154.0,6666666.0,7.200523172710928
0,8,1,1283754.0,6666666.0,7.154268877058561
0,8,2,1335618.0,6666666.0,6.9822643414661325
0,8,3,1282616.0,6666666.0,7.158120442910709
0,8,4,1333929.0,6666666.0,6.987759831733288
0,8,5,1264192.0,6666666.0,7.220956597962209
0,8,6,1294420.0,6666666.0,7.118334829387796
0,8,7,1836239.0,6666666.0,5.599794903522859
0,8,8,1288128.0,6666666.0,7.139496769354495
0,8,9,1351161.0,6666666.0,6.932015962755057
0,8,10,1286514.0,6666666.0,7.144941808980294
0,8,11,1290148.0,6666666.0,7.132691640400557
0,8,12,1280476.0,6666666.0,7.165372546286121
0,8,13,1263874.0,6666666.0,7.222049177396239
0,8,14,1264314.0,6666666.0,7.220537505210732
0,9,0,1447449.0,5882352.0,6.089477385719353
0,9,1,1342460.0,5882352.0,6.416496548286181
0,9,2,1653719.0,5882352.0,5.510892929852293
0,9,3,2028213.0,5882352.0,4.62437447098986
0,9,4,1400882.0,5882352.0,6.231494540823253
0,9,5,1335998.0,5882352.0,6.4374520113700315
0,9,6,1540510.0,5882352.0,5.818864873120736
0,9,7,1442456.0,5882352.0,6.104484346195873
0,9,8,1668523.0,5882352.0,5.472188115065503
0,9,9,2611666.0,5882352.0,3.526333739097813
0,9,10,1564312.0,5882352.0,5.752276323002769
0,9,11,1527263.0,5882352.0,5.856371786180102
0,9,12,1921480.0,5882352.0,4.859151407270758
0,9,13,1348928.0,5882352.0,6.395622396237001
0,9,14,1286958.0,5882352.0,6.599866352417745
0,9,15,1260087.0,5882352.0,6.691504780523174
0,9,16,1267817.0,5882352.0,6.664944382590714
0,10,0,1291073.0,5000000.0,5.88019205446151
0,10,1,1250194.0,5000000.0,6.019925940542642
0,10,2,1265787.0,5000000.0,5.966093733050094
0,10,3,1539709.0,5000000.0,5.115313559905671
0,10,4,1467115.0,5000000.0,5.325058469290419
0,10,5,1490243.0,5000000.0,5.257129138066649
0,10,6,1494892.0,5000000.0,5.243601865908288
0,10,7,1530341.0,5000000.0,5.141817905658392
0,10,8,1351377.0,5000000.0,5.681934812359527
0,10,9,1280389.0,5000000.0,5.9162806993220105
0,10,10,1276797.0,5000000.0,5.928481507593273
0,10,11,1481242.0,5000000.0,5.283439865448693
0,10,12,1322472.0,5000000.0,5.775835186187566
0,10,13,1328061.0,5000000.0,5.757519809945492
0,10,14,4322510.0,5000000.0,0.6323399766136101
0,10,15,2844471.0,5000000.0,2.449684939362809
0,10,16,1.3098567E7,5000000.0,-4.182537815461622
0,10,17,1785314.0,5000000.0,4.472553937060642
0,10,18,2056899.0,5000000.0,3.8575703729835666
0,10,19,2402843.0,5000000.0,3.1824460908815877
0,11,0,2197686.0,4347826.0,2.963065137098874
0,11,1,2258479.0,4347826.0,2.8445609857777203
0,11,2,3290219.0,4347826.0,1.2104734934467514
0,11,3,2256737.0,4347826.0,2.847912059236938
0,11,4,1886681.0,4347826.0,3.625736794300666
0,11,5,2759030.0,4347826.0,1.9751573253983177
0,11,6,1391651.0,4347826.0,4.947418192877071
0,11,7,1470411.0,4347826.0,4.708334123280451
0,11,8,1327335.0,4347826.0,5.152916090030799
0,11,9,1306204.0,4347826.0,5.222611459259307
0,11,10,1347817.0,4347826.0,5.086412254750857
0,11,11,1338266.0,4347826.0,5.1172971088523145
0,11,12,1330418.0,4347826.0,5.142840432223128
0,11,13,1374161.0,4347826.0,5.00234536608396
0,11,14,1348203.0,4347826.0,5.085168661074548
0,11,15,1391516.0,4347826.0,4.947839509708601
0,11,16,1976898.0,4347826.0,3.4228789325645916
0,11,17,1353774.0,4347826.0,5.067259863278321
0,11,18,1453670.0,4347826.0,4.7580632748404215
0,11,19,1508618.0,4347826.0,4.596928701228508
0,11,20,1327662.0,4347826.0,5.151846301279245
0,11,21,1265938.0,4347826.0,5.358597189020936
0,11,22,1239389.0,4347826.0,5.450645179773714
0,12,0,1355464.0,4000000.0,4.699720037596452
0,12,1,1285232.0,4000000.0,4.930784611506225
0,12,2,1239745.0,4000000.0,5.087276259089071
0,12,3,1515464.0,4000000.0,4.21514367210958
0,12,4,1806683.0,4000000.0,3.4517803324845935
0,12,5,1294464.0,4000000.0,4.899700144394597
0,12,6,1424465.0,4000000.0,4.484082085096486
0,12,7,3737165.0,4000000.0,0.2951771846960464
0,12,8,1567846.0,4000000.0,4.06756588996622
0,12,9,1685441.0,4000000.0,3.753464369764056
0,12,10,2439033.0,4000000.0,2.148423149908826
0,12,11,3968323.0,4000000.0,0.034529771884117676
0,12,12,1598697.0,4000000.0,3.9829383133246488
0,12,13,2059467.0,4000000.0,2.883051539249287
0,12,14,2150927.0,4000000.0,2.69434320147921
0,12,15,1331409.0,4000000.0,4.777485029776504
0,12,16,1295550.0,4000000.0,4.896058126745367
0,12,17,1386532.0,4000000.0,4.601300941446631
0,12,18,1280853.0,4000000.0,4.945607015146928
0,12,19,1329238.0,4000000.0,4.7845724301679375
0,12,20,1389468.0,4000000.0,4.592114420738385
0,12,21,1527643.0,4000000.0,4.180381169606094
0,12,22,1926791.0,4000000.0,3.1722538226116574
0,12,23,1333132.0,4000000.0,4.771868381381025
0,12,24,1252331.0,4000000.0,5.043408601575714
0,13,0,1350973.0,4000000.0,4.714133218530715
0,13,1,1278687.0,4000000.0,4.952957414612093
0,13,2,1326232.0,4000000.0,4.794404887474802
0,13,3,1398029.0,4000000.0,4.565438110417998
0,13,4,1318146.0,4000000.0,4.820964752409143
0,13,5,1335599.0,4000000.0,4.763839061138267
0,13,6,1284121.0,4000000.0,4.934540430184828
0,13,7,1321535.0,4000000.0,4.8098132169937085
0,13,8,1634251.0,4000000.0,3.8874123194465016
0,13,9,1300899.0,4000000.0,4.878164114807407
0,13,10,1230676.0,4000000.0,5.119162600319459
0,13,11,1336421.0,4000000.0,4.761166999736137
0,13,12,1298557.0,4000000.0,4.885989736413036
0,13,13,1328483.0,4000000.0,4.787039900174438
0,13,14,1332100.0,4000000.0,4.775231630266851
0,13,15,1305645.0,4000000.0,4.862348813865468
0,13,16,1294588.0,4000000.0,4.899284142585462
0,13,17,1235491.0,4000000.0,5.1022040521962815
0,13,18,1299329.0,4000000.0,4.883408596594751
0,13,19,1313529.0,4000000.0,4.836203257772905
0,13,20,1839721.0,4000000.0,3.3730802557264883
0,13,21,1372118.0,4000000.0,4.646685297056031
0,13,22,1501483.0,4000000.0,4.255395719078395
0,13,23,1337114.0,4000000.0,4.758915552998395
0,13,24,1335926.0,4000000.0,4.762775890879396
0,14,0,1372416.0,4347826.0,5.007863827593612
0,14,1,1400451.0,4347826.0,4.920042372828758
0,14,2,1325707.0,4347826.0,5.1582460584616205
0,14,3,1364236.0,4347826.0,5.033826496153445
0,14,4,1351154.0,4347826.0,5.075673040253289
0,14,5,1368439.0,4347826.0,5.020467123767139
0,14,6,1651297.0,4347826.0,4.204469634020725
0,14,7,1426603.0,4347826.0,4.8396902233407655
0,14,8,1424220.0,4347826.0,4.8469507512053065
0,14,9,1402234.0,4347826.0,4.9145166204470385
0,14,10,1304735.0,4347826.0,5.227498426448003
0,14,11,1455488.0,4347826.0,4.752635261161684
0,14,12,1351422.0,4347826.0,5.074811707054655
0,14,13,1279260.0,4347826.0,5.313133347507838
0,14,14,1365686.0,4347826.0,5.029212979298535
0,14,15,1349515.0,4347826.0,5.080944391486843
0,14,16,7413990.0,4347826.0,-2.3177984062042265
0,14,17,1414084.0,4347826.0,4.877969469297411
0,14,18,1285541.0,4347826.0,5.2918622306146625
0,14,19,1337962.0,4347826.0,5.1182837626282
0,14,20,1303765.0,4347826.0,5.230728372139886
0,14,21,1465146.0,4347826.0,4.723912515381036
0,14,22,1371374.0,4347826.0,5.011162439163
0,15,0,1335481.0,5000000.0,5.733322906786301
0,15,1,1366025.0,5000000.0,5.635113567747691
0,15,2,1474014.0,5000000.0,5.304683959189072
0,15,3,1309197.0,5000000.0,5.819650028764487
0,15,4,1341083.0,5000000.0,5.715143470463044
0,15,5,1311994.0,5000000.0,5.810381554037322
0,15,6,1296102.0,5000000.0,5.863308235622191
0,15,7,1256794.0,5000000.0,5.997059056436241
0,15,8,1245097.0,5000000.0,6.037668176241393
0,15,9,1610369.0,5000000.0,4.920446026507277
0,15,10,1281599.0,5000000.0,5.912178444649664
0,15,11,1289305.0,5000000.0,5.886143374494159
0,15,12,1291236.0,5000000.0,5.879643785446112
0,15,13,1373970.0,5000000.0,5.6099275412827705
0,15,14,1462287.0,5000000.0,5.339373852819998
0,15,15,1308223.0,5000000.0,5.822882240980325
0,15,16,1480280.0,5000000.0,5.28626132891434
0,15,17,1354237.0,5000000.0,5.672753290672627
0,15,18,1394827.0,5000000.0,5.544496588085069
0,15,19,1282402.0,5000000.0,5.909458176752965
0,16,0,5025987.0,5882352.0,0.6832964820386522
0,16,1,1472314.0,5882352.0,6.015505673908333
0,16,2,3450309.0,5882352.0,2.3169301812348135
0,16,3,2711309.0,5882352.0,3.3637199345467224
0,16,4,1411869.0,5882352.0,6.197566064814469
0,16,5,2621654.0,5882352.0,3.5097563520776127
0,16,6,1629373.0,5882352.0,5.575304937035936
0,16,7,3981527.0,5882352.0,1.6950134397343422
0,16,8,2023275.0,5882352.0,4.634960938053556
0,16,9,1847996.0,5882352.0,5.02849982282879
0,16,10,1500236.0,5882352.0,5.933914264550869
0,16,11,1310283.0,5882352.0,6.521859027424748
0,16,12,1302318.0,5882352.0,6.548339659296538
0,16,13,1288808.0,5882352.0,6.593627859249688
0,16,14,1312449.0,5882352.0,6.5146857282720845
0,16,15,1313019.0,5882352.0,6.512799985550604
0,16,16,1310623.0,5882352.0,6.520732240545131
0,17,0,1321492.0,6666666.0,7.028441591552525
0,17,1,1293053.0,6666666.0,7.122923712920084
0,17,2,1289490.0,6666666.0,7.134907189832608
0,17,3,1712942.0,6666666.0,5.901660394567689
0,17,4,1365570.0,6666666.0,6.885947302529263
0,17,5,1283773.0,6666666.0,7.154204600459668
0,17,6,1358561.0,6666666.0,6.908295543055766
0,17,7,1280185.0,6666666.0,7.166359632782755
0,17,8,1379667.0,6666666.0,6.8413442090639
0,17,9,1276465.0,6666666.0,7.178997863379811
0,17,10,1360529.0,6666666.0,6.902008942100096
0,17,11,1418333.0,6666666.0,6.721304898807945
0,17,12,1418543.0,6666666.0,6.720661925048313
0,17,13,1395087.0,6666666.0,6.793074057175993
0,17,14,1504282.0,6666666.0,6.465794386770166
0,18,0,1633760.0,6666666.0,6.1072043866672505
0,18,1,1295227.0,6666666.0,7.1156280847369535
0,18,2,1400529.0,6666666.0,6.77616591560151
0,18,3,1396434.0,6666666.0,6.788882831585882
0,18,4,1535197.0,6666666.0,6.377445844617099
0,18,5,1300897.0,6666666.0,7.096657853517878
0,18,6,1292069.0,6666666.0,7.126229907295682
0,18,7,1410809.0,6666666.0,6.744404760077423
0,18,8,4908157.0,6666666.0,1.329902512139516
0,18,9,1621499.0,6666666.0,6.139920123409775
0,18,10,2112837.0,6666666.0,4.990427038847577
0,18,11,2229076.0,6666666.0,4.757838215792944
0,18,12,1385836.0,6666666.0,6.821968586598681
0,18,13,1425432.0,6666666.0,6.699621933223313
0,18,14,1795794.0,6666666.0,5.6965218132747655
0,19,0,1670704.0,5555555.0,5.218279390686032
0,19,1,1791555.0,5555555.0,4.914973060988832
0,19,2,1391608.0,5555555.0,6.012105347361385
0,19,3,5016318.0,5555555.0,0.44342391493929734
0,19,4,1490208.0,5555555.0,5.714805609424307
0,19,5,1397923.0,5555555.0,5.99244201084816
0,19,6,2083459.0,5555555.0,4.259424929897414
0,19,7,2596015.0,5555555.0,3.3042025394044967
0,19,8,1408308.0,5555555.0,5.960298051325536
0,19,9,1405143.0,5555555.0,5.970069272612565
0,19,10,1410020.0,5555555.0,5.955021786501355
0,19,11,1667236.0,5555555.0,5.227303721891331
0,19,12,1392257.0,5555555.0,6.010080413509625
0,19,13,1347469.0,5555555.0,6.152086689137027
0,19,14,1420126.0,5555555.0,5.92400572804542
0,19,15,1398291.0,5555555.0,5.991298891113668
0,19,16,1327252.0,5555555.0,6.217740630269935
0,19,17,1357512.0,5555555.0,6.119837741560837
0,20,0,1283824.0,4761904.0,5.692751455880912
0,20,1,1271170.0,4761904.0,5.735770009410243
0,20,2,1344882.0,4761904.0,5.490964547840218
0,20,3,1402429.0,4761904.0,5.308997520815847
0,20,4,1890340.0,4761904.0,4.012407115825175
0,20,5,1378912.0,4761904.0,5.382440847110743
0,20,6,1274051.0,4761904.0,5.725938227127028
0,20,7,2846485.0,4761904.0,2.234717362083785
0,20,8,1390780.0,4761904.0,5.345221990597211
0,20,9,1271681.0,4761904.0,5.734024531729954
0,20,10,1263125.0,4761904.0,5.763343049195788
0,20,11,1254150.0,4761904.0,5.7943115329031025
0,20,12,1414266.0,4761904.0,5.272495350397275
0,20,13,1332104.0,4761904.0,5.5324250338991
0,20,14,1401385.0,4761904.0,5.3122317115293605
0,20,15,1902008.0,4761904.0,3.985682964958866
0,20,16,1322839.0,4761904.0,5.562736454587353
0,20,17,1351831.0,4761904.0,5.4685823437678724
0,20,18,1357131.0,4761904.0,5.4515886488325815
0,20,19,6047833.0,4761904.0,-1.0381915462096747
0,20,20,1563367.0,4761904.0,4.83719695273863
0,21,0,1392507.0,4166666.0,4.7599130179304
0,21,1,1982787.0,4166666.0,3.225126259792801
0,21,2,1500995.0,4166666.0,4.434094432442276
0,21,3,1269118.0,4166666.0,5.162866850151704
0,21,4,1327575.0,4166666.0,4.967296233294506
0,21,5,1458963.0,4166666.0,4.557444106840954
0,21,6,1346114.0,4166666.0,4.907068477287375
0,21,7,1289143.0,4166666.0,5.094875940496589
0,21,8,1264228.0,4166666.0,5.179632839906457
0,21,9,1240291.0,4166666.0,5.2626509648796915
0,21,10,1395971.0,4166666.0,4.7491229248461195
0,21,11,1246874.0,4166666.0,5.239661197409201
0,21,12,1309037.0,4166666.0,5.028367667205429
0,21,13,1793435.0,4166666.0,3.6610304776858675
0,21,14,1324219.0,4166666.0,4.978288739193478
0,21,15,1415423.0,4166666.0,4.689024403807486
0,21,16,1253860.0,4166666.0,5.215396408406463
0,21,17,1415875.0,4166666.0,4.687637752826291
0,21,18,1276492.0,4166666.0,5.137705914524181
0,21,19,1331820.0,4166666.0,4.9534315637628215
0,21,20,1235984.0,4166666.0,5.277758400199033
0,21,21,1228733.0,4166666.0,5.303311665529535
0,21,22,1241203.0,4166666.0,5.25945872193791
0,21,23,1239162.0,4166666.0,5.266606018707739
0,22,0,1274054.0,4000000.0,4.968721556323839
0,22,1,2053065.0,4000000.0,2.8965729198442753
0,22,2,1313909.0,4000000.0,4.834947038564126
0,22,3,1251166.0,4000000.0,5.047450572530252
0,22,4,1254294.0,4000000.0,5.0366064652988065
0,22,5,1456657.0,4000000.0,4.387026911325268
0,22,6,1245122.0,4000000.0,5.068480846102938
0,22,7,1236557.0,4000000.0,5.098458510472135
0,22,8,1252865.0,4000000.0,5.0415571435911986
0,22,9,1262890.0,4000000.0,5.006944669590765
0,22,10,1232430.0,4000000.0,5.112977298915299
0,22,11,1261722.0,4000000.0,5.0109631563210355
0,22,12,1254579.0,4000000.0,5.035619775834056
0,22,13,1677489.0,4000000.0,3.774003103289381
0,22,14,1358213.0,4000000.0,4.69092108371109
0,22,15,1255239.0,4000000.0,5.033335671053046
0,22,16,1251723.0,4000000.0,5.045517590041508
0,22,17,1292325.0,4000000.0,4.906882455039313
0,22,18,1260116.0,4000000.0,5.016494653841706
0,22,19,1237449.0,4000000.0,5.095326822880075
0,22,20,1239297.0,4000000.0,5.088845929389216
0,22,21,1274188.0,4000000.0,4.968264806449779
0,22,22,1244845.0,4000000.0,5.069447120531343
0,22,23,1647468.0,4000000.0,3.8524300360570245
0,22,24,1276582.0,4000000.0,4.960112748091301
0,23,0,1649713.0,4000000.0,3.8465159460356233
0,23,1,1327306.0,4000000.0,4.790889337299648
0,23,2,1262265.0,4000000.0,5.009094510346934
0,23,3,1272587.0,4000000.0,4.973725089019844
0,23,4,1235984.0,4000000.0,5.100471425465944
0,23,5,4021868.0,4000000.0,-0.023678213742447815
0,23,6,1339739.0,4000000.0,4.750397913961628
0,23,7,1270080.0,4000000.0,4.9822891410089305
0,23,8,1263944.0,4000000.0,5.003321587025989
0,23,9,1228923.0,4000000.0,5.125353189563352
0,23,10,1238099.0,4000000.0,5.0930461850598885
0,23,11,1856589.0,4000000.0,3.333442183300552
0,23,12,1267094.0,4000000.0,4.992511568967713
0,23,13,1372029.0,4000000.0,4.6469670036038435
0,23,14,1253851.0,4000000.0,5.038140606725907
0,23,15,1232420.0,4000000.0,5.113012537934462
0,23,16,1442841.0,4000000.0,4.428415165250209
0,23,17,1286801.0,4000000.0,4.92548601598564
0,23,18,1245572.0,4000000.0,5.06691154438235
0,23,19,1364375.0,4000000.0,4.6712623827474795
0,23,20,1240054.0,4000000.0,5.0861939375331495
0,23,21,2794147.0,4000000.0,1.5581074072751364
0,23,22,1577966.0,4000000.0,4.039623499776681
0,23,23,1606479.0,4000000.0,3.9618493852958183
0,23,24,1309681.0,4000000.0,4.848944642298293
0,24,0,1239350.0,4545454.0,5.643832959540661
0,24,1,1339485.0,4545454.0,5.306394124655217
0,24,2,1252353.0,4545454.0,5.5985050660341535
0,24,3,1228114.0,4545454.0,5.683385848884143
0,24,4,1295196.0,4545454.0,5.45241772562202
0,24,5,1234854.0,4545454.0,5.6596165419761615
0,24,6,1243438.0,4545454.0,5.629531316013811
0,24,7,1230730.0,4545454.0,5.674144800706051
0,24,8,1320321.0,4545454.0,5.368977361743084
0,24,9,1546136.0,4545454.0,4.683295747299592
0,24,10,1405949.0,4545454.0,5.096076998781454
0,24,11,1424456.0,4545454.0,5.0392822819550664
0,24,12,1242845.0,4545454.0,5.631602975858262
0,24,13,1253778.0,4545454.0,5.593566220431843
0,24,14,1267080.0,4545454.0,5.547732311358212
0,24,15,4750698.0,4545454.0,-0.19180156305133253
0,24,16,7429183.0,4545454.0,-2.13363789214811
0,24,17,1631740.0,4545454.0,4.449263072284521
0,24,18,1346195.0,4545454.0,5.28469293883207
0,24,19,1312963.0,4545454.0,5.393247794514528
0,24,20,1229163.0,4545454.0,5.679677883203505
0,24,21,1226573.0,4545454.0,5.688838665349387
0,25,0,1252460.0,5263157.0,6.23482460583349
0,25,1,1228395.0,5263157.0,6.31908285173871
0,25,2,1234090.0,5263157.0,6.298994920368315
0,25,3,1236152.0,5263157.0,6.291744493651594
0,25,4,1762267.0,5263157.0,4.751746164634543
0,25,5,1269202.0,5263157.0,6.177155774298569
0,25,6,1229207.0,5263157.0,6.316213004366045
0,25,7,1210243.0,5263157.0,6.383737458398625
0,25,8,1232286.0,5263157.0,6.305348107271463
0,25,9,1215719.0,5263157.0,6.3641312104687575
0,25,10,1228217.0,5263157.0,6.319712209715584
0,25,11,1254370.0,5263157.0,6.228206665080033
0,25,12,1228123.0,5263157.0,6.320044604101692
0,25,13,1207081.0,5263157.0,6.395099112318333
0,25,14,1374756.0,5263157.0,5.830207014195018
0,25,15,1195638.0,5263157.0,6.4364661579862545
0,25,16,1628308.0,5263157.0,5.09509768614293
0,25,17,1368523.0,5263157.0,5.849942244653736
0,25,18,1239972.0,5263157.0,6.2783444681518095
0,26,0,1222709.0,6250000.0,7.085569084124337
0,26,1,1320039.0,6250000.0,6.7529325489990235
0,26,2,1223385.0,6250000.0,7.083168660614523
0,26,3,1227182.0,6250000.0,7.069710408157707
0,26,4,1245287.0,6250000.0,7.006105629789168
0,26,5,1245478.0,6250000.0,7.005439567384998
0,26,6,1243770.0,6250000.0,7.011399400165828
0,26,7,1351098.0,6250000.0,6.651931662379269
0,26,8,1223936.0,6250000.0,7.0812130833643625
0,26,9,1249013.0,6250000.0,6.99313058714629
0,26,10,1713211.0,6250000.0,5.620691631395269
0,26,11,1277488.0,6250000.0,6.895231880349843
0,26,12,1222648.0,6250000.0,7.085785755664742
0,26,13,1330252.0,6250000.0,6.719460967961323
0,26,14,1217270.0,6250000.0,7.104930985185999
0,26,15,1212729.0,6250000.0,7.121162543618541
0,27,0,1243102.0,6666666.0,7.29401932332825
0,27,1,1217095.0,6666666.0,7.385842192309421
0,27,2,1221220.0,6666666.0,7.371147893608016
0,27,3,1319123.0,6666666.0,7.036234048261692
0,27,4,1316183.0,6666666.0,7.045924204217105
0,27,5,1267119.0,6666666.0,7.210912944574033
0,27,6,1689158.0,6666666.0,5.962384231251327
0,27,7,1291998.0,6666666.0,7.126468561388032
0,27,8,1333466.0,6666666.0,6.989267507552884
0,27,9,1240621.0,6666666.0,7.302695693180901
0,27,10,1281825.0,6666666.0,7.160799599468259
0,27,11,1234634.0,6666666.0,7.323704648893942
0,27,12,1223771.0,6666666.0,7.362085401146094
0,27,13,1289171.0,6666666.0,7.135981700521946
0,27,14,1258346.0,6666666.0,7.2410862458528396
0,28,0,1347691.0,6250000.0,6.662896892235176
0,28,1,1418468.0,6250000.0,6.440604745898422
0,28,2,1365376.0,6250000.0,6.606277526054574
0,28,3,1713370.0,6250000.0,5.620288589280273
0,28,4,1693966.0,6250000.0,5.669753280911639
0,28,5,1358137.0,6250000.0,6.629364363958976
0,28,6,1425206.0,6250000.0,6.420023753172117
0,28,7,1299578.0,6250000.0,6.820776665943935
0,28,8,1506484.0,6250000.0,6.179154938462231
0,28,9,1344576.0,6250000.0,6.672946622925341
0,28,10,1421851.0,6250000.0,6.43025929577793
0,28,11,1356048.0,6250000.0,6.636049548291208
0,28,12,1399953.0,6250000.0,6.497665617967547
0,28,13,1398952.0,6250000.0,6.500772038477853
0,28,14,1714138.0,6250000.0,5.618342346309091
0,28,15,1380540.0,6250000.0,6.558310228645503
0,29,0,1328682.0,5555555.0,6.213063999230659
0,29,1,1446510.0,5555555.0,5.844060111121342
0,29,2,3335847.0,5555555.0,2.215213281404869
0,29,3,1412881.0,5555555.0,5.946218665611514
0,29,4,1457531.0,5555555.0,5.811096509962156
0,29,5,1370257.0,5555555.0,6.079254221106297
0,29,6,1382697.0,5555555.0,6.040004308989407
0,29,7,1320924.0,5555555.0,6.238496204765812
0,29,8,1405194.0,5555555.0,5.969911647256035
0,29,9,1761687.0,5555555.0,4.987987019019262
0,29,10,1409799.0,5555555.0,5.955702532894632
0,29,11,1305556.0,5555555.0,6.289319464539085
0,29,12,1295730.0,5555555.0,6.322129373758349
0,29,13,1355351.0,5555555.0,6.126756709263211
0,29,14,1367127.0,5555555.0,6.089185910052902
0,29,15,1416159.0,5555555.0,5.936154347335453
0,29,16,1442698.0,5555555.0,5.855520217321129
0,29,17,1302482.0,5555555.0,6.299557213035055
0,30,0,1334840.0,4761904.0,5.523514234727155
0,30,1,1339836.0,4761904.0,5.5072899312600825
0,30,2,5616355.0,4761904.0,-0.7167391520682588
0,30,3,1428972.0,4761904.0,5.227569166903178
0,30,4,1368677.0,4761904.0,5.414796665848179
0,30,5,1340977.0,4761904.0,5.503593067407412
0,30,6,1354470.0,4761904.0,5.460112454416965
0,30,7,1321289.0,4761904.0,5.567828163642715
0,30,8,1464813.0,4761904.0,5.119984501685433
0,30,9,1320872.0,4761904.0,5.569199017276975
0,30,10,1249655.0,4761904.0,5.809905045923594
0,30,11,1503432.0,4761904.0,5.0069684597137005
0,30,12,1413210.0,4761904.0,5.275739338987899
0,30,13,1322553.0,4761904.0,5.563675508022974
0,30,14,1308643.0,4761904.0,5.609594493321971
0,30,15,1376790.0,4761904.0,5.3891293284686785
0,30,16,1293430.0,4761904.0,5.660377059628504
0,30,17,1343665.0,4761904.0,5.494896310391333
0,30,18,1390983.0,4761904.0,5.344588135161051
0,30,19,1294237.0,4761904.0,5.65766824386312
0,30,20,1382758.0,4761904.0,5.370344560029295
0,31,0,1370647.0,4166666.0,4.828630689437969
0,31,1,1473036.0,4166666.0,4.5157532796658515
0,31,2,1803787.0,4166666.0,3.6360343618633273
0,31,3,1380933.0,4166666.0,4.796160807774241
0,31,4,1288550.0,4166666.0,5.096874135256879
0,31,5,1273334.0,4166666.0,5.148463532299746
0,31,6,1341246.0,4166666.0,4.92280249022431
0,31,7,1278448.0,4166666.0,5.131056207113716
0,31,8,1249336.0,4166666.0,5.231094343168934
0,31,9,1340961.0,4166666.0,4.923725416216288
0,31,10,1262626.0,4166666.0,5.185139607240265
0,31,11,1382166.0,4166666.0,4.792284832778556
0,31,12,1305514.0,4166666.0,5.040071553538013
0,31,13,1297775.0,4166666.0,5.065892850338788
0,31,14,1528190.0,4166666.0,4.356113353327119
0,31,15,1523027.0,4166666.0,4.370810862878993
0,31,16,1530614.0,4166666.0,4.349230074473645
0,31,17,1497212.0,4166666.0,4.4450538951938805
0,31,18,1404602.0,4166666.0,4.722354063326042
0,31,19,1395031.0,4166666.0,4.752048303103998
0,31,20,1392377.0,4166666.0,4.760318480295716
0,31,21,1332409.0,4166666.0,4.95151131250808
0,31,22,1378820.0,4166666.0,4.802811145102099
0,31,23,1398568.0,4166666.0,4.741051016784109
0,32,0,1804811.0,4000000.0,3.456282620695154
0,32,1,1457226.0,4000000.0,4.385330799550403
0,32,2,1389846.0,4000000.0,4.590933098187772
0,32,3,1352051.0,4000000.0,4.7106691762113515
0,32,4,1368137.0,4000000.0,4.6593040318001036
0,32,5,1479185.0,4000000.0,4.320374972129861
0,32,6,1382663.0,4000000.0,4.613436500291836
0,32,7,1407172.0,4000000.0,4.53712806412437
0,32,8,1320998.0,4000000.0,4.811578312377511
0,32,9,1350618.0,4000000.0,4.715274579617297
0,32,10,1411117.0,4000000.0,4.524969674050696
0,32,11,1480985.0,4000000.0,4.315093314902237
0,32,12,1542400.0,4000000.0,4.138629747692068
0,32,13,1394718.0,4000000.0,4.575735854562377
0,32,14,1360896.0,4000000.0,4.682350537454185
0,32,15,1384315.0,4000000.0,4.608250665280847
0,32,16,1363217.0,4000000.0,4.674949980014663
0,32,17,1350317.0,4000000.0,4.716242560258031
0,32,18,1386334.0,4000000.0,4.601921168371142
0,32,19,1314058.0,4000000.0,4.834454567556134
0,32,20,1344945.0,4000000.0,4.733554666065597
0,32,21,1411384.0,4000000.0,4.524148015337278
0,32,22,1380665.0,4000000.0,4.619716757474871
0,32,23,1766552.0,4000000.0,3.5493356553180746
0,32,24,1400328.0,4000000.0,4.558302185741277
0,33,0,2146354.0,4166666.0,2.8808733670365894
0,33,1,1367532.0,4166666.0,4.83851191265038
0,33,2,1345044.0,4166666.0,4.910521972921027
0,33,3,1456286.0,4166666.0,4.565420143569455
0,33,4,1385667.0,4166666.0,4.781298145416784
0,33,5,1366967.0,4166666.0,4.840306584257626
0,33,6,1367888.0,4166666.0,4.837381491461455
0,33,7,1311977.0,4166666.0,5.018624672224826
0,33,8,1248283.0,4166666.0,5.23475632777539
0,33,9,1577479.0,4166666.0,4.218251023398222
0,33,10,1326395.0,4166666.0,4.971158127154758
0,33,11,1258602.0,4166666.0,5.199002712672289
0,33,12,1424527.0,4166666.0,4.6611800367794425
0,33,13,1362051.0,4166666.0,4.855953194007875
0,33,14,1295750.0,4166666.0,5.072674712897025
0,33,15,1334747.0,4166666.0,4.943897353978729
0,33,16,1370269.0,4166666.0,4.829828561355242
0,33,17,1347737.0,4166666.0,4.9018353739760645
0,33,18,1317850.0,4166666.0,4.999227078904402
0,33,19,1248046.0,4166666.0,5.235580961006989
0,33,20,1289694.0,4166666.0,5.0930200941350705
0,33,21,1429366.0,4166666.0,4.646452413761267
0,33,22,1418608.0,4166666.0,4.679262841515404
0,33,23,1474277.0,4166666.0,4.512095985826391
0,34,0,1383595.0,4545454.0,5.16568283159514
0,34,1,1375899.0,4545454.0,5.189907120529137
0,34,2,1388189.0,4545454.0,5.151286683289377
0,34,3,1290900.0,4545454.0,5.466846662602348
0,34,4,1352021.0,4545454.0,5.265938298109106
0,34,5,1407739.0,4545454.0,5.090551245908488
0,34,6,1387667.0,4545454.0,5.1529200657287095
0,34,7,1358456.0,4545454.0,5.245316907543786
0,34,8,1310767.0,4545454.0,5.40051768055433
0,34,9,1381894.0,4545454.0,5.171025358771187
0,34,10,1459607.0,4545454.0,4.933413295703878
0,34,11,1339281.0,4545454.0,5.3070555939622
0,34,12,1293988.0,4545454.0,5.456470182088653
0,34,13,1290578.0,4545454.0,5.467930094836891
0,34,14,1302402.0,4545454.0,5.428322126037082
0,34,15,1359994.0,4545454.0,5.24040274701529
0,34,16,1253496.0,4545454.0,5.5945431463235735
0,34,17,1380536.0,4545454.0,5.175295309169453
0,34,18,1366438.0,4545454.0,5.219873360237019
0,34,19,1413712.0,4545454.0,5.072163226299914
0,34,20,1318894.0,4545454.0,5.373673745221268
0,34,21,1626963.0,4545454.0,4.461995906336128
0,35,0,1412629.0,5263157.0,5.712182075362053
0,35,1,1364056.0,5263157.0,5.864141249906657
0,35,2,1387391.0,5263157.0,5.790474523110602
0,35,3,1342377.0,5263157.0,5.933718227773646
0,35,4,1316661.0,5263157.0,6.01772353429819
0,35,5,1279024.0,5263157.0,6.14367631426663
0,35,6,1439263.0,5263157.0,5.631061643504719
0,35,7,1369106.0,5263157.0,5.848092514929387
0,35,8,1280181.0,5263157.0,6.139749479567605
0,35,9,1480500.0,5263157.0,5.508379134917849
0,35,10,1401501.0,5263157.0,5.746529132425767
0,35,11,1617844.0,5263157.0,5.1230968260429375
0,35,12,1324883.0,5263157.0,5.99068797659697
0,35,13,1308086.0,5263157.0,6.046100276373768
0,35,14,1390182.0,5263157.0,5.781746642281211
0,35,15,1295170.0,5263157.0,6.089195489107519
0,35,16,1362005.0,5263157.0,5.870676233169711
0,35,17,1388473.0,5263157.0,5.7870888626227845
0,35,18,1377181.0,5263157.0,5.8225530279939335
0,36,0,1457046.0,6250000.0,6.324067543655666
0,36,1,1314111.0,6250000.0,6.772479666930083
0,36,2,1242636.0,6250000.0,7.015360860817273
0,36,3,1283939.0,6250000.0,6.873356264716016
0,36,4,1532666.0,6250000.0,6.104324940363393
0,36,5,1292942.0,6250000.0,6.843009740142763
0,36,6,1263482.0,6250000.0,6.943109581529283
0,36,7,1395878.0,6250000.0,6.510325548177692
0,36,8,1369002.0,6250000.0,6.594759347408892
0,36,9,1490181.0,6250000.0,6.226409955578812
0,36,10,1301962.0,6250000.0,6.812817085582515
0,36,11,1288133.0,6250000.0,6.859193110096729
0,36,12,1382826.0,6250000.0,6.551124807589421
0,36,13,1316227.0,6250000.0,6.765492220282957
0,36,14,1367853.0,6250000.0,6.59840590076319
0,36,15,1487335.0,6250000.0,6.234712194572022
0,37,0,1663359.0,6666666.0,6.029227051247482
0,37,1,1383595.0,6666666.0,6.828997136119296
0,37,2,1281714.0,6666666.0,7.161175694292807
0,37,3,1207883.0,6666666.0,7.418838285569441
0,37,4,1281197.0,6666666.0,7.162927844486003
0,37,5,1431132.0,6666666.0,6.682290048957159
0,37,6,1332566.0,6666666.0,6.992199693277293
0,37,7,1287949.0,6666666.0,7.140100312745362
0,37,8,1321111.0,6666666.0,7.029693888615319
0,37,9,1318487.0,6666666.0,7.038328454150687
0,37,10,1373684.0,6666666.0,6.860218576879627
0,37,11,1631636.0,6666666.0,6.112854186015665
0,37,12,1400407.0,6666666.0,6.776544245751329
0,37,13,1413196.0,6666666.0,6.7370629800509345
0,37,14,1381776.0,6666666.0,6.834710523411751
0,38,0,1367704.0,6250000.0,6.59887900278861
0,38,1,1328095.0,6250000.0,6.726508756704101
0,38,2,1364090.0,6250000.0,6.610369921747021
0,38,3,1322036.0,6250000.0,6.746367358794191
0,38,4,1416140.0,6250000.0,6.447738273928998
0,38,5,3285583.0,6250000.0,2.7926757458433644
0,38,6,1442897.0,6250000.0,6.36644686893816
0,38,7,1767923.0,6250000.0,5.484166714879104
0,38,8,1371527.0,6250000.0,6.586756557603687
0,38,9,1357132.0,6250000.0,6.63257926439237
0,38,10,1290859.0,6250000.0,6.850012102954644
0,38,11,1332413.0,6250000.0,6.712411560082727
0,38,12,1751395.0,6250000.0,5.524959118236843
0,38,13,1500376.0,6250000.0,6.196799087801654
0,38,14,1943956.0,6250000.0,5.071935865755584
0,38,15,1354172.0,6250000.0,6.642061876280618
0,39,0,1312281.0,5555555.0,6.267006105719934
0,39,1,1661220.0,5555555.0,5.243003003770122
0,39,2,1536211.0,5555555.0,5.582765809265425
0,39,3,1712269.0,5555555.0,5.111554574587936
0,39,4,1317460.0,5555555.0,6.249900131940368
0,39,5,1391400.0,5555555.0,6.012754524456126
0,39,6,1361984.0,5555555.0,6.105554457645782
0,39,7,1500833.0,5555555.0,5.683950811516438
0,39,8,1430757.0,5555555.0,5.891615720893774
0,39,9,1374624.0,5555555.0,6.065435293417688
0,39,10,1523672.0,5555555.0,5.618359647270329
0,39,11,1394021.0,5555555.0,6.004581352982051
0,39,12,1683976.0,5555555.0,5.183915538177697
0,39,13,1337795.0,5555555.0,6.183378830203611
0,39,14,1371827.0,5555555.0,6.074281051713268
0,39,15,1380065.0,5555555.0,6.048279096482333
0,39,16,2761820.0,5555555.0,3.0353208119064377
0,39,17,1398671.0,5555555.0,5.990118811411915
0,40,0,1385106.0,4761904.0,5.362976252279238
0,40,1,1342836.0,4761904.0,5.497576600753594
0,40,2,1400562.0,4761904.0,5.3147829687007855
0,40,3,1375257.0,4761904.0,5.393967716109728
0,40,4,1394895.0,4761904.0,5.3323911823159955
0,40,5,1676510.0,4761904.0,4.533744875388035
0,40,6,1414229.0,4761904.0,5.2726089719227245
0,40,7,1345425.0,4761904.0,5.489211425190083
0,40,8,1323954.0,4761904.0,5.559077397184926
0,40,9,1242943.0,4761904.0,5.833294229483137
0,40,10,1376306.0,4761904.0,5.390656325939211
0,40,11,1248905.0,4761904.0,5.812512314680081
0,40,12,1248214.0,4761904.0,5.814915864488119
0,40,13,1433211.0,4761904.0,5.214705030299535
0,40,14,4053074.0,4761904.0,0.6999610272606905
0,40,15,1690027.0,4761904.0,4.498869927881582
0,40,16,1501878.0,4761904.0,5.011459801272661
0,40,17,1586460.0,4761904.0,4.773515092311339
0,40,18,1403248.0,4761904.0,5.306462038714511
0,40,19,1466658.0,4761904.0,5.114517803055902
0,40,20,1401558.0,4761904.0,5.311695611113015
0,41,0,1373938.0,4166666.0,4.818215535052526
0,41,1,1326938.0,4166666.0,4.969380574868892
0,41,2,1243434.0,4166666.0,5.2516595041888126
0,41,3,1271192.0,4166666.0,5.155775377413344
0,41,4,1250070.0,4166666.0,5.228543559831767
0,41,5,1468938.0,4166666.0,4.5278522304921305
0,41,6,1278366.0,4166666.0,5.131334773701104
0,41,7,1374549.0,4166666.0,4.8162846259173255
0,41,8,1226742.0,4166666.0,5.310354543204674
0,41,9,1225272.0,4166666.0,5.315561797036679
0,41,10,1237312.0,4166666.0,5.273094638745553
0,41,11,1221049.0,4166666.0,5.3305559651681325
0,41,12,1221768.0,4166666.0,5.3279994270278985
0,41,13,1325452.0,4166666.0,4.974246840143835
0,41,14,1211411.0,4166666.0,5.364971759230461
0,41,15,1236620.0,4166666.0,5.275524226861274
0,41,16,1227018.0,4166666.0,5.3093775505280405
0,41,17,1238246.0,4166666.0,5.269817550789266
0,41,18,1331655.0,4166666.0,4.953969647203483
0,41,19,1390080.0,4166666.0,4.767488939005748
0,41,20,1267457.0,4166666.0,5.168554545075335
0,41,21,1251909.0,4166666.0,5.222159272065584
0,41,22,5183839.0,4166666.0,-0.9486281592519558
0,41,23,1448845.0,4166666.0,4.587667624366115
0,42,0,1264904.0,4000000.0,5.000024253831944
0,42,1,1261934.0,4000000.0,5.01023349720442
0,42,2,3955646.0,4000000.0,0.048425726914140266
0,42,3,2422854.0,4000000.0,2.177327467755807
0,42,4,2660252.0,4000000.0,1.7713721295792462
0,42,5,1800357.0,4000000.0,3.467013596930109
0,42,6,1951653.0,4000000.0,3.116573878238889
0,42,7,1935231.0,4000000.0,3.1532717905955296
0,42,8,1715210.0,4000000.0,3.6774269128860793
0,42,9,2616078.0,4000000.0,1.8440930272138192
0,42,10,1617490.0,4000000.0,3.9321838696913725
0,42,11,1273542.0,4000000.0,4.970467192427273
0,42,12,1332909.0,4000000.0,4.772594909365331
0,42,13,5458415.0,4000000.0,-1.3500656040868984
0,42,14,2334004.0,4000000.0,2.339583953270776
0,42,15,2440390.0,4000000.0,2.1460075461493795
0,42,16,2843164.0,4000000.0,1.4825807984687478
0,42,17,1785760.0,4000000.0,3.502369005377332
0,42,18,2113289.0,4000000.0,2.7710109885547514
0,42,19,1738593.0,4000000.0,3.618620646109269
0,42,20,1694297.0,4000000.0,3.730704494682922
0,42,21,1743889.0,4000000.0,3.6054115306034564
0,42,22,1664839.0,4000000.0,3.806877503579295
0,42,23,1351948.0,4000000.0,4.711000036774966
0,42,24,1356064.0,4000000.0,4.6977980460596145
0,43,0,1812696.0,4166666.0,3.614637123906033
0,43,1,1335986.0,4166666.0,4.939867816756694
0,43,2,1227728.0,4166666.0,5.306865281716929
0,43,3,1329177.0,4166666.0,4.962058711355442
0,43,4,1214252.0,4166666.0,5.354798613271891
0,43,5,1498231.0,4166666.0,4.442099099565117
0,43,6,1303486.0,4166666.0,5.046823177813104
0,43,7,1305944.0,4166666.0,5.038641343832123
0,43,8,1420446.0,4166666.0,4.673639606668457
0,43,9,1274019.0,4166666.0,5.146127839309616
0,43,10,1226751.0,4166666.0,5.310322681280982
0,43,11,1261802.0,4166666.0,5.187974773589215
0,43,12,1291179.0,4166666.0,5.088022348203377
0,43,13,1538202.0,4166666.0,4.327753171038623
0,43,14,1306622.0,4166666.0,5.036387225349829
0,43,15,1377165.0,4166666.0,4.8080271201814115
0,43,16,1356125.0,4166666.0,4.874889665945378
0,43,17,1302081.0,4166666.0,5.051506870891922
0,43,18,1298164.0,4166666.0,5.064591274649029
0,43,19,1272710.0,4166666.0,5.150592323177938
0,43,20,1457834.0,4166666.0,4.560806140568742
0,43,21,3589439.0,4166666.0,0.6476211159976687
0,43,22,1600820.0,4166666.0,4.154461872389716
0,43,23,1853346.0,4166666.0,3.518321837493229
0,44,0,2585195.0,4545454.0,2.4508395977565387
0,44,1,1409496.0,4545454.0,5.085134193347129
0,44,2,1326076.0,4545454.0,5.350088520172456
0,44,3,1336225.0,4545454.0,5.316976741691839
0,44,4,1385349.0,4545454.0,5.1601807150976855
0,44,5,1339212.0,4545454.0,5.307279349030875
0,44,6,1282491.0,4545454.0,5.495229409698674
0,44,7,1296817.0,4545454.0,5.446985720096253
0,44,8,1265671.0,4545454.0,5.5525643772670055
0,44,9,1735050.0,4545454.0,4.18265272424777
0,44,10,1425753.0,4545454.0,5.035329729830583
0,44,11,1271918.0,4545454.0,5.531181536238323
0,44,12,1273596.0,4545454.0,5.525455806612079
0,44,13,1285600.0,4545454.0,5.484714033071647
0,44,14,1267162.0,4545454.0,5.547451263632474
0,44,15,1280813.0,4545454.0,5.500915401252784
0,44,16,1366347.0,4545454.0,5.220162594830064
0,44,17,1267996.0,4545454.0,5.544593835330383
0,44,18,1290157.0,4545454.0,5.4693470398428925
0,44,19,1299328.0,4545454.0,5.438584696392944
0,44,20,1285792.0,4545454.0,5.484065477420231
0,44,21,1748312.0,4545454.0,4.149583285883671
0,45,0,1393168.0,5263157.0,5.772428347273628
0,45,1,1240126.0,5263157.0,6.277805123736396
0,45,2,1188532.0,5263157.0,6.462354460638568
0,45,3,1268801.0,5263157.0,6.178528129561288
0,45,4,1268609.0,5263157.0,6.179185370926969
0,45,5,1273997.0,5263157.0,6.160779198904397
0,45,6,1383456.0,5263157.0,5.802809739996731
0,45,7,1266693.0,5263157.0,6.185749546601026
0,45,8,1264833.0,5263157.0,6.192131372280063
0,45,9,1327659.0,5263157.0,5.981597813863186
0,45,10,1239356.0,5263157.0,6.28050251586762
0,45,11,1373102.0,5263157.0,5.835435254954331
0,45,12,1417221.0,5263157.0,5.698087462493379
0,45,13,1283083.0,5263157.0,6.1299157431677465
0,45,14,1380972.0,5263157.0,5.810614521191163
0,45,15,1392761.0,5263157.0,5.773697280224842
0,45,16,1329529.0,5263157.0,5.975485105125733
0,45,17,1410580.0,5263157.0,5.718486033373406
0,45,18,1335270.0,5263157.0,5.956772335584494
0,46,0,1343347.0,6250000.0,6.676918075645187
0,46,1,1419409.0,6250000.0,6.437724627257278
0,46,2,1398428.0,6250000.0,6.50239906313077
0,46,3,1333033.0,6250000.0,6.710391165870004
0,46,4,1472887.0,6250000.0,6.277105883282851
0,46,5,1376528.0,6250000.0,6.570949675269553
0,46,6,1257504.0,6250000.0,6.9637064216468705
0,46,7,1309323.0,6250000.0,6.788332204391681
0,46,8,1237027.0,6250000.0,7.035008384723983
0,46,9,1334770.0,6250000.0,6.704735803598761
0,46,10,1385922.0,6250000.0,6.541412285710405
0,46,11,1387411.0,6250000.0,6.536748838906938
0,46,12,1313584.0,6250000.0,6.774221674240914
0,46,13,1394465.0,6250000.0,6.5147239906299825
0,46,14,1331002.0,6250000.0,6.71701309286146
0,46,15,1230804.0,6250000.0,7.056911183491673
0,47,0,1795788.0,6666666.0,5.696536323687678
0,47,1,1451378.0,6666666.0,6.621281617588827
0,47,2,1523257.0,6666666.0,6.4113551494984815
0,47,3,1455742.0,6666666.0,6.608242853845749
0,47,4,1352846.0,6666666.0,6.926603356229052
0,47,5,1441153.0,6666666.0,6.651986073820514
0,47,6,1406981.0,6666666.0,6.756204647928953
0,47,7,1359119.0,6666666.0,6.906512137177904
0,47,8,1325007.0,6666666.0,7.016905248621602
0,47,9,1254132.0,6666666.0,7.2556544821744415
0,47,10,1392378.0,6666666.0,6.801515448345937
0,47,11,1484335.0,6666666.0,6.523767694610015
0,47,12,1482329.0,6666666.0,6.529640923688022
0,47,13,1352585.0,6666666.0,6.927441306708132
0,47,14,1311583.0,6666666.0,7.061129185614866
0,48,0,1474169.0,6250000.0,6.273327430746355
0,48,1,1396847.0,6250000.0,6.5073117794045245
0,48,2,1372183.0,6250000.0,6.584679828025434
0,48,3,1357369.0,6250000.0,6.631820909228953
0,48,4,1403320.0,6250000.0,6.487233025610392
0,48,5,1332289.0,6250000.0,6.712815751739392
0,48,6,1233596.0,6250000.0,7.047070648576409
0,48,7,1327286.0,6250000.0,6.729155037947587
0,48,8,1504935.0,6250000.0,6.183622747238083
0,48,9,1455508.0,6250000.0,6.328654205226588
0,48,10,1406884.0,6250000.0,6.4762172675846
0,48,11,1319563.0,6250000.0,6.7544988773744885
0,48,12,1439558.0,6250000.0,6.376508499899899
0,48,13,1357940.0,6250000.0,6.629994360922132
0,48,14,1380043.0,6250000.0,6.559873987893734
0,48,15,1480398.0,6250000.0,6.255015276472578
0,49,0,1419688.0,5555555.0,5.925345400182975
0,49,1,1354289.0,5555555.0,6.130161004766654
0,49,2,1329510.0,5555555.0,6.2103584321185314
0,49,3,1327355.0,5555555.0,6.217403613667037
0,49,4,1737087.0,5555555.0,5.049058813369353
0,49,5,1284064.0,5555555.0,6.361407811969025
0,49,6,1375800.0,5555555.0,6.061721463536611
0,49,7,1376686.0,5555555.0,6.058925555224954
0,49,8,1391007.0,5555555.0,6.013981359585012
0,49,9,1363213.0,5555555.0,6.101637324649939
0,49,10,1401954.0,5555555.0,5.979936873900339
0,49,11,1354169.0,5555555.0,6.130545838778204
0,49,12,1387255.0,5555555.0,6.025711526766636
0,49,13,1395751.0,5555555.0,5.999195037899662
0,49,14,1399294.0,5555555.0,5.988184795320242
0,49,15,1453974.0,5555555.0,5.8217081093974565
0,49,16,1392746.0,5555555.0,6.008555316381664
0,49,17,1338159.0,5555555.0,6.182197321161319
0,50,0,1552508.0,4545454.0,4.665434203092272
0,50,1,1359001.0,4545454.0,5.243574907609209
0,50,2,1336072.0,4545454.0,5.317474044617403
0,50,3,1448530.0,4545454.0,4.966497729078718
0,50,4,1384567.0,4545454.0,5.162632907105467
0,50,5,1382078.0,4545454.0,5.170447131605441
0,50,6,1460942.0,4545454.0,4.92944292455981
0,50,7,1333420.0,4545454.0,5.326103022302365
0,50,8,1351140.0,4545454.0,5.268769157625826
0,50,9,1815007.0,4545454.0,3.9869896272860745
0,50,10,1387368.0,4545454.0,5.153855938974211
0,50,11,1382015.0,4545454.0,5.170645102891967
0,50,12,1311200.0,4545454.0,5.399083265000102
0,50,13,1377165.0,4545454.0,5.185912902793226
0,50,14,1443640.0,4545454.0,4.981183601902178
0,50,15,1380726.0,4545454.0,5.174697640772235
0,50,16,1373035.0,4545454.0,5.1989565909508615
0,50,17,1341418.0,4545454.0,5.300131373791074
0,50,18,1330431.0,4545454.0,5.33584911359042
0,50,19,1243522.0,4545454.0,5.629237939871905
0,50,20,1755424.0,4545454.0,4.131952353659588
0,50,21,1344149.0,4545454.0,5.29129853782816
0,51,0,1949794.0,4166666.0,3.2979995917679137
0,51,1,1394708.0,4166666.0,4.75305396792269
0,51,2,1322092.0,4166666.0,4.985270114866486
0,51,3,1466031.0,4166666.0,4.536455350128092
0,51,4,1326701.0,4166666.0,4.970156323133707
0,51,5,1439029.0,4166666.0,4.6171914266656415
0,51,6,1376300.0,4166666.0,4.810755789252596
0,51,7,1394166.0,4166666.0,4.754742015587483
0,51,8,1421650.0,4166666.0,4.6699599942451515
0,51,9,1456981.0,4166666.0,4.56334800482866
0,51,10,1337808.0,4166666.0,4.93394900125704
0,51,11,1356266.0,4166666.0,4.874438141648156
0,51,12,1306366.0,4166666.0,5.037238200461256
0,51,13,1373693.0,4166666.0,4.818990036056106
0,51,14,1397217.0,4166666.0,4.745248277236685
0,51,15,1397103.0,4166666.0,4.74560263587109
0,51,16,1318195.0,4166666.0,4.99809028801417
0,51,17,1350561.0,4166666.0,4.892744843095576
0,51,18,1337906.0,4166666.0,4.93363087413848
0,51,19,1257869.0,4166666.0,5.20153274670994
0,51,20,1293246.0,4166666.0,5.081075449875891
0,51,21,1518073.0,4166666.0,4.384960326997154
0,51,22,1537299.0,4166666.0,4.330303441244536
0,51,23,1401102.0,4166666.0,4.733189357962462
0,52,0,1396088.0,4000000.0,4.571471971741424
0,52,1,1398587.0,4000000.0,4.563705042137492
0,52,2,1305140.0,4000000.0,4.864028911737154
0,52,3,1366993.0,4000000.0,4.662937006585724
0,52,4,1393185.0,4000000.0,4.580512014334504
0,52,5,1396920.0,4000000.0,4.568884560465615
0,52,6,1379407.0,4000000.0,4.623675657793896
0,52,7,2071622.0,4000000.0,2.857494768813776
0,52,8,1367171.0,4000000.0,4.662371536351401
0,52,9,1488632.0,4000000.0,4.292726408706528
0,52,10,1390754.0,4000000.0,4.588096736225716
0,52,11,1304344.0,4000000.0,4.866678465582416
0,52,12,1389946.0,4000000.0,4.590620632735616
0,52,13,1377185.0,4000000.0,4.630677075107673
0,52,14,1321006.0,4000000.0,4.811552011464604
0,52,15,1261769.0,4000000.0,5.010801381694918
0,52,16,1268028.0,4000000.0,4.9893114778916186
0,52,17,1286398.0,4000000.0,4.926846351331938
0,52,18,1335134.0,4000000.0,4.765351357096908
0,52,19,1399059.0,4000000.0,4.5622396172952975
0,52,20,1359634.0,4000000.0,4.686379749964061
0,52,21,1471840.0,4000000.0,4.341993898141535
0,52,22,1322900.0,4000000.0,4.8053297487258355
0,52,23,1451541.0,4000000.0,4.402306839730278
0,52,24,1395071.0,4000000.0,4.574636804039703
0,53,0,1366198.0,4166666.0,4.842750435729427
0,53,1,1394989.0,4166666.0,4.752179057494586
0,53,2,2317288.0,4166666.0,2.548086761429349
0,53,3,1607695.0,4166666.0,4.135850277102532
0,53,4,1389640.0,4166666.0,4.768863822617288
0,53,5,1372042.0,4166666.0,4.824212829049872
0,53,6,1634810.0,4166666.0,4.063214032095156
0,53,7,1406793.0,4166666.0,4.715584901379819
0,53,8,1320599.0,4166666.0,4.990177247258928
0,53,9,1318827.0,4166666.0,4.996008590418791
0,53,10,1311026.0,4166666.0,5.021773841862734
0,53,11,1436121.0,4166666.0,4.625976559851916
0,53,12,1357156.0,4166666.0,4.87158917747852
0,53,13,1297248.0,4166666.0,5.0676567899656
0,53,14,1390005.0,4166666.0,4.767723263396194
0,53,15,1330924.0,4166666.0,4.956354322168978
0,53,16,1380782.0,4166666.0,4.796635718956842
0,53,17,1436520.0,4166666.0,4.624770119510822
0,53,18,1610160.0,4166666.0,4.12919655213796
0,53,19,1388796.0,4166666.0,4.7715023181881815
0,53,20,5780839.0,4166666.0,-1.422021853679532
0,53,21,1472001.0,4166666.0,4.518805837628793
0,53,22,1647202.0,4166666.0,4.030418278792295
0,53,23,1484992.0,4166666.0,4.480645747879148
0,54,0,1483963.0,4761904.0,5.063575630678592
0,54,1,1438602.0,4761904.0,5.198399760408277
0,54,2,2050462.0,4761904.0,3.659289106037517
0,54,3,1470062.0,4761904.0,5.1044498423482185
0,54,4,1381834.0,4761904.0,5.373247614919282
0,54,5,1374453.0,4761904.0,5.3965074222852945
0,54,6,1431019.0,4761904.0,5.221352357435865
0,54,7,1370317.0,4761904.0,5.4095959020974185
0,54,8,1403108.0,4761904.0,5.306895349581106
0,54,9,1355527.0,4761904.0,5.456724633023437
0,54,10,1431250.0,4761904.0,5.220651360949948
0,54,11,1521706.0,4761904.0,4.954498827604953
0,54,12,1407902.0,4761904.0,5.292082099078516
0,54,13,1991098.0,4761904.0,3.786879996532029
0,54,14,1414029.0,4761904.0,5.273223193797287
0,54,15,1489978.0,4761904.0,5.046007798157706
0,54,16,1314455.0,4761904.0,5.590349130324386
0,54,17,1228322.0,4761904.0,5.884684053810279
0,54,18,1209571.0,4761904.0,5.951492698994011
0,54,19,1243432.0,4761904.0,5.831585959375943
0,54,20,1217530.0,4761904.0,5.923009647227254
0,55,0,1238644.0,5555555.0,6.517809481997958
0,55,1,1324051.0,5555555.0,6.228227378197544
0,55,2,1225828.0,5555555.0,6.562979143119683
0,55,3,1229495.0,5555555.0,6.550006845387662
0,55,4,1737256.0,5555555.0,5.048636311805749
0,55,5,1260698.0,5555555.0,6.4411638760755725
0,55,6,1222158.0,5555555.0,6.576000965488715
0,55,7,1343257.0,5555555.0,6.165683390190287
0,55,8,1232424.0,5555555.0,6.539673043685296
0,55,9,1234301.0,5555555.0,6.533063706204519
0,55,10,1235521.0,5555555.0,6.528773200159828
0,55,11,1231537.0,5555555.0,6.5427998725765715
0,55,12,1271656.0,5555555.0,6.403578067483544
0,55,13,1315268.0,5555555.0,6.2571319745333485
0,55,14,1243541.0,5555555.0,6.5006734277788025
0,55,15,1231827.0,5555555.0,6.541777324546042
0,55,16,1334409.0,5555555.0,6.194384890390206
0,55,17,1557198.0,5555555.0,5.5238361421043445
0,56,0,1243049.0,6250000.0,7.013917688229623
0,56,1,1331533.0,6250000.0,6.715280831141347
0,56,2,1206420.0,6250000.0,7.143814890358495
0,56,3,1211915.0,6250000.0,7.1240785652823435
0,56,4,1229103.0,6250000.0,7.062917386420981
0,56,5,1218632.0,6250000.0,7.100074392876506
0,56,6,1232707.0,6250000.0,7.050201551884994
0,56,7,1214518.0,6250000.0,7.114760616094759
0,56,8,1222302.0,6250000.0,7.087014949650236
0,56,9,1208956.0,6250000.0,7.134695223600074
0,56,10,1213949.0,6250000.0,7.116795756491766
0,56,11,1765233.0,6250000.0,5.490779796113289
0,56,12,1284240.0,6250000.0,6.872338246582145
0,56,13,1338444.0,6250000.0,6.692798121608769
0,56,14,1237480.0,6250000.0,7.033418286959056
0,56,15,1225858.0,6250000.0,7.074398517196911
0,57,0,1225633.0,6666666.0,7.355482517497068
0,57,1,1216746.0,6666666.0,7.387087703213569
0,57,2,1320015.0,6666666.0,7.033298311724919
0,57,3,1421137.0,6666666.0,6.712727508498489
0,57,4,1253744.0,6666666.0,7.25699829869745
0,57,5,1226305.0,6666666.0,7.353101985043587
0,57,6,1265979.0,6666666.0,7.214821958301847
0,57,7,1218054.0,6666666.0,7.382421552096634
0,57,8,1456037.0,6666666.0,6.607362863485219
0,57,9,1426577.0,6666666.0,6.696134796902946
0,57,10,1261264.0,6666666.0,7.2310269758486525
0,57,11,1223604.0,6666666.0,7.36267809477572
0,57,12,1203767.0,6666666.0,7.433662640871086
0,57,13,1237785.0,6666666.0,7.312634820896458
0,57,14,1224447.0,6666666.0,7.35968706017133
0,58,0,1235555.0,6250000.0,7.040179348137011
0,58,1,1278696.0,6250000.0,6.891127107194276
0,58,2,1216373.0,6250000.0,7.108132458597739
0,58,3,1223067.0,6250000.0,7.084297688660223
0,58,4,1235876.0,6250000.0,7.039051187735408
0,58,5,1532721.0,6250000.0,6.104169095789724
0,58,6,1237787.0,6250000.0,7.03234100190958
0,58,7,1231483.0,6250000.0,7.05451596343254
0,58,8,1223152.0,6250000.0,7.083995875691094
0,58,9,1298861.0,6250000.0,6.823173406074665
0,58,10,1409873.0,6250000.0,6.467000237548653
0,58,11,1257167.0,6250000.0,6.964870448601311
0,58,12,1225615.0,6250000.0,7.075259497998641
0,58,13,1233154.0,6250000.0,7.048627013534801
0,58,14,1216848.0,6250000.0,7.106436847048073
0,58,15,1219137.0,6250000.0,7.0982750532631265
0,59,0,1254038.0,5263157.0,6.229356284829563
0,59,1,1294213.0,5263157.0,6.092405673449543
0,59,2,1364170.0,5263157.0,5.863778306580366
0,59,3,1414759.0,5263157.0,5.705638598333423
0,59,4,1302169.0,5263157.0,6.06578973085961
0,59,5,1268938.0,5263157.0,6.178059221260801
0,59,6,1243241.0,5263157.0,6.266910012215351
0,59,7,1216563.0,5263157.0,6.361117213264174
0,59,8,1224667.0,5263157.0,6.332283097594573
0,59,9,1403223.0,5263157.0,5.741196306865706
0,59,10,1225459.0,5263157.0,6.329475395120108
0,59,11,1219707.0,5263157.0,6.349908089406076
0,59,12,1228966.0,5263157.0,6.317064571529739
0,59,13,1232040.0,5263157.0,6.306215171474033
0,59,14,1792570.0,5263157.0,4.677702013123266
0,59,15,1326731.0,5263157.0,5.984634483648909
0,59,16,1273101.0,5263157.0,6.163834659446835
0,59,17,1257175.0,5263157.0,6.218505891028689
0,59,18,1283464.0,5263157.0,6.128626336047436
0,60,0,1362176.0,4545454.0,5.233440428258809
0,60,1,1238894.0,4545454.0,5.645431174131177
0,60,2,1260831.0,4545454.0,5.56920388805116
0,60,3,1278097.0,4545454.0,5.510134516077352
0,60,4,1301270.0,4545454.0,5.432098495598923
0,60,5,1368311.0,4545454.0,5.213924487475449
0,60,6,1360774.0,4545454.0,5.237912643447732
0,60,7,1312352.0,4545454.0,5.3952692961875375
0,60,8,1544483.0,4545454.0,4.687941346430632
0,60,9,1399044.0,4545454.0,5.117458937738332
0,60,10,1397836.0,4545454.0,5.121210459196255
0,60,11,1345041.0,4545454.0,5.288417442092529
0,60,12,1386938.0,4545454.0,5.155202197308467
0,60,13,1412799.0,4545454.0,5.074968882288998
0,60,14,1372569.0,4545454.0,5.200430811053326
0,60,15,1329960.0,4545454.0,5.337386877799618
0,60,16,1397471.0,4545454.0,5.122344627906852
0,60,17,1346421.0,4545454.0,5.283963903922223
0,60,18,1320217.0,4545454.0,5.3693194634370665
0,60,19,1484549.0,4545454.0,4.859827302847097
0,60,20,1451809.0,4545454.0,4.956677827247358
0,60,21,1507665.0,4545454.0,4.792724141320644
0,61,0,1376174.0,4166666.0,4.811153403215584
0,61,1,1300676.0,4166666.0,5.056195620601117
0,61,2,1292456.0,4166666.0,5.083729217799489
0,61,3,1386424.0,4166666.0,4.778926210794342
0,61,4,1310484.0,4166666.0,5.023569658873125
0,61,5,1401996.0,4166666.0,4.730419142436741
0,61,6,1314694.0,4166666.0,5.0096400789645745
0,61,7,1253096.0,4166666.0,5.218043451230078
0,61,8,1374351.0,4166666.0,4.816910260226071
0,61,9,1604484.0,4166666.0,4.1445329815588545
0,61,10,1344089.0,4166666.0,4.913606619516444
0,61,11,1324003.0,4166666.0,4.978997196477641
0,61,12,1344247.0,4166666.0,4.91309612880234
0,61,13,1288110.0,4166666.0,5.098357369939723
0,61,14,1385011.0,4166666.0,4.78335466144248
0,61,15,1365139.0,4166666.0,4.846118148167562
0,61,16,1252726.0,4166666.0,5.219325976161793
0,61,17,1408041.0,4166666.0,4.711733878200979
0,61,18,1376844.0,4166666.0,4.809039524493251
0,61,19,1489858.0,4166666.0,4.466438114999005
0,61,20,1369128.0,4166666.0,4.833446365072683
0,61,21,1688655.0,4166666.0,3.9224775853213196
0,61,22,1321694.0,4166666.0,4.986577703340767
0,61,23,1361617.0,4166666.0,4.857337237927628
0,62,0,1383397.0,4000000.0,4.611131617843883
0,62,1,1305138.0,4000000.0,4.86403556688242
0,62,2,1362329.0,4000000.0,4.677779897495973
0,62,3,1262609.0,4000000.0,5.0079111063220285
0,62,4,1341774.0,4000000.0,4.743806191748535
0,62,5,1368539.0,4000000.0,4.65802813079479
0,62,6,1299720.0,4000000.0,4.882101894460968
0,62,7,1275147.0,4000000.0,4.964997378451569
0,62,8,1392307.0,4000000.0,4.583249847132008
0,62,9,1621329.0,4000000.0,3.9218884052221634
0,62,10,1308289.0,4000000.0,4.85356301436352
0,62,11,1368769.0,4000000.0,4.657298306229394
0,62,12,1455561.0,4000000.0,4.390295806542853
0,62,13,1300159.0,4000000.0,4.880635247133401
0,62,14,1301686.0,4000000.0,4.875537574135916
0,62,15,1383316.0,4000000.0,4.611385911318083
0,62,16,1319199.0,4000000.0,4.817496779021174
0,62,17,1356091.0,4000000.0,4.697711576436664
0,62,18,1382287.0,4000000.0,4.614617676994504
0,62,19,1323551.0,4000000.0,4.803193108270964
0,62,20,1427412.0,4000000.0,4.475106478548762
0,62,21,1408279.0,4000000.0,4.533712881148416
0,62,22,1674806.0,4000000.0,3.7809548324405506
0,62,23,1414374.0,4000000.0,4.514957270867886
0,62,24,1635535.0,4000000.0,3.8840014898483153
0,63,0,1393843.0,4166666.0,4.755748304435778
0,63,1,1410118.0,4166666.0,4.705332324546739
0,63,2,1307952.0,4166666.0,5.031968825176395
0,63,3,1238686.0,4166666.0,5.268274597054182
0,63,4,1421921.0,4166666.0,4.6691322054897295
0,63,5,1316920.0,4166666.0,5.002292954748925
0,63,6,1257948.0,4166666.0,5.201259998222419
0,63,7,1708682.0,4166666.0,3.871274443928548
0,63,8,1397278.0,4166666.0,4.745058676157418
0,63,9,1402707.0,4166666.0,4.728217245243008
0,63,10,1366821.0,4166666.0,4.840770460713432
0,63,11,1301751.0,4166666.0,5.052607688300998
0,63,12,1463683.0,4166666.0,4.543416600692725
0,63,13,1282232.0,4166666.0,5.118220776558324
0,63,14,1352522.0,4166666.0,4.88644350770616
0,63,15,1414347.0,4166666.0,4.692327151981716
0,63,16,1367829.0,4166666.0,4.837568816206202
0,63,17,1284383.0,4166666.0,5.1109414015894945
0,63,18,1867372.0,4166666.0,3.4855784623825397
0,63,19,1315502.0,4166666.0,5.0069717610717905
0,63,20,1504432.0,4166666.0,4.42416126297907
0,63,21,1328650.0,4166666.0,4.963780969387755
0,63,22,1299448.0,4166666.0,5.060297837752526
0,63,23,1395367.0,4166666.0,4.7510024096749985
0,64,0,1306132.0,4761904.0,5.617935660567971
0,64,1,1346147.0,4761904.0,5.486881481027677
0,64,2,1359750.0,4761904.0,5.443215682917494
0,64,3,1375280.0,4761904.0,5.393895084670238
0,64,4,1356229.0,4761904.0,5.4544760919813475
0,64,5,1393001.0,4761904.0,5.338292075859163
0,64,6,1882859.0,4761904.0,4.029628371721373
0,64,7,1411827.0,4761904.0,5.279991526243886
0,64,8,1311005.0,4761904.0,5.601762877438939
0,64,9,1341119.0,4761904.0,5.503133204550244
0,64,10,1270962.0,4761904.0,5.736480698331491
0,64,11,1365721.0,4761904.0,5.424186483925882
0,64,12,1291467.0,4761904.0,5.666973223668004
0,64,13,1443852.0,4761904.0,5.182579570034042
0,64,14,1319399.0,4761904.0,5.574044851952383
0,64,15,1238898.0,4761904.0,5.8474508393127245
0,64,16,1353552.0,4761904.0,5.463056908706177
0,64,17,1301117.0,4761904.0,5.634642845135157
0,64,18,1741606.0,4761904.0,4.368307235571266
0,64,19,1492382.0,4761904.0,5.0390063351510985
0,64,20,1321226.0,4761904.0,5.568035243279843
0,65,0,1277565.0,5555555.0,6.383444460474287
0,65,1,1301144.0,5555555.0,6.3040208807656715
0,65,2,1366837.0,5555555.0,6.090107249179711
0,65,3,1321665.0,5555555.0,6.236060621937573
0,65,4,1454138.0,5555555.0,5.821218277540172
0,65,5,1259060.0,5555555.0,6.446810247366482
0,65,6,1334321.0,5555555.0,6.194671303136504
0,65,7,1349330.0,5555555.0,6.146092752183509
0,65,8,1659811.0,5555555.0,5.2466881302366755
0,65,9,1420452.0,5555555.0,5.923008888657647
0,65,10,1496837.0,5555555.0,5.69552941608356
0,65,11,1347143.0,5555555.0,6.153137526896165
0,65,12,1408294.0,5555555.0,5.960341224785944
0,65,13,1370787.0,5555555.0,6.077574743664291
0,65,14,1279461.0,5555555.0,6.3770039902671405
0,65,15,1349176.0,5555555.0,6.146588443875769
0,65,16,1656578.0,5555555.0,5.255155620056341
0,65,17,1433329.0,5555555.0,5.883815635926216
0,66,0,1370077.0,6250000.0,6.591350416216937
0,66,1,1321067.0,6250000.0,6.749551732402169
0,66,2,1647708.0,6250000.0,5.7899976703684795
0,66,3,1339051.0,6250000.0,6.690828991843587
0,66,4,1351549.0,6250000.0,6.6504822180888645
0,66,5,1416493.0,6250000.0,6.44665584671089
0,66,6,1358158.0,6250000.0,6.629297212312192
0,66,7,1327443.0,6250000.0,6.728641356635948
0,66,8,1376501.0,6250000.0,6.571034861084972
0,66,9,1248978.0,6250000.0,6.993252287399554
0,66,10,1262743.0,6250000.0,6.945650476590344
0,66,11,1334698.0,6250000.0,6.704970076515347
0,66,12,1253068.0,6250000.0,6.979053779353598
0,66,13,1295592.0,6250000.0,6.834117596720226
0,66,14,1645334.0,6250000.0,5.796259450683766
0,66,15,1384608.0,6250000.0,6.545531807910194
0,67,0,1367955.0,6666666.0,6.878368863684374
0,67,1,1469827.0,6666666.0,6.566424766216613
0,67,2,1345824.0,6666666.0,6.949204287313242
0,67,3,1370544.0,6666666.0,6.870157148079298
0,67,4,1313578.0,6666666.0,7.054528313072642
0,67,5,1238396.0,6666666.0,7.31049156938271
0,67,6,1444927.0,6666666.0,6.640627911129736
0,67,7,1293662.0,6666666.0,7.120878761355139
0,67,8,1325879.0,6666666.0,7.014048054446681
0,67,9,1711340.0,6666666.0,5.905723960656976
0,67,10,1423512.0,6666666.0,6.705475649768776
0,67,11,1265844.0,6666666.0,7.215285100907885
0,67,12,1374525.0,6666666.0,6.857560542714963
0,67,13,1341802.0,6666666.0,6.962202626443305
0,67,14,1381979.0,6666666.0,6.834072537917488
0,68,0,1316236.0,6250000.0,6.7654625245163915
0,68,1,1287317.0,6250000.0,6.861945128649538
0,68,2,1400659.0,6250000.0,6.495476011476404
0,68,3,4462264.0,6250000.0,1.4632475656175659
0,68,4,2068148.0,6250000.0,4.802984029978789
0,68,5,1406235.0,6250000.0,6.478221143878178
0,68,6,1295340.0,6250000.0,6.834962406308318
0,68,7,1262136.0,6250000.0,6.947738630165973
0,68,8,1357170.0,6250000.0,6.63245766266704
0,68,9,1293149.0,6250000.0,6.842314490378189
0,68,10,1355841.0,6250000.0,6.63671254709336
0,68,11,1397834.0,6250000.0,6.504244175828585
0,68,12,1396787.0,6250000.0,6.50749832974661
0,68,13,1349494.0,6250000.0,6.657090593686826
0,68,14,1343097.0,6250000.0,6.677726382989685
0,68,15,1708367.0,6250000.0,5.632988436412219
0,69,0,1357296.0,5263157.0,5.885717560036716
0,69,1,1520563.0,5263157.0,5.392419066655605
0,69,2,1292014.0,5263157.0,6.099791056061761
0,69,3,1341978.0,5263157.0,5.935009290241579
0,69,4,1368266.0,5263157.0,5.850757898927245
0,69,5,1341700.0,5263157.0,5.935909054418959
0,69,6,1453693.0,5263157.0,5.587736260417575
0,69,7,1295259.0,5263157.0,6.088897065881833
0,69,8,1370584.0,5263157.0,5.843406675972981
0,69,9,1373355.0,5263157.0,5.83463512224348
0,69,10,1371765.0,5263157.0,5.839666073920977
0,69,11,1580312.0,5263157.0,5.2250348731227145
0,69,12,1431737.0,5263157.0,5.65383076755568
0,69,13,1371821.0,5263157.0,5.839488784118579
0,69,14,1274874.0,5263157.0,6.157790610814539
0,69,15,1388801.0,5263157.0,5.786063046727582
0,69,16,1301996.0,5263157.0,6.066366752250189
0,69,17,1433084.0,5263157.0,5.649746779688842
0,69,18,1338032.0,5263157.0,5.947798251954359
0,70,0,1386262.0,4545454.0,5.157319484742345
0,70,1,1440072.0,4545454.0,4.9919306078595795
0,70,2,1423402.0,4545454.0,5.042496953506992
0,70,3,4444890.0,4545454.0,0.09716249334202008
0,70,4,2398393.0,4545454.0,2.7765691909736208
0,70,5,1475729.0,4545454.0,4.885706552464767
0,70,6,1277995.0,4545454.0,5.510481123610865
0,70,7,1688119.0,4545454.0,4.301742091201291
0,70,8,1376129.0,4545454.0,5.189181199636833
0,70,9,1368191.0,4545454.0,5.214305377661985
0,70,10,1239775.0,4545454.0,5.642343924848041
0,70,11,1237746.0,4545454.0,5.649457355578078
0,70,12,1780386.0,4545454.0,4.070630964972678
0,70,13,1351128.0,4545454.0,5.2688077291796676
0,70,14,1284108.0,4545454.0,5.489757154234141
0,70,15,1379269.0,4545454.0,5.179282918056524
0,70,16,1292049.0,4545454.0,5.462982827949619
0,70,17,1458338.0,4545454.0,4.937190746836647
0,70,18,1389824.0,4545454.0,5.146174600949235
0,70,19,1381907.0,4545454.0,5.170984503237342
0,70,20,1290948.0,4545454.0,5.466685180321953
0,70,21,1326129.0,4545454.0,5.349914946805812
0,71,0,1369408.0,4166666.0,4.832558281400555
0,71,1,1392436.0,4166666.0,4.760134458069188
0,71,2,1514318.0,4166666.0,4.395716041633425
0,71,3,1315715.0,4166666.0,5.006268628454088
0,71,4,1273853.0,4166666.0,5.146693745949338
0,71,5,1341974.0,4166666.0,4.920445871008715
0,71,6,1299298.0,4166666.0,5.060799188576022
0,71,7,1375655.0,4166666.0,4.812791577962491
0,71,8,1362350.0,4166666.0,4.854999927211905
0,71,9,1249180.0,4166666.0,5.231636664605058
0,71,10,1346002.0,4166666.0,4.907429836025269
0,71,11,1307771.0,4166666.0,5.0325698620702095
0,71,12,1292881.0,4166666.0,5.082301356313953
0,71,13,1457232.0,4166666.0,4.562599892626653
0,71,14,1531774.0,4166666.0,4.34593995171257
0,71,15,1337950.0,4166666.0,4.933488049134404
0,71,16,1327980.0,4166666.0,4.965971543980712
0,71,17,1331853.0,4166666.0,4.953323955074341
0,71,18,1298568.0,4166666.0,5.063239922471718
0,71,19,1379542.0,4166666.0,4.800537617384599
0,71,20,1323986.0,4166666.0,4.979052959595936
0,71,21,1307228.0,4166666.0,5.034373471991764
0,71,22,1400698.0,4166666.0,4.7344418026187896
0,71,23,1362529.0,4166666.0,4.854429342518988
0,72,0,1420367.0,4000000.0,4.496594177324517
0,72,1,1532723.0,4000000.0,4.165963168658566
0,72,2,1378862.0,4000000.0,4.6253918826850695
0,72,3,1367140.0,4000000.0,4.662470011827962
0,72,4,1358553.0,4000000.0,4.689834055055563
0,72,5,1351901.0,4000000.0,4.71115102035912
0,72,6,1384621.0,4000000.0,4.607290772296658
0,72,7,1364186.0,4000000.0,4.671864030701921
0,72,8,1304171.0,4000000.0,4.867254524723186
0,72,9,1389772.0,4000000.0,4.591164337096633
0,72,10,1311065.0,4000000.0,4.84435767645857
0,72,11,1225178.0,4000000.0,5.1386080156461915
0,72,12,1394938.0,4000000.0,4.57505086124265
0,72,13,1777183.0,4000000.0,3.5232784107012622
0,72,14,1433777.0,4000000.0,4.45578381977067
0,72,15,1383466.0,4000000.0,4.610915009220633
0,72,16,1310959.0,4000000.0,4.844708819049994
0,72,17,1488345.0,4000000.0,4.293563785123561
0,72,18,1497596.0,4000000.0,4.266653199100593
0,72,19,1252782.0,4000000.0,5.04184486522167
0,72,20,1384061.0,4000000.0,4.60904760036996
0,72,21,1330465.0,4000000.0,4.780565370980511
0,72,22,1376014.0,4000000.0,4.63437138757092
0,72,23,1374198.0,4000000.0,4.640106791923465
0,72,24,1442626.0,4000000.0,4.429062362489215
0,73,0,1653401.0,4166666.0,4.014104928420753
0,73,1,1394945.0,4166666.0,4.752316042507172
0,73,2,1406042.0,4166666.0,4.717903950763514
0,73,3,1503988.0,4166666.0,4.4254431767501865
0,73,4,1330492.0,4166666.0,4.957764212376521
0,73,5,1339372.0,4166666.0,4.92887473171246
0,73,6,1460781.0,4166666.0,4.552035773301187
0,73,7,1303787.0,4166666.0,5.045820424057485
0,73,8,1236432.0,4166666.0,5.276184523229931
0,73,9,1420513.0,4166666.0,4.673434762245902
0,73,10,1341617.0,4166666.0,4.921601361029021
0,73,11,1324859.0,4166666.0,4.976190284758949
0,73,12,1831080.0,4166666.0,3.570813697319249
0,73,13,1317697.0,4166666.0,4.999731316209265
0,73,14,1385709.0,4166666.0,4.781166511396418
0,73,15,1312678.0,4166666.0,5.016304821127802
0,73,16,1380486.0,4166666.0,4.7975668213861296
0,73,17,1383442.0,4166666.0,4.788277324858197
0,73,18,1359131.0,4166666.0,4.86527370527024
0,73,19,1308138.0,4166666.0,5.031351271699488
0,73,20,1354993.0,4166666.0,4.878516371843714
0,73,21,1371855.0,4166666.0,4.824804783253995
0,73,22,1356869.0,4166666.0,4.87250768424814
0,73,23,1569788.0,4166666.0,4.239476839378613
0,74,0,1437756.0,4761904.0,5.20095447120773
0,74,1,1386642.0,4761904.0,5.358162853712781
0,74,2,1320731.0,4761904.0,5.569662641235658
0,74,3,1368705.0,4761904.0,5.414707820042269
0,74,4,1348408.0,4761904.0,5.479593152869292
0,74,5,1365057.0,4761904.0,5.426298494068538
0,74,6,1356416.0,4761904.0,5.453877317956405
0,74,7,1376463.0,4761904.0,5.390160939412169
0,74,8,1522149.0,4761904.0,4.953234690799214
0,74,9,1370100.0,4761904.0,5.410283694522951
0,74,10,1483260.0,4761904.0,5.065633507868749
0,74,11,1575775.0,4761904.0,4.802864297538455
0,74,12,1466526.0,4761904.0,5.114908687989476
0,74,13,1377389.0,4761904.0,5.387240254455974
0,74,14,1379204.0,4761904.0,5.381521277453851
0,74,15,1389214.0,4761904.0,5.350114844542919
0,74,16,1325401.0,4761904.0,5.554333418535022
0,74,17,1369006.0,4761904.0,5.413752842401608
0,74,18,1331298.0,4761904.0,5.535053562097994
0,74,19,1372426.0,4761904.0,5.402916988011389
0,74,20,1308598.0,4761904.0,5.609743835714878
0,75,0,1372756.0,5555555.0,6.071341008806229
0,75,1,1341370.0,5555555.0,6.171788624342466
0,75,2,1615213.0,5555555.0,5.36497650109704
0,75,3,1283313.0,5555555.0,6.363948577623715
0,75,4,1300790.0,5555555.0,6.305202619023001
0,75,5,1261840.0,5555555.0,6.43723161156882
0,75,6,1430037.0,5555555.0,5.893801771574617
0,75,7,1304674.0,5555555.0,6.292254437684112
0,75,8,1307524.0,5555555.0,6.282777822476978
0,75,9,1377520.0,5555555.0,6.05629538443179
0,75,10,1382682.0,5555555.0,6.040051423090068
0,75,11,1480996.0,5555555.0,5.741735659239376
0,75,12,5634282.0,5555555.0,-0.06111128487971077
0,75,13,8423099.0,5555555.0,-1.807444536883852
0,75,14,1865555.0,5555555.0,4.7391939409983195
0,75,15,1666373.0,5555555.0,5.229552312810394
0,75,16,2268197.0,5555555.0,3.8904667977484735
0,75,17,2202703.0,5555555.0,4.017715081778328
0,76,0,2188569.0,6250000.0,4.557197739814786
0,76,1,2749936.0,6250000.0,3.5655743084845906
0,76,2,1812856.0,6250000.0,5.37516709050621
0,76,3,1833058.0,6250000.0,5.3270381060256735
0,76,4,1817628.0,6250000.0,5.363750130887719
0,76,5,2766969.0,6250000.0,3.538757238353446
0,76,6,2508921.0,6250000.0,3.9639303072226006
0,76,7,1830220.0,6250000.0,5.333767204861322
0,76,8,1928936.0,6250000.0,5.105621988800446
0,76,9,1965979.0,6250000.0,5.023011428270171
0,76,10,1996537.0,6250000.0,4.956026543554496
0,76,11,2184619.0,6250000.0,4.565043108776855
0,76,12,1644618.0,6250000.0,5.798149781326596
0,76,13,2490118.0,6250000.0,3.996600897123459
0,76,14,1856065.0,6250000.0,5.272868360608973
0,76,15,1542084.0,6250000.0,6.077719862083347
0,77,0,1335149.0,6666666.0,6.983789627004753
0,77,1,1242194.0,6666666.0,7.297192703135837
0,77,2,1395613.0,6666666.0,6.791436913088944
0,77,3,1360180.0,6666666.0,6.903123127961322
0,77,4,1318395.0,6666666.0,7.038631502162325
0,77,5,1362264.0,6666666.0,6.896474176672932
0,77,6,1404498.0,6666666.0,6.763875724105803
0,77,7,1395963.0,6666666.0,6.790347900506356
0,77,8,1915530.0,6666666.0,5.416197394560531
0,77,9,1507618.0,6666666.0,6.456173835064657
0,77,10,1431848.0,6666666.0,6.680117802867242
0,77,11,1327855.0,6666666.0,7.007580442735462
0,77,12,1249376.0,6666666.0,7.272155384434251
0,77,13,1409553.0,6666666.0,6.7482728727901184
0,77,14,1386940.0,6666666.0,6.818510239199849
0,78,0,1299587.0,5882352.0,6.557456507649075
0,78,1,1687185.0,5882352.0,5.423883035021461
0,78,2,4969333.0,5882352.0,0.7325290890410425
0,78,3,1497210.0,5882352.0,5.942682899906993
0,78,4,1398388.0,5882352.0,6.239233206435774
0,78,5,1304059.0,5882352.0,6.542537683562021
0,78,6,1363124.0,5882352.0,6.350156448140406
0,78,7,1388405.0,5882352.0,6.270348401273786
0,78,8,1322699.0,5882352.0,6.480899839281103
0,78,9,1397078.0,5882352.0,6.243303553297005
0,78,10,1340525.0,5882352.0,6.422760914044367
0,78,11,1267012.0,5882352.0,6.667702809843087
0,78,12,1479481.0,5882352.0,5.99441616960115
0,78,13,1372475.0,5882352.0,6.320465667308213
0,78,14,1762721.0,5882352.0,5.2336743066912925
0,78,15,1378855.0,5882352.0,6.300324108418977
0,78,16,1364413.0,5882352.0,6.346051604621518
0,79,0,1347589.0,5263157.0,5.916888679204857
0,79,1,1310963.0,5263157.0,6.036558906762091
0,79,2,1225436.0,5263157.0,6.329556906348326
0,79,3,1427781.0,5263157.0,5.665847268703779
0,79,4,1248239.0,5263157.0,6.249485776562686
0,79,5,1316926.0,5263157.0,6.016849532124783
0,79,6,1411787.0,5263157.0,5.714771467042282
0,79,7,1284332.0,5263157.0,6.125690217877221
0,79,8,1558534.0,5263157.0,5.285300442049369
0,79,9,1481028.0,5263157.0,5.506830559392819
0,79,10,1294674.0,5263157.0,6.090858987493196
0,79,11,1287156.0,5263157.0,6.116151397474856
0,79,12,1359304.0,5263157.0,5.8792973032563225
0,79,13,1333294.0,5263157.0,5.963204004849951
0,79,14,1233698.0,5263157.0,6.300374645355533
0,79,15,1366222.0,5263157.0,5.857250508047061
0,79,16,1390593.0,5263157.0,5.780462863238593
0,79,17,1297648.0,5263157.0,6.080894234998545
0,79,18,1323938.0,5263157.0,5.993786776423842
0,80,0,1339635.0,4545454.0,5.305907814431311
0,80,1,2014488.0,4545454.0,3.5341258235682265
0,80,2,1357500.0,4545454.0,5.2483742880156825
0,80,3,1346083.0,4545454.0,5.285054275826253
0,80,4,1389474.0,4545454.0,5.147268424421706
0,80,5,1361655.0,4545454.0,5.235101819349746
0,80,6,1368893.0,4545454.0,5.212077643818369
0,80,7,1394205.0,4545454.0,5.132506311605187
0,80,8,1218480.0,4545454.0,5.717588619462417
0,80,9,1233198.0,4545454.0,5.665444553460199
0,80,10,1342817.0,4545454.0,5.295604363039802
0,80,11,1372212.0,4545454.0,5.2015605414829205
0,80,12,1330961.0,4545454.0,5.3341193715723225
0,80,13,1942254.0,4545454.0,3.6927124252800922
0,80,14,1403307.0,4545454.0,5.1042457549181
0,80,15,1372520.0,4545454.0,5.200585854693918
0,80,16,1363209.0,4545454.0,5.230148223881887
0,80,17,1335514.0,4545454.0,5.319288220349916
0,80,18,1497258.0,4545454.0,4.822806248209346
0,80,19,1340134.0,4545454.0,5.304290414207825
0,80,20,1308942.0,4545454.0,5.4065686393263945
0,80,21,1373838.0,4545454.0,5.19641742384046
0,81,0,1363418.0,4000000.0,4.674309680223743
0,81,1,1330417.0,4000000.0,4.780722056884912
0,81,2,1754782.0,4000000.0,3.578368204279519
0,81,3,1342829.0,4000000.0,4.740392795413998
0,81,4,1385143.0,4000000.0,4.60565379728913
0,81,5,1438161.0,4000000.0,4.442524839336431
0,81,6,1340173.0,4000000.0,4.7489912722003025
0,81,7,1401789.0,4000000.0,4.553773436259673
0,81,8,1401588.0,4000000.0,4.554396207945481
0,81,9,2015060.0,4000000.0,2.9777200919774898
0,81,10,1435449.0,4000000.0,4.4507222424955675
0,81,11,1399929.0,4000000.0,4.5595398114267205
0,81,12,1434719.0,4000000.0,4.452931416165023
0,81,13,1569860.0,4000000.0,4.061990675419836
0,81,14,1415250.0,4000000.0,4.51226827771331
0,81,15,1282302.0,4000000.0,4.940696716929962
0,81,16,1226975.0,4000000.0,5.1322427739693035
0,81,17,1249014.0,4000000.0,5.054926849885178
0,81,18,1422139.0,4000000.0,4.491179448760197
0,81,19,1366340.0,4000000.0,4.6650120870978915
0,81,20,1304379.0,4000000.0,4.866561931118101
0,81,21,1256127.0,4000000.0,5.0302644061239
0,81,22,1253218.0,4000000.0,5.040333672915043
0,81,23,1263020.0,4000000.0,5.0064976363813685
0,81,24,1387952.0,4000000.0,4.596855442981692
0,82,0,1515288.0,4000000.0,4.215648073848163
0,82,1,1442027.0,4000000.0,4.430865992932107
0,82,2,1353881.0,4000000.0,4.704794978167576
0,82,3,1311317.0,4000000.0,4.843522998598696
0,82,4,1376173.0,4000000.0,4.633869584294475
0,82,5,1290468.0,4000000.0,4.913127516040051
0,82,6,1354395.0,4000000.0,4.70314649502643
0,82,7,1451952.0,4000000.0,4.4010773204357285
0,82,8,1404718.0,4000000.0,4.544708438386288
0,82,9,1365901.0,4000000.0,4.666407683454114
0,82,10,1425097.0,4000000.0,4.482155654879749
0,82,11,1419760.0,4000000.0,4.498450550328464
0,82,12,1620237.0,4000000.0,3.924814457581907
0,82,13,1375834.0,4000000.0,4.634939536733621
0,82,14,1320015.0,4000000.0,4.814811249855859
0,82,15,1399418.0,4000000.0,4.561125356074937
0,82,16,1342198.0,4000000.0,4.742434039864246
0,82,17,1309292.0,4000000.0,4.850234770563859
0,82,18,1367653.0,4000000.0,4.660840688717734
0,82,19,1278062.0,4000000.0,4.9550806895725685
0,82,20,1373742.0,4000000.0,4.641548150072229
0,82,21,1400672.0,4000000.0,4.557235443131311
0,82,22,1309173.0,4000000.0,4.850629513616617
0,82,23,1757828.0,4000000.0,3.5708361336912056
0,82,24,1406660.0,4000000.0,4.538708533585151
0,83,0,1308067.0,4166666.0,5.0315869941159095
0,83,1,1330295.0,4166666.0,4.958407300403419
0,83,2,1342040.0,4166666.0,4.920232284672642
0,83,3,1359214.0,4166666.0,4.86500849653471
0,83,4,1472616.0,4166666.0,4.516991740173987
0,83,5,1381068.0,4166666.0,4.795736262271878
0,83,6,1309164.0,4166666.0,5.02794634432575
0,83,7,1361240.0,4166666.0,4.858539864585758
0,83,8,1344295.0,4166666.0,4.912941054898836
0,83,9,1354045.0,4166666.0,4.881555909758281
0,83,10,1855059.0,4166666.0,3.5143096193001617
0,83,11,1402644.0,4166666.0,4.728412304986794
0,83,12,1266947.0,4166666.0,5.170302413124474
0,83,13,1306282.0,4166666.0,5.037517463006326
0,83,14,1355587.0,4166666.0,4.876612934746267
0,83,15,1296786.0,4166666.0,5.06920375544686
0,83,16,1319811.0,4166666.0,4.992769451211345
0,83,17,1322772.0,4166666.0,4.983036954641982
0,83,18,1260934.0,4166666.0,5.190963335413899
0,83,19,1399259.0,4166666.0,4.7389057984193075
0,83,20,1285066.0,4166666.0,5.1086325553105745
0,83,21,1460248.0,4166666.0,4.553620687120417
0,83,22,1856704.0,4166666.0,3.5104601576319223
0,83,23,1394886.0,4166666.0,4.752499733737474
0,84,0,1382565.0,5000000.0,5.582844459305452
0,84,1,1370159.0,5000000.0,5.621990365840991
0,84,2,1286821.0,5000000.0,5.894518646723734
0,84,3,1350613.0,5000000.0,5.6843907873484545
0,84,4,1369833.0,5000000.0,5.623023799528158
0,84,5,1354383.0,5000000.0,5.672285103961908
0,84,6,1351070.0,5000000.0,5.682921535921675
0,84,7,1369859.0,5000000.0,5.622941369411709
0,84,8,1327962.0,5000000.0,5.757843565829597
0,84,9,1334873.0,5000000.0,5.735300555064844
0,84,10,1525049.0,5000000.0,5.156862064973202
0,84,11,1371900.0,5000000.0,5.616475482356744
0,84,12,1378820.0,5000000.0,5.594624300449574
0,84,13,1373313.0,5000000.0,5.612004731583514
0,84,14,1370565.0,5000000.0,5.620703672537013
0,84,15,1317718.0,5000000.0,5.7914752590485
0,84,16,1252638.0,5000000.0,6.011444220226302
0,84,17,3401569.0,5000000.0,1.672907193921242
0,84,18,1406445.0,5000000.0,5.508472508874416
0,84,19,1368673.0,5000000.0,5.626703043825147
0,85,0,1755373.0,5882352.0,5.251815950964808
0,85,1,1568636.0,5882352.0,5.740288313421196
0,85,2,1376725.0,5882352.0,6.307038102791781
0,85,3,1300840.0,5882352.0,6.553271264010712
0,85,4,1248533.0,5882352.0,6.7315098344963955
0,85,5,1255660.0,5882352.0,6.70678949441467
0,85,6,1327492.0,5882352.0,6.465190966061996
0,85,7,1297880.0,5882352.0,6.563164690177156
0,85,8,1369018.0,5882352.0,6.331418508112177
0,85,9,1310876.0,5882352.0,6.519893968211152
0,85,10,1311002.0,5882352.0,6.519476549057691
0,85,11,1708683.0,5882352.0,5.368895105569766
0,85,12,1360097.0,5882352.0,6.359811264537179
0,85,13,1345987.0,5882352.0,6.405101437901292
0,85,14,1366789.0,5882352.0,6.338495342218997
0,85,15,1439165.0,5882352.0,6.1144042056176815
0,85,16,1374365.0,5882352.0,6.314489223828938
0,86,0,1252284.0,6666666.0,7.262058657283363
0,86,1,2413563.0,6666666.0,4.4125005804556565
0,86,2,1397301.0,6666666.0,6.7861872765107005
0,86,3,1516523.0,6666666.0,6.4305969619008705
0,86,4,1378984.0,6666666.0,6.843494703180052
0,86,5,1339882.0,6666666.0,6.9684214467646655
0,86,6,1612126.0,6666666.0,6.165097152776655
0,86,7,1401835.0,6666666.0,6.772117985822024
0,86,8,1375568.0,6666666.0,6.854266332909381
0,86,9,2.1681933E7,6666666.0,-5.121893005457156
0,86,10,5115118.0,6666666.0,1.1505304066751885
0,86,11,6049127.0,6666666.0,0.42215995001200823
0,86,12,4714523.0,6666666.0,1.5047093871242732
0,86,13,3577572.0,6666666.0,2.703203146531333
0,86,14,2785679.0,6666666.0,3.78977627264885
0,87,0,3127080.0,6666666.0,3.2876970558625347
0,87,1,2113770.0,6666666.0,4.9885096769627495
0,87,2,2159991.0,6666666.0,4.894567559280486
0,87,3,1924900.0,6666666.0,5.395005250086696
0,87,4,1644931.0,6666666.0,6.07761012218384
0,87,5,1644066.0,6666666.0,6.079894494808733
0,87,6,1408504.0,6666666.0,6.751506128416662
0,87,7,1417324.0,6666666.0,6.72439556281092
0,87,8,1399243.0,6666666.0,6.780155545778572
0,87,9,1823457.0,6666666.0,5.630131710950705
0,87,10,1329335.0,6666666.0,7.002742580936468
0,87,11,1278573.0,6666666.0,7.171831684437871
0,87,12,1298810.0,6666666.0,7.103630737603963
0,87,13,1385600.0,6666666.0,6.82270822841597
0,87,14,1211555.0,6666666.0,7.405655632721935
0,88,0,1210005.0,5882352.0,6.8676384421656405
0,88,1,1245898.0,5882352.0,6.740685204634712
0,88,2,1219926.0,5882352.0,6.832175217109789
0,88,3,1220788.0,5882352.0,6.829107574944704
0,88,4,1281422.0,5882352.0,6.618588332616681
0,88,5,1218908.0,5882352.0,6.835800816951799
0,88,6,1370830.0,5882352.0,6.325674089327334
0,88,7,1543414.0,5882352.0,5.81068573804334
0,88,8,1242991.0,5882352.0,6.750830250339784
0,88,9,1281858.0,5882352.0,6.6171109099711956
0,88,10,1300257.0,5882352.0,6.555218086349052
0,88,11,1230816.0,5882352.0,6.793578759087557
0,88,12,1220997.0,5882352.0,6.828364122536409
0,88,13,1436632.0,5882352.0,6.122054733155901
0,88,14,1267570.0,5882352.0,6.6657905708639
0,88,15,1232198.0,5882352.0,6.78870509586861
0,88,16,1227725.0,5882352.0,6.804499097213838
0,89,0,1254167.0,5000000.0,6.00614635026692
0,89,1,1245831.0,5000000.0,6.035108711183042
0,89,2,1723653.0,5000000.0,4.625201647460654
0,89,3,1474018.0,5000000.0,5.304672173849376
0,89,4,1436540.0,5000000.0,5.416522810477893
0,89,5,1351641.0,5000000.0,5.6810864736241795
0,89,6,1435188.0,5000000.0,5.420612098759479
0,89,7,1297244.0,5000000.0,5.859483336589113
0,89,8,1410552.0,5000000.0,5.495809032832818
0,89,9,1436991.0,5000000.0,5.415159562175045
0,89,10,1437333.0,5000000.0,5.414126075946548
0,89,11,1377548.0,5000000.0,5.5986326376541555
0,89,12,1394437.0,5000000.0,5.545711065087218
0,89,13,1984729.0,5000000.0,4.0126878887383075
0,89,14,1274605.0,5000000.0,5.935943865454195
0,89,15,1243571.0,5000000.0,6.042994185676517
0,89,16,1215523.0,5000000.0,6.142068234038219
0,89,17,1213965.0,5000000.0,6.147638386231273
0,89,18,1254203.0,5000000.0,6.006021690815965
0,89,19,1243207.0,5000000.0,6.044265575342517
0,90,0,1278360.0,4347826.0,5.316189822276146
0,90,1,1236951.0,4347826.0,5.459196592657025
0,90,2,1220694.0,4347826.0,5.516653453785181
0,90,3,1293593.0,4347826.0,5.264744984828964
0,90,4,1441757.0,4347826.0,4.793800866274939
0,90,5,1677653.0,4347826.0,4.135700174982943
0,90,6,1311498.0,4347826.0,5.205045226573171
0,90,7,1289823.0,4347826.0,5.277420383286074
0,90,8,1239962.0,4347826.0,5.448637793626605
0,90,9,1205303.0,4347826.0,5.571759177745661
0,90,10,1314024.0,4347826.0,5.196688578258916
0,90,11,1210154.0,4347826.0,5.554315146540439
0,90,12,1245450.0,4347826.0,5.429458583175854
0,90,13,1269551.0,4347826.0,5.346220033961979
0,90,14,1233088.0,4347826.0,5.47278083931399
0,90,15,1214405.0,4347826.0,5.5390860864568925
0,90,16,1297918.0,4347826.0,5.2502489986795
0,90,17,1233009.0,4347826.0,5.473059086796405
0,90,18,1765735.0,4347826.0,3.913466297092312
0,90,19,1262067.0,4347826.0,5.371897441618482
0,90,20,1225151.0,4347826.0,5.50082536452844
0,90,21,1202308.0,4347826.0,5.582564184403601
0,90,22,1321453.0,4347826.0,5.172204340668799
0,91,0,1209860.0,4000000.0,5.1932487286701985
0,91,1,1348361.0,4000000.0,4.722538088330341
0,91,2,1248695.0,4000000.0,5.056036186004642
0,91,3,1224204.0,4000000.0,5.142061971359672
0,91,4,1207500.0,4000000.0,5.201728519044126
0,91,5,1307181.0,4000000.0,4.857242646052928
0,91,6,1259932.0,4000000.0,5.017128849577757
0,91,7,1550851.0,4000000.0,4.114899169097451
0,91,8,1505782.0,4000000.0,4.242978900144827
0,91,9,1790379.0,4000000.0,3.491150161101792
0,91,10,1365391.0,4000000.0,4.668029554629697
0,91,11,1341004.0,4000000.0,4.746299180435994
0,91,12,1212458.0,4000000.0,5.183932879168882
0,91,13,1203330.0,4000000.0,5.21675247175439
0,91,14,1245947.0,4000000.0,5.065604225979854
0,91,15,1210555.0,4000000.0,5.19075465494137
0,91,16,1218455.0,4000000.0,5.1625049688195634
0,91,17,1533414.0,4000000.0,4.164005673008008
0,91,18,1521128.0,4000000.0,4.198942306906543
0,91,19,1674074.0,4000000.0,3.7828533989213797
0,91,20,1417039.0,4000000.0,4.506781881858556
0,91,21,1411845.0,4000000.0,4.522729711983659
0,91,22,1528726.0,4000000.0,4.17730339369889
0,91,23,1398149.0,4000000.0,4.565065349185628
0,91,24,1410729.0,4000000.0,4.526163972109771
0,92,0,1427670.0,4000000.0,4.474321576562507
0,92,1,1419102.0,4000000.0,4.500463792072583
0,92,2,1513167.0,4000000.0,4.221731299431658
0,92,3,1402166.0,4000000.0,4.5526055928337685
0,92,4,1444624.0,4000000.0,4.423051656707916
0,92,5,1631583.0,4000000.0,3.894508197164033
0,92,6,1406871.0,4000000.0,4.538057137628588
0,92,7,1330947.0,4000000.0,4.778992296668335
0,92,8,1507764.0,4000000.0,4.23726621623527
0,92,9,1380738.0,4000000.0,4.619487138710886
0,92,10,1354731.0,4000000.0,4.702069225481435
0,92,11,1357023.0,4000000.0,4.694727828071833
0,92,12,1483107.0,4000000.0,4.308875066291606
0,92,13,1458095.0,4000000.0,4.382741706164451
0,92,14,1579287.0,4000000.0,4.035989308636017
0,92,15,1332130.0,4000000.0,4.775133824638526
0,92,16,1396689.0,4000000.0,4.5696027857115125
0,92,17,1299026.0,4000000.0,4.884421477656908
0,92,18,1234112.0,4000000.0,5.107054160920552
0,92,19,1306652.0,4000000.0,4.859000537885065
0,92,20,1218343.0,4000000.0,5.162904189288452
0,92,21,1194941.0,4000000.0,5.247135287274851
0,92,22,1216492.0,4000000.0,5.169507340967021
0,92,23,1211159.0,4000000.0,5.188588306045434
0,92,24,1202613.0,4000000.0,5.219340971587868
0,93,0,1314439.0,4347826.0,5.19531718964521
0,93,1,1220599.0,4347826.0,5.516991454801867
0,93,2,1230141.0,4347826.0,5.483172617332368
0,93,3,1297102.0,4347826.0,5.252980263247121
0,93,4,1503659.0,4347826.0,4.611227972386974
0,93,5,1405390.0,4347826.0,4.904752962904719
0,93,6,1373818.0,4347826.0,5.003429530177401
0,93,7,1227136.0,4347826.0,5.493794582773637
0,93,8,1204855.0,4347826.0,5.573373710320981
0,93,9,1223966.0,4347826.0,5.505028013901384
0,93,10,1208501.0,4347826.0,5.560251411864417
0,93,11,1204244.0,4347826.0,5.575576641243558
0,93,12,1341338.0,4347826.0,5.1073392700604
0,93,13,1243078.0,4347826.0,5.437737749197304
0,93,14,1229001.0,4347826.0,5.487199190379679
0,93,15,1241416.0,4347826.0,5.4435481680318
0,93,16,1239610.0,4347826.0,5.449870842383865
0,93,17,1454299.0,4347826.0,4.75618449804894
0,93,18,1359849.0,4347826.0,5.047814690642456
0,93,19,1226722.0,4347826.0,5.495260013268913
0,93,20,1230370.0,4347826.0,5.482364220729849
0,93,21,1223065.0,4347826.0,5.508226169918843
0,93,22,1203309.0,4347826.0,5.578949903315
0,94,0,1208090.0,5000000.0,6.168707148792115
0,94,1,1292205.0,5000000.0,5.876385871890514
0,94,2,1215536.0,5000000.0,6.142021786557801
0,94,3,1200927.0,5000000.0,6.194533953183998
0,94,4,1210943.0,5000000.0,6.1584630328055745
0,94,5,1245951.0,5000000.0,6.034690413451791
0,94,6,1221878.0,5000000.0,6.119421589628948
0,94,7,1479102.0,5000000.0,5.289718800283043
0,94,8,1255131.0,5000000.0,6.00280948153988
0,94,9,1205116.0,5000000.0,6.179411518357412
0,94,10,1209609.0,5000000.0,6.163249948331567
0,94,11,1227328.0,5000000.0,6.1000936210300525
0,94,12,1201056.0,5000000.0,6.194067472045544
0,94,13,1198107.0,5000000.0,6.204743987748273
0,94,14,1362337.0,5000000.0,5.646854524591179
0,94,15,1213937.0,5000000.0,6.147738557041247
0,94,16,1225742.0,5000000.0,6.105709369005222
0,94,17,1236580.0,5000000.0,6.067477862390518
0,94,18,1214037.0,5000000.0,6.147380814757229
0,94,19,1280807.0,5000000.0,5.914863118667916
0,95,0,1621013.0,5882352.0,5.59764511370835
0,95,1,1244679.0,5882352.0,6.7449364686246565
0,95,2,1217582.0,5882352.0,6.840527900090726
0,95,3,1214669.0,5882352.0,6.850930612891851
0,95,4,1209105.0,5882352.0,6.870869920285664
0,95,5,1208641.0,5882352.0,6.872536866623923
0,95,6,1414711.0,5882352.0,6.188832787613807
0,95,7,1222527.0,5882352.0,6.8229254966489705
0,95,8,1224939.0,5882352.0,6.814365470650838
0,95,9,1239696.0,5882352.0,6.762358092214957
0,95,10,1213438.0,5882352.0,6.855334179563557
0,95,11,1203693.0,5882352.0,6.890352742120491
0,95,12,1591433.0,5882352.0,5.6776264977342965
0,95,13,1276282.0,5882352.0,6.636043649119615
0,95,14,1220316.0,5882352.0,6.830787036352435
0,95,15,1221264.0,5882352.0,6.827414538301717
0,95,16,1230337.0,5882352.0,6.7952692436649755
0,96,0,1213306.0,6666666.0,7.399383522526858
0,96,1,1308566.0,6666666.0,7.071130655233429
0,96,2,1207798.0,6666666.0,7.419143913928293
0,96,3,1207840.0,6666666.0,7.418992894874597
0,96,4,1202733.0,6666666.0,7.437394704215549
0,96,5,1243423.0,6666666.0,7.292898011220266
0,96,6,1220997.0,6666666.0,7.371941006339059
0,96,7,1210869.0,6666666.0,7.408115367454993
0,96,8,1795937.0,6666666.0,5.696175996113374
0,96,9,1357227.0,6666666.0,6.91256206817079
0,96,10,1357944.0,6666666.0,6.910268369904546
0,96,11,1301788.0,6666666.0,7.093684336565252
0,96,12,1293096.0,6666666.0,7.122779292295258
0,96,13,1279137.0,6666666.0,7.169916361029324
0,96,14,1388329.0,6666666.0,6.814163020348399
0,97,0,1384343.0,6666666.0,6.8266498849859865
0,97,1,1393715.0,6666666.0,6.797347233093416
0,97,2,1330222.0,6666666.0,6.999845713377465
0,97,3,1368951.0,6666666.0,6.875207941657306
0,97,4,1465554.0,6666666.0,6.579068723726477
0,97,5,1473055.0,6666666.0,6.556897349556215
0,97,6,1398573.0,6666666.0,6.782235577549335
0,97,7,1338039.0,6666666.0,6.974399254597814
0,97,8,1292551.0,6666666.0,7.124610095155375
0,97,9,1308602.0,6666666.0,7.071011177986653
0,97,10,1439475.0,6666666.0,6.657045708199265
0,97,11,1379297.0,6666666.0,6.842509059053009
0,97,12,1274097.0,6666666.0,7.187062043969287
0,97,13,1275853.0,6666666.0,7.181080583699291
0,97,14,1356062.0,6666666.0,6.916291513154418
0,98,0,1371441.0,5882352.0,6.3237388033338355
0,98,1,1340774.0,5882352.0,6.4219542951159685
0,98,2,1561801.0,5882352.0,5.75925312568768
0,98,3,1414236.0,5882352.0,6.190291209286909
0,98,4,1358427.0,5882352.0,6.365147041422064
0,98,5,1367585.0,5882352.0,6.335966804298726
0,98,6,1417926.0,5882352.0,6.178974430479677
0,98,7,1373036.0,5882352.0,6.318690848647945
0,98,8,1372802.0,5882352.0,6.319431059170279
0,98,9,1389139.0,5882352.0,6.268053048565513
0,98,10,1392263.0,5882352.0,6.258297274089308
0,98,11,1288687.0,5882352.0,6.594035616644747
0,98,12,1265789.0,5882352.0,6.671896918994557
0,98,13,1871275.0,5882352.0,4.974133936247661
0,98,14,1465036.0,5882352.0,6.037027124927659
0,98,15,1320054.0,5882352.0,6.489593116997097
0,98,16,1331257.0,5882352.0,6.452891047436172
0,99,0,1403803.0,5000000.0,5.516638381489443
0,99,1,1372662.0,5000000.0,5.6140639325086195
0,99,2,1371970.0,5000000.0,5.616253893041363
0,99,3,1462066.0,5000000.0,5.340030265234526
0,99,4,1305167.0,5000000.0,5.83303919835477
0,99,5,1305895.0,5000000.0,5.830617452789033
0,99,6,1342942.0,5000000.0,5.7091274790251205
0,99,7,1545813.0,5000000.0,5.098130490229035
0,99,8,1860689.0,5000000.0,4.292962141557274
0,99,9,1401513.0,5000000.0,5.523728738400847
0,99,10,1382409.0,5000000.0,5.5833345177237135
0,99,11,1394254.0,5000000.0,5.5462810521550026
0,99,12,1374650.0,5000000.0,5.607778679281336
0,99,13,1248837.0,5000000.0,6.024642470028406
0,99,14,1347792.0,5000000.0,5.693471301057712
0,99,15,1281064.0,5000000.0,5.91399177360625
0,99,16,1368040.0,5000000.0,5.628712084685094
0,99,17,1319371.0,5000000.0,5.786030703535897
0,99,18,1384830.0,5000000.0,5.57573541111278
0,99,19,1649808.0,5000000.0,4.815365991477888
