 Number of tacts (im units) = 1
 Number of massive (im units) = 100
 Trajectory File: sinus.txt
 Coef Load Impact: 10
 Command Line: curl 192.168.222.3:9000 > /dev/null 2>&1
cycle , cPeriod , count , procDur , procTime , spb
0,0,0,1.9616883E7,5000000.0,5.936599975131452
0,0,1,1.2913078E7,5000000.0,4.120597700052091
0,0,2,9600579.0,5000000.0,2.8332742129962685
0,0,3,1.0310768E7,5000000.0,3.1432101067979246
0,0,4,1.1211037E7,5000000.0,3.506757815460378
0,0,5,1.1825001E7,5000000.0,3.7383118180063493
0,0,6,1.0352584E7,5000000.0,3.16078758681766
0,0,7,8999037.0,5000000.0,2.552260331074463
0,0,8,1.1172963E7,5000000.0,3.4919835623771056
0,0,9,1.1139208E7,5000000.0,3.478843091715984
0,0,10,1.1737927E7,5000000.0,3.706213999047695
0,0,11,1.1523203E7,5000000.0,3.6260320842127185
0,0,12,9323597.0,5000000.0,2.7061348912055654
0,0,13,1.0431808E7,5000000.0,3.19389580828295
0,0,14,1.0391755E7,5000000.0,3.177188947564406
0,0,15,1.210089E7,5000000.0,3.8384730877997857
0,0,16,1.3182383E7,5000000.0,4.210239211118315
0,0,17,1.0850437E7,5000000.0,3.364772253569832
0,0,18,9305439.0,5000000.0,2.697668621990357
0,0,19,9230622.0,5000000.0,2.6626096235253955
0,1,0,1.1011246E7,4347826.0,4.035643099338093
0,1,1,1.1577789E7,4347826.0,4.253534751846828
0,1,2,1.0840961E7,4347826.0,3.9679562676730824
0,1,3,1.1740097E7,4347826.0,4.313995298936739
0,1,4,9789116.0,4347826.0,3.5247131958566618
0,1,5,9137153.0,4347826.0,3.225387418599066
0,1,6,9880458.0,4347826.0,3.5650492109906247
0,1,7,1.10738E7,4347826.0,4.060245203106109
0,1,8,1.0518429E7,4347826.0,3.8367872448509104
0,1,9,1.0276709E7,4347826.0,3.735819037238088
0,1,10,1.4905125E7,4347826.0,5.350634672447322
0,1,11,1.269809E7,4347826.0,4.654662455930882
0,1,12,1.3595932E7,4347826.0,4.95136828497807
0,1,13,1.282089E7,4347826.0,4.696460187687147
0,1,14,1.0704203E7,4347826.0,3.912821813888008
0,1,15,1.012562E7,4347826.0,3.671494696109322
0,1,16,1.0421282E7,4347826.0,3.7964899277240534
0,1,17,1.0856414E7,4347826.0,3.9741424111706865
0,1,18,1.237279E7,4347826.0,4.541954865298774
0,1,19,1.1445215E7,4347826.0,4.203518000746024
0,1,20,1.0637741E7,4347826.0,3.8857725692980747
0,1,21,9377658.0,4347826.0,3.3382223482297197
0,1,22,1.530276E7,4347826.0,5.464976117739751
0,2,0,1.1238136E7,4000000.0,4.486342921429805
0,2,1,1.0976868E7,4000000.0,4.384184503934486
0,2,2,1.033555E7,4000000.0,4.122736009666932
0,2,3,9927218.0,4000000.0,3.9476756768840318
0,2,4,9100491.0,4000000.0,3.5700483317313845
0,2,5,1.0703731E7,4000000.0,4.274751947942522
0,2,6,1.1370039E7,4000000.0,4.537019630216673
0,2,7,1.0895983E7,4000000.0,4.352064256515449
0,2,8,1.0242756E7,4000000.0,4.083568358735405
0,2,9,1.0459022E7,4000000.0,4.174310851859956
0,2,10,9108113.0,4000000.0,3.573684187324053
0,2,11,1.0242911E7,4000000.0,4.083634078484433
0,2,12,1.1222474E7,4000000.0,4.480286165822521
0,2,13,1.0681928E7,4000000.0,4.265896550155025
0,2,14,1.1003272E7,4000000.0,4.394618574887642
0,2,15,1.0237726E7,4000000.0,4.081435106902859
0,2,16,8985923.0,4000000.0,3.515027014936578
0,2,17,1.0072072E7,4000000.0,4.0105883032813185
0,2,18,1.1246231E7,4000000.0,4.489470084389656
0,2,19,1.1833995E7,4000000.0,4.71071390118619
0,2,20,1.0226206E7,4000000.0,4.076545457191335
0,2,21,1.0967827E7,4000000.0,4.380606002038661
0,2,22,9121171.0,4000000.0,3.5799060645131444
0,2,23,1.0121895E7,4000000.0,4.032018364919591
0,2,24,1.0605546E7,4000000.0,4.234730406649414
0,3,0,1.3625768E7,4000000.0,5.3230099879592405
0,3,1,1.5888635E7,4000000.0,5.990265970416926
0,3,2,9754129.0,4000000.0,3.8712850358328543
0,3,3,9403795.0,4000000.0,3.712431617345522
0,3,4,1.0827975E7,4000000.0,4.324872530576711
0,3,5,9249431.0,4000000.0,3.6405502560988894
0,3,6,1.0169483E7,4000000.0,4.052388833298438
0,3,7,1.0693355E7,4000000.0,4.2705399352437405
0,3,8,9529736.0,4000000.0,3.7702087832071864
0,3,9,1.0375662E7,4000000.0,4.13955824299544
0,3,10,1.0579104E7,4000000.0,4.223888952432307
0,3,11,1.4512808E7,4000000.0,5.596914583889361
0,3,12,1.3634239E7,4000000.0,5.3257091132196415
0,3,13,1.1412456E7,4000000.0,4.553191248228013
0,3,14,1.0896956E7,4000000.0,4.352452059676072
0,3,15,1.0682517E7,4000000.0,4.266136012916549
0,3,16,1.0045112E7,4000000.0,3.998947920371225
0,3,17,9443527.0,4000000.0,3.73074235020876
0,3,18,1.0578175E7,4000000.0,4.22350756163631
0,3,19,1.0045892E7,4000000.0,3.9992851356702266
0,3,20,1.2373085E7,4000000.0,4.904180051027587
0,3,21,1.0981132E7,4000000.0,4.385871207362952
0,3,22,9437865.0,4000000.0,3.728137695392799
0,3,23,1.0738017E7,4000000.0,4.288640958574935
0,3,24,1.0529966E7,4000000.0,4.203669775748819
0,4,0,9800938.0,4347826.0,3.5299548659289477
0,4,1,9933491.0,4347826.0,3.58829747337246
0,4,2,1.0491929E7,4347826.0,3.8258318771476976
0,4,3,9576838.0,4347826.0,3.4294998574140894
0,4,4,9233420.0,4347826.0,3.2709043543943714
0,4,5,1.1884912E7,4347826.0,4.367238151129996
0,4,6,9641641.0,4347826.0,3.4587880148938375
0,4,7,9226093.0,4347826.0,3.2674567273242374
0,4,8,1.1996431E7,4347826.0,4.40779905122016
0,4,9,9664009.0,4347826.0,3.4688517043506293
0,4,10,9244803.0,4347826.0,3.276255057990534
0,4,11,1.1893683E7,4347826.0,4.3704420385535645
0,4,12,9597908.0,4347826.0,3.4390442742388734
0,4,13,9312161.0,4347826.0,3.3077832068703854
0,4,14,1.1018137E7,4347826.0,4.038360128110445
0,4,15,9926403.0,4347826.0,3.5851974775533164
0,4,16,8989795.0,4347826.0,3.1547763305696828
0,4,17,1.2292326E7,4347826.0,4.513619141957055
0,4,18,9974921.0,4347826.0,3.6063730952342814
0,4,19,9043456.0,4347826.0,3.1806227461476464
0,4,20,1.2247449E7,4347826.0,4.497734843758645
0,4,21,9776654.0,4347826.0,3.5191809029130705
0,4,22,9113708.0,4347826.0,3.214229545303129
0,5,0,1.2503634E7,5000000.0,3.980662484144965
0,5,1,9845288.0,5000000.0,2.9425842055471154
0,5,2,9048593.0,5000000.0,2.576110500248755
0,5,3,1.0295623E7,5000000.0,3.1368262707222727
0,5,4,1.0209207E7,5000000.0,3.1002200524361805
0,5,5,9350429.0,5000000.0,2.7186153253207577
0,5,6,1.8043831E7,5000000.0,5.57358746470991
0,5,7,1.247511E7,5000000.0,3.970743793928669
0,5,8,1.1520735E7,5000000.0,3.6251018275999507
0,5,9,1.1520731E7,5000000.0,3.6251003197289435
0,5,10,9089867.0,5000000.0,2.595875244757548
0,5,11,1.2433575E7,5000000.0,3.9562601405165028
0,5,12,1.1004956E7,5000000.0,3.426183061612167
0,5,13,9310593.0,5000000.0,2.700073381304179
0,5,14,1.1111859E7,5000000.0,3.4681671760246227
0,5,15,9945981.0,5000000.0,2.9867762091982564
0,5,16,9103723.0,5000000.0,2.6024903058913655
0,5,17,1.2153004E7,5000000.0,3.8571363650952115
0,5,18,9634245.0,5000000.0,2.8484768194332495
0,5,19,9497352.0,5000000.0,2.7863253020617673
0,6,0,1.2648136E7,5882352.0,3.3247551759758154
0,6,1,9574243.0,5882352.0,2.115534368042905
0,6,2,8913528.0,5882352.0,1.8049862393362424
0,6,3,1.2126352E7,5882352.0,3.141791615133837
0,6,4,9683984.0,5882352.0,2.165030540888867
0,6,5,8496863.0,5882352.0,1.5970760678544087
0,6,6,1.0005227E7,5882352.0,2.3067593728380675
0,6,7,1.0233792E7,5882352.0,2.4048557663319006
0,6,8,9048934.0,5882352.0,1.8704641148653698
0,6,9,9747545.0,5882352.0,2.1934423967095205
0,6,10,1.0175956E7,5882352.0,2.3802421132003824
0,6,11,9052818.0,5882352.0,1.8723278016439733
0,6,12,1.0174822E7,5882352.0,2.3797581121042204
0,6,13,1.0300693E7,5882352.0,2.4331543459500384
0,6,14,9289330.0,5882352.0,1.9843338216839221
0,6,15,1.1396514E7,5882352.0,2.8722101921185277
0,6,16,1.0775329E7,5882352.0,2.6287953008825617
0,7,0,9196748.0,6666666.0,1.397255890342526
0,7,1,1.0398978E7,6666666.0,1.930819619021541
0,7,2,1.0436708E7,6666666.0,1.9465483535712471
0,7,3,9467907.0,6666666.0,1.523452858375314
0,7,4,1.1325732E7,6666666.0,2.301575832174383
0,7,5,1.0433672E7,6666666.0,1.945284823097572
0,7,6,9380458.0,6666666.0,1.4831534577004124
0,7,7,1.0252268E7,6666666.0,1.8691125284555052
0,7,8,1.0385261E7,6666666.0,1.9250871808281773
0,7,9,9679304.0,6666666.0,1.619354325387092
0,7,10,1.0103159E7,6666666.0,1.805484903035409
0,7,11,1.0588917E7,6666666.0,2.0094284663647386
0,7,12,9516701.0,6666666.0,1.54577727151222
0,7,13,9184356.0,6666666.0,1.391400117985115
0,7,14,1.0168763E7,6666666.0,1.8335942797930778
0,8,0,1.0035564E7,6666666.0,1.77633087400791
0,8,1,8777070.0,6666666.0,1.1944086449587583
0,8,2,9646371.0,6666666.0,1.6045526338369933
0,8,3,1.0565668E7,6666666.0,1.9998826241987677
0,8,4,9006290.0,6666666.0,1.3063722949712524
0,8,5,9653577.0,6666666.0,1.6077956748876927
0,8,6,1.144727E7,6666666.0,2.3479322887274083
0,8,7,1.4725959E7,6666666.0,3.44174889465245
0,8,8,1.2101344E7,6666666.0,2.589249091131087
0,8,9,1.03101E7,6666666.0,1.893541801098289
0,8,10,9288789.0,6666666.0,1.440504002355586
0,8,11,1.1830797E7,6666666.0,2.491053050203259
0,8,12,9625516.0,6666666.0,1.5951532273797544
0,8,13,9199806.0,6666666.0,1.3986997178527134
0,8,14,1.1876929E7,6666666.0,2.5079546276264146
0,9,0,9703688.0,5882352.0,2.1738581519787483
0,9,1,9255593.0,5882352.0,1.9685323981898597
0,9,2,1.1159889E7,5882352.0,2.781088658498212
0,9,3,1.0078852E7,5882352.0,2.338600588421475
0,9,4,9081108.0,5882352.0,1.8858783155926606
0,9,5,1.0308237E7,5882352.0,2.4363338586348946
0,9,6,9996720.0,5882352.0,2.303065189086539
0,9,7,9018627.0,5882352.0,1.8558941624427794
0,9,8,1.0305579E7,5882352.0,2.435213877027126
0,9,9,1.0163308E7,5882352.0,2.3748407797842344
0,9,10,9443857.0,5882352.0,2.0559839318344726
0,9,11,8962720.0,5882352.0,1.828888199165259
0,9,12,9731065.0,5882352.0,2.186093643621395
0,9,13,8562614.0,5882352.0,1.6305535746705904
0,9,14,9750821.0,5882352.0,2.1949017484686397
0,9,15,1.0071134E7,5882352.0,2.3352736531320435
0,9,16,9142452.0,5882352.0,1.9151167973439518
0,10,0,8689032.0,5000000.0,2.400013923111815
0,10,1,1.1407017E7,5000000.0,3.5820208444546218
0,10,2,9007986.0,5000000.0,2.5565769820150623
0,10,3,8675729.0,5000000.0,2.3933597334883485
0,10,4,9205449.0,5000000.0,2.6507497193331764
0,10,5,1.0331179E7,5000000.0,3.1517988194413356
0,10,6,9006227.0,5000000.0,2.555728847271573
0,10,7,1.0024591E7,5000000.0,3.020966582463159
0,10,8,1.069777E7,5000000.0,3.3032325207541784
0,10,9,9054416.0,5000000.0,2.578904396948844
0,10,10,1.0296499E7,5000000.0,3.137195773162455
0,10,11,1.0200406E7,5000000.0,3.096474537053655
0,10,12,9117192.0,5000000.0,2.608910964175754
0,10,13,8716650.0,5000000.0,2.4137960375583916
0,10,14,1.1644862E7,5000000.0,3.671643418628367
0,10,15,9100562.0,5000000.0,2.600982084204995
0,10,16,8786088.0,5000000.0,2.4482554443655786
0,10,17,1.0996642E7,5000000.0,3.422900823208932
0,10,18,9215875.0,5000000.0,2.6556657120726763
0,10,19,1.2350203E7,5000000.0,3.927040918066508
0,11,0,1.5812955E7,4347826.0,5.607408797385583
0,11,1,1.1170891E7,4347826.0,4.0981565890691405
0,11,2,1.1182755E7,4347826.0,4.10276654864092
0,11,3,9157144.0,4347826.0,3.234878884101593
0,11,4,8477621.0,4347826.0,2.9000184182742443
0,11,5,9084530.0,4347826.0,3.200303081376767
0,11,6,1.0051236E7,4347826.0,3.63947314915103
0,11,7,8972904.0,4347826.0,3.146608660158928
0,11,8,8658443.0,4347826.0,2.9916764696297453
0,11,9,1.0008092E7,4347826.0,3.620791336858775
0,11,10,9408078.0,4347826.0,3.352287540764009
0,11,11,8679082.0,4347826.0,3.002016363064412
0,11,12,9377889.0,4347826.0,3.3383293267415426
0,11,13,1.0136185E7,4347826.0,3.676023731520667
0,11,14,8882947.0,4347826.0,3.1028491560719735
0,11,15,9110229.0,4347826.0,3.2125713849167137
0,11,16,1.052295E7,4347826.0,3.838653515481651
0,11,17,9079229.0,4347826.0,3.1977681489171017
0,11,18,1.0159775E7,4347826.0,3.6861193480291456
0,11,19,1.0368784E7,4347826.0,3.7745567215757743
0,11,20,9524767.0,4347826.0,3.405822052346604
0,11,21,1.0009281E7,4347826.0,3.621307264837527
0,11,22,1.0345076E7,4347826.0,3.764615302571339
0,12,0,9993896.0,4000000.0,3.9767483438085427
0,12,1,8818466.0,4000000.0,3.433330534777407
0,12,2,9932137.0,4000000.0,3.9498271008352837
0,12,3,1.0215259E7,4000000.0,4.071893909811648
0,12,4,8783789.0,4000000.0,3.4162190348794814
0,12,5,9737721.0,4000000.0,3.8639733588578897
0,12,6,1.0203534E7,4000000.0,4.066906246378263
0,12,7,9357274.0,4000000.0,3.690893553601073
0,12,8,1.0249578E7,4000000.0,4.086459934741333
0,12,9,1.0075214E7,4000000.0,4.011942881037551
0,12,10,9218556.0,4000000.0,3.6260290691160812
0,12,11,1.1309405E7,4000000.0,4.513797654972186
0,12,12,1.0684768E7,4000000.0,4.267051053720639
0,12,13,9667574.0,4000000.0,3.8325751371697643
0,12,14,1.10693E7,4000000.0,4.420601665200924
0,12,15,1.0069237E7,4000000.0,4.009365716542465
0,12,16,9335058.0,4000000.0,3.6805702929689894
0,12,17,8920602.0,4000000.0,3.4833417206791295
0,12,18,1.0648393E7,4000000.0,4.2522407993108216
0,12,19,9825884.0,4000000.0,3.9031164141433026
0,12,20,8867696.0,4000000.0,3.4575080500155355
0,12,21,9889347.0,4000000.0,3.9310762446947645
0,12,22,1.0153501E7,4000000.0,4.045558245978596
0,12,23,8973579.0,4000000.0,3.509056992016335
0,12,24,9562754.0,4000000.0,3.785229924502749
0,13,0,1.2179897E7,4000000.0,4.835836243481408
0,13,1,1.1860793E7,4000000.0,4.720537351379655
0,13,2,1.0053805E7,4000000.0,4.0027046622559705
0,13,3,1.0138551E7,4000000.0,4.039158988102483
0,13,4,8977674.0,4000000.0,3.5110383979206943
0,13,5,1.0079575E7,4000000.0,4.013822293682493
0,13,6,1.2005534E7,4000000.0,4.773214906907038
0,13,7,1.3058138E7,4000000.0,5.138212626419535
0,13,8,1.2672374E7,4000000.0,5.007979904473931
0,13,9,1.0183556E7,4000000.0,4.058394646207102
0,13,10,9175109.0,4000000.0,3.6055124103129685
0,13,11,1.1864311E7,4000000.0,4.7218253103268815
0,13,12,9583382.0,4000000.0,3.7945880843309787
0,13,13,9096635.0,4000000.0,3.568207777846904
0,13,14,1.1507983E7,4000000.0,4.589392203356123
0,13,15,9944614.0,4000000.0,3.9552793932772583
0,13,16,9434304.0,4000000.0,3.726498750056508
0,13,17,1.0686015E7,4000000.0,4.267557881401728
0,13,18,9694459.0,4000000.0,3.84463586927362
0,13,19,9020896.0,4000000.0,3.5318968463194986
0,13,20,9840671.0,4000000.0,3.9096472109341738
0,13,21,9981463.0,4000000.0,3.9713420990539183
0,13,22,8992239.0,4000000.0,3.518078499354785
0,13,23,9406946.0,4000000.0,3.713886596631321
0,13,24,1.0278976E7,4000000.0,4.098898607145342
0,14,0,9003988.0,4347826.0,3.1616275222951544
0,14,1,1.0181914E7,4347826.0,3.695572692174935
0,14,2,1.0868369E7,4347826.0,3.9789221975144557
0,14,3,9018871.0,4347826.0,3.1688001981102265
0,14,4,1.0226781E7,4347826.0,3.7146680061195654
0,14,5,1.6720977E7,4347826.0,5.849894942007728
0,14,6,9050650.0,4347826.0,3.1840761520992196
0,14,7,1.2548743E7,4347826.0,4.603280696835288
0,14,8,9917477.0,4347826.0,3.58129046661905
0,14,9,9027255.0,4347826.0,3.1728355519565254
0,14,10,9944161.0,4347826.0,3.5929599179780665
0,14,11,1.0232517E7,4347826.0,3.7171031954534968
0,14,12,9056779.0,4347826.0,3.1870161509043915
0,14,13,9559549.0,4347826.0,3.421652483361137
0,14,14,1.0384213E7,4347826.0,3.781014324586898
0,14,15,9022874.0,4347826.0,3.1707273740453545
0,14,16,1.0197077E7,4347826.0,3.7020354345592987
0,14,17,1.1046033E7,4347826.0,4.049341810469163
0,14,18,9142301.0,4347826.0,3.2278336055059036
0,14,19,1.0341287E7,4347826.0,3.7630243590010903
0,14,20,1.1198542E7,4347826.0,4.108893278582342
0,14,21,9416485.0,4347826.0,3.3561666363393994
0,14,22,1.0536648E7,4347826.0,3.844303164304063
0,15,0,1.0568209E7,5000000.0,3.2503138909039793
0,15,1,1.3055409E7,5000000.0,4.168204776184808
0,15,2,1.4064954E7,5000000.0,4.4916831178988375
0,15,3,1.2307672E7,5000000.0,3.912059094265829
0,15,4,1.136396E7,5000000.0,3.5655969204453015
0,15,5,1.0898024E7,5000000.0,3.383777556512388
0,15,6,9861431.0,5000000.0,2.9496993599160524
0,15,7,9339232.0,5000000.0,2.713411597018078
0,15,8,1.1316061E7,5000000.0,3.5472527554932256
0,15,9,9648989.0,5000000.0,2.8551180696395106
0,15,10,1.3241443E7,5000000.0,4.2296531103875115
0,15,11,1.0697268E7,5000000.0,3.303028720387051
0,15,12,9030389.0,5000000.0,2.5673645438443065
0,15,13,1.0374881E7,5000000.0,3.17013119714161
0,15,14,1.0766577E7,5000000.0,3.3310764638061965
0,15,15,9332875.0,5000000.0,2.710454448017029
0,15,16,9399147.0,5000000.0,2.7411843756129595
0,15,17,1.1080307E7,5000000.0,3.455817891393231
0,15,18,9761021.0,5000000.0,2.905252427850471
0,15,19,9196825.0,5000000.0,2.646679183391672
0,16,0,1.0929202E7,5882352.0,2.6903744378960863
0,16,1,9736801.0,5882352.0,2.188652848847364
0,16,2,9004031.0,5882352.0,1.8488597242996987
0,16,3,1.0059755E7,5882352.0,2.3303639470222968
0,16,4,1.0122049E7,5882352.0,2.357174262268342
0,16,5,8883756.0,5882352.0,1.7904561263413141
0,16,6,9418061.0,5882352.0,2.0441048987055033
0,16,7,1.0276786E7,5882352.0,2.4230630389922334
0,16,8,9237898.0,5882352.0,1.9602215355166481
0,16,9,9682858.0,5882352.0,2.1645255379697805
0,16,10,1.0729588E7,5882352.0,2.6103203689828076
0,16,11,9385586.0,5882352.0,2.029103843514069
0,16,12,1.0559765E7,5882352.0,2.541032442583732
0,16,13,1.0802409E7,5882352.0,2.6396960734699197
0,16,14,9071799.0,5882352.0,1.8814241004232382
0,16,15,1.0566957E7,5882352.0,2.5439893102269977
0,16,16,1.1024502E7,5882352.0,2.7280797145091484
0,17,0,9189441.0,6666666.0,1.3938039624347511
0,17,1,1.0336181E7,6666666.0,1.9045140826510352
0,17,2,1.093962E7,6666666.0,2.1509353903744537
0,17,3,9233572.0,6666666.0,1.4146104249166038
0,17,4,1.0280977E7,6666666.0,1.88125690057552
0,17,5,1.0550577E7,6666666.0,1.993675138784391
0,17,6,9745056.0,6666666.0,1.6487564162077364
0,17,7,1.2287773E7,6666666.0,2.6556448224304385
0,17,8,1.0563528E7,6666666.0,1.9990029028932808
0,17,9,9129438.0,6666666.0,1.365353460642117
0,17,10,1.1228853E7,6666666.0,2.2642669888803595
0,17,11,1.0704066E7,6666666.0,2.0564008072534414
0,17,12,8918099.0,6666666.0,1.263635916374353
0,17,13,1.0500021E7,6666666.0,1.9728147014316488
0,17,14,1.0466413E7,6666666.0,1.958891702939161
0,18,0,9239611.0,6666666.0,1.4174498971067964
0,18,1,1.0118677E7,6666666.0,1.8121503542764152
0,18,2,1.889927E7,6666666.0,4.525363319972868
0,18,3,1.3038657E7,6666666.0,2.9132416324251036
0,18,4,1.0470149E7,6666666.0,1.9604416462408474
0,18,5,9787188.0,6666666.0,1.667492331538807
0,18,6,1.3079866E7,6666666.0,2.926945972563561
0,18,7,1.069106E7,6666666.0,2.0511206937103834
0,18,8,9085514.0,6666666.0,1.3444080441528206
0,18,9,1.0392408E7,6666666.0,1.9280749103801105
0,18,10,1.103786E7,6666666.0,2.189761838239927
0,18,11,9432558.0,6666666.0,1.5072078680635002
0,18,12,9446986.0,6666666.0,1.5138457423731
0,18,13,1.241627E7,6666666.0,2.7008245052256648
0,18,14,9299954.0,6666666.0,1.4457210291051028
0,19,0,1.0377564E7,5555555.0,2.7136796895104505
0,19,1,1.1711573E7,5555555.0,3.238877783054457
0,19,2,9080770.0,5555555.0,2.1339522442969243
0,19,3,9433578.0,5555555.0,2.2994899322487146
0,19,4,1.0552511E7,5555555.0,2.7862836207057966
0,19,5,9269663.0,5555555.0,2.2233649412269156
0,19,6,1.0272822E7,5555555.0,2.6696231157267403
0,19,7,1.0662178E7,5555555.0,2.831184771224233
0,19,8,9720784.0,5555555.0,2.4297384156016077
0,19,9,9194270.0,5555555.0,2.187898016764761
0,19,10,1.1090979E7,5555555.0,3.002424315198044
0,19,11,9708349.0,5555555.0,2.424179286823344
0,19,12,9170314.0,5555555.0,2.1765675510055287
0,19,13,1.0957192E7,5555555.0,2.9497182027669506
0,19,14,9798427.0,5555555.0,2.464289099342522
0,19,15,9018361.0,5555555.0,2.104001644190335
0,19,16,1.1065579E7,5555555.0,2.992466915973209
0,19,17,9869763.0,5555555.0,2.4957927272944582
0,20,0,9662123.0,4761904.0,3.0729192602826636
0,20,1,1.006905E7,4761904.0,3.2520786166439763
0,20,2,1.0329626E7,4761904.0,3.363039617254988
0,20,3,8908507.0,4761904.0,2.7202428980762354
0,20,4,1.0320593E7,4761904.0,3.359240158948764
0,20,5,1.0463974E7,4761904.0,3.4191601610427695
0,20,6,8981625.0,4761904.0,2.7557428270207622
0,20,7,9466080.0,4761904.0,2.983895346901964
0,20,8,1.2058346E7,4761904.0,4.0350710549650834
0,20,9,8995147.0,4761904.0,2.762276292641669
0,20,10,1.0183091E7,4761904.0,3.3009898902773815
0,20,11,1.0485352E7,4761904.0,3.4280237881178004
0,20,12,1.8515243E7,4761904.0,5.8974878046427115
0,20,13,1.1905103E7,4761904.0,3.9795252138639494
0,20,14,1.1131311E7,4761904.0,3.6876568098486215
0,20,15,1.0381263E7,4761904.0,3.384695578647698
0,20,16,1.063955E7,4761904.0,3.4914262407389565
0,20,17,9687677.0,4761904.0,3.0843901464338903
0,20,18,1.0025314E7,4761904.0,3.23317348139867
0,20,19,1.0492468E7,4761904.0,3.430970175923358
0,20,20,9643077.0,4761904.0,3.0643499883911733
0,21,0,9099868.0,4166666.0,3.3924640381791105
0,21,1,1.1004165E7,4166666.0,4.217684049167632
0,21,2,9755250.0,4166666.0,3.6944971483487743
0,21,3,8982109.0,4166666.0,3.3358963222283022
0,21,4,1.213999E7,4166666.0,4.644296401993672
0,21,5,9932091.0,4166666.0,3.772520012009497
0,21,6,8903130.0,4166666.0,3.2975402601825605
0,21,7,1.2674413E7,4166666.0,4.831391658499254
0,21,8,9689300.0,4166666.0,3.6650371393386196
0,21,9,8844252.0,4166666.0,3.2687241967011005
0,21,10,1.1593378E7,4166666.0,4.444213073875215
0,21,11,9904647.0,4166666.0,3.7605031316476563
0,21,12,8960728.0,4166666.0,3.325546058540751
0,21,13,1.0734506E7,4166666.0,4.109933742783493
0,21,14,9980563.0,4166666.0,3.7936635157396386
0,21,15,8926054.0,4166666.0,3.308708210650009
0,21,16,9394104.0,4166666.0,3.5306667504852447
0,21,17,1.023806E7,4166666.0,3.904289815968349
0,21,18,9410096.0,4166666.0,3.538053652378446
0,21,19,1.0149965E7,4166666.0,3.866758558781995
0,21,20,1.0623706E7,4166666.0,4.064873547414582
0,21,21,9144900.0,4166666.0,3.413902720023463
0,21,22,9378777.0,4166666.0,3.523575209231511
0,21,23,1.0953336E7,4166666.0,4.197577213101674
0,22,0,9413133.0,4000000.0,3.716742036352198
0,22,1,1.328637E7,4000000.0,5.213463512168911
0,22,2,1.0654917E7,4000000.0,4.254900796549289
0,22,3,8962012.0,4000000.0,3.503455297632658
0,22,4,1.0482145E7,4000000.0,4.183901716959602
0,22,5,1.032202E7,4000000.0,4.1170470489804805
0,22,6,9141571.0,4000000.0,3.589608453251587
0,22,7,1.0109605E7,4000000.0,4.026741959473497
0,22,8,1.1533665E7,4000000.0,4.599073416698999
0,22,9,8962520.0,4000000.0,3.50370146483732
0,22,10,9076129.0,4000000.0,3.5584066860309664
0,22,11,1.1044714E7,4000000.0,4.410944830822999
0,22,12,1.0314285E7,4000000.0,4.1137913615162365
0,22,13,8853175.0,4000000.0,3.4503905764069036
0,22,14,1.0066064E7,4000000.0,4.00799695984746
0,22,15,1.0136319E7,4000000.0,4.0382027844005375
0,22,16,8980944.0,4000000.0,3.512619970591284
0,22,17,9774169.0,4000000.0,3.8801985258589253
0,22,18,1.0335323E7,4000000.0,4.122640624389884
0,22,19,9010129.0,4000000.0,3.5267101758529695
0,22,20,1.3454591E7,4000000.0,5.268105090517913
0,22,21,1.1708131E7,4000000.0,4.664275816974449
0,22,22,1.0593065E7,4000000.0,4.229616458329917
0,22,23,1.0239039E7,4000000.0,4.0819920587998215
0,22,24,1.0329812E7,4000000.0,4.120324262124158
0,23,0,9032016.0,4000000.0,3.5372470693190254
0,23,1,9943614.0,4000000.0,3.954842658056535
0,23,2,1.0468072E7,4000000.0,4.178067097525253
0,23,3,9148063.0,4000000.0,3.592691554744953
0,23,4,9516317.0,4000000.0,3.7640890915136236
0,23,5,1.0648486E7,4000000.0,4.252278729175396
0,23,6,1.1463566E7,4000000.0,4.572597443853825
0,23,7,1.4325733E7,4000000.0,5.540568612808162
0,23,8,1.0642273E7,4000000.0,4.249744041057742
0,23,9,8920707.0,4000000.0,3.483392839036645
0,23,10,9702540.0,4000000.0,3.8482545052402495
0,23,11,1.0173159E7,4000000.0,4.053958409691567
0,23,12,9212487.0,4000000.0,3.6231689669439673
0,23,13,9525657.0,4000000.0,3.7683494804693836
0,23,14,1.0672751E7,4000000.0,4.262163859342138
0,23,15,9027659.0,4000000.0,3.5351515486694405
0,23,16,1.0372224E7,4000000.0,4.138118959549937
0,23,17,1.0469199E7,4000000.0,4.178534636854116
0,23,18,9156936.0,4000000.0,3.5969018748217128
0,23,19,1.0263492E7,4000000.0,4.092351568073585
0,23,20,1.0435122E7,4000000.0,4.164375395643648
0,23,21,9467072.0,4000000.0,3.7415568874534486
0,23,22,8927987.0,4000000.0,3.486935578918432
0,23,23,1.1034174E7,4000000.0,4.406798368204971
0,23,24,9796494.0,4000000.0,3.890106854988171
0,24,0,9012657.0,4545454.0,2.972755761174346
0,24,1,1.1132872E7,4545454.0,3.8902994874153096
0,24,2,9912665.0,4545454.0,3.3861316231673766
0,24,3,8867933.0,4545454.0,2.9024513616211225
0,24,4,1.0041284E7,4545454.0,3.4421198344179906
0,24,5,1.0001098E7,4545454.0,3.4247041585391598
0,24,6,9059568.0,4545454.0,2.995302220393856
0,24,7,9861616.0,4545454.0,3.3637082053360845
0,24,8,1.0286863E7,4545454.0,3.5470568889539504
0,24,9,8951608.0,4545454.0,2.9432378867808007
0,24,10,1.0282538E7,4545454.0,3.545230560941859
0,24,11,1.0628725E7,4545454.0,3.6890390351211555
0,24,12,9153929.0,4545454.0,3.0403027255299264
0,24,13,1.0385848E7,4545454.0,3.5886469521311604
0,24,14,1.3576143E7,4545454.0,4.751991367745557
0,24,15,1.2298173E7,4545454.0,4.322633309661405
0,24,16,1.3047048E7,4545454.0,4.5793499309190135
0,24,17,1.0260262E7,4545454.0,3.535811837427278
0,24,18,9049364.0,4545454.0,2.990407904856797
0,24,19,9996593.0,4545454.0,3.4227474359614667
0,24,20,1.0202712E7,4545454.0,3.5113836059002073
0,24,21,8981864.0,4545454.0,2.957892077906404
0,25,0,9637622.0,5263157.0,2.627235634908274
0,25,1,1.0160889E7,5263157.0,2.8568538183552756
0,25,2,8992964.0,5263157.0,2.3265652966275936
0,25,3,1.0166058E7,5263157.0,2.8590625791941227
0,25,4,1.0452759E7,5263157.0,2.9798461215122374
0,25,5,9198937.0,5263157.0,2.424913193342207
0,25,6,1.0403753E7,5263157.0,2.959437076559825
0,25,7,1.0618621E7,5263157.0,3.0482179501452613
0,25,8,9200742.0,5263157.0,2.4257652751011873
0,25,9,1.0262411E7,5263157.0,2.900030785399687
0,25,10,1.0380187E7,5263157.0,2.9495885221986233
0,25,11,9501169.0,5263157.0,2.5653071786286037
0,25,12,9165294.0,5263157.0,2.409000753991672
0,25,13,1.1021288E7,5263157.0,3.2098602597797616
0,25,14,9701811.0,5263157.0,2.656064847084205
0,25,15,9072531.0,5263157.0,2.364821356021364
0,25,16,1.0330958E7,5263157.0,2.9289427072870473
0,25,17,9951232.0,5263157.0,2.7663052614969654
0,25,18,8991919.0,5263157.0,2.3260606086247866
0,26,0,9709736.0,6250000.0,1.9132740460287088
0,26,1,1.0090822E7,6250000.0,2.0804652803292405
0,26,2,9059059.0,6250000.0,1.6120307080383367
0,26,3,9443816.0,6250000.0,1.7926749950362049
0,26,4,1.0585796E7,6250000.0,2.2884350305668915
0,26,5,9091910.0,6250000.0,1.6277511068808947
0,26,6,1.021057E7,6250000.0,2.1316996969336763
0,26,7,1.0470304E7,6250000.0,2.2407927403924015
0,26,8,9097641.0,6250000.0,1.6304877788945646
0,26,9,1.0235115E7,6250000.0,2.1421270934031518
0,26,10,1.0365517E7,6250000.0,2.1971095089454664
0,26,11,9779038.0,6250000.0,1.944161163964146
0,26,12,9128358.0,6250000.0,1.6451264675404207
0,26,13,1.1071517E7,6250000.0,2.4832711388618116
0,26,14,9805139.0,6250000.0,1.9557373736600958
0,26,15,9057810.0,6250000.0,1.6114318917541801
0,27,0,1.1732518E7,6666666.0,2.4548253166369136
0,27,1,9909975.0,6666666.0,1.7216386137245103
0,27,2,9127841.0,6666666.0,1.3645936888389163
0,27,3,1.2835254E7,6666666.0,2.844957699380096
0,27,4,9749126.0,6666666.0,1.6505698583588648
0,27,5,8721591.0,6666666.0,1.1668701901103504
0,27,6,9800953.0,6666666.0,1.6735960904686835
0,27,7,1.0054842E7,6666666.0,1.784665530452153
0,27,8,8946174.0,6666666.0,1.277286432818601
0,27,9,9617211.0,6666666.0,1.5914044698401857
0,27,10,1.080939E7,6666666.0,2.098924888428039
0,27,11,9345443.0,6666666.0,1.4669119545471143
0,27,12,1.6180158E7,6666666.0,3.850740606880296
0,27,13,1.1226662E7,6666666.0,2.2634195006683373
0,27,14,8938059.0,6666666.0,1.273345195906156
0,28,0,1.0205413E7,6250000.0,2.129505674053849
0,28,1,9976705.0,6250000.0,2.0310711346236983
0,28,2,8997799.0,6250000.0,1.5825626997781914
0,28,3,9477129.0,6250000.0,1.8079677481464693
0,28,4,1.0548751E7,6250000.0,2.2732102371907437
0,28,5,8991002.0,6250000.0,1.5792807692771254
0,28,6,1.0234837E7,6250000.0,2.142009131362032
0,28,7,1.0724525E7,6250000.0,2.34498048599192
0,28,8,9055750.0,6250000.0,1.610444071980952
0,28,9,1.0622653E7,6250000.0,2.30352977684806
0,28,10,1.0679326E7,6250000.0,2.326638267606727
0,28,11,9048250.0,6250000.0,1.6068457414455886
0,28,12,1.0160631E7,6250000.0,2.1104066218932074
0,28,13,1.0302141E7,6250000.0,2.1704747220193092
0,28,14,9196763.0,6250000.0,1.6775497754367983
0,28,15,8586817.0,6250000.0,1.3795219008276207
0,29,0,9627994.0,5555555.0,2.388083594909936
0,29,1,9689232.0,5555555.0,2.4156190335644108
0,29,2,8366864.0,5555555.0,1.7783525829418676
0,29,3,8933910.0,5555555.0,2.0631412161817893
0,29,4,9627648.0,5555555.0,2.3879275202480215
0,29,5,9435719.0,5555555.0,2.300475474518514
0,29,6,1.0302167E7,5555555.0,2.6820113412688324
0,29,7,1.042696E7,5555555.0,2.734302560323703
0,29,8,9424954.0,5555555.0,2.2955178777186864
0,29,9,9230089.0,5555555.0,2.2047843721008116
0,29,10,1.1216815E7,5555555.0,3.051421056053803
0,29,11,9645739.0,5555555.0,2.3960805488564083
0,29,12,8922628.0,5555555.0,2.0576533539805033
0,29,13,1.0055795E7,5555555.0,2.57688959662897
0,29,14,1.0019638E7,5555555.0,2.5612457970046822
0,29,15,8698132.0,5555555.0,1.9469854262277975
0,29,16,9742495.0,5555555.0,2.4394274011085706
0,29,17,1.0044473E7,5555555.0,2.5719970423166205
0,30,0,9044793.0,4761904.0,2.786179962254467
0,30,1,9676083.0,4761904.0,3.079189492402967
0,30,2,1.0470594E7,4761904.0,3.421906842575469
0,30,3,9293136.0,4761904.0,2.9038165708147745
0,30,4,1.0219207E7,4761904.0,3.316365605201103
0,30,5,1.0675702E7,4761904.0,3.5061580667241565
0,30,6,9389402.0,4761904.0,2.948572976617796
0,30,7,8933013.0,4761904.0,2.732173302286711
0,30,8,1.7134426E7,4761904.0,5.560889244483769
0,30,9,1.1843872E7,4761904.0,3.957130694231001
0,30,10,1.1631487E7,4761904.0,3.8785460385170056
0,30,11,1.0981865E7,4761904.0,3.6289546484777606
0,30,12,8975399.0,4761904.0,2.7527312839580835
0,30,13,1.1056153E7,4761904.0,3.6582340425441835
0,30,14,1.0134746E7,4761904.0,3.2803223296978206
0,30,15,8917552.0,4761904.0,2.724650146953769
0,30,16,9307421.0,4761904.0,2.910487229003866
0,30,17,1.0414609E7,4761904.0,3.3986233391239256
0,30,18,9109574.0,4761904.0,2.817174323273977
0,30,19,1.014217E7,4761904.0,3.2835025000725655
0,30,20,1.0414454E7,4761904.0,3.3985587028561337
0,31,0,9086624.0,4166666.0,3.3861386873251935
0,31,1,1.1316735E7,4166666.0,4.339324574843936
0,31,2,1.0431564E7,4166666.0,3.9856073809585646
0,31,3,9397808.0,4166666.0,3.5323787921144323
0,31,4,1.1769771E7,4166666.0,4.509793242202548
0,31,5,1.0625561E7,4166666.0,4.065631800643718
0,31,6,9165708.0,4166666.0,3.4237732862760266
0,31,7,1.115596E7,4166666.0,4.277182596207779
0,31,8,1.0557787E7,4166666.0,4.037842071987919
0,31,9,9131044.0,4166666.0,3.4073174673063185
0,31,10,1.1113457E7,4166666.0,4.260604846752016
0,31,11,1.0565123E7,4166666.0,4.040858687072997
0,31,12,9256738.0,4166666.0,3.4666928295820494
0,31,13,1.0296992E7,4166666.0,3.9292168652600608
0,31,14,1.079855E7,4166666.0,4.135767547156891
0,31,15,9583373.0,4166666.0,3.6172970310250303
0,31,16,1.0569371E7,4166666.0,4.0426045372305355
0,31,17,1.0966543E7,4166666.0,4.202810570381209
0,31,18,9602200.0,4166666.0,3.625820586548085
0,31,19,9530238.0,4166666.0,3.5931505767084775
0,31,20,1.0528705E7,4166666.0,4.025862687146877
0,31,21,9702980.0,4166666.0,3.671164474028457
0,31,22,9390423.0,4166666.0,3.5289646708871283
0,31,23,1.116586E7,4166666.0,4.281034894678738
0,32,0,9842309.0,4000000.0,3.910370042906771
0,32,1,9036427.0,4000000.0,3.5393675320481406
0,32,2,1.1487775E7,4000000.0,4.581759295452488
0,32,3,9890893.0,4000000.0,3.9317551234853045
0,32,4,8947024.0,4000000.0,3.4961861099282636
0,32,5,1.2024301E7,4000000.0,4.779998479244483
0,32,6,9974919.0,4000000.0,3.968493864146969
0,32,7,8910590.0,4000000.0,3.478464697528056
0,32,8,1.0915592E7,4000000.0,4.35987303033391
0,32,9,9872047.0,4000000.0,3.9234722300626683
0,32,10,9079268.0,4000000.0,3.5599084437642494
0,32,11,1.0453759E7,4000000.0,4.172124923640737
0,32,12,1.0258819E7,4000000.0,4.0903737614327955
0,32,13,8952777.0,4000000.0,3.4989777568749743
0,32,14,9460226.0,4000000.0,3.738415202726166
0,32,15,1.0425109E7,4000000.0,4.160206131188931
0,32,16,1.3111342E7,4000000.0,5.155871544709331
0,32,17,1.1662485E7,4000000.0,4.64731106848123
0,32,18,1.2776069E7,4000000.0,5.043372573126653
0,32,19,9106203.0,4000000.0,3.572773362604118
0,32,20,9868719.0,4000000.0,3.9220079180400584
0,32,21,1.013997E7,4000000.0,4.039766787725371
0,32,22,8927748.0,4000000.0,3.486819317805483
0,32,23,9540837.0,4000000.0,3.7752648489983276
0,32,24,1.0159296E7,4000000.0,4.048036227313129
0,33,0,9092797.0,4166666.0,3.3890880661198493
0,33,1,1.0342549E7,4166666.0,3.948388983325538
0,33,2,1.0564029E7,4166666.0,4.040408959451531
0,33,3,9158692.0,4166666.0,3.4204476546221385
0,33,4,1.0028443E7,4166666.0,3.8144482158722255
0,33,5,1.0571861E7,4166666.0,4.043627555439635
0,33,6,9718732.0,4166666.0,3.6782091755243433
0,33,7,9089797.0,4166666.0,3.387654955467396
0,33,8,1.1155499E7,4166666.0,4.277003128109179
0,33,9,9604679.0,4166666.0,3.6269416599162434
0,33,10,9185947.0,4166666.0,3.433352465464789
0,33,11,1.2066312E7,4166666.0,4.6178586192604945
0,33,12,9846017.0,4166666.0,3.7347189248310104
0,33,13,9462018.0,4166666.0,3.5619508108895834
0,33,14,1.2194935E7,4166666.0,4.6639080102957235
0,33,15,9775363.0,4166666.0,3.7034420473157574
0,33,16,9069499.0,4166666.0,3.3779460845232605
0,33,17,1.1760443E7,4166666.0,4.506349925333939
0,33,18,9733078.0,4166666.0,3.684615149844484
0,33,19,9054074.0,4166666.0,3.3705535091178667
0,33,20,1.0070457E7,4166666.0,3.8326049059790703
0,33,21,1.0095334E7,4166666.0,3.8433200317154146
0,33,22,9011434.0,4166666.0,3.350052174644402
0,33,23,9526400.0,4166666.0,3.5914012416535943
0,34,0,1.0313491E7,4545454.0,3.5582842687405023
0,34,1,8982062.0,4545454.0,2.9579878145593175
0,34,2,1.0243287E7,4545454.0,3.528620740398499
0,34,3,1.0593403E7,4545454.0,3.6745822720152543
0,34,4,9242738.0,4545454.0,3.0822337538592635
0,34,5,1.0279388E7,4545454.0,3.5438999194166465
0,34,6,1.0281052E7,4545454.0,3.5446028868818025
0,34,7,9693167.0,4545454.0,3.288884280387969
0,34,8,9254783.0,4545454.0,3.087889730975209
0,34,9,1.1287213E7,4545454.0,3.950094535923599
0,34,10,9911897.0,4545454.0,3.3857951333500798
0,34,11,1.277966E7,4545454.0,4.489420326059331
0,34,12,1.1780365E7,4545454.0,4.135814796730219
0,34,13,1.0081454E7,4545454.0,3.4594590578494704
0,34,14,1.0386559E7,4545454.0,3.5889442536203466
0,34,15,1.0205275E7,4545454.0,3.51247445014954
0,34,16,9480021.0,4545454.0,3.1923203231928627
0,34,17,9187316.0,4545454.0,3.05611387235527
0,34,18,1.1405044E7,4545454.0,3.9951969803643497
0,34,19,9615074.0,4545454.0,3.2537536396321487
0,34,20,9036289.0,4545454.0,2.9841284508164407
0,34,21,1.0208465E7,4545454.0,3.5138317706685114
0,35,0,1.0137589E7,5263157.0,2.8468835478033117
0,35,1,8965392.0,5263157.0,2.3132295805254515
0,35,2,9477494.0,5263157.0,2.5544719293885114
0,35,3,1.0261107E7,5263157.0,2.899478911198428
0,35,4,9024765.0,5263157.0,2.341895767143856
0,35,5,9472085.0,5263157.0,2.5519926142370624
0,35,6,1.051847E7,5263157.0,3.007062474065693
0,35,7,9348735.0,5263157.0,2.4950652419155697
0,35,8,9408875.0,5263157.0,2.522913736086332
0,35,9,1.0494608E7,5263157.0,2.9971989601323856
0,35,10,9471252.0,5263157.0,2.551610667483269
0,35,11,9095223.0,5263157.0,2.3756702650369492
0,35,12,1.1464066E7,5263157.0,3.380923524646919
0,35,13,9696580.0,5263157.0,2.6537225966471434
0,35,14,9082932.0,5263157.0,2.3697973760770825
0,35,15,9880169.0,5263157.0,2.735180480283919
0,35,16,1.0026314E7,5263157.0,2.7989497632982334
0,35,17,9403550.0,5263157.0,2.5204551288861454
0,35,18,9509527.0,5263157.0,2.569125906268683
0,36,0,1.0351962E7,6250000.0,2.1914265177454126
0,36,1,8973011.0,6250000.0,1.5705818280815054
0,36,2,1.0250388E7,6250000.0,2.1486028737157787
0,36,3,1.088198E7,6250000.0,2.408279060363582
0,36,4,8930959.0,6250000.0,1.5501807827977139
0,36,5,1.1760108E7,6250000.0,2.7453129279644175
0,36,6,1.0709339E7,6250000.0,2.3388264886485257
0,36,7,9131991.0,6250000.0,1.6468545745701086
0,36,8,9490802.0,6250000.0,1.8142289576369381
0,36,9,1.0575889E7,6250000.0,2.2843686665258915
0,36,10,9277787.0,6250000.0,1.7156438039390356
0,36,11,9282077.0,6250000.0,1.7176514946856334
0,36,12,1.1448272E7,6250000.0,2.6285992195199843
0,36,13,9671533.0,6250000.0,1.8961530065550245
0,36,14,9058892.0,6250000.0,1.6119506469116898
0,36,15,1.0170919E7,6250000.0,2.1148017831191472
0,37,0,9927676.0,6666666.0,1.7293889755636074
0,37,1,9133039.0,6666666.0,1.3670661466590264
0,37,2,1.0492577E7,6666666.0,1.9697346745966746
0,37,3,1.0144539E7,6666666.0,1.8232361858538142
0,37,4,8806852.0,6666666.0,1.2091200052888178
0,37,5,9574711.0,6666666.0,1.5721697671853923
0,37,6,1.0778387E7,6666666.0,2.086450754496412
0,37,7,9067109.0,6666666.0,1.3356013910554374
0,37,8,1.0098173E7,6666666.0,1.8033410915968955
0,37,9,1.3337912E7,6666666.0,3.0117915021760213
0,37,10,1.1948682E7,6666666.0,2.5341130553537172
0,37,11,1.3437564E7,6666666.0,3.0441184819360476
0,37,12,1.0853812E7,6666666.0,2.1167359733410724
0,37,13,8943270.0,6666666.0,1.2758764491583765
0,37,14,1.1588141E7,6666666.0,2.401050733756237
0,38,0,9963608.0,6250000.0,2.025366153315317
0,38,1,9162838.0,6250000.0,1.6614999091383131
0,38,2,1.0654837E7,6250000.0,2.3166679282608666
0,38,3,1.006042E7,6250000.0,2.0673609457611906
0,38,4,9108423.0,6250000.0,1.6356317393368782
0,38,5,9639449.0,6250000.0,1.881721925858719
0,38,6,1.0235727E7,6250000.0,2.14238676833299
0,38,7,9237965.0,6250000.0,1.6969629515233042
0,38,8,9834571.0,6250000.0,1.9687540269203263
0,38,9,1.0493755E7,6250000.0,2.250509030680683
0,38,10,9356606.0,6250000.0,1.7523832468712643
0,38,11,1.0028542E7,6250000.0,2.053577803442006
0,38,12,1.0548643E7,6250000.0,2.2731657731170802
0,38,13,9202098.0,6250000.0,1.6800683673495151
0,38,14,1.0005007E7,6250000.0,2.0433737948225894
0,38,15,1.0417422E7,6250000.0,2.2188024003612528
0,39,0,9381327.0,5555555.0,2.2753682273439853
0,39,1,9042934.0,5555555.0,2.1158190968022037
0,39,2,1.1493392E7,5555555.0,3.1572076777649243
0,39,3,9404316.0,5555555.0,2.2859976221732174
0,39,4,8881361.0,5555555.0,2.0375207168734093
0,39,5,5.8299055E7,5555555.0,10.20934063641485
0,39,6,1.9800571E7,5555555.0,5.51950262964668
0,39,7,1.7104901E7,5555555.0,4.883931134450607
0,39,8,1.1955182E7,5555555.0,3.328287405273403
0,39,9,1.0526902E7,5555555.0,2.775731284301756
0,39,10,9455156.0,5555555.0,2.3094124716915845
0,39,11,9458486.0,5555555.0,2.3109417389154023
0,39,12,1.0221057E7,5555555.0,2.6476835876692024
0,39,13,9404445.0,5555555.0,2.286057194399337
0,39,14,9954346.0,5555555.0,2.5328528070921417
0,39,15,1.1850213E7,5555555.0,3.2899870511459923
0,39,16,1.4428368E7,5555555.0,4.144897591357765
0,39,17,1.1527901E7,5555555.0,3.1702278669449035
0,40,0,9979112.0,4761904.0,3.2131126115387616
0,40,1,9072190.0,4761904.0,2.7993150134829974
0,40,2,1.0141679E7,4761904.0,3.283292245509286
0,40,3,9811898.0,4761904.0,3.1397238905223017
0,40,4,8894948.0,4761904.0,2.7136277775632363
0,40,5,1.104078E7,4761904.0,3.6521912037959767
0,40,6,1.0007295E7,4761904.0,3.225360665424585
0,40,7,8920981.0,4761904.0,2.726319786264119
0,40,8,1.0369487E7,4761904.0,3.3797663569396503
0,40,9,1.0564241E7,4761904.0,3.460576643455042
0,40,10,8917291.0,4761904.0,2.7245230352547374
0,40,11,9296985.0,4761904.0,2.9056149447841872
0,40,12,1.0883737E7,4761904.0,3.5899740294905262
0,40,13,8802985.0,4761904.0,2.66849326054285
0,40,14,9626818.0,4761904.0,3.05702125550817
0,40,15,1.0114688E7,4761904.0,3.2717185518667287
0,40,16,9423939.0,4761904.0,2.9645183053831117
0,40,17,8954579.0,4761904.0,2.7426453650828297
0,40,18,1.0766238E7,4761904.0,3.5428334038287863
0,40,19,9318161.0,4761904.0,2.9154957417607825
0,40,20,8832191.0,4761904.0,2.682878165161655
0,41,0,9689737.0,4166666.0,3.665233007367174
0,41,1,9808743.0,4166666.0,3.718246668822867
0,41,2,8764381.0,4166666.0,3.2293255989125633
0,41,3,9261770.0,4166666.0,3.4690530304003047
0,41,4,1.0377943E7,4166666.0,3.963225922373972
0,41,5,9023750.0,4166666.0,3.355983660201256
0,41,6,1.0345531E7,4166666.0,3.9496409759261124
0,41,7,1.0185993E7,4166666.0,3.882146845839089
0,41,8,9427848.0,4166666.0,3.546238832167562
0,41,9,8994209.0,4166666.0,3.3417428632437196
0,41,10,1.2214463E7,4166666.0,4.670856894862197
0,41,11,9410760.0,4166666.0,3.538360090657453
0,41,12,8827676.0,4166666.0,3.2605769617833786
0,41,13,1.0755557E7,4166666.0,4.118442173924657
0,41,14,9657356.0,4166666.0,3.6506955233641043
0,41,15,8773276.0,4166666.0,3.2337310331707214
0,41,16,9281694.0,4166666.0,3.478385576452313
0,41,17,1.0119905E7,4166666.0,3.853877468082962
0,41,18,8773460.0,4166666.0,3.233822115848061
0,41,19,9441687.0,4166666.0,3.5526091029905076
0,41,20,1.0441355E7,4166666.0,3.9896817297204095
0,41,21,9501711.0,4166666.0,3.5801312816657154
0,41,22,1.0107012E7,4166666.0,3.8483409253527756
0,41,23,1.0173196E7,4166666.0,3.8766872303142845
0,42,0,9189478.0,4000000.0,3.6123085105290134
0,42,1,8750215.0,4000000.0,3.3995873279909032
0,42,2,9649851.0,4000000.0,3.824606162772413
0,42,3,9894710.0,4000000.0,3.933430788420045
0,42,4,8790223.0,4000000.0,3.4193990154341867
0,42,5,9190030.0,4000000.0,3.612569377744918
0,42,6,1.0392436E7,4000000.0,4.146573673318944
0,42,7,8795249.0,4000000.0,3.421881478373457
0,42,8,1.1356389E7,4000000.0,4.531802690369522
0,42,9,1.3900109E7,4000000.0,5.40958214531379
0,42,10,1.3032686E7,4000000.0,5.129739404830414
0,42,11,1.1939378E7,4000000.0,4.749217108251812
0,42,12,1.0077622E7,4000000.0,4.01298073111225
0,42,13,9175661.0,4000000.0,3.6057736860568013
0,42,14,1.0668021E7,4000000.0,4.260238705994322
0,42,15,1.001807E7,4000000.0,3.987240706140261
0,42,16,9056175.0,4000000.0,3.548848148307223
0,42,17,1.0173048E7,4000000.0,4.053911023279453
0,42,18,1.0083856E7,4000000.0,4.015666438862909
0,42,19,9035589.0,4000000.0,3.538964767048269
0,42,20,9708139.0,4000000.0,3.8507599455410397
0,42,21,1.0677841E7,4000000.0,4.264234583146674
0,42,22,9241393.0,4000000.0,3.636774481406077
0,42,23,1.0452537E7,4000000.0,4.171617222173686
0,42,24,1.057234E7,4000000.0,4.221111300016964
0,43,0,9140589.0,4166666.0,3.4118549284154036
0,43,1,1.0310712E7,4166666.0,3.9349996746133824
0,43,2,1.0755232E7,4166666.0,4.118310941447197
0,43,3,9310403.0,4166666.0,3.491797909865455
0,43,4,9967375.0,4166666.0,3.7879210911724503
0,43,5,1.040928E7,4166666.0,3.9763200201175994
0,43,6,9539257.0,4166666.0,3.597258606023713
0,43,7,9055365.0,4166666.0,3.371172715684218
0,43,8,1.096477E7,4166666.0,4.202108374285524
0,43,9,9651328.0,4166666.0,3.647983865519413
0,43,10,9037308.0,4166666.0,3.362503948981312
0,43,11,9912031.0,4166666.0,3.763739628302432
0,43,12,9978571.0,4166666.0,3.7927966298208164
0,43,13,9121487.0,4166666.0,3.402769547083256
0,43,14,9635649.0,4166666.0,3.6409228266829414
0,43,15,1.0351185E7,4166666.0,3.9520138171650467
0,43,16,8892970.0,4166666.0,3.29258138445638
0,43,17,1.0272924E7,4166666.0,3.9190538637578207
0,43,18,1.0509875E7,4166666.0,4.018088619431395
0,43,19,9169738.0,4166666.0,3.4256823827771465
0,43,20,1.1156871E7,4166666.0,4.277537228278657
0,43,21,1.040853E7,4166666.0,3.9760070949236734
0,43,22,9231363.0,4166666.0,3.4547714003361234
0,43,23,1.1209735E7,4166666.0,4.298066571212626
0,44,0,1.0419018E7,4545454.0,3.60249521260123
0,44,1,9125488.0,4545454.0,3.0267883127595185
0,44,2,1.1183735E7,4545454.0,3.9100960079898828
0,44,3,1.4849476E7,4545454.0,5.141338617204985
0,44,4,1.3257403E7,4545454.0,4.648811911517675
0,44,5,1.4128437E7,4545454.0,4.925168523359231
0,44,6,9715076.0,4545454.0,3.298689353258984
0,44,7,9284035.0,4545454.0,3.1015950197672835
0,44,8,1.0363865E7,4545454.0,3.5794448015591644
0,44,9,9533232.0,4545454.0,3.216628950453831
0,44,10,9207391.0,4545454.0,3.065593191798137
0,44,11,1.1093533E7,4545454.0,3.8749261254491136
0,44,12,9731609.0,4545454.0,3.3060738431082615
0,44,13,8958989.0,4545454.0,2.9468173629449854
0,44,14,9985897.0,4545454.0,3.418098151290663
0,44,15,1.0095008E7,4545454.0,3.465294003830774
0,44,16,8801822.0,4545454.0,2.8699531447878384
0,44,17,1.1098458E7,4545454.0,3.8768537581328943
0,44,18,1.0331689E7,4545454.0,3.565940576923407
0,44,19,8947283.0,4545454.0,2.9411390710823437
0,44,20,9599298.0,4545454.0,3.2466220703192583
0,44,21,1.1227565E7,4545454.0,3.927083109505993
0,45,0,9132892.0,5263157.0,2.393619967600108
0,45,1,9692976.0,5263157.0,2.652108121998209
0,45,2,1.0675724E7,5263157.0,3.0715101220761856
0,45,3,9120857.0,5263157.0,2.3878932154166996
0,45,4,1.0347812E7,5263157.0,2.9360220459699304
0,45,5,1.0725447E7,5263157.0,3.0916907592758673
0,45,6,9834161.0,5263157.0,2.7149098884881777
0,45,7,1.1011546E7,5263157.0,3.206019721500918
0,45,8,1.0692827E7,5263157.0,3.078462151823161
0,45,9,9616530.0,5263157.0,2.6177206556181885
0,45,10,1.0546628E7,5263157.0,3.018673026558696
0,45,11,1.0804688E7,5263157.0,3.1236590534184208
0,45,12,9279646.0,5263157.0,2.462850838488499
0,45,13,1.0586515E7,5263157.0,3.0350669198565057
0,45,14,1.0521428E7,5263157.0,3.008283623603522
0,45,15,9377784.0,5263157.0,2.508539001266079
0,45,16,9119231.0,5263157.0,2.38711891780427
0,45,17,1.0771956E7,5263157.0,3.1104824557173587
0,45,18,9870661.0,5263157.0,2.730999114485202
0,46,0,9045735.0,6250000.0,1.605638433460067
0,46,1,1.1815229E7,6250000.0,2.765621260997724
0,46,2,9773175.0,6250000.0,1.941556580407577
0,46,3,9170397.0,6250000.0,1.6650811998104007
0,46,4,1.1669091E7,6250000.0,2.7115700930457596
0,46,5,1.0226651E7,6250000.0,2.1385341789846373
0,46,6,9039682.0,6250000.0,1.602731356894327
0,46,7,1.1926547E7,6250000.0,2.8063470663544265
0,46,8,1.3768775E7,6250000.0,3.4301528570108557
0,46,9,9691800.0,6250000.0,1.9052442611225342
0,46,10,1.0973658E7,6250000.0,2.4447140370394997
0,46,11,9849189.0,6250000.0,1.975204540342121
0,46,12,1.1695447E7,6250000.0,2.7213680785398644
0,46,13,1.0949111E7,6250000.0,2.4349884124138095
0,46,14,9131344.0,6250000.0,1.6465468667720429
0,46,15,1.3610719E7,6250000.0,3.380010505105951
0,47,0,1.2249294E7,6666666.0,2.642023609211938
0,47,1,1.0737526E7,6666666.0,2.0699553093261276
0,47,2,9953683.0,6666666.0,1.740751079163442
0,47,3,1.014666E7,6666666.0,1.8241441051931018
0,47,4,8887150.0,6666666.0,1.2485381286860577
0,47,5,9300486.0,6666666.0,1.445969458351331
0,47,6,1.0429067E7,6666666.0,1.943367600127334
0,47,7,9029005.0,6666666.0,1.317311960080854
0,47,8,1.0312022E7,6666666.0,1.8943513336930775
0,47,9,1.0939903E7,6666666.0,2.1510477377399657
0,47,10,9046653.0,6666666.0,1.3257923500638682
0,47,11,1.1268608E7,6666666.0,2.2796157387673435
0,47,12,1.0103922E7,6666666.0,1.8058128738985428
0,47,13,9707813.0,6666666.0,1.6321270448265668
0,47,14,9991395.0,6666666.0,1.7571743120225471
0,48,0,1.0218048E7,6250000.0,2.1348792113587156
0,48,1,8966748.0,6250000.0,1.567549472462164
0,48,2,9010498.0,6250000.0,1.5886877726152937
0,48,3,1.0969466E7,6250000.0,2.4430546903664494
0,48,4,1.040811E7,6250000.0,2.2149185615378233
0,48,5,8617753.0,6250000.0,1.3951402494084513
0,48,6,1.0957644E7,6250000.0,2.4383716930516757
0,48,7,9690003.0,6250000.0,1.9044389416316523
0,48,8,8578571.0,6250000.0,1.375349326839487
0,48,9,9179276.0,6250000.0,1.6692841095906155
0,48,10,1.1420443E7,6250000.0,2.6180293321408805
0,48,11,1.2640722E7,6250000.0,3.058918629045808
0,48,12,9765693.0,6250000.0,1.9382305008492065
0,48,13,1.0370263E7,6250000.0,2.199097533169397
0,48,14,8581988.0,6250000.0,1.377078855888367
0,48,15,9451090.0,6250000.0,1.796018815023904
0,49,0,1.0359663E7,5555555.0,2.7061817656543807
0,49,1,8994399.0,5555555.0,2.092446979037404
0,49,2,1.028102E7,5555555.0,2.67308752530179
0,49,3,1.0801277E7,5555555.0,2.887476522852773
0,49,4,9088452.0,5555555.0,2.1376246639622014
0,49,5,1.0533242E7,5555555.0,2.7783461069719566
0,49,6,1.0503613E7,5555555.0,2.766112605611786
0,49,7,9389882.0,5555555.0,2.27932683176837
0,49,8,8916058.0,5555555.0,2.054454334865399
0,49,9,1.0832493E7,5555555.0,2.9000096559644044
0,49,10,9595680.0,5555555.0,2.373483050699559
0,49,11,8864593.0,5555555.0,2.0293134916774
0,49,12,1.1701432E7,5555555.0,3.235115617013491
0,49,13,1.2656257E7,5555555.0,3.575778336298327
0,49,14,1.1768205E7,5555555.0,3.2598277364935275
0,49,15,1.0471091E7,5555555.0,2.752644824174351
0,49,16,1.0024484E7,5555555.0,2.5633457553868033
0,49,17,1.0018933E7,5555555.0,2.5609402087370676
0,50,0,1.0696899E7,4545454.0,3.7168062815746956
0,50,1,9664040.0,4545454.0,3.275814517873816
0,50,2,8992318.0,4545454.0,2.9629438961485355
0,50,3,1.1475197E7,4545454.0,4.021828829445402
0,50,4,9944730.0,4545454.0,3.4001572943752887
0,50,5,8990717.0,4545454.0,2.9621706056918757
0,50,6,1.1676281E7,4545454.0,4.097272710590174
0,50,7,1.0075142E7,4545454.0,3.4567390878114965
0,50,8,9093820.0,4545454.0,3.01169086613498
0,50,9,9902532.0,4545454.0,3.381689874373532
0,50,10,9914445.0,4545454.0,3.386911408198947
0,50,11,9013907.0,4545454.0,2.9733580590978423
0,50,12,9411439.0,4545454.0,3.160787646517238
0,50,13,1.01697E7,4545454.0,3.4973087462467074
0,50,14,9208053.0,4545454.0,3.065905432922646
0,50,15,1.0086956E7,4545454.0,3.4618285934734576
0,50,16,1.0923662E7,4545454.0,3.8079098667127442
0,50,17,9487351.0,4545454.0,3.1956770124704557
0,50,18,1.0382522E7,4545454.0,3.5872559296684843
0,50,19,1.0774935E7,4545454.0,3.748373918885094
0,50,20,9224539.0,4545454.0,3.073674042717503
0,50,21,1.0135351E7,4545454.0,3.482615263931725
0,51,0,1.1437923E7,4166666.0,4.385584797524783
0,51,1,9189741.0,4166666.0,3.435145827746249
0,51,2,1.0367775E7,4166666.0,3.958968748295357
0,51,3,1.0445621E7,4166666.0,3.991455754151291
0,51,4,9357890.0,4166666.0,3.5138924704593677
0,51,5,9120403.0,4166666.0,3.402253399667679
0,51,6,1.1243311E7,4166666.0,4.311055350012298
0,51,7,9787492.0,4166666.0,3.7088273128569655
0,51,8,9033877.0,4166666.0,3.3608548436400576
0,51,9,1.001078E7,4166666.0,3.8067922848809035
0,51,10,1.0140592E7,4166666.0,3.8627462071561407
0,51,11,8881262.0,4166666.0,3.2868599327171055
0,51,12,9848266.0,4166666.0,3.7357108150095413
0,51,13,1.0029017E7,4166666.0,3.8146967867607433
0,51,14,8843282.0,4166666.0,3.268247854834712
0,51,15,1.0078892E7,4166666.0,3.8362410275915804
0,51,16,1.0651114E7,4166666.0,4.076063442083609
0,51,17,9116902.0,4166666.0,3.400585976767398
0,51,18,1.032542E7,4166666.0,3.9411903738407723
0,51,19,1.0492791E7,4166666.0,4.011023336799932
0,51,20,9232395.0,4166666.0,3.455256883200219
0,51,21,1.1241281E7,4166666.0,4.310271152726744
0,51,22,1.0525574E7,4166666.0,4.024571000993328
0,51,23,9132661.0,4166666.0,3.408086483427715
0,52,0,1.1062894E7,4000000.0,4.418087598562286
0,52,1,1.0765316E7,4000000.0,4.2996679109369556
0,52,2,9128692.0,4000000.0,3.5834856299962476
0,52,3,1.5504804E7,4000000.0,5.884062892578644
0,52,4,1.3383429E7,4000000.0,5.245074079773071
0,52,5,9052761.0,4000000.0,3.547210634784857
0,52,6,1.1254002E7,4000000.0,4.492469966704705
0,52,7,9800596.0,4000000.0,3.891924957564406
0,52,8,9500624.0,4000000.0,3.7569213931424272
0,52,9,1.1639473E7,4000000.0,4.63873325895424
0,52,10,9907014.0,4000000.0,3.9388278538402406
0,52,11,8782120.0,4000000.0,3.4153937573575757
0,52,12,1.0070509E7,4000000.0,4.009914305965307
0,52,13,1.0513713E7,4000000.0,4.196961262833467
0,52,14,8966239.0,4000000.0,3.5055031971282875
0,52,15,9443114.0,4000000.0,3.7305524131828434
0,52,16,1.0428345E7,4000000.0,4.161553991312937
0,52,17,9310695.0,4000000.0,3.6692210892291484
0,52,18,1.0395685E7,4000000.0,4.147931201287145
0,52,19,1.0562115E7,4000000.0,4.216909004359058
0,52,20,9177087.0,4000000.0,3.606448575650927
0,52,21,1.1002127E7,4000000.0,4.3941666247255675
0,52,22,1.0482589E7,4000000.0,4.184085670402554
0,52,23,9107147.0,4000000.0,3.5732235532513994
0,52,24,9037924.0,4000000.0,3.5400869369561185
0,53,0,1.0604976E7,4166666.0,4.057210012055423
0,53,1,9758915.0,4166666.0,3.696128465184407
0,53,2,9166576.0,4166666.0,3.42418454720846
0,53,3,1.1908248E7,4166666.0,4.560591818417041
0,53,4,9734119.0,4166666.0,3.685079624063441
0,53,5,8885154.0,4166666.0,3.2887627071997096
0,53,6,9563229.0,4166666.0,3.608158666660077
0,53,7,1.0054762E7,4166666.0,3.825831063393469
0,53,8,8913611.0,4166666.0,3.302649882632474
0,53,9,9599799.0,4166666.0,3.6247345110238816
0,53,10,1.0337943E7,4166666.0,3.946454444808058
0,53,11,9050073.0,4166666.0,3.368633935386629
0,53,12,1.0283098E7,4166666.0,3.9233528593705698
0,53,13,1.0187312E7,4166666.0,3.882709184077711
0,53,14,9561095.0,4166666.0,3.6071894460714398
0,53,15,8950733.0,4166666.0,3.320699135336463
0,53,16,1.0926317E7,4166666.0,4.1868510753779455
0,53,17,9674609.0,4166666.0,3.6584473320246302
0,53,18,9068443.0,4166666.0,3.37744038771002
0,53,19,1.4985633E7,4166666.0,5.558864036656331
0,53,20,1.4517547E7,4166666.0,5.421045519180466
0,53,21,2.7614746E7,4166666.0,8.213523641429722
0,53,22,1.3846662E7,4166666.0,5.215564023102175
0,53,23,1.0720644E7,4166666.0,4.104321858507856
0,54,0,1.0480102E7,4761904.0,3.425848737601222
0,54,1,1.0154178E7,4761904.0,3.2886413642141976
0,54,2,1.0373146E7,4761904.0,3.381298547694571
0,54,3,8840338.0,4761904.0,2.6868823429391666
0,54,4,9288290.0,4761904.0,2.901551307527642
0,54,5,1.0288978E7,4761904.0,3.3459160283153673
0,54,6,9053022.0,4761904.0,2.790129399838921
0,54,7,1.1116957E7,4761904.0,3.6820529004942526
0,54,8,1.0468129E7,4761904.0,3.420884300844689
0,54,9,9088992.0,4761904.0,2.8073508538449623
0,54,10,1.14245E7,4761904.0,3.8005656622396513
0,54,11,1.0314834E7,4761904.0,3.356816073431934
0,54,12,8981306.0,4761904.0,2.755588576091733
0,54,13,9053849.0,4761904.0,2.7905261128179704
0,54,14,1.2092096E7,4761904.0,4.047209506349229
0,54,15,9636975.0,4761904.0,3.0616009657048675
0,54,16,9060701.0,4761904.0,2.7938116329461837
0,54,17,1.1801349E7,4761904.0,3.9415101811785376
0,54,18,9826187.0,4761904.0,3.146043890610964
0,54,19,9000780.0,4761904.0,2.7649951088454223
0,54,20,1.1886941E7,4761904.0,3.97289471342234
0,55,0,9788577.0,5555555.0,2.459921100022815
0,55,1,9090670.0,5555555.0,2.1386844127945617
0,55,2,1.1940643E7,5555555.0,3.323002625817959
0,55,3,9667456.0,5555555.0,2.405847526550833
0,55,4,9387886.0,5555555.0,2.2784035571926657
0,55,5,1.1656591E7,5555555.0,3.2184410698686934
0,55,6,9949852.0,5555555.0,2.5308916937281802
0,55,7,8911303.0,5555555.0,2.0521375922915306
0,55,8,1.1925383E7,5555555.0,3.3174488443069468
0,55,9,1.0292923E7,5555555.0,2.6781127242098037
0,55,10,8941624.0,5555555.0,2.066889521369611
0,55,11,9949918.0,5555555.0,2.530920501534306
0,55,12,1.0066782E7,5555555.0,2.5816321243348805
0,55,13,9322264.0,5555555.0,2.247939462196204
0,55,14,9628131.0,5555555.0,2.3881453917086395
0,55,15,1.0278281E7,5555555.0,2.671930353087646
0,55,16,9130388.0,5555555.0,2.1576178200117946
0,55,17,1.0118665E7,5555555.0,2.603957664339351
0,56,0,1.1186368E7,6250000.0,2.528090849483948
0,56,1,8964759.0,6250000.0,1.566586015539053
0,56,2,1.038489E7,6250000.0,2.2052188336854304
0,56,3,1.0464101E7,6250000.0,2.2382190548731944
0,56,4,9478431.0,6250000.0,1.8085643555970825
0,56,5,1.119025E7,6250000.0,2.529597718123045
0,56,6,1.0373043E7,6250000.0,2.2002616086228652
0,56,7,9139160.0,6250000.0,1.6502626327713008
0,56,8,9039344.0,6250000.0,1.6025689681296886
0,56,9,1.0266934E7,6250000.0,2.1556075286657106
0,56,10,1.1032087E7,6250000.0,2.4677766072137426
0,56,11,1.5154094E7,6250000.0,3.846499594821421
0,56,12,1.339655E7,6250000.0,3.311129520001424
0,56,13,9328114.0,6250000.0,1.7391382766824834
0,56,14,9773390.0,6250000.0,1.9416521197656302
0,56,15,1.026411E7,6250000.0,2.1544128036194548
0,57,0,8969171.0,6666666.0,1.2884360653665217
0,57,1,9463213.0,6666666.0,1.5212991787833712
0,57,2,1.0445411E7,6666666.0,1.9501683550613649
0,57,3,9364874.0,6666666.0,1.4759324100654883
0,57,4,1.0216764E7,6666666.0,1.854046640875913
0,57,5,1.0498721E7,6666666.0,1.9722769712883905
0,57,6,9133873.0,6666666.0,1.3674627124257623
0,57,7,9837215.0,6666666.0,1.6896346582223578
0,57,8,1.0465504E7,6666666.0,1.9585145051084054
0,57,9,9429524.0,6666666.0,1.5058107269955543
0,57,10,8918679.0,6666666.0,1.2639183561732816
0,57,11,1.0628707E7,6666666.0,2.0257173757098483
0,57,12,9645642.0,6666666.0,1.6042244144049846
0,57,13,8870516.0,6666666.0,1.2404018606372145
0,57,14,1.086637E7,6666666.0,2.1217579116576597
0,58,0,9985416.0,6250000.0,2.0348614527687428
0,58,1,8665991.0,6250000.0,1.4193821632123595
0,58,2,9790916.0,6250000.0,1.9494330726150282
0,58,3,1.0373619E7,6250000.0,2.2005027593406448
0,58,4,8861161.0,6250000.0,1.5161061005771137
0,58,5,9183411.0,6250000.0,1.6712400408908916
0,58,6,9960758.0,6250000.0,2.0241237155063887
0,58,7,8955052.0,6250000.0,1.5618809469999135
0,58,8,8496963.0,6250000.0,1.3338370977908376
0,58,9,9609843.0,6250000.0,1.8683627513293706
0,58,10,9798871.0,6250000.0,1.952960229692786
0,58,11,8864891.0,6250000.0,1.5179338267300198
0,58,12,9845849.0,6250000.0,1.9737315362448835
0,58,13,1.002131E7,6250000.0,2.050444794949638
0,58,14,8481830.0,6250000.0,1.3260954637006586
0,58,15,1.0336474E7,6250000.0,2.184923992187358
0,59,0,9744094.0,5263157.0,2.674951396739538
0,59,1,9038749.0,5263157.0,2.3486200127675954
0,59,2,8302040.0,5263157.0,1.9793849630159954
0,59,3,9669130.0,5263157.0,2.6414107407820047
0,59,4,9745283.0,5263157.0,2.675481301969063
0,59,5,8367641.0,5263157.0,2.013567140088299
0,59,6,9408987.0,5263157.0,2.5229654326945585
0,59,7,1.0360348E7,5263157.0,2.941280182173431
0,59,8,8725916.0,5263157.0,2.1956470271950295
0,59,9,1.3321317E7,5263157.0,4.033008378723064
0,59,10,1.0737524E7,5263157.0,3.096578223375315
0,59,11,9821475.0,5263157.0,2.709303902945479
0,59,12,9302486.0,5263157.0,2.473526998750368
0,59,13,1.0599993E7,5263157.0,3.0405925324932994
0,59,14,9111989.0,5263157.0,2.3836686157363114
0,59,15,8519434.0,5263157.0,2.091644175728417
0,59,16,1.0384802E7,5263157.0,2.951518953336327
0,59,17,9410939.0,5263157.0,2.523866331913519
0,59,18,8552865.0,5263157.0,2.10865291881847
0,60,0,9050282.0,4545454.0,2.990848446439465
0,60,1,9814379.0,4545454.0,3.342855579733633
0,60,2,8634490.0,4545454.0,2.7865942380143585
0,60,3,1.1296025E7,4545454.0,3.9534837781294865
0,60,4,1.0250575E7,4545454.0,3.5317096050717725
0,60,5,8971016.0,4545454.0,2.9526436418748956
0,60,6,1.1170875E7,4545454.0,3.905099251031585
0,60,7,1.0111941E7,4545454.0,3.4725725991134118
0,60,8,8933813.0,4545454.0,2.934595906415252
0,60,9,8586310.0,4545454.0,2.7622929712510857
0,60,10,1.0380412E7,4545454.0,3.5863732400062522
0,60,11,9161597.0,4545454.0,3.0439391706768486
0,60,12,8535919.0,4545454.0,2.73673018217604
0,60,13,9252337.0,4545454.0,3.0867417573208304
0,60,14,1.008706E7,4545454.0,3.4618733705035916
0,60,15,8483856.0,4545454.0,2.7101602138460135
0,60,16,1.0382374E7,4545454.0,3.587194021741449
0,60,17,1.0334428E7,4545454.0,3.567091768115151
0,60,18,8814547.0,4545454.0,2.876227307463923
0,60,19,8683142.0,4545454.0,2.8109963626497914
0,60,20,1.0737733E7,4545454.0,3.733353337131811
0,60,21,9445071.0,4545454.0,3.1762795986372354
0,61,0,8513746.0,4166666.0,3.10332000445543
0,61,1,1.0312341E7,4166666.0,3.9356857667380476
0,61,2,1.0173269E7,4166666.0,3.8767183939559087
0,61,3,8544263.0,4166666.0,3.1188591905863525
0,61,4,8822972.0,4166666.0,3.25826212179423
0,61,5,9869861.0,4166666.0,3.7452234762134773
0,61,6,9116571.0,4166666.0,3.4004282981139387
0,61,7,1.097939E7,4166666.0,4.207895231713526
0,61,8,1.0070098E7,4166666.0,3.8324500823220067
0,61,9,8980590.0,4166666.0,3.335161807532506
0,61,10,9029000.0,4166666.0,3.3585096422198064
0,61,11,1.1024395E7,4166666.0,4.225660766518923
0,61,12,9520835.0,4166666.0,3.588863499182773
0,61,13,9030033.0,4166666.0,3.3590064863202573
0,61,14,9970697.0,4166666.0,3.789368298587724
0,61,15,1.0374725E7,4166666.0,3.9618790501029313
0,61,16,8934604.0,4166666.0,3.3128661964352046
0,61,17,9381161.0,4166666.0,3.5246790061101896
0,61,18,1.0391147E7,4166666.0,3.968747998797766
0,61,19,8979938.0,4166666.0,3.3348464938598505
0,61,20,1.0437128E7,4166666.0,3.9879232084714413
0,61,21,1.0701138E7,4166666.0,4.0964127587837496
0,61,22,9056654.0,4166666.0,3.3717908749166243
0,61,23,1.0499473E7,4166666.0,4.013788122747827
0,62,0,1.2023593E7,4000000.0,4.7797427558174945
0,62,1,1.4801849E7,4000000.0,5.682559781440348
0,62,2,1.1689532E7,4000000.0,4.6573713284618625
0,62,3,1.0385184E7,4000000.0,4.143542042448176
0,62,4,8974072.0,4000000.0,3.5092955827707817
0,62,5,9898193.0,4000000.0,3.934959263243654
0,62,6,1.0202719E7,4000000.0,4.066559342904177
0,62,7,8906215.0,4000000.0,3.476331836561664
0,62,8,9341501.0,4000000.0,3.683566733006905
0,62,9,1.0518883E7,4000000.0,4.199096332148413
0,62,10,9206723.0,4000000.0,3.6204508552818453
0,62,11,1.0104977E7,4000000.0,4.0247533802415685
0,62,12,1.097035E7,4000000.0,4.381604922762723
0,62,13,9044771.0,4000000.0,3.5433758432388447
0,62,14,1.0257816E7,4000000.0,4.089949132963559
0,62,15,1.0815769E7,4000000.0,4.319974118353679
0,62,16,9137686.0,4000000.0,3.587762389062436
0,62,17,9363204.0,4000000.0,3.693644943136985
0,62,18,1.0467551E7,4000000.0,4.177850942099529
0,62,19,9530566.0,4000000.0,3.7705870189982122
0,62,20,9033953.0,4000000.0,3.5381783544492835
0,62,21,1.1538405E7,4000000.0,4.60085787372707
0,62,22,1.2232591E7,4000000.0,4.854584638950089
0,62,23,1.4209733E7,4000000.0,5.505259263098472
0,62,24,1.1266118E7,4000000.0,4.497143043447131
0,63,0,1.1743851E7,4166666.0,4.50021843698491
0,63,1,1.1469551E7,4166666.0,4.397577280503769
0,63,2,1.02365E7,4166666.0,3.903628019677654
0,63,3,8917328.0,4166666.0,3.3044605249240737
0,63,4,9369643.0,4166666.0,3.5193435501247166
0,63,5,1.048858E7,4166666.0,4.009280062647017
0,63,6,9204028.0,4166666.0,3.441892423847083
0,63,7,1.0080326E7,4166666.0,3.836858887161431
0,63,8,1.0476709E7,4166666.0,4.004361923578543
0,63,9,9109866.0,4166666.0,3.397233000390616
0,63,10,1.1370823E7,4166666.0,4.3600321048834765
0,63,11,1.0811595E7,4166666.0,4.141010799531712
0,63,12,9289016.0,4166666.0,3.4818102213487885
0,63,13,1.0348048E7,4166666.0,3.950697457471757
0,63,14,1.1140659E7,4166666.0,4.271221924851511
0,63,15,9156483.0,4166666.0,3.4194000462698555
0,63,16,1.0692601E7,4166666.0,4.0929467239884305
0,63,17,1.0672657E7,4166666.0,4.084838634057643
0,63,18,1.4475371E7,4166666.0,5.40841014595646
0,63,19,1.1869552E7,4166666.0,4.546456386116501
0,63,20,1.1468001E7,4166666.0,4.396990333432892
0,63,21,9118653.0,4166666.0,3.4014200063762026
0,63,22,9904005.0,4166666.0,3.760221621267768
0,63,23,1.0223484E7,4166666.0,3.8981023284170617
0,64,0,8850444.0,4761904.0,2.6918442270566025
0,64,1,9706756.0,4761904.0,3.092934770649602
0,64,2,1.0363712E7,4761904.0,3.3773469997552112
0,64,3,9095987.0,4761904.0,2.81069195206756
0,64,4,1.0521075E7,4761904.0,3.442794807227911
0,64,5,1.0548708E7,4761904.0,3.4541863496078697
0,64,6,1.0008226E7,4761904.0,3.2257646800519764
0,64,7,1.0361703E7,4761904.0,3.3765050406273707
0,64,8,1.0482158E7,4761904.0,3.426700658584605
0,64,9,9339085.0,4761904.0,2.925236923872168
0,64,10,1.0178052E7,4761904.0,3.2988402958867438
0,64,11,1.0497618E7,4761904.0,3.433101293086653
0,64,12,9544783.0,4761904.0,3.0198542340710715
0,64,13,9154015.0,4761904.0,2.8383098395880406
0,64,14,1.0890657E7,4761904.0,3.5927344442381877
0,64,15,9633182.0,4761904.0,3.0598912972355006
0,64,16,9061367.0,4761904.0,2.7941308461011922
0,64,17,9989993.0,4761904.0,3.217845481364699
0,64,18,1.007279E7,4761904.0,3.2536914398825534
0,64,19,9094151.0,4761904.0,2.8098152520980686
0,64,20,1.0383524E7,4761904.0,3.3856413526905174
0,65,0,1.0419273E7,5555555.0,2.7310996585488794
0,65,1,8997556.0,5555555.0,2.0939710687691084
0,65,2,9661178.0,5555555.0,2.403026322679656
0,65,3,1.0651326E7,5555555.0,2.8267622566298383
0,65,4,9490014.0,5555555.0,2.325394016469049
0,65,5,1.0141129E7,5555555.0,2.6135885571703277
0,65,6,1.0787683E7,5555555.0,2.882007245993437
0,65,7,9184559.0,5555555.0,2.183308568648949
0,65,8,1.1013188E7,5555555.0,2.971856014189604
0,65,9,1.056439E7,5555555.0,2.7911697398335122
0,65,10,9281506.0,5555555.0,2.22890998288753
0,65,11,1.0113732E7,5555555.0,2.601839897747799
0,65,12,1.1127074E7,5555555.0,3.0165352484244674
0,65,13,9752104.0,5555555.0,2.4437087264280306
0,65,14,9322253.0,5555555.0,2.2479343376447867
0,65,15,1.0436641E7,5555555.0,2.738332933777503
0,65,16,9690185.0,5555555.0,2.416046169882895
0,65,17,8934783.0,5555555.0,2.063565577474474
0,66,0,1.0342251E7,6250000.0,2.1873505627686933
0,66,1,9689301.0,6250000.0,1.9041243021312562
0,66,2,9045285.0,6250000.0,1.6054223787357929
0,66,3,1.05731E7,6250000.0,2.283223224238273
0,66,4,1.0280017E7,6250000.0,2.161138155058517
0,66,5,8833784.0,6250000.0,1.5026675852068405
0,66,6,9354066.0,6250000.0,1.7512041251477786
0,66,7,1.0508025E7,6250000.0,2.2564108001597303
0,66,8,9258057.0,6250000.0,1.7063983297496375
0,66,9,1.026538E7,6250000.0,2.154950132109077
0,66,10,1.4387978E7,6250000.0,3.621197477430498
0,66,11,1.6639958E7,6250000.0,4.252722084332705
0,66,12,1.1296356E7,6250000.0,2.570583531907882
0,66,13,9738189.0,6250000.0,1.925981817896603
0,66,14,1.0448216E7,6250000.0,2.2316212501709427
0,66,15,1.03093E7,6250000.0,2.173491604071343
0,67,0,9270853.0,6666666.0,1.4321099737936602
0,67,1,1.1073325E7,6666666.0,2.2036934904863132
0,67,2,1.0538885E7,6666666.0,1.9888596801419214
0,67,3,9164809.0,6666666.0,1.3821472092571256
0,67,4,1.0096006E7,6666666.0,1.8024090248405333
0,67,5,1.0368039E7,6666666.0,1.9178792463944083
0,67,6,9502197.0,6666666.0,1.5391533247550129
0,67,7,9030183.0,6666666.0,1.3178785402619873
0,67,8,1.1431262E7,6666666.0,2.3418548120773828
0,67,9,9934265.0,6666666.0,1.7322704325634375
0,67,10,8918248.0,6666666.0,1.2637084759380404
0,67,11,9952939.0,6666666.0,1.740426448400185
0,67,12,1.0190694E7,6666666.0,1.8429506353840022
0,67,13,9090015.0,6666666.0,1.3465590236406866
0,67,14,9561930.0,6666666.0,1.5663686251787752
0,68,0,1.0199184E7,6250000.0,2.1268540946947363
0,68,1,9057571.0,6250000.0,1.6113172970004945
0,68,2,9445273.0,6250000.0,1.7933449765915759
0,68,3,1.0823365E7,6250000.0,2.3848228720948974
0,68,4,9242573.0,6250000.0,1.6991287207385553
0,68,5,1.0260474E7,6250000.0,2.1528740686538943
0,68,6,1.069035E7,6250000.0,2.3311190681515774
0,68,7,9282013.0,6250000.0,1.717621549940869
0,68,8,9714330.0,6250000.0,1.9153283521529412
0,68,9,1.0631949E7,6250000.0,2.3073286734457894
0,68,10,9289635.0,6250000.0,1.721186330758295
0,68,11,9059542.0,6250000.0,1.612262253768395
0,68,12,1.1805554E7,6250000.0,2.7620635471426063
0,68,13,9630217.0,6250000.0,1.8775605595291802
0,68,14,8943295.0,6250000.0,1.556175391109052
0,68,15,9829269.0,6250000.0,1.9664120332925785
0,69,0,1.0223818E7,5263157.0,2.8836678454291516
0,69,1,8876123.0,5263157.0,2.269769865775629
0,69,2,9582245.0,5263157.0,2.6022094554086213
0,69,3,1.028165E7,5263157.0,2.9081649064771673
0,69,4,9091883.0,5263157.0,2.3740751310053296
0,69,5,9579052.0,5263157.0,2.6007620562126768
0,69,6,1.0522295E7,5263157.0,3.0086414816840747
0,69,7,1.32042E7,5263157.0,3.994657686173726
0,69,8,1.2184278E7,5263157.0,3.6455347421204953
0,69,9,1.122324E7,5263157.0,3.288719248397831
0,69,10,8894231.0,5263157.0,2.2786207949133046
0,69,11,9765155.0,5263157.0,2.684328159152649
0,69,12,1.0311915E7,5263157.0,2.9209299930055717
0,69,13,9060586.0,5263157.0,2.3590996168005707
0,69,14,9601475.0,5263157.0,2.6109163023437065
0,69,15,1.0555998E7,5263157.0,3.0225297404699054
0,69,16,9368484.0,5263157.0,2.5042299419770013
0,69,17,1.0494018E7,5263157.0,2.996954795750791
0,69,18,1.0775999E7,5263157.0,3.112112171958125
0,70,0,9219335.0,4545454.0,3.071223290187097
0,70,1,1.0307411E7,4545454.0,3.5557232648363195
0,70,2,1.0573739E7,4545454.0,3.6665131910322297
0,70,3,9435780.0,4545454.0,3.172005394728677
0,70,4,9160898.0,4545454.0,3.0436078054965092
0,70,5,1.0816567E7,4545454.0,3.7651217767019443
0,70,6,9863232.0,4545454.0,3.3644198152651708
0,70,7,8971417.0,4545454.0,2.9528377650322977
0,70,8,1.1104255E7,4545454.0,3.8791215937517225
0,70,9,9896081.0,4545454.0,3.378859742988163
0,70,10,8874095.0,4545454.0,2.9054680660306635
0,70,11,9716048.0,4545454.0,3.2991238461238965
0,70,12,1.0220243E7,4545454.0,3.5188395479343204
0,70,13,8972746.0,4545454.0,2.953481068782386
0,70,14,9424855.0,4545454.0,3.166974103104136
0,70,15,1.0360019E7,4545454.0,3.5778328483204995
0,70,16,8983459.0,4545454.0,2.9586632298644915
0,70,17,1.0352768E7,4545454.0,3.574792147504215
0,70,18,1.0556844E7,4545454.0,3.6595683690788396
0,70,19,9112931.0,4545454.0,3.020808148940561
0,70,20,9370013.0,4545454.0,3.141629263679453
0,70,21,1.114653E7,4545454.0,3.8956242216939794
0,71,0,9708629.0,4166666.0,3.673692167222285
0,71,1,9028580.0,4166666.0,3.3583076177154902
0,71,2,1.036254E7,4166666.0,3.956775311619559
0,71,3,9617230.0,4166666.0,3.632613136996919
0,71,4,8901653.0,4166666.0,3.2968197201442546
0,71,5,9995376.0,4166666.0,3.8001044698691104
0,71,6,9964106.0,4166666.0,3.786496501926853
0,71,7,8907645.0,4166666.0,3.2997421179094646
0,71,8,9562280.0,4166666.0,3.6077276763385497
0,71,9,1.0101775E7,4166666.0,3.846090023057016
0,71,10,9001505.0,4166666.0,3.345264382549458
0,71,11,1.058142E7,4166666.0,4.047552640380449
0,71,12,1.0566142E7,4166666.0,4.041277541389009
0,71,13,9073321.0,4166666.0,3.379775870118211
0,71,14,9190098.0,4166666.0,3.435314537744263
0,71,15,1.052273E7,4166666.0,4.023397382906047
0,71,16,9673924.0,4166666.0,3.658139823729063
0,71,17,8886506.0,4166666.0,3.2894234965020774
0,71,18,1.1668296E7,4166666.0,4.472187489209721
0,71,19,9605728.0,4166666.0,3.627415960030727
0,71,20,8942428.0,4166666.0,3.316667633098025
0,71,21,1.6019831E7,4166666.0,5.848692414142022
0,71,22,1.120748E7,4166666.0,4.297192837289839
0,71,23,1.2340313E7,4166666.0,4.715374864914867
0,72,0,1.0065649E7,4000000.0,4.007817906818028
0,72,1,9114724.0,4000000.0,3.5768353113184377
0,72,2,1.0837009E7,4000000.0,4.328494427160536
0,72,3,1.0569427E7,4000000.0,4.219914522251141
0,72,4,9010660.0,4000000.0,3.5269661140030224
0,72,5,9338605.0,4000000.0,3.6822201487534025
0,72,6,1.0583992E7,4000000.0,4.225895115864436
0,72,7,9288129.0,4000000.0,3.658682472284717
0,72,8,9064376.0,4000000.0,3.5527792090009784
0,72,9,1.1508256E7,4000000.0,4.589495228349533
0,72,10,9561215.0,4000000.0,3.784530928170877
0,72,11,8839964.0,4000000.0,3.4439050506144735
0,72,12,1.0042565E7,4000000.0,3.997846600341701
0,72,13,1.0098583E7,4000000.0,4.022004479542881
0,72,14,8802345.0,4000000.0,3.4253839501438783
0,72,15,1.0865753E7,4000000.0,4.339998371116632
0,72,16,1.0469189E7,4000000.0,4.178530488545451
0,72,17,8985066.0,4000000.0,3.514612802484194
0,72,18,9226686.0,4000000.0,3.629857497462558
0,72,19,1.0634472E7,4000000.0,4.246559407877114
0,72,20,9152721.0,4000000.0,3.5949023275079
0,72,21,1.0363218E7,4000000.0,4.134346427139041
0,72,22,1.0740372E7,4000000.0,4.289593323772326
0,72,23,9494865.0,4000000.0,3.7542880289811666
0,72,24,1.0286933E7,4000000.0,4.102259199050066
0,73,0,1.0400847E7,4166666.0,3.972800190021065
0,73,1,9547827.0,4166666.0,3.601158524900812
0,73,2,9097414.0,4166666.0,3.391292699882489
0,73,3,1.0938128E7,4166666.0,4.191543124615597
0,73,4,9595740.0,4166666.0,3.6228978328995325
0,73,5,8978989.0,4166666.0,3.334387507124496
0,73,6,1.0113535E7,4166666.0,3.851142929674147
0,73,7,9914384.0,4166666.0,3.764770470157317
0,73,8,8845164.0,4166666.0,3.2691720086219096
0,73,9,9510033.0,4166666.0,3.5839333514908027
0,73,10,1.0294378E7,4166666.0,3.9281142229571993
0,73,11,9035244.0,4166666.0,3.3615119653206245
0,73,12,1.0330405E7,4166666.0,3.9432865941895785
0,73,13,1.0718447E7,4166666.0,4.103431760154263
0,73,14,9052405.0,4166666.0,3.369752870305263
0,73,15,1.0625109E7,4166666.0,4.065447052486744
0,73,16,1.2360188E7,4166666.0,4.722363876749611
0,73,17,1.4539324E7,4166666.0,5.427555258445349
0,73,18,1.2153205E7,4166666.0,4.64902134833725
0,73,19,1.0947356E7,4166666.0,4.1952055245118105
0,73,20,9005978.0,4166666.0,3.3474219292288105
0,73,21,1.0967902E7,4166666.0,4.203348725052241
0,73,22,9621370.0,4166666.0,3.6344822742343825
0,73,23,8891096.0,4166666.0,3.2916661068566473
0,74,0,9688921.0,4761904.0,3.0849477905943656
0,74,1,1.011093E7,4761904.0,3.270104679122001
0,74,2,9028590.0,4761904.0,2.7783929581550844
0,74,3,9483301.0,4761904.0,2.9917889950710705
0,74,4,1.0629661E7,4761904.0,3.4873877849250468
0,74,5,9014341.0,4761904.0,2.7715334702380523
0,74,6,1.0459646E7,4761904.0,3.417363505832549
0,74,7,1.0698178E7,4761904.0,3.5152918378253277
0,74,8,9090826.0,4761904.0,2.8082270959311177
0,74,9,9671516.0,4761904.0,3.0771391884498085
0,74,10,1.0556244E7,4761904.0,3.45728784290169
0,74,11,9667057.0,4761904.0,3.0751364355795485
0,74,12,9037043.0,4761904.0,2.7824571296385168
0,74,13,1.1142917E7,4761904.0,3.692182598318702
0,74,14,9702126.0,4761904.0,3.090862746625391
0,74,15,8859382.0,4761904.0,2.6962279227618313
0,74,16,1.2015052E7,4761904.0,4.019450189501568
0,74,17,9578476.0,4761904.0,3.0351577962096425
0,74,18,8839302.0,4761904.0,2.6863733630235496
0,74,19,1.1442435E7,4761904.0,3.80737818270215
0,74,20,9837155.0,4761904.0,3.150888786632728
0,75,0,8961302.0,5555555.0,2.076436620270064
0,75,1,9633133.0,5555555.0,2.3904010495380676
0,75,2,1.024481E7,5555555.0,2.657764569296358
0,75,3,8986658.0,5555555.0,2.088707628461843
0,75,4,9425238.0,5555555.0,2.2956487407177164
0,75,5,1.0333401E7,5555555.0,2.695158315664367
0,75,6,9180992.0,5555555.0,2.1816215749546917
0,75,7,1.0249213E7,5555555.0,2.659630673021567
0,75,8,1.0431503E7,5555555.0,2.736194358259615
0,75,9,9069030.0,5555555.0,2.1283338706193824
0,75,10,9018950.0,5555555.0,2.104285277876013
0,75,11,1.056888E7,5555555.0,2.793015154436256
0,75,12,9604648.0,5555555.0,2.377540015973209
0,75,13,8888932.0,5555555.0,2.041221324085045
0,75,14,9834005.0,5555555.0,2.480029732995753
0,75,15,9958364.0,5555555.0,2.534605451761773
0,75,16,8888622.0,5555555.0,2.0410698619779373
0,75,17,9565991.0,5555555.0,2.3600251647031416
0,76,0,1.0962432E7,6250000.0,2.4402689510834663
0,76,1,8949229.0,6250000.0,1.5590560395296986
0,76,2,1.0365597E7,6250000.0,2.1971430272200294
0,76,3,1.6306632E7,6250000.0,4.164842530242606
0,76,4,8737427.0,6250000.0,1.4550354295419852
0,76,5,1.0008446E7,6250000.0,2.0448663296070317
0,76,6,1.0528111E7,6250000.0,2.2647043780435405
0,76,7,9038550.0,6250000.0,1.6021874747778044
0,76,8,1.3462944E7,6250000.0,3.3326002197553923
0,76,9,1.4081006E7,6250000.0,3.5275366620076283
0,76,10,9193003.0,6250000.0,1.6757738449820976
0,76,11,1.3686632E7,6250000.0,3.4041657295419347
0,76,12,1.0131227E7,6250000.0,2.0978202891050906
0,76,13,9335945.0,6250000.0,1.7427826718136366
0,76,14,1.0525243E7,6250000.0,2.2635211398936446
0,76,15,9550334.0,6250000.0,1.8413854291197085
0,77,0,8756034.0,6666666.0,1.1839874176564378
0,77,1,1.4264889E7,6666666.0,3.303596990968705
0,77,2,9612888.0,6666666.0,1.5894518485074571
0,77,3,9049457.0,6666666.0,1.3271382323965941
0,77,4,1.040764E7,6666666.0,1.934435640635023
0,77,5,1.1582948E7,6666666.0,2.3991040912982293
0,77,6,1.8336322E7,6666666.0,4.394035293864814
0,77,7,3.9392472E7,6666666.0,7.715045374774022
0,77,8,1.1976461E7,6666666.0,2.5441980707988487
0,77,9,1.1380564E7,6666666.0,2.3225508792012874
0,77,10,1.0390602E7,6666666.0,1.9273201247775518
0,77,11,9474849.0,6666666.0,1.5266359985987752
0,77,12,9886615.0,6666666.0,1.7113892487520976
0,77,13,9915197.0,6666666.0,1.7239264988807639
0,77,14,9091892.0,6666666.0,1.3474557070803592
0,78,0,9412425.0,5882352.0,2.041505195465666
0,78,1,1.0688614E7,5882352.0,2.5937038445801823
0,78,2,9209480.0,5882352.0,1.9468409994322913
0,78,3,1.0351035E7,5882352.0,2.4543276793519584
0,78,4,1.0417214E7,5882352.0,2.4820057679559056
0,78,5,9253487.0,5882352.0,1.9675441003567582
0,78,6,1.0947602E7,5882352.0,2.6976799111739154
0,78,7,1.0503844E7,5882352.0,2.5179725398087554
0,78,8,9265170.0,5882352.0,1.9730238315329642
0,78,9,1.0087083E7,5882352.0,2.3421458523321808
0,78,10,1.0497074E7,5882352.0,2.5151724967398446
0,78,11,9449966.0,5882352.0,2.058792368308555
0,78,12,9997546.0,5882352.0,2.30342401920539
0,78,13,1.0895705E7,5882352.0,2.677043271185301
0,78,14,9634209.0,5882352.0,2.142650543262881
0,78,15,9076919.0,5882352.0,1.883874508001707
0,78,16,1.4977691E7,5882352.0,4.058938574163746
0,79,0,1.1019541E7,5263157.0,3.209171798867993
0,79,1,1.1287962E7,5263157.0,3.31369213514829
0,79,2,1.0002722E7,5263157.0,2.7887187365473447
0,79,3,9537157.0,5263157.0,2.5817260680104157
0,79,4,1.0486104E7,5263157.0,2.9936783546578365
0,79,5,1.0521115E7,5263157.0,3.008154424226008
0,79,6,9315222.0,5263157.0,2.479468842273018
0,79,7,1.0398104E7,5263157.0,2.9570783163889622
0,79,8,1.0502051E7,5263157.0,3.000277977574353
0,79,9,9771017.0,5263157.0,2.6869344367072507
0,79,10,9186208.0,5263157.0,2.4188994954970675
0,79,11,1.1134596E7,5263157.0,3.254281387974361
0,79,12,9863809.0,5263157.0,2.727983288968142
0,79,13,8950287.0,5263157.0,2.3059063641365722
0,79,14,1.2091247E7,5263157.0,3.61224767810046
0,79,15,9891001.0,5263157.0,2.7399392055375626
0,79,16,8959676.0,5263157.0,2.310459797623984
0,79,17,1.1373632E7,5263157.0,3.3465284709408287
0,79,18,9854571.0,5263157.0,2.7239139762585247
0,80,0,9186272.0,4545454.0,3.055620334087627
0,80,1,1.182145E7,4545454.0,4.150934826110859
0,80,2,9931244.0,4545454.0,3.394263851083672
0,80,3,9024716.0,4545454.0,2.978562768588952
0,80,4,1.1419869E7,4545454.0,4.000838549819262
0,80,5,9906775.0,4545454.0,3.3835503246304697
0,80,6,9025721.0,4545454.0,2.9790463756670125
0,80,7,9765649.0,4545454.0,3.321238436185424
0,80,8,1.0206945E7,4545454.0,3.513185075242152
0,80,9,8928789.0,4545454.0,2.932152930263608
0,80,10,9493797.0,4545454.0,3.19862674168385
0,80,11,1.0449895E7,4545454.0,3.615346596382375
0,80,12,9091584.0,4545454.0,3.0106228860489406
0,80,13,1.0350429E7,4545454.0,3.573810835489946
0,80,14,1.0561174E7,4545454.0,3.661349308116768
0,80,15,9303459.0,4545454.0,3.110671809879162
0,80,16,9172379.0,4545454.0,3.049047242863372
0,80,17,1.1683258E7,4545454.0,4.099867002104525
0,80,18,9616750.0,4545454.0,3.2545105907705456
0,80,19,8996646.0,4545454.0,2.9650336513494957
0,80,20,1.2313159E7,4545454.0,4.327922204963912
0,80,21,9281406.0,4545454.0,3.1003650353025396
0,81,0,8707456.0,4000000.0,3.378312972567492
0,81,1,1.1093776E7,4000000.0,4.430194012454948
0,81,2,9452056.0,4000000.0,3.7346629467711527
0,81,3,8630337.0,4000000.0,3.33967763180163
0,81,4,1.0655404E7,4000000.0,4.255099293242722
0,81,5,9575178.0,4000000.0,3.7908686480609117
0,81,6,8383635.0,4000000.0,3.213723707572343
0,81,7,9263448.0,4000000.0,3.647126766339256
0,81,8,9656274.0,4000000.0,3.8274958918715267
0,81,9,8983223.0,4000000.0,3.5137218943593806
0,81,10,8669493.0,4000000.0,3.359337089463357
0,81,11,9655471.0,4000000.0,3.827134724644879
0,81,12,9748189.0,4000000.0,3.868639494618443
0,81,13,1.3735273E7,4000000.0,5.3577730447924
0,81,14,1.5284875E7,4000000.0,5.822019000800912
0,81,15,9638563.0,4000000.0,3.8195229903857357
0,81,16,1.0461202E7,4000000.0,4.175215968338609
0,81,17,1.0183606E7,4000000.0,4.058415969476485
0,81,18,8947120.0,4000000.0,3.496232708715289
0,81,19,1.1024539E7,4000000.0,4.4030044681716864
0,81,20,1.0440419E7,4000000.0,4.16657937006521
0,81,21,8862617.0,4000000.0,3.455019902475307
0,81,22,8807290.0,4000000.0,3.427823053815773
0,81,23,1.0032947E7,4000000.0,3.9936852672244894
0,81,24,9435643.0,4000000.0,3.727115095520801
0,82,0,9013689.0,4000000.0,3.52842578169817
0,82,1,9498028.0,4000000.0,3.7557345421152726
0,82,2,1.0029808E7,4000000.0,3.9923262809937166
0,82,3,8642224.0,4000000.0,3.345655273821712
0,82,4,9377238.0,4000000.0,3.7001494747786143
0,82,5,1.0474695E7,4000000.0,4.180813947976803
0,82,6,9057306.0,4000000.0,3.5493904924979076
0,82,7,8744237.0,4000000.0,3.3966192870212675
0,82,8,1.0979767E7,4000000.0,4.385331327853866
0,82,9,9461442.0,4000000.0,3.7389734009682245
0,82,10,8537791.0,4000000.0,3.2928552800179784
0,82,11,9451802.0,4000000.0,3.734546239590629
0,82,12,9871266.0,4000000.0,3.923128636269121
0,82,13,8587335.0,4000000.0,3.3179841413668125
0,82,14,9201393.0,4000000.0,3.6179358888906803
0,82,15,1.0210708E7,4000000.0,4.069958653361026
0,82,16,8901759.0,4000000.0,3.4741584099250913
0,82,17,9909324.0,4000000.0,3.9398403721549164
0,82,18,1.0100761E7,4000000.0,4.02294103806206
0,82,19,9347567.0,4000000.0,3.6863859537617727
0,82,20,8957428.0,4000000.0,3.5012333465577687
0,82,21,1.0018826E7,4000000.0,3.9875684281871044
0,82,22,9944669.0,4000000.0,3.955303412440246
0,82,23,9081801.0,4000000.0,3.561119901008087
0,82,24,9658798.0,4000000.0,3.8286309218404173
0,83,0,1.02686E7,4166666.0,3.9172254800726702
0,83,1,8989903.0,4166666.0,3.3396631697066557
0,83,2,9541447.0,4166666.0,3.5982555345642373
0,83,3,1.0802855E7,4166666.0,4.137498580642301
0,83,4,9002926.0,4166666.0,3.345949916527251
0,83,5,1.0264099E7,4166666.0,3.9153214347307905
0,83,6,1.0696301E7,4166666.0,4.094449269186001
0,83,7,9194840.0,4166666.0,3.437554876524687
0,83,8,1.6680315E7,4166666.0,6.024155590274308
0,83,9,1.107601E7,4166666.0,4.2459465037617115
0,83,10,1.4315424E7,4166666.0,5.3601552685591445
0,83,11,1.1358628E7,4166666.0,4.355371876429208
0,83,12,9639524.0,4166666.0,3.6426690015577883
0,83,13,9860108.0,4166666.0,3.740929830919856
0,83,14,1.0512724E7,4166666.0,4.019265738384686
0,83,15,9316767.0,4166666.0,3.4947654569382203
0,83,16,9027296.0,4166666.0,3.357689941657344
0,83,17,1.2005369E7,4166666.0,4.595868243798617
0,83,18,9763351.0,4166666.0,3.6981021401203797
0,83,19,9046557.0,4166666.0,3.366946351104268
0,83,20,1.1936698E7,4166666.0,4.570955174973283
0,83,21,9914840.0,4166666.0,3.764970214013943
0,83,22,9198699.0,4166666.0,3.4393771929698853
0,83,23,1.1341672E7,4166666.0,4.348883945780999
0,84,0,9669810.0,5000000.0,2.8644793647270927
0,84,1,9357760.0,5000000.0,2.722018982414233
0,84,2,1.2443459E7,5000000.0,3.9597111683882376
0,84,3,9704850.0,5000000.0,2.880188229024563
0,84,4,8895696.0,5000000.0,2.502099286498971
0,84,5,1.2316008E7,5000000.0,3.9149995799604516
0,84,6,9672304.0,5000000.0,2.865599335836631
0,84,7,8948828.0,5000000.0,2.5279615651487033
0,84,8,9926298.0,5000000.0,2.978173047897342
0,84,9,1.0018327E7,5000000.0,3.01825198699037
0,84,10,9051037.0,5000000.0,2.5772833592742956
0,84,11,9590096.0,5000000.0,2.8285295028632214
0,84,12,1.0079736E7,5000000.0,3.044791532452469
0,84,13,9019791.0,5000000.0,2.562264701684164
0,84,14,1.0008313E7,5000000.0,3.013908746881947
0,84,15,1.0316524E7,5000000.0,3.1456338850648145
0,84,16,9122284.0,5000000.0,2.6113358447581825
0,84,17,1.1451286E7,5000000.0,3.5988425712959327
0,84,18,1.0303924E7,5000000.0,3.1403264240891553
0,84,19,9490040.0,5000000.0,2.782980386226401
0,85,0,9375736.0,5882352.0,2.024543609390062
0,85,1,1.129944E7,5882352.0,2.8350591125710114
0,85,2,9623738.0,5882352.0,2.1379278197366998
0,85,3,9183135.0,5882352.0,1.9343995973255168
0,85,4,1.1348081E7,5882352.0,2.8537141789470017
0,85,5,9718478.0,5882352.0,2.1804724674252567
0,85,6,8964387.0,5882352.0,1.8296958798506253
0,85,7,1.1783487E7,5882352.0,3.01722817884047
0,85,8,9946982.0,5882352.0,2.281403229110995
0,85,9,9006875.0,5882352.0,1.8502312638733316
0,85,10,1.1849443E7,5882352.0,3.0414692705862425
0,85,11,9948683.0,5882352.0,2.282145838031599
0,85,12,8875824.0,5882352.0,1.7865767282254639
0,85,13,1.110131E7,5882352.0,2.7582322120180076
0,85,14,1.0206783E7,5882352.0,2.3933787247239233
0,85,15,9000827.0,5882352.0,1.8473140530872898
0,85,16,1.0324041E7,5882352.0,2.442987114600486
0,86,0,1.5055825E7,6666666.0,3.537958606156015
0,86,1,1.3850308E7,6666666.0,3.175507337349219
0,86,2,1.1843196E7,6666666.0,2.495602192186595
0,86,3,9568038.0,6666666.0,1.569141939578055
0,86,4,9975299.0,6666666.0,1.7501722459869882
0,86,5,1.061455E7,6666666.0,2.019928896202681
0,86,6,9254418.0,6666666.0,1.4244041413848687
0,86,7,1.0805926E7,6666666.0,2.0975329160893583
0,86,8,1.0803318E7,6666666.0,2.096484623965577
0,86,9,9563716.0,6666666.0,1.5671797349806962
0,86,10,1.0113003E7,6666666.0,1.8097143855828377
0,86,11,1.0375737E7,6666666.0,1.9211025737916585
0,86,12,9482286.0,6666666.0,1.5300435264004286
0,86,13,9330354.0,6666666.0,1.4598942397333061
0,86,14,1.1014923E7,6666666.0,2.180727680398263
0,87,0,9642490.0,6666666.0,1.6028049962683348
0,87,1,9110739.0,6666666.0,1.356449078451127
0,87,2,1.1588386E7,6666666.0,2.4011425526452963
0,87,3,9695213.0,6666666.0,1.6264865728288747
0,87,4,8842823.0,6666666.0,1.2268223464799504
0,87,5,9810108.0,6666666.0,1.6776509106241566
0,87,6,1.0121152E7,6666666.0,1.8132124964991272
0,87,7,8890432.0,6666666.0,1.250141670164083
0,87,8,1.0086032E7,6666666.0,1.7981164419852727
0,87,9,1.0625538E7,6666666.0,2.0244223127957337
0,87,10,8880092.0,6666666.0,1.245087676877599
0,87,11,1.049642E7,6666666.0,1.9713250256864432
0,87,12,1.0267635E7,6666666.0,1.875617242002173
0,87,13,9280963.0,6666666.0,1.436843437780901
0,87,14,9042572.0,6666666.0,1.323832779313086
0,88,0,1.1161068E7,5882352.0,2.781547449933221
0,88,1,9922298.0,5882352.0,2.270612570862379
0,88,2,8993051.0,5882352.0,1.8435604718953933
0,88,3,1.1643878E7,5882352.0,2.9654663728827044
0,88,4,9670897.0,5882352.0,2.1591574872122914
0,88,5,8930925.0,5882352.0,1.8134543313482836
0,88,6,1.1458333E7,5882352.0,2.895704303500317
0,88,7,9808381.0,5882352.0,2.2204631824608345
0,88,8,8881609.0,5882352.0,1.7894064093699087
0,88,9,9538247.0,5882352.0,2.099175554874733
0,88,10,1.0238432E7,5882352.0,2.4068244107063825
0,88,11,8870186.0,5882352.0,1.783817175659728
0,88,12,1.0214617E7,5882352.0,2.3967107814273083
0,88,13,1.0639229E7,5882352.0,2.573591476610963
0,88,14,1.2856636E7,5882352.0,3.3957633909940927
0,88,15,1.258729E7,5882352.0,3.303812289373409
0,88,16,1.0939007E7,5882352.0,2.6942689110835456
0,89,0,9673649.0,5000000.0,2.866203210020654
0,89,1,1.1735093E7,5000000.0,3.705165313733497
0,89,2,9527549.0,5000000.0,2.8001118668203966
0,89,3,8879878.0,5000000.0,2.494369947431721
0,89,4,1.0057485E7,5000000.0,3.03519389189449
0,89,5,9982896.0,5000000.0,3.002865423995012
0,89,6,9197996.0,5000000.0,2.647232120372136
0,89,7,9266602.0,5000000.0,2.6795050616370917
0,89,8,1.1275042E7,5000000.0,3.5314816398198525
0,89,9,9500874.0,5000000.0,2.7879355420734253
0,89,10,1.006868E7,5000000.0,3.0400253411311837
0,89,11,1.067356E7,5000000.0,3.2933929142303753
0,89,12,9303134.0,5000000.0,2.696592721344019
0,89,13,1.0191967E7,5000000.0,3.0928800447971625
0,89,14,1.0435922E7,5000000.0,3.1956082010747844
0,89,15,9328650.0,5000000.0,2.7084879482616318
0,89,16,1.0077415E7,5000000.0,3.0437913935965843
0,89,17,1.0415337E7,5000000.0,3.1870332226388594
0,89,18,9475485.0,5000000.0,2.7763144411232767
0,89,19,9160790.0,5000000.0,2.6296292324521806
0,90,0,1.0861962E7,4347826.0,3.976361238064566
0,90,1,9674874.0,4347826.0,3.473731624294656
0,90,2,9125566.0,4347826.0,3.219876551529346
0,90,3,1.0387059E7,4347826.0,3.782204431868948
0,90,4,9653298.0,4347826.0,3.464035578922398
0,90,5,8803660.0,4347826.0,3.0639110632500772
0,90,6,9569674.0,4347826.0,3.4262498807984536
0,90,7,1.0315864E7,4347826.0,3.7523345265184904
0,90,8,8841703.0,4347826.0,3.08263767213231
0,90,9,1.0459127E7,4347826.0,3.8122328115584625
0,90,10,1.1357768E7,4347826.0,4.170208380041853
0,90,11,8945985.0,4347826.0,3.1335601034621403
0,90,12,1.06701E7,4347826.0,3.898963343476975
0,90,13,1.07715E7,4347826.0,3.9400403048633366
0,90,14,9316690.0,4347826.0,3.3098948988338805
0,90,15,9980517.0,4347826.0,3.6088088342889044
0,90,16,1.0721221E7,4347826.0,3.919720930607763
0,90,17,9524464.0,4347826.0,3.4056838932492344
0,90,18,9163245.0,4347826.0,3.237771432651779
0,90,19,1.1321795E7,4347826.0,4.156431316966074
0,90,20,9727178.0,4347826.0,3.49714707912209
0,90,21,9151804.0,4347826.0,3.2323455516576716
0,90,22,1.0909729E7,4347826.0,3.9954180745806154
0,91,0,9838671.0,4000000.0,3.9087644690551038
0,91,1,8996712.0,4000000.0,3.5202382687127534
0,91,2,9943610.0,4000000.0,3.9548409110274596
0,91,3,1.0072037E7,4000000.0,4.010573211715971
0,91,4,9073686.0,4000000.0,3.5572375485761802
0,91,5,1.0537973E7,4000000.0,4.20697090177166
0,91,6,1.0308332E7,4000000.0,4.111284060796275
0,91,7,8885666.0,4000000.0,3.4662999334966504
0,91,8,9599729.0,4000000.0,3.8019898176724913
0,91,9,1.3640151E7,4000000.0,5.327591867713672
0,91,10,1.357221E7,4000000.0,5.305905794458562
0,91,11,1.686888E7,4000000.0,6.2502625747534
0,91,12,1.3203368E7,4000000.0,5.1862473663858735
0,91,13,1.149655E7,4000000.0,4.5850754113391705
0,91,14,9841239.0,4000000.0,3.9098978769170882
0,91,15,9027820.0,4000000.0,3.5352290004075955
0,91,16,1.0852452E7,4000000.0,4.334678823183446
0,91,17,1.020356E7,4000000.0,4.0669173127814755
0,91,18,9439876.0,4000000.0,3.729062982169867
0,91,19,1.1114921E7,4000000.0,4.438463889426748
0,91,20,1.0184652E7,4000000.0,4.058862028269015
0,91,21,8823148.0,4000000.0,3.4356357284087946
0,91,22,9401813.0,4000000.0,3.7115161758811253
0,91,23,1.0188903E7,4000000.0,4.0606743637886265
0,91,24,9091557.0,4000000.0,3.565782745786097
0,92,0,1.0351704E7,4000000.0,4.129518538161621
0,92,1,1.0508361E7,4000000.0,4.194749926200018
0,92,2,9209112.0,4000000.0,3.6215776350592344
0,92,3,1.1213397E7,4000000.0,4.476772068930702
0,92,4,1.0454314E7,4000000.0,4.172355488588079
0,92,5,9232628.0,4000000.0,3.632653460411777
0,92,6,1.018925E7,4000000.0,4.060822267462953
0,92,7,1.0704109E7,4000000.0,4.274905315413671
0,92,8,9135906.0,4000000.0,3.586916311093493
0,92,9,8855813.0,4000000.0,3.4516844604523778
0,92,10,1.1649377E7,4000000.0,4.642427089098765
0,92,11,9565659.0,4000000.0,3.786549036004188
0,92,12,9164679.0,4000000.0,3.6005726673512757
0,92,13,1.084741E7,4000000.0,4.332660641853849
0,92,14,1.0174862E7,4000000.0,4.0546853634374935
0,92,15,9241323.0,4000000.0,3.6367415851437164
0,92,16,9897268.0,4000000.0,3.934553390002256
0,92,17,1.0103718E7,4000000.0,4.024212250046449
0,92,18,8951789.0,4000000.0,3.4984984568477566
0,92,19,9547862.0,4000000.0,3.7784614197788793
0,92,20,1.0379286E7,4000000.0,4.141074877215302
0,92,21,9032627.0,4000000.0,3.537540851962329
0,92,22,1.023984E7,4000000.0,4.0823317940755475
0,92,23,1.1433226E7,4000000.0,4.5610879692577
0,92,24,9106543.0,4000000.0,3.572935512917821
0,93,0,1.0362891E7,4347826.0,3.7720877484216175
0,93,1,1.0386568E7,4347826.0,3.7819991344592516
0,93,2,1.3163052E7,4347826.0,4.810844416626341
0,93,3,1.1201398E7,4347826.0,4.1100007324835905
0,93,4,1.1283587E7,4347826.0,4.141750265023461
0,93,5,9181680.0,4347826.0,3.2464999736176314
0,93,6,9498110.0,4347826.0,3.3936503965219607
0,93,7,1.02758E7,4347826.0,3.7354348761759932
0,93,8,8933544.0,4347826.0,3.1275162546321633
0,93,9,1.0109766E7,4347826.0,3.664689482583948
0,93,10,1.0525467E7,4347826.0,3.8396921866711864
0,93,11,9131703.0,4347826.0,3.222796227342659
0,93,12,1.0251889E7,4347826.0,3.7253174001626803
0,93,13,1.0297978E7,4347826.0,3.744798043942705
0,93,14,9529096.0,4347826.0,3.407795469332449
0,93,15,9135654.0,4347826.0,3.2246748762624304
0,93,16,1.0919301E7,4347826.0,3.9992268256311387
0,93,17,9586289.0,4347826.0,3.433783623295568
0,93,18,8899877.0,4347826.0,3.111118492595861
0,93,19,1.1648273E7,4347826.0,4.279893853300835
0,93,20,9858020.0,4347826.0,3.5551753962188637
0,93,21,8900422.0,4347826.0,3.1113844325024997
0,93,22,9725398.0,4347826.0,3.4963522803458815
0,94,0,1.1504924E7,5000000.0,3.619137497864494
0,94,1,1.2081488E7,5000000.0,3.8315042253116443
0,94,2,1.1770336E7,5000000.0,3.7181885620181827
0,94,3,9984881.0,5000000.0,3.0037288897172276
0,94,4,8981538.0,5000000.0,2.5438070735582965
0,94,5,1.0433109E7,5000000.0,3.1944374036525254
0,94,6,9918088.0,5000000.0,2.974579529912098
0,94,7,9285639.0,5000000.0,2.6884179115227558
0,94,8,9790169.0,5000000.0,2.918201844164501
0,94,9,1.0136705E7,5000000.0,3.069268034354086
0,94,10,9087564.0,5000000.0,2.5947747810042543
0,94,11,9310866.0,5000000.0,2.7002007208360252
0,94,12,1.0386194E7,5000000.0,3.1748642602995276
0,94,13,9102207.0,5000000.0,2.6017670355765974
0,94,14,1.1316275E7,5000000.0,3.5473348849023423
0,94,15,1.0380121E7,5000000.0,3.1723241173191408
0,94,16,8935569.0,5000000.0,2.5215220843090176
0,94,17,9793578.0,5000000.0,2.9197138223408547
0,94,18,1.045962E7,5000000.0,3.2054590248004478
0,94,19,9270471.0,5000000.0,2.6813179534295366
0,95,0,8824379.0,5882352.0,1.7613314329774867
0,95,1,1.1239758E7,5882352.0,2.8120595152939583
0,95,2,9676593.0,5882352.0,2.1617146576156774
0,95,3,8788218.0,5882352.0,1.7434981232993427
0,95,4,1.1727439E7,5882352.0,2.996521735178652
0,95,5,9478413.0,5882352.0,2.0718461902212044
0,95,6,9185760.0,5882352.0,1.9356408511110672
0,95,7,1.0783597E7,5882352.0,2.6321264009126977
0,95,8,9679897.0,5882352.0,2.1631972704056457
0,95,9,8853023.0,5882352.0,1.7754058337600556
0,95,10,9772623.0,5882352.0,2.2046013611295145
0,95,11,1.0020381E7,5882352.0,2.313332256752508
0,95,12,9050975.0,5882352.0,1.8714435618242706
0,95,13,1.0776093E7,5882352.0,2.629103216512734
0,95,14,1.4100939E7,5882352.0,3.796970247222059
0,95,15,1.6357988E7,5882352.0,4.441788761277639
0,95,16,1.2062024E7,5882352.0,3.118691791237924
0,96,0,9956942.0,6666666.0,1.7421727981995478
0,96,1,1.0218426E7,6666666.0,1.854753066830861
0,96,2,9817045.0,6666666.0,1.6807208423115596
0,96,3,9226437.0,6666666.0,1.4112532312308532
0,96,4,9997970.0,6666666.0,1.760031317556734
0,96,5,1.0210924E7,6666666.0,1.851563462316095
0,96,6,9034632.0,6666666.0,1.3200176999368052
0,96,7,9453195.0,6666666.0,1.5166991907449887
0,96,8,1.0524556E7,6666666.0,1.9829508577504142
0,96,9,9155738.0,6666666.0,1.3778465892294955
0,96,10,1.0727074E7,6666666.0,2.0657257906920763
0,96,11,1.0381314E7,6666666.0,1.9234362968083394
0,96,12,9240745.0,6666666.0,1.417982884613202
0,96,13,9679135.0,6666666.0,1.6192784971992475
0,96,14,1.028716E7,6666666.0,1.8838679711479236
0,97,0,9510401.0,6666666.0,1.5429013155879008
0,97,1,9694771.0,6666666.0,1.6262885755937715
0,97,2,1.05918E7,6666666.0,2.0106107407882714
0,97,3,9622844.0,6666666.0,1.5939474780451626
0,97,4,8960342.0,6666666.0,1.2841588869616745
0,97,5,1.0281278E7,6666666.0,1.8813840487302946
0,97,6,9964862.0,6666666.0,1.7456259116604398
0,97,7,8949518.0,6666666.0,1.278909483510787
0,97,8,9645006.0,6666666.0,1.6039380463259123
0,97,9,1.0113079E7,6666666.0,1.8097470230265353
0,97,10,9089273.0,6666666.0,1.3462045031492884
0,97,11,9425364.0,6666666.0,1.5038943379148733
0,97,12,1.0705129E7,6666666.0,2.056832075252675
0,97,13,9170176.0,6666666.0,1.3846897349815237
0,97,14,1.054893E7,6666666.0,1.9929971295653626
0,98,0,1.0512016E7,5882352.0,2.5213500410720773
0,98,1,9214619.0,5882352.0,1.9492637386939298
0,98,2,1.0176069E7,5882352.0,2.3802903396313697
0,98,3,1.0411767E7,5882352.0,2.479734315409232
0,98,4,8933052.0,5882352.0,1.8144885292397985
0,98,5,9225427.0,5882352.0,1.954354675341166
0,98,6,1.0362139E7,5882352.0,2.4589840457678616
0,98,7,9020015.0,5882352.0,1.8565625062594275
0,98,8,8959019.0,5882352.0,1.8270944849499446
0,98,9,1.1153891E7,5882352.0,2.77875386953355
0,98,10,9773424.0,5882352.0,2.204957310217531
0,98,11,1.158455E7,5882352.0,2.9432815921904916
0,98,12,1.2336636E7,5882352.0,3.216457416639209
0,98,13,1.0651814E7,5882352.0,2.5787256512883596
0,98,14,1.0008308E7,5882352.0,2.3080965292267956
0,98,15,1.0809566E7,5882352.0,2.6425724840900555
0,98,16,9278987.0,5882352.0,1.9794955713557936
0,99,0,9626903.0,5000000.0,2.8451659158042784
0,99,1,1.0378702E7,5000000.0,3.1717303805058537
0,99,2,9716600.0,5000000.0,2.885443203071268
0,99,3,9101410.0,5000000.0,2.6013867455470963
0,99,4,1.2129931E7,5000000.0,3.8488832609325154
0,99,5,9589436.0,5000000.0,2.8282306067711067
0,99,6,8998705.0,5000000.0,2.5521001045660396
0,99,7,1.1593238E7,5000000.0,3.6523474734210737
0,99,8,9782858.0,5000000.0,2.91495745370322
0,99,9,9790912.0,5000000.0,2.9185314284200476
0,99,10,1.1823596E7,5000000.0,3.7377957757668945
0,99,11,9619311.0,5000000.0,2.8417396171279496
0,99,12,9111682.0,5000000.0,2.6062855001255167
0,99,13,1.1773528E7,5000000.0,3.7193661665054742
0,99,14,9580601.0,5000000.0,2.824227492933317
0,99,15,9006359.0,5000000.0,2.5557924992886827
0,99,16,1.0121999E7,5000000.0,3.0629628573075287
0,99,17,9930970.0,5000000.0,2.9802166561690258
0,99,18,8959467.0,5000000.0,2.5331216985243716
0,99,19,9722133.0,5000000.0,2.8879155364617883
