 Number of tacts (im units) = 1
 Number of massive (im units) = 100
 Trajectory File: sinus.txt
 Coef Load Impact: 10
 Command Line: curl 192.168.222.19 > /dev/null 2>&1
cycle , cPeriod , count , procDur , procTime , spb
0,0,0,3.8692432E7,5000000.0,8.88656023678987
0,0,1,1.0537458E7,5000000.0,3.2376585229753045
0,0,2,8833702.0,5000000.0,2.471727401518353
0,0,3,1.0516767E7,5000000.0,3.229122478530133
0,0,4,7768727.0,5000000.0,1.9137985588456905
0,0,5,7645148.0,5000000.0,1.844158928630948
0,0,6,7872886.0,5000000.0,1.971639585337429
0,0,7,7677170.0,5000000.0,1.8623115321032198
0,0,8,7494942.0,5000000.0,1.7579827205075929
0,0,9,7555378.0,5000000.0,1.792861928906465
0,0,10,7970912.0,5000000.0,2.025380101476569
0,0,11,7661343.0,5000000.0,1.8533490189775514
0,0,12,7471972.0,5000000.0,1.7446523144112018
0,0,13,7940441.0,5000000.0,2.0087461881500053
0,0,14,7538495.0,5000000.0,1.7831464678107136
0,0,15,7735670.0,5000000.0,1.8952793033821471
0,0,16,7580558.0,5000000.0,1.8073117061022637
0,0,17,7685877.0,5000000.0,1.867234256688779
0,0,18,8003987.0,5000000.0,2.04336370251737
0,0,19,1.4454132E7,5000000.0,4.6102201218751
0,1,0,1.0072167E7,4347826.0,3.6485076261516443
0,1,1,1.1085902E7,4347826.0,4.064988797891379
0,1,2,7953260.0,4347826.0,2.622730249079796
0,1,3,7952674.0,4347826.0,2.6224102470396637
0,1,4,8089467.0,4347826.0,2.6964775239924728
0,1,5,7809392.0,4347826.0,2.5434506791195144
0,1,6,7623972.0,4347826.0,2.4390913733534973
0,1,7,7716023.0,4347826.0,2.4912135822667687
0,1,8,7436569.0,4347826.0,2.3310045658685157
0,1,9,7491374.0,4347826.0,2.362893240708052
0,1,10,7725893.0,4347826.0,2.4967653377874117
0,1,11,7667364.0,4347826.0,2.4637392612052795
0,1,12,7780047.0,4347826.0,2.5271006531515026
0,1,13,7677434.0,4347826.0,2.4694393636902747
0,1,14,7671626.0,4347826.0,2.466152670601211
0,1,15,7614894.0,4347826.0,2.433917069999054
0,1,16,7711276.0,4347826.0,2.4885409226253645
0,1,17,7597719.0,4347826.0,2.4241107193137887
0,1,18,7660997.0,4347826.0,2.4601313697610387
0,1,19,7494383.0,4347826.0,2.3646372862222145
0,1,20,7554495.0,4347826.0,2.3993328279696953
0,1,21,7681577.0,4347826.0,2.471782329760375
0,1,22,7631458.0,4347826.0,2.4433536311233297
0,2,0,7528328.0,4000000.0,2.74638541180354
0,2,1,7587446.0,4000000.0,2.780356218841191
0,2,2,7492468.0,4000000.0,2.7256490544112486
0,2,3,7517700.0,4000000.0,2.740249995172204
0,2,4,7498690.0,4000000.0,2.7292540866863577
0,2,5,7505712.0,4000000.0,2.733319048521648
0,2,6,7519940.0,4000000.0,2.741543841343091
0,2,7,7811943.0,4000000.0,2.9069907446094962
0,2,8,7732407.0,4000000.0,2.8625471398744775
0,2,9,7519874.0,4000000.0,2.7415057246006818
0,2,10,7524625.0,4000000.0,2.7442486981647902
0,2,11,7533458.0,4000000.0,2.7493438003748754
0,2,12,7639113.0,4000000.0,2.8098294295858444
0,2,13,7378781.0,4000000.0,2.6592462947871147
0,2,14,7708561.0,4000000.0,2.849133221202378
0,2,15,7655570.0,4000000.0,2.8191754056311624
0,2,16,7497563.0,4000000.0,2.7286013237834834
0,2,17,7513896.0,4000000.0,2.7380518836151513
0,2,18,7487870.0,4000000.0,2.722983045018805
0,2,19,7587999.0,4000000.0,2.7806727365427792
0,2,20,7769784.0,4000000.0,2.883489542539036
0,2,21,7662536.0,4000000.0,2.8231253659845965
0,2,22,7583897.0,4000000.0,2.778324347115149
0,2,23,7553212.0,4000000.0,2.7607168311342023
0,2,24,7549177.0,4000000.0,2.758396167461486
0,3,0,7560145.0,4000000.0,2.764701338155694
0,3,1,7627381.0,4000000.0,2.8031544931339143
0,3,2,7489359.0,4000000.0,2.7238465752294787
0,3,3,7517797.0,4000000.0,2.7403060313175276
0,3,4,7588937.0,4000000.0,2.781209561926432
0,3,5,7592858.0,4000000.0,2.783452865437519
0,3,6,7612128.0,4000000.0,2.7944609112810075
0,3,7,7560717.0,4000000.0,2.76502991260306
0,3,8,7749429.0,4000000.0,2.8720971230286945
0,3,9,7581900.0,4000000.0,2.7771806075736354
0,3,10,7560365.0,4000000.0,2.7648277158850503
0,3,11,7612618.0,4000000.0,2.794740461818279
0,3,12,7643801.0,4000000.0,2.8124938070665007
0,3,13,8357053.0,4000000.0,3.199931651211969
0,3,14,7564145.0,4000000.0,2.7669985408251963
0,3,15,7538044.0,4000000.0,2.7519867679510024
0,3,16,7743347.0,4000000.0,2.868687302639341
0,3,17,7714173.0,4000000.0,2.852293829094612
0,3,18,7595090.0,4000000.0,2.7847293318707544
0,3,19,7498316.0,4000000.0,2.729037475269032
0,3,20,7545480.0,4000000.0,2.7562688097723376
0,3,21,1.0650184E7,4000000.0,4.252971196857025
0,3,22,1.0169547E7,4000000.0,4.052416164834741
0,3,23,8145463.0,4000000.0,3.0885578395011026
0,3,24,7666947.0,4000000.0,2.8256246975178865
0,4,0,7872959.0,4347826.0,2.5786583447649134
0,4,1,7599151.0,4347826.0,2.4249291900908974
0,4,2,7578912.0,4347826.0,2.413347091335921
0,4,3,8980754.0,4347826.0,3.150406451004887
0,4,4,8368759.0,4347826.0,2.843889061123806
0,4,5,7505636.0,4347826.0,2.371153433597332
0,4,6,7564070.0,4347826.0,2.404833839765726
0,4,7,7495856.0,4347826.0,2.3654907959946767
0,4,8,7500476.0,4347826.0,2.368166704436648
0,4,9,7467375.0,4347826.0,2.3489580617521573
0,4,10,7499589.0,4347826.0,2.367653081054487
0,4,11,7506371.0,4347826.0,2.371578701776935
0,4,12,7553926.0,4347826.0,2.3990057076699376
0,4,13,7581216.0,4347826.0,2.4146671520821212
0,4,14,7611109.0,4347826.0,2.4317578629532344
0,4,15,7612561.0,4347826.0,2.432586303913444
0,4,16,7538319.0,4347826.0,2.390023563005365
0,4,17,7590332.0,4347826.0,2.419886169908752
0,4,18,7538935.0,4347826.0,2.3903784358502493
0,4,19,7465180.0,4347826.0,2.347681285748796
0,4,20,7532341.0,4347826.0,2.3865781763414993
0,4,21,7570245.0,4347826.0,2.408377797420325
0,4,22,7673512.0,4347826.0,2.467220213163545
0,5,0,7525639.0,5000000.0,1.7757337732411802
0,5,1,7605308.0,5000000.0,1.82146802480589
0,5,2,7619814.0,5000000.0,1.8297436598527033
0,5,3,7705454.0,5000000.0,1.8782822780162756
0,5,4,7651527.0,5000000.0,1.8477811075170836
0,5,5,7887023.0,5000000.0,1.9794310297390632
0,5,6,7712370.0,5000000.0,1.882178522827864
0,5,7,7639809.0,5000000.0,1.8411249674190424
0,5,8,7569334.0,5000000.0,1.8008766474804303
0,5,9,7696482.0,5000000.0,1.8732225367832591
0,5,10,7746285.0,5000000.0,1.9012346709669168
0,5,11,8941142.0,5000000.0,2.5242298790773656
0,5,12,8271424.0,5000000.0,2.1861027935251016
0,5,13,8193392.0,5000000.0,2.1449372915932545
0,5,14,7656481.0,5000000.0,1.8505920479587898
0,5,15,7577189.0,5000000.0,1.8053811578042545
0,5,16,7395748.0,5000000.0,1.7001210041261403
0,5,17,7477454.0,5000000.0,1.7478374567123312
0,5,18,7507862.0,5000000.0,1.765462770361319
0,5,19,7495087.0,5000000.0,1.7580667399579597
0,6,0,7469746.0,5882352.0,1.0375482525457356
0,6,1,7484999.0,5882352.0,1.0464073752248904
0,6,2,7760518.0,5882352.0,1.2033970143202297
0,6,3,7618577.0,5882352.0,1.1232285213159
0,6,4,7606664.0,5882352.0,1.1164322397742759
0,6,5,7606651.0,5882352.0,1.1164248175546416
0,6,6,7520893.0,5882352.0,1.0671840086489182
0,6,7,7601754.0,5882352.0,1.1136280217678645
0,6,8,7560721.0,5882352.0,1.0901220321725325
0,6,9,1.0128546E7,5882352.0,2.3599609570254456
0,6,10,1.00738E7,5882352.0,2.3364231521530017
0,6,11,8099489.0,5882352.0,1.389066107958047
0,6,12,7854971.0,5882352.0,1.2559357685969241
0,6,13,7685541.0,5882352.0,1.1612343460032877
0,6,14,7683942.0,5882352.0,1.1603306892191674
0,6,15,7551068.0,5882352.0,1.0845737212425683
0,6,16,7598014.0,5882352.0,1.1114908031009776
0,7,0,7454892.0,6666666.0,0.4853265863849179
0,7,1,7453282.0,6666666.0,0.48438855853713103
0,7,2,7465789.0,6666666.0,0.4916701410935906
0,7,3,7548152.0,6666666.0,0.5393193961880213
0,7,4,7448600.0,6666666.0,0.4816595517832479
0,7,5,7526272.0,6666666.0,0.5267121218575537
0,7,6,7482951.0,6666666.0,0.5016420386221064
0,7,7,7734457.0,6666666.0,0.6452113180927614
0,7,8,7528289.0,6666666.0,0.5278758515408569
0,7,9,7560273.0,6666666.0,0.5462878055947319
0,7,10,7465253.0,6666666.0,0.49135833185428845
0,7,11,7542610.0,6666666.0,0.5361295504706063
0,7,12,7584170.0,6666666.0,0.5599936168255479
0,7,13,7522221.0,6666666.0,0.5243739116611073
0,7,14,7643637.0,6666666.0,0.5939135650386265
0,8,0,7456200.0,6666666.0,0.4860885120490959
0,8,1,7462979.0,6666666.0,0.4900352205046174
0,8,2,7499498.0,6666666.0,0.5112349612663113
0,8,3,7694920.0,6666666.0,0.6229541154682574
0,8,4,7491079.0,6666666.0,0.506356795966116
0,8,5,7462148.0,6666666.0,0.4895516082514887
0,8,6,7397101.0,6666666.0,0.45152851083377665
0,8,7,7436618.0,6666666.0,0.47466775951510826
0,8,8,7494682.0,6666666.0,0.5084451290823961
0,8,9,7474377.0,6666666.0,0.4966630192468627
0,8,10,7523623.0,6666666.0,0.5251832791720169
0,8,11,7624537.0,6666666.0,0.5830477877277617
0,8,12,7667010.0,6666666.0,0.6071733218743187
0,8,13,7647094.0,6666666.0,0.5958773116371635
0,8,14,7575247.0,6666666.0,0.5548810058200436
0,9,0,8245801.0,5882352.0,1.4668184041335155
0,9,1,7486819.0,5882352.0,1.0474632469446201
0,9,2,7580178.0,5882352.0,1.1012839484970987
0,9,3,7701736.0,5882352.0,1.1703761866700764
0,9,4,7488202.0,5882352.0,1.048265421806585
0,9,5,7448514.0,5882352.0,1.025186292550885
0,9,6,7654328.0,5882352.0,1.1435605935460191
0,9,7,7494712.0,5882352.0,1.0520393969560191
0,9,8,7720071.0,5882352.0,1.1807028534186115
0,9,9,8193925.0,5882352.0,1.4394097535008044
0,9,10,7534499.0,5882352.0,1.0750337043984002
0,9,11,7445662.0,5882352.0,1.0235230815380352
0,9,12,7519800.0,5882352.0,1.0665528091828351
0,9,13,7601139.0,5882352.0,1.1132766529770484
0,9,14,7516355.0,5882352.0,1.0645627465420398
0,9,15,7532126.0,5882352.0,1.0736656729858205
0,9,16,7521171.0,5882352.0,1.067344536972668
0,10,0,7431532.0,5000000.0,1.7210834785822973
0,10,1,7463324.0,5000000.0,1.73962291412447
0,10,2,7558692.0,5000000.0,1.79476644825313
0,10,3,7603275.0,5000000.0,1.8203069426893406
0,10,4,7606896.0,5000000.0,1.8223747437004927
0,10,5,7623069.0,5000000.0,1.8315984645639674
0,10,6,7478851.0,5000000.0,1.7486487659133443
0,10,7,7451086.0,5000000.0,1.7324957169207282
0,10,8,7625860.0,5000000.0,1.8331882364260135
0,10,9,7477747.0,5000000.0,1.748007629327482
0,10,10,7392774.0,5000000.0,1.6983742551182381
0,10,11,7476470.0,5000000.0,1.747265906702033
0,10,12,7530106.0,5000000.0,1.7783108539603174
0,10,13,7479052.0,5000000.0,1.748765484401047
0,10,14,7540928.0,5000000.0,1.7845478987323606
0,10,15,7478759.0,5000000.0,1.7485953414794473
0,10,16,7525983.0,5000000.0,1.7759322864669325
0,10,17,1.0565407E7,5000000.0,3.249162272415763
0,10,18,1.0067923E7,5000000.0,3.0396988104616804
0,10,19,8627305.0,5000000.0,2.369051475300215
0,11,0,7799540.0,4347826.0,2.5379683440002427
0,11,1,7715674.0,4347826.0,2.491017144021241
0,11,2,7587768.0,4347826.0,2.4184188834075533
0,11,3,7611829.0,4347826.0,2.4321686798759643
0,11,4,8727365.0,4347826.0,3.0261098431991797
0,11,5,8206397.0,4347826.0,2.758803676608204
0,11,6,7523770.0,4347826.0,2.38163355497614
0,11,7,7683801.0,4347826.0,2.473039534021146
0,11,8,7759786.0,4347826.0,2.5157758911880306
0,11,9,7656803.0,4347826.0,2.457753180853209
0,11,10,7553428.0,4347826.0,2.3987193853237927
0,11,11,7500738.0,4347826.0,2.368318405697987
0,11,12,7594799.0,4347826.0,2.4224412924251415
0,11,13,7539559.0,4347826.0,2.390737887870938
0,11,14,7853547.0,4347826.0,2.5679369184489316
0,11,15,7574074.0,4347826.0,2.410573886404771
0,11,16,7674937.0,4347826.0,2.468026639452598
0,11,17,7509275.0,4347826.0,2.3732585378508158
0,11,18,7630286.0,4347826.0,2.4426866128142937
0,11,19,7618935.0,4347826.0,2.4362211316273354
0,11,20,7513116.0,4347826.0,2.375479389566553
0,11,21,7554542.0,4347826.0,2.3993598473497526
0,11,22,9187523.0,4347826.0,3.2492628400776997
0,12,0,7598214.0,4000000.0,2.786515297557462
0,12,1,7558409.0,4000000.0,2.763703973958169
0,12,2,7589730.0,4000000.0,2.781663350819044
0,12,3,7731860.0,4000000.0,2.86223990373881
0,12,4,7479901.0,4000000.0,2.718358584832586
0,12,5,7603770.0,4000000.0,2.789689804580875
0,12,6,7566427.0,4000000.0,2.768308550803957
0,12,7,7874048.0,4000000.0,2.9413806658263555
0,12,8,7707553.0,4000000.0,2.84856528451174
0,12,9,1.2155827E7,4000000.0,4.8272451930666165
0,12,10,8104538.0,4000000.0,3.0666827156176595
0,12,11,8479572.0,4000000.0,3.263139407955907
0,12,12,7979028.0,4000000.0,2.998899977737163
0,12,13,7817034.0,4000000.0,2.9098200958659093
0,12,14,7476893.0,4000000.0,2.716611742803235
0,12,15,7533634.0,4000000.0,2.7494452610002145
0,12,16,7542869.0,4000000.0,2.7547657388882154
0,12,17,7416658.0,4000000.0,2.6814826177884794
0,12,18,7472095.0,4000000.0,2.71382393536674
0,12,19,7514313.0,4000000.0,2.73829289809532
0,12,20,7719517.0,4000000.0,2.8553013662474807
0,12,21,8869531.0,4000000.0,3.4584066463712517
0,12,22,1.0442014E7,4000000.0,4.167242798220333
0,12,23,7826955.0,4000000.0,2.915328455827773
0,12,24,7492621.0,4000000.0,2.7257377386435993
0,13,0,7584334.0,4000000.0,2.778574589465288
0,13,1,7465794.0,4000000.0,2.7101601115255396
0,13,2,7503544.0,4000000.0,2.732064422118694
0,13,3,7581126.0,4000000.0,2.776737234424655
0,13,4,1.1024976E7,4000000.0,4.403176614079309
0,13,5,1.1226957E7,4000000.0,4.482020679439594
0,13,6,9967376.0,4000000.0,3.9652085016215235
0,13,7,9954942.0,4000000.0,3.959787427337755
0,13,8,1.5465117E7,4000000.0,5.872932186408618
0,13,9,1.8700384E7,4000000.0,6.697905332496484
0,13,10,9750114.0,4000000.0,3.8694970224559992
0,13,11,7621184.0,4000000.0,2.7996245569694023
0,13,12,7809607.0,4000000.0,2.9056918825666282
0,13,13,8016141.0,4000000.0,3.019053562899428
0,13,14,7457570.0,4000000.0,2.7053734720242435
0,13,15,7511599.0,4000000.0,2.7367240412609357
0,13,16,7661747.0,4000000.0,2.822678156354594
0,13,17,7353376.0,4000000.0,2.6442678198095355
0,13,18,7416427.0,4000000.0,2.6813473498717544
0,13,19,7386480.0,4000000.0,2.6637753491928606
0,13,20,7357423.0,4000000.0,2.646657343060586
0,13,21,7400872.0,4000000.0,2.6722290171072944
0,13,22,7454275.0,4000000.0,2.703454191960427
0,13,23,7508988.0,4000000.0,2.735214189610437
0,13,24,7414023.0,4000000.0,2.6799393764877513
0,14,0,7510712.0,4347826.0,2.374089538799617
0,14,1,7378969.0,4347826.0,2.2972353052516246
0,14,2,7443996.0,4347826.0,2.3353397579595807
0,14,3,7486871.0,4347826.0,2.3602819493172005
0,14,4,7408099.0,4347826.0,2.3143462222001965
0,14,5,7449311.0,4347826.0,2.338439506416129
0,14,6,7494081.0,4347826.0,2.3644622757160643
0,14,7,7464857.0,4347826.0,2.3474933731298564
0,14,8,7413266.0,4347826.0,2.317374282947506
0,14,9,7519449.0,4347826.0,2.3791386281816633
0,14,10,7467024.0,4347826.0,2.3487539191372773
0,14,11,7419196.0,4347826.0,2.3208468910888933
0,14,12,7505273.0,4347826.0,2.370943387827337
0,14,13,7465141.0,4347826.0,2.347658597040637
0,14,14,7447602.0,4347826.0,2.33744304591075
0,14,15,8849273.0,4347826.0,3.086354379937082
0,14,16,7428545.0,4347826.0,2.3263160323513894
0,14,17,7460626.0,4347826.0,2.3450311412514617
0,14,18,7455615.0,4347826.0,2.3421131812497613
0,14,19,7496810.0,4347826.0,2.366043488806342
0,14,20,7500478.0,4347826.0,2.3681678624816147
0,14,21,7732377.0,4347826.0,2.500408650507151
0,14,22,7493375.0,4347826.0,2.3640531176782353
0,15,0,7498476.0,5000000.0,1.7600300144968197
0,15,1,7551384.0,5000000.0,1.7905655106519947
0,15,2,7468327.0,5000000.0,1.7425332090064907
0,15,3,7588513.0,5000000.0,1.8118667812551894
0,15,4,7758430.0,5000000.0,1.9080384175194756
0,15,5,7471693.0,5000000.0,1.744490147820255
0,15,6,7502733.0,5000000.0,1.7624948713748088
0,15,7,7443702.0,5000000.0,1.728189739934578
0,15,8,7550233.0,5000000.0,1.7899034981673199
0,15,9,7443119.0,5000000.0,1.7278495817731023
0,15,10,7421004.0,5000000.0,1.7149266134230419
0,15,11,7437891.0,5000000.0,1.7247980528180074
0,15,12,7486327.0,5000000.0,1.7529878867935613
0,15,13,7533588.0,5000000.0,1.7803186130304636
0,15,14,7437652.0,5000000.0,1.724658499752706
0,15,15,7451359.0,5000000.0,1.7326548349628654
0,15,16,7543967.0,5000000.0,1.7862977563858073
0,15,17,7478906.0,5000000.0,1.7486807041197274
0,15,18,7408398.0,5000000.0,1.7075430148698731
0,15,19,7417409.0,5000000.0,1.7128222257193295
0,16,0,7500269.0,5882352.0,1.0552583067317884
0,16,1,7450151.0,5882352.0,1.02614066003245
0,16,2,7400041.0,5882352.0,0.9968311681589042
0,16,3,7534040.0,5882352.0,1.0747691251087217
0,16,4,7489553.0,5882352.0,1.0490488928229593
0,16,5,8385312.0,5882352.0,1.539682173015367
0,16,6,1.082981E7,5882352.0,2.650698282224442
0,16,7,9220707.0,5882352.0,1.9521321283301543
0,16,8,7551932.0,5882352.0,1.0850706164723558
0,16,9,7696842.0,5882352.0,1.1676156236284787
0,16,10,7632870.0,5882352.0,1.1313685657944066
0,16,11,7589499.0,5882352.0,1.1066209894575176
0,16,12,8231400.0,5882352.0,1.459226973493846
0,16,13,8817363.0,5882352.0,1.757877113958797
0,16,14,7595340.0,5882352.0,1.1099621038333904
0,16,15,7541064.0,5882352.0,1.0788161746834861
0,16,16,7572858.0,5882352.0,1.0970880423370182
0,17,0,7526090.0,6666666.0,0.5266070996747092
0,17,1,7534677.0,6666666.0,0.531559419991739
0,17,2,7820557.0,6666666.0,0.6932898820633203
0,17,3,7494830.0,6666666.0,0.508530889824072
0,17,4,7640079.0,6666666.0,0.5918915177897428
0,17,5,7581426.0,6666666.0,0.5584220279854558
0,17,6,7596572.0,6666666.0,0.5670896090541594
0,17,7,7517533.0,6666666.0,0.5216664570084557
0,17,8,7634635.0,6666666.0,0.5887958143158979
0,17,9,7508192.0,6666666.0,0.5162667238467457
0,17,10,7700520.0,6666666.0,0.626113556453276
0,17,11,7567728.0,6666666.0,0.5505681670577887
0,17,12,7537036.0,6666666.0,0.5329189213187293
0,17,13,7521216.0,6666666.0,0.5237936374126596
0,17,14,7493925.0,6666666.0,0.5080064479920452
0,18,0,7562765.0,6666666.0,0.5477190813194887
0,18,1,7559855.0,6666666.0,0.5460476818424973
0,18,2,7608703.0,6666666.0,0.5740193455801607
0,18,3,7591528.0,6666666.0,0.5642050067046167
0,18,4,7544946.0,6666666.0,0.5374743831497132
0,18,5,7513919.0,6666666.0,0.5195781154592273
0,18,6,7618874.0,6666666.0,0.5798209380887094
0,18,7,7500002.0,6666666.0,0.5115268168867805
0,18,8,7522771.0,6666666.0,0.5246914418600642
0,18,9,7523681.0,6666666.0,0.525216759029871
0,18,10,7630268.0,6666666.0,0.5863109455234637
0,18,11,7669380.0,6666666.0,0.608515590726773
0,18,12,7608138.0,6666666.0,0.573696839243414
0,18,13,7917496.0,6666666.0,0.7467915511912014
0,18,14,7561727.0,6666666.0,0.5471229652014418
0,19,0,7910871.0,5555555.0,1.5349685120475278
0,19,1,1.0414541E7,5555555.0,2.729126825803319
0,19,2,7538351.0,5555555.0,1.3254890369651582
0,19,3,7389971.0,5555555.0,1.2391528265631189
0,19,4,7447470.0,5555555.0,1.2728131099241924
0,19,5,7494588.0,5555555.0,1.3002031190189858
0,19,6,7664546.0,5555555.0,1.397589835830041
0,19,7,7469564.0,5555555.0,1.285678012289756
0,19,8,7434652.0,5555555.0,1.26533193479931
0,19,9,7595946.0,5555555.0,1.3585441718523203
0,19,10,7509307.0,5555555.0,1.3087240831150124
0,19,11,7418139.0,5555555.0,1.2556751534786161
0,19,12,7405921.0,5555555.0,1.248516235906225
0,19,13,7444430.0,5555555.0,1.2710399913250545
0,19,14,7489289.0,5555555.0,1.2971313819037589
0,19,15,1.0518761E7,5555555.0,2.7723713601658204
0,19,16,1.1741102E7,5555555.0,3.249814095038421
0,19,17,1.0560865E7,5555555.0,2.789720395848867
0,20,0,8701539.0,4761904.0,2.6181543524168704
0,20,1,7718447.0,4761904.0,2.097492905699165
0,20,2,7612533.0,4761904.0,2.0374855251377517
0,20,3,7656311.0,4761904.0,2.062389304266952
0,20,4,7520028.0,4761904.0,1.984388218635957
0,20,5,7538359.0,4761904.0,1.9949618027525489
0,20,6,7455627.0,4761904.0,1.9470353664987274
0,20,7,7479597.0,4761904.0,1.9609756296903655
0,20,8,7451602.0,4761904.0,1.9446901481725867
0,20,9,7505068.0,4761904.0,1.975739957624871
0,20,10,7471867.0,4761904.0,1.9564849702549758
0,20,11,7426032.0,4761904.0,1.9297618056196009
0,20,12,7466277.0,4761904.0,1.953234625008393
0,20,13,7414439.0,4761904.0,1.9229766072888532
0,20,14,8315392.0,4761904.0,2.421020915497704
0,20,15,7513300.0,4761904.0,1.9805009443486878
0,20,16,7481514.0,4761904.0,1.9620885718059133
0,20,17,7546533.0,4761904.0,1.9996683971948814
0,20,18,7530998.0,4761904.0,1.9907189648722687
0,20,19,7416602.0,4761904.0,1.9242433814431652
0,20,20,7408080.0,4761904.0,1.9192502787480017
0,21,0,7515141.0,4166666.0,2.5614844448459517
0,21,1,7386947.0,4166666.0,2.4867629424704525
0,21,2,7407433.0,4166666.0,2.498790431885655
0,21,3,7467071.0,4166666.0,2.533615919982069
0,21,4,7576747.0,4166666.0,2.5969409688574743
0,21,5,7453659.0,4166666.0,2.525808313839377
0,21,6,7517610.0,4166666.0,2.562911027492682
0,21,7,7500868.0,4166666.0,2.553228340301775
0,21,8,7480743.0,4166666.0,2.541560460651851
0,21,9,7684017.0,4166666.0,2.6579962821582166
0,21,10,7376933.0,4166666.0,2.4808715025390575
0,21,11,7396698.0,4166666.0,2.492491984404496
0,21,12,7482856.0,4166666.0,2.5427869894386235
0,21,13,7499176.0,4166666.0,2.5522485748204247
0,21,14,7443878.0,4166666.0,2.5201055793029865
0,21,15,7547814.0,4166666.0,2.580325005494739
0,21,16,7499606.0,4166666.0,2.5524975905435277
0,21,17,7477662.0,4166666.0,2.539771417879355
0,21,18,7441860.0,4166666.0,2.5189280679564217
0,21,19,7492779.0,4166666.0,2.5485423444197304
0,21,20,7439403.0,4166666.0,2.51749396716574
0,21,21,7562615.0,4166666.0,2.5888330295653454
0,21,22,7578203.0,4166666.0,2.5977754589318014
0,21,23,7829683.0,4166666.0,2.739554903527548
0,22,0,7489019.0,4000000.0,2.723649410858447
0,22,1,7487558.0,4000000.0,2.7228020820728727
0,22,2,7656093.0,4000000.0,2.819472089295274
0,22,3,7476602.0,4000000.0,2.716442712493933
0,22,4,7462636.0,4000000.0,2.708322675178504
0,22,5,7387052.0,4000000.0,2.664111648520297
0,22,6,7459625.0,4000000.0,2.7065700443905056
0,22,7,7451914.0,4000000.0,2.7020784288054744
0,22,8,7537249.0,4000000.0,2.751528715011755
0,22,9,7647305.0,4000000.0,2.814484203171564
0,22,10,7616128.0,4000000.0,2.7967424305404225
0,22,11,7466399.0,4000000.0,2.7105120332582624
0,22,12,7591775.0,4000000.0,2.7828333694975136
0,22,13,7439334.0,4000000.0,2.6947406611690172
0,22,14,7414604.0,4000000.0,2.6802796980753323
0,22,15,7479260.0,4000000.0,2.7179863944897322
0,22,16,7413019.0,4000000.0,2.6793512191728968
0,22,17,7471550.0,4000000.0,2.7135071579101795
0,22,18,7517006.0,4000000.0,2.7398490556784028
0,22,19,7561259.0,4000000.0,2.7653412311890597
0,22,20,7515573.0,4000000.0,2.7390210620327977
0,22,21,7837446.0,4000000.0,2.921145702323014
0,22,22,7476687.0,4000000.0,2.716492086288504
0,22,23,7580453.0,4000000.0,2.77635168066866
0,22,24,1.0264713E7,4000000.0,4.092868197328826
0,23,0,9638348.0,4000000.0,3.819426114580673
0,23,1,8461404.0,4000000.0,3.2538244013446045
0,23,2,7678915.0,4000000.0,2.83239868963796
0,23,3,7607589.0,4000000.0,2.791870504755312
0,23,4,7603183.0,4000000.0,2.789354522606894
0,23,5,7544983.0,4000000.0,2.7559827425289614
0,23,6,7769393.0,4000000.0,2.8832709863793893
0,23,7,7728991.0,4000000.0,2.8606281025735543
0,23,8,7464761.0,4000000.0,2.709559161057829
0,23,9,7587539.0,4000000.0,2.780409450375611
0,23,10,7460784.0,4000000.0,2.707244754186381
0,23,11,7476123.0,4000000.0,2.716164466144986
0,23,12,7665378.0,4000000.0,2.8247358459647334
0,23,13,8026666.0,4000000.0,3.024752004671904
0,23,14,7525872.0,4000000.0,2.744968362399363
0,23,15,7446383.0,4000000.0,2.698853787908915
0,23,16,7413838.0,4000000.0,2.6798310068730693
0,23,17,7468191.0,4000000.0,2.7115542523152376
0,23,18,7406636.0,4000000.0,2.6756101039453037
0,23,19,7530371.0,4000000.0,2.747563818559624
0,23,20,7447754.0,4000000.0,2.6996533209552016
0,23,21,7461577.0,4000000.0,2.707706337342657
0,23,22,7496538.0,4000000.0,2.72800755448095
0,23,23,7416343.0,4000000.0,2.681298160493803
0,23,24,7377764.0,4000000.0,2.6586476756810913
0,24,0,7456183.0,4545454.0,2.1493929147269912
0,24,1,7650429.0,4545454.0,2.2610852196160667
0,24,2,7484632.0,4545454.0,2.1659318500496125
0,24,3,7446047.0,4545454.0,2.1434850612749905
0,24,4,7484637.0,4545454.0,2.165934751290027
0,24,5,7462138.0,4545454.0,2.1528600928056725
0,24,6,7526034.0,4545454.0,2.18988908917012
0,24,7,7422457.0,4545454.0,2.129704232451289
0,24,8,7540112.0,4545454.0,2.1980052981802647
0,24,9,7451407.0,4545454.0,2.1466101838945306
0,24,10,7993481.0,4545454.0,2.4515867994478473
0,24,11,7535743.0,4545454.0,2.1954881173708793
0,24,12,7456471.0,4545454.0,2.149560660603485
0,24,13,7455907.0,4545454.0,2.149232152181944
0,24,14,7505625.0,4545454.0,2.1780959510638995
0,24,15,7932588.0,4545454.0,2.418376315735233
0,24,16,7944325.0,4545454.0,2.42479735647866
0,24,17,7427638.0,4545454.0,2.1327346235727407
0,24,18,7515812.0,4545454.0,2.183986410898577
0,24,19,7421815.0,4545454.0,2.129328576363129
0,24,20,7410501.0,4545454.0,2.1227030315442947
0,24,21,7413463.0,4545454.0,2.124438573093798
0,25,0,7419780.0,5263157.0,1.4914470321522892
0,25,1,7493639.0,5263157.0,1.534464422590792
0,25,2,7501955.0,5263157.0,1.5392812951758241
0,25,3,7428084.0,5263157.0,1.496304810690311
0,25,4,7518969.0,5263157.0,1.5491196905703002
0,25,5,7376355.0,5263157.0,1.4659548451380848
0,25,6,7424657.0,5263157.0,1.494300699508551
0,25,7,7438884.0,5263157.0,1.5026146127018882
0,25,8,7414460.0,5263157.0,1.488332013462046
0,25,9,1.1225423E7,5263157.0,3.289563899909578
0,25,10,1.2894915E7,5263157.0,3.8917215850752207
0,25,11,9408819.0,5263157.0,2.5228878875514518
0,25,12,1.0171956E7,5263157.0,2.8615814769843113
0,25,13,7866226.0,5263157.0,1.7452009450001982
0,25,14,7590379.0,5263157.0,1.5901713625140244
0,25,15,7809254.0,5263157.0,1.713632234927566
0,25,16,7557689.0,5263157.0,1.5714269145058013
0,25,17,7639204.0,5263157.0,1.6180178251856847
0,25,18,7499226.0,5263157.0,1.5377011667123544
0,26,0,7552276.0,6250000.0,0.8219783564703952
0,26,1,7470608.0,6250000.0,0.7747593123166192
0,26,2,7530960.0,6250000.0,0.809703235482774
0,26,3,7515344.0,6250000.0,0.8006884700433938
0,26,4,7496397.0,6250000.0,0.7897256084831926
0,26,5,7655011.0,6250000.0,0.8806580175759439
0,26,6,7497218.0,6250000.0,0.790201218627909
0,26,7,7553254.0,6250000.0,0.822540720060279
0,26,8,7538062.0,6250000.0,0.8137968782405381
0,26,9,7547894.0,6250000.0,0.8194577511088375
0,26,10,7550996.0,6250000.0,0.8212422286456869
0,26,11,7579361.0,6250000.0,0.8375257537611474
0,26,12,7525197.0,6250000.0,0.8063785634280933
0,26,13,7495212.0,6250000.0,0.7890390391334617
0,26,14,7494345.0,6250000.0,0.7885366449449875
0,26,15,7457275.0,6250000.0,0.7670014140708104
0,27,0,7524819.0,6666666.0,0.5258736047239245
0,27,1,7553440.0,6666666.0,0.5423608626958786
0,27,2,7518026.0,6666666.0,0.5219512580985315
0,27,3,7577528.0,6666666.0,0.5561885230513146
0,27,4,7565889.0,6666666.0,0.5495126790589174
0,27,5,7491112.0,6666666.0,0.5063759276377151
0,27,6,7461155.0,6666666.0,0.48897364716450176
0,27,7,7582265.0,6666666.0,0.5589026142367703
0,27,8,7516707.0,6666666.0,0.5211892433383092
0,27,9,7553669.0,6666666.0,0.542492527114748
0,27,10,7544971.0,6666666.0,0.5374887733707435
0,27,11,7510173.0,6666666.0,0.5174124376093826
0,27,12,7506349.0,6666666.0,0.5152005510823996
0,27,13,7646502.0,6666666.0,0.5955410894257034
0,27,14,7478975.0,6666666.0,0.49933383993071523
0,28,0,7555423.0,6250000.0,0.823787665425144
0,28,1,7460550.0,6250000.0,0.7689082797849257
0,28,2,7420362.0,6250000.0,0.7454507536993222
0,28,3,7524259.0,6250000.0,0.8058371907372095
0,28,4,7527279.0,6250000.0,0.8075799619449737
0,28,5,7550324.0,6250000.0,0.8208557115835603
0,28,6,7630193.0,6250000.0,0.8665550590240831
0,28,7,7757066.0,6250000.0,0.9381746925466284
0,28,8,7543444.0,6250000.0,0.8168965328782447
0,28,9,7594343.0,6250000.0,0.8461019089863793
0,28,10,7558673.0,6250000.0,0.8256554014616759
0,28,11,7503157.0,6250000.0,0.7936401660712835
0,28,12,7561334.0,6250000.0,0.8271840484104187
0,28,13,7576481.0,6250000.0,0.8358752111876154
0,28,14,7525132.0,6250000.0,0.8063410504390761
0,28,15,7509673.0,6250000.0,0.7974100922234866
0,29,0,7510129.0,5555555.0,1.3091994539138638
0,29,1,7475906.0,5555555.0,1.2893638057369337
0,29,2,7558758.0,5555555.0,1.3372298979339146
0,29,3,7491254.0,5555555.0,1.2982707113150287
0,29,4,7524178.0,5555555.0,1.3173160966726112
0,29,5,7540408.0,5555555.0,1.326673940516991
0,29,6,7600764.0,5555555.0,1.3612979664353815
0,29,7,7944132.0,5555555.0,1.5531900033369348
0,29,8,7441430.0,5555555.0,1.269289493250574
0,29,9,7600251.0,5555555.0,1.361004837234073
0,29,10,7572413.0,5555555.0,1.3450684092563603
0,29,11,7690309.0,5555555.0,1.412163388281829
0,29,12,7503790.0,5555555.0,1.3055321997021325
0,29,13,7594125.0,5555555.0,1.35750289922715
0,29,14,7554167.0,5555555.0,1.3345913008023202
0,29,15,1.0451707E7,5555555.0,2.7445977487824718
0,29,16,9608803.0,5555555.0,2.3794183808754203
0,29,17,8111524.0,5555555.0,1.6437500602512913
0,30,0,7564886.0,4761904.0,2.0102175197430157
0,30,1,7648071.0,4761904.0,2.0577127523138277
0,30,2,7532640.0,4761904.0,1.991665763437276
0,30,3,7554760.0,4761904.0,2.0044003642603423
0,30,4,8306038.0,4761904.0,2.416132778902253
0,30,5,8161513.0,4761904.0,2.3399004094563307
0,30,6,7432331.0,4761904.0,1.9334440700862747
0,30,7,7459064.0,4761904.0,1.94903697707279
0,30,8,7581344.0,4761904.0,2.019655672202427
0,30,9,7472878.0,4761904.0,1.9570725637159203
0,30,10,7463893.0,4761904.0,1.9518476909632254
0,30,11,7463987.0,4761904.0,1.9519023855096704
0,30,12,7475443.0,4761904.0,1.9585629857599942
0,30,13,7412052.0,4761904.0,1.9215782171542495
0,30,14,7507549.0,4761904.0,1.977175396388694
0,30,15,7464814.0,4761904.0,1.9523835514611778
0,30,16,7438751.0,4761904.0,1.9371938587661202
0,30,17,7549144.0,4761904.0,2.0011707384327835
0,30,18,7404421.0,4761904.0,1.917104680861992
0,30,19,7489712.0,4761904.0,1.9668448242577796
0,30,20,7467233.0,4761904.0,1.9537906704729437
0,31,0,7331127.0,4166666.0,2.453820542243156
0,31,1,7384712.0,4166666.0,2.4854487391376234
0,31,2,7414810.0,4166666.0,2.5031133817354583
0,31,3,7496149.0,4166666.0,2.550495215804095
0,31,4,7394190.0,4166666.0,2.4910191714522885
0,31,5,7458019.0,4166666.0,2.5283479663118325
0,31,6,7415440.0,4166666.0,2.5034823647583524
0,31,7,7426338.0,4166666.0,2.5098602288045524
0,31,8,7333651.0,4166666.0,2.4553154974114477
0,31,9,7393389.0,4166666.0,2.4905486821580713
0,31,10,7447134.0,4166666.0,2.5220047958983565
0,31,11,7576517.0,4166666.0,2.596809132269864
0,31,12,7434563.0,4166666.0,2.5146675718834026
0,31,13,7441671.0,4166666.0,2.518817769322201
0,31,14,7411009.0,4166666.0,2.500886518771757
0,31,15,7592170.0,4166666.0,2.6057723522746636
0,31,16,7809309.0,4166666.0,2.7282391860182442
0,31,17,7703761.0,4166666.0,2.6691411205570033
0,31,18,7535761.0,4166666.0,2.5733842735999186
0,31,19,7468307.0,4166666.0,2.534334734036669
0,31,20,7483526.0,4166666.0,2.543175830646966
0,31,21,7410341.0,4166666.0,2.500495044696713
0,31,22,7489910.0,4166666.0,2.5468791037507033
0,31,23,7398116.0,4166666.0,2.4933244782462225
0,32,0,7419848.0,4000000.0,2.6833501726138813
0,32,1,7540355.0,4000000.0,2.753318016123354
0,32,2,7353735.0,4000000.0,2.6444798420333893
0,32,3,7378847.0,4000000.0,2.6592851403736906
0,32,4,7515672.0,4000000.0,2.7390782697407543
0,32,5,7485966.0,4000000.0,2.7218785896234063
0,32,6,7548069.0,4000000.0,2.757758702473749
0,32,7,7460589.0,4000000.0,2.7071312426161303
0,32,8,7397035.0,4000000.0,2.669976822976856
0,32,9,7454757.0,4000000.0,2.703735001526535
0,32,10,9700907.0,4000000.0,3.8475234981252537
0,32,11,1.0965148E7,4000000.0,4.379545065323231
0,32,12,9509184.0,4000000.0,3.760832596260686
0,32,13,9118465.0,4000000.0,3.5786174413447296
0,32,14,7821397.0,4000000.0,2.9122433912383237
0,32,15,7460626.0,4000000.0,2.707152780937012
0,32,16,7578586.0,4000000.0,2.775281919186005
0,32,17,7687047.0,4000000.0,2.8369954510467803
0,32,18,7582048.0,4000000.0,2.777265381780621
0,32,19,7595463.0,4000000.0,2.7849426115871445
0,32,20,7617369.0,4000000.0,2.7974500283470642
0,32,21,7505800.0,4000000.0,2.7333699666628823
0,32,22,7604057.0,4000000.0,2.7898537234843728
0,32,23,7585192.0,4000000.0,2.7790658700311677
0,32,24,7465143.0,4000000.0,2.709781400252566
0,33,0,8261662.0,4166666.0,2.9727873440555115
0,33,1,7536946.0,4166666.0,2.5740671488951334
0,33,2,7503269.0,4166666.0,2.554618278370123
0,33,3,7575460.0,4166666.0,2.5962032057058035
0,33,4,7539771.0,4166666.0,2.5756946675727543
0,33,5,7617574.0,4166666.0,2.6202799301507573
0,33,6,7485012.0,4166666.0,2.544038121409402
0,33,7,7574916.0,4166666.0,2.5958913240755965
0,33,8,7508827.0,4166666.0,2.557834096921654
0,33,9,7532068.0,4166666.0,2.5712554339989606
0,33,10,7531075.0,4166666.0,2.570682838464078
0,33,11,7488392.0,4166666.0,2.545998818354152
0,33,12,7495959.0,4166666.0,2.5503851366190116
0,33,13,7504199.0,4166666.0,2.5551565355480657
0,33,14,7526764.0,4166666.0,2.568196102402366
0,33,15,7572691.0,4166666.0,2.5946154720823618
0,33,16,7570922.0,4166666.0,2.5936008305407676
0,33,17,7619234.0,4166666.0,2.6212262291955595
0,33,18,7536072.0,4166666.0,2.573563502740649
0,33,19,7543580.0,4166666.0,2.577888116119743
0,33,20,7571204.0,4166666.0,2.593762592560065
0,33,21,7458937.0,4166666.0,2.5288825020909695
0,33,22,7441843.0,4166666.0,2.5189181470298987
0,33,23,7913664.0,4166666.0,2.785889181543013
0,34,0,7546810.0,4545454.0,2.201861491817249
0,34,1,7509271.0,4545454.0,2.180205106814484
0,34,2,7510808.0,4545454.0,2.1810939311955213
0,34,3,7496411.0,4545454.0,2.172761222018565
0,34,4,7502764.0,4545454.0,2.1764401883730797
0,34,5,7471097.0,4545454.0,2.1580710798827183
0,34,6,7492201.0,4545454.0,2.1703215300485605
0,34,7,7527092.0,4545454.0,2.190499571753751
0,34,8,7485497.0,4545454.0,2.166433735807931
0,34,9,7587695.0,4545454.0,2.2253259831717083
0,34,10,7771808.0,4545454.0,2.3294479589327572
0,34,11,7513505.0,4545454.0,2.1826531269208425
0,34,12,7539518.0,4545454.0,2.1976631532836275
0,34,13,7539181.0,4545454.0,2.1974690287899614
0,34,14,7480177.0,4545454.0,2.16334607434872
0,34,15,7545709.0,4545454.0,2.201227855741755
0,34,16,7572050.0,4545454.0,2.216362059858305
0,34,17,7536256.0,4545454.0,2.195783755752095
0,34,18,7427808.0,4545454.0,2.1328340215469606
0,34,19,7528365.0,4545454.0,2.1912339989807434
0,34,20,7581805.0,4545454.0,2.221953433480606
0,34,21,7549135.0,4545454.0,2.203199247987411
0,35,0,7525249.0,5263157.0,1.5527454948557338
0,35,1,7553500.0,5263157.0,1.569019083287101
0,35,2,7563548.0,5263157.0,1.5747924215695543
0,35,3,7491963.0,5263157.0,1.5334929867356228
0,35,4,7522658.0,5263157.0,1.551249928709915
0,35,5,7498781.0,5263157.0,1.5374434510778654
0,35,6,7523815.0,5263157.0,1.5519178310369952
0,35,7,7737200.0,5263157.0,1.673374979263646
0,35,8,7588726.0,5263157.0,1.5892254717234622
0,35,9,7510112.0,5263157.0,1.5440008856726188
0,35,10,7405567.0,5263157.0,1.4831199024569444
0,35,11,1.056488E7,5263157.0,3.0261824331426768
0,35,12,9697515.0,5263157.0,2.654141348170114
0,35,13,8372529.0,5263157.0,2.0161033526690235
0,35,14,7514538.0,5263157.0,1.5465595974329664
0,35,15,7625832.0,5263157.0,1.6104090815214636
0,35,16,7632604.0,5263157.0,1.6142640538456963
0,35,17,7558183.0,5263157.0,1.571710777023473
0,35,18,8339227.0,5263157.0,1.9987947060130264
0,36,0,8380500.0,6250000.0,1.2738991307177048
0,36,1,7492965.0,6250000.0,0.787736866483449
0,36,2,7432977.0,6250000.0,0.7528277161540078
0,36,3,7429663.0,6250000.0,0.7508909782166298
0,36,4,7395479.0,6250000.0,0.730862908495261
0,36,5,7494507.0,6250000.0,0.7886305223227498
0,36,6,7452446.0,6250000.0,0.764188204988705
0,36,7,7432082.0,6250000.0,0.7523047534644236
0,36,8,7472671.0,6250000.0,0.7759584460835238
0,36,9,7451451.0,6250000.0,0.7636083257663305
0,36,10,7483071.0,6250000.0,0.7819984852067183
0,36,11,7462175.0,6250000.0,0.7698541238393891
0,36,12,7371553.0,6250000.0,0.7167897503053047
0,36,13,7459939.0,6250000.0,0.768552589125469
0,36,14,7424731.0,6250000.0,0.7480070632437864
0,36,15,7452548.0,6250000.0,0.7642476455187113
0,37,0,7455028.0,6666666.0,0.4854058142406542
0,37,1,7491190.0,6666666.0,0.5064211476173807
0,37,2,7489488.0,6666666.0,0.5054343175001056
0,37,3,7415200.0,6666666.0,0.4621417163577754
0,37,4,7397976.0,6666666.0,0.45204220558792807
0,37,5,7438664.0,6666666.0,0.4758624481476695
0,37,6,7471538.0,6666666.0,0.4950131208646599
0,37,7,7448504.0,6666666.0,0.48160357812519494
0,37,8,7451661.0,6666666.0,0.4834439170743081
0,37,9,7490839.0,6666666.0,0.5062176540008935
0,37,10,7427515.0,6666666.0,0.4693484002722845
0,37,11,7415847.0,6666666.0,0.4625206357017289
0,37,12,7417253.0,6666666.0,0.4633439538798375
0,37,13,7463864.0,6666666.0,0.4905501996156515
0,37,14,7571819.0,6666666.0,0.5529152633991925
0,38,0,7432493.0,6250000.0,0.752544915099866
0,38,1,7586805.0,6250000.0,0.8417890440124919
0,38,2,7509918.0,6250000.0,0.7975517767048759
0,38,3,7534701.0,6250000.0,0.8118600551406606
0,38,4,7537233.0,6250000.0,0.8133192356791681
0,38,5,7500861.0,6250000.0,0.7923110019257417
0,38,6,7509706.0,6250000.0,0.7974291765250445
0,38,7,7418942.0,6250000.0,0.7446195851132691
0,38,8,7501568.0,6250000.0,0.7927203305736997
0,38,9,7508585.0,6250000.0,0.7967808416178069
0,38,10,7550244.0,6250000.0,0.8208096953561543
0,38,11,7550134.0,6250000.0,0.8207464222473483
0,38,12,7480197.0,6250000.0,0.7803301833941214
0,38,13,7738371.0,6250000.0,0.9276952988017464
0,38,14,7538523.0,6250000.0,0.8140624685664904
0,38,15,7522421.0,6250000.0,0.8047761815820891
0,39,0,7522741.0,5555555.0,1.316486583105891
0,39,1,7535098.0,5555555.0,1.323614535686036
0,39,2,1.1700298E7,5555555.0,3.234694716556248
0,39,3,1.2381201E7,5555555.0,3.480353226493637
0,39,4,1.0941475E7,5555555.0,2.94348420912332
0,39,5,8831321.0,5555555.0,2.0129821927916405
0,39,6,7685817.0,5555555.0,1.4096258819317786
0,39,7,7583133.0,5555555.0,1.3512122164440878
0,39,8,7548012.0,5555555.0,1.3310513047737784
0,39,9,7607731.0,5555555.0,1.3652769661550437
0,39,10,7509666.0,5555555.0,1.3089317027958427
0,39,11,7393297.0,5555555.0,1.241107013514451
0,39,12,7541468.0,5555555.0,1.327284411192622
0,39,13,7420156.0,5555555.0,1.2568558443536721
0,39,14,7593105.0,5555555.0,1.3569195402180256
0,39,15,7460024.0,5555555.0,1.2801277319722137
0,39,16,8235400.0,5555555.0,1.7095724658302094
0,39,17,7489135.0,5555555.0,1.2970420783158578
0,40,0,7471226.0,4761904.0,1.956112379703514
0,40,1,7423726.0,4761904.0,1.9284129848734053
0,40,2,7482780.0,4761904.0,1.9628234101021964
0,40,3,7639579.0,4761904.0,2.0528879046496704
0,40,4,7540032.0,4761904.0,1.9959255324650969
0,40,5,7454280.0,4761904.0,1.9462506605059735
0,40,6,7384751.0,4761904.0,1.9055522051774398
0,40,7,7450646.0,4761904.0,1.9441329362334636
0,40,8,7487048.0,4761904.0,1.965299816509786
0,40,9,7436325.0,4761904.0,1.9357772630829273
0,40,10,7466531.0,4761904.0,1.9533823678822233
0,40,11,7464676.0,4761904.0,1.9523032638713076
0,40,12,7437865.0,4761904.0,1.936676557100982
0,40,13,7424233.0,4761904.0,1.9287095741923959
0,40,14,7378813.0,4761904.0,1.9020586845443441
0,40,15,7412310.0,4761904.0,1.9217293845047803
0,40,16,7417370.0,4761904.0,1.9246930764572854
0,40,17,7489247.0,4761904.0,1.9665751834447567
0,40,18,7501406.0,4761904.0,1.9736203572120117
0,40,19,7414236.0,4761904.0,1.922857700131158
0,40,20,7527700.0,4761904.0,1.988816671295205
0,41,0,7572534.0,4166666.0,2.594525431513586
0,41,1,7407498.0,4166666.0,2.498828540927572
0,41,2,7540543.0,4166666.0,2.5761393205691334
0,41,3,7450593.0,4166666.0,2.5240215124617595
0,41,4,7539751.0,4166666.0,2.5756831474600634
0,41,5,7525372.0,4166666.0,2.567392843754513
0,41,6,7565297.0,4166666.0,2.5903729351553144
0,41,7,7556581.0,4166666.0,2.5853665316868413
0,41,8,7473032.0,4166666.0,2.5370815313557022
0,41,9,7566321.0,4166666.0,2.590960734226303
0,41,10,7541733.0,4166666.0,2.5768246421141545
0,41,11,7503698.0,4166666.0,2.554866579486248
0,41,12,7584650.0,4166666.0,2.601468559027876
0,41,13,7534659.0,4166666.0,2.5727491320180507
0,41,14,7566990.0,4166666.0,2.591344712337349
0,41,15,7590218.0,4166666.0,2.6046556072232976
0,41,16,7449940.0,4166666.0,2.523640862592571
0,41,17,7480132.0,4166666.0,2.54120573015836
0,41,18,7540712.0,4166666.0,2.5762366543353816
0,41,19,7504429.0,4166666.0,2.5552896426260014
0,41,20,7521804.0,4166666.0,2.5653332376989013
0,41,21,7708143.0,4166666.0,2.6716107420534545
0,41,22,7468943.0,4166666.0,2.534704562874852
0,41,23,7586364.0,4166666.0,2.6024498787275996
0,42,0,7399475.0,4000000.0,2.671409158771512
0,42,1,7491060.0,4000000.0,2.724832842592084
0,42,2,7538116.0,4000000.0,2.7520282496050803
0,42,3,7461623.0,4000000.0,2.707733111152788
0,42,4,7424342.0,4000000.0,2.6859797798356984
0,42,5,7398797.0,4000000.0,2.67101120466047
0,42,6,7429121.0,4000000.0,2.6887744054400207
0,42,7,7459757.0,4000000.0,2.706646893246058
0,42,8,7465710.0,4000000.0,2.710111247410471
0,42,9,7460303.0,4000000.0,2.7069647536128727
0,42,10,7477765.0,4000000.0,2.717118213480998
0,42,11,9492703.0,4000000.0,3.753299019041681
0,42,12,1.0887983E7,4000000.0,4.3488744278025155
0,42,13,8953639.0,4000000.0,3.4993958883912866
0,42,14,7450235.0,4000000.0,2.701099804261858
0,42,15,7593716.0,4000000.0,2.7839435945063262
0,42,16,7601680.0,4000000.0,2.7884959228175683
0,42,17,7598892.0,4000000.0,2.7869028077306837
0,42,18,7912396.0,4000000.0,2.9624802339755023
0,42,19,8339444.0,4000000.0,3.1907710537917437
0,42,20,7474437.0,4000000.0,2.7151849436393505
0,42,21,7503654.0,4000000.0,2.73212808809153
0,42,22,7405494.0,4000000.0,2.6749404307797082
0,42,23,7393131.0,4000000.0,2.667684102669691
0,42,24,7461186.0,4000000.0,2.7074787532920848
0,43,0,7469717.0,4166666.0,2.5351545951124073
0,43,1,7426535.0,4166666.0,2.509975433469589
0,43,2,7516641.0,4166666.0,2.5623511973374624
0,43,3,7486280.0,4166666.0,2.544773776561102
0,43,4,7424006.0,4166666.0,2.508496254017001
0,43,5,7475178.0,4166666.0,2.5383284980019654
0,43,6,7463127.0,4166666.0,2.5313214326933293
0,43,7,7385838.0,4166666.0,2.4861108886006704
0,43,8,7555484.0,4166666.0,2.5847360142195264
0,43,9,7481025.0,4166666.0,2.541724172646197
0,43,10,7397632.0,4166666.0,2.493040344548736
0,43,11,7450840.0,4166666.0,2.524165486181656
0,43,12,7482038.0,4166666.0,2.5423122077441453
0,43,13,7461944.0,4166666.0,2.530632966456663
0,43,14,7350172.0,4166666.0,2.4650881324576384
0,43,15,7466829.0,4166666.0,2.533475167379428
0,43,16,7453562.0,4166666.0,2.5257517955054167
0,43,17,7423797.0,4166666.0,2.5083739900743507
0,43,18,7421305.0,4166666.0,2.5069159174264577
0,43,19,7494623.0,4166666.0,2.5496110273424555
0,43,20,7651024.0,4166666.0,2.639308754749635
0,43,21,7444294.0,4166666.0,2.520348277338069
0,43,22,7431746.0,4166666.0,2.5130216925058595
0,43,23,7545803.0,4166666.0,2.5791677398661284
0,44,0,7497798.0,4545454.0,2.173564687473952
0,44,1,7440173.0,4545454.0,2.1400576688018145
0,44,2,7497057.0,4545454.0,2.1731354572995323
0,44,3,7482767.0,4545454.0,2.164849552166138
0,44,4,7432175.0,4545454.0,2.1353866005870166
0,44,5,7553625.0,4545454.0,2.2057815339817535
0,44,6,7542240.0,4545454.0,2.1992308081851006
0,44,7,7887630.0,4545454.0,2.39369263074668
0,44,8,7466029.0,4545454.0,2.1551240544392116
0,44,9,7491938.0,4545454.0,2.170169076245573
0,44,10,7556759.0,4545454.0,2.2075830486564323
0,44,11,7500109.0,4545454.0,2.1749030802985265
0,44,12,7557414.0,4545454.0,2.207959467380533
0,44,13,7505974.0,4545454.0,2.1782978866128198
0,44,14,7493939.0,4545454.0,2.1713288659108065
0,44,15,7581667.0,4545454.0,2.2218743847792215
0,44,16,7507433.0,4545454.0,2.179141979697209
0,44,17,7425645.0,4545454.0,2.1315691587961956
0,44,18,7463343.0,4545454.0,2.1535613430391902
0,44,19,7530545.0,4545454.0,2.192491410011373
0,44,20,1.1098544E7,4545454.0,3.8768874107184494
0,44,21,1.1443907E7,4545454.0,4.009970527496493
0,45,0,1.0118792E7,5263157.0,2.838823435071908
0,45,1,8548499.0,5263157.0,2.1064354000881687
0,45,2,7633019.0,5263157.0,1.6145001820535452
0,45,3,7589698.0,5263157.0,1.5897817010618795
0,45,4,7537588.0,5263157.0,1.5598607027157754
0,45,5,7511819.0,5263157.0,1.5449878968415556
0,45,6,7552639.0,5263157.0,1.5685240162824565
0,45,7,7449066.0,5263157.0,1.508554969976292
0,45,8,7399674.0,5263157.0,1.479662616598492
0,45,9,7664934.0,5263157.0,1.6326209443523363
0,45,10,7508206.0,5263157.0,1.542898544802021
0,45,11,7444807.0,5263157.0,1.5060711831884737
0,45,12,7405442.0,5263157.0,1.483046596431353
0,45,13,7414368.0,5263157.0,1.488278125059893
0,45,14,7492563.0,5263157.0,1.5338407811060037
0,45,15,7454560.0,5263157.0,1.5117568941142923
0,45,16,7407172.0,5263157.0,1.484061041899397
0,45,17,7466925.0,5263157.0,1.5189546395101834
0,45,18,7438850.0,5263157.0,1.5025947628882206
0,46,0,7410652.0,6250000.0,0.7397640217984403
0,46,1,7424181.0,6250000.0,0.7476853400560463
0,46,2,7395387.0,6250000.0,0.7308088817839979
0,46,3,7417814.0,6250000.0,0.7439592194962423
0,46,4,7483938.0,6250000.0,0.782501636258784
0,46,5,7397529.0,6250000.0,0.7320665902530219
0,46,6,7417987.0,6250000.0,0.7440605054940421
0,46,7,7484644.0,6250000.0,0.7829113102071261
0,46,8,7336817.0,6250000.0,0.6962766939032101
0,46,9,7417265.0,6250000.0,0.7436377818137417
0,46,10,7391973.0,6250000.0,0.7288035456218145
0,46,11,7469322.0,6250000.0,0.7740116478963621
0,46,12,7467051.0,6250000.0,0.7726910022804514
0,46,13,7506896.0,6250000.0,0.7958038187931264
0,46,14,7423301.0,6250000.0,0.7471705333776848
0,46,15,7457265.0,6250000.0,0.7669955902977426
0,47,0,7482240.0,6666666.0,0.5012293698137156
0,47,1,7437038.0,6666666.0,0.47491303032471666
0,47,2,7648243.0,6666666.0,0.5965298037798937
0,47,3,7453766.0,6666666.0,0.4846705708165775
0,47,4,7440990.0,6666666.0,0.47722023371598316
0,47,5,7526514.0,6666666.0,0.5268517628045915
0,47,6,7595202.0,6666666.0,0.5663063121965047
0,47,7,7524683.0,6666666.0,0.5257951116953306
0,47,8,7515792.0,6666666.0,0.5206605495377217
0,47,9,7571419.0,6666666.0,0.5526858305753779
0,47,10,7501571.0,6666666.0,0.5124352656802381
0,47,11,7463369.0,6666666.0,0.49026216797761035
0,47,12,7574401.0,6666666.0,0.5543959607126299
0,47,13,7608374.0,6666666.0,0.57383155276743
0,47,14,7721831.0,6666666.0,0.6381159490776361
0,48,0,7473129.0,6250000.0,0.776224617011509
0,48,1,7483792.0,6250000.0,0.7824169113280701
0,48,2,7504105.0,6250000.0,0.7941888486616077
0,48,3,7504906.0,6250000.0,0.7946523966999626
0,48,4,7447064.0,6250000.0,0.7610506883814299
0,48,5,7454385.0,6250000.0,0.7653180185690152
0,48,6,7437208.0,6250000.0,0.7552991043748246
0,48,7,7597802.0,6250000.0,0.8480795423473841
0,48,8,7613727.0,6250000.0,0.8571728322474631
0,48,9,7503161.0,6250000.0,0.7936424813333316
0,48,10,7446091.0,6250000.0,0.7604832216069377
0,48,11,8246911.0,6250000.0,1.2041129037323848
0,48,12,7817909.0,6250000.0,0.9721059361940023
0,48,13,7480141.0,6250000.0,0.7802976701033302
0,48,14,7457017.0,6250000.0,0.7668511582271649
0,48,15,7430573.0,6250000.0,0.751422878220137
0,49,0,7437027.0,5555555.0,1.2667190672183046
0,49,1,7433450.0,5555555.0,1.2646297308887031
0,49,2,7461081.0,5555555.0,1.28074303394635
0,49,3,7443954.0,5555555.0,1.2707622927199456
0,49,4,1.1691038E7,5555555.0,3.231256206577593
0,49,5,9779974.0,5555555.0,2.4561024875271587
0,49,6,8711161.0,5555555.0,1.9534858899297198
0,49,7,7575406.0,5555555.0,1.3467846212090535
0,49,8,7658457.0,5555555.0,1.3941382679624361
0,49,9,7671944.0,5555555.0,1.4017797265107947
0,49,10,7567527.0,5555555.0,1.3422652767310703
0,49,11,5.6949507E7,5555555.0,10.107625173674311
0,49,12,1.4840371E7,5555555.0,4.267173067020975
0,49,13,1.1488249E7,5555555.0,3.155263885711332
0,49,14,1.185879E7,5555555.0,3.293129270102884
0,49,15,1.0142143E7,5555555.0,2.6140227815942927
0,49,16,9318725.0,5555555.0,2.246290442189893
0,49,17,1.2485943E7,5555555.0,3.5169389652014837
0,50,0,7958638.0,4545454.0,2.432614841305727
0,50,1,7770169.0,4545454.0,2.328531976804515
0,50,2,8470505.0,4545454.0,2.70332036087084
0,50,3,9504049.0,4545454.0,3.2033139967133595
0,50,4,8531301.0,4545454.0,2.734379978725949
0,50,5,2.350092E7,4545454.0,7.135075970434349
0,50,6,1.4235378E7,4545454.0,4.957917366393184
0,50,7,7661945.0,4545454.0,2.2676176308496685
0,50,8,7606425.0,4545454.0,2.2360332038153756
0,50,9,8130038.0,4545454.0,2.52515308439579
0,50,10,7538563.0,4545454.0,2.197113015330698
0,50,11,7562202.0,4545454.0,2.2107100690477473
0,50,12,7486971.0,4545454.0,2.167288838745394
0,50,13,8000785.0,4545454.0,2.455553329848587
0,50,14,7513916.0,4545454.0,2.182890686023108
0,50,15,7343261.0,4545454.0,2.0831169745822447
0,50,16,7564305.0,4545454.0,2.211917646317671
0,50,17,7741372.0,4545454.0,2.3124067026446475
0,50,18,1.1091351E7,4545454.0,3.874071822525944
0,50,19,7535868.0,4545454.0,2.1955601558679443
0,50,20,7486859.0,4545454.0,2.1672238707552753
0,50,21,7456738.0,4545454.0,2.1497161692222946
0,51,0,7548184.0,4166666.0,2.5805378949748996
0,51,1,7395540.0,4166666.0,2.491812015611307
0,51,2,7389433.0,4166666.0,2.488224269388409
0,51,3,7585943.0,4166666.0,2.6022088633343206
0,51,4,7622323.0,4166666.0,2.6229865948497597
0,51,5,7430282.0,4166666.0,2.512166079633158
0,51,6,7502059.0,4166666.0,2.553917865391157
0,51,7,7675323.0,4166666.0,2.653079721122496
0,51,8,1.2995804E7,4166666.0,4.940144639824507
0,51,9,8723464.0,4166666.0,3.209002843601349
0,51,10,7931214.0,4166666.0,2.7955097936730144
0,51,11,7557616.0,4166666.0,2.585961329795497
0,51,12,7615998.0,4166666.0,2.61938132527211
0,51,13,7555434.0,4166666.0,2.584707273776232
0,51,14,7541145.0,4166666.0,2.576486026161034
0,51,15,1.112578E7,4166666.0,4.265417791951737
0,51,16,7894556.0,4166666.0,2.7753902094870657
0,51,17,7495393.0,4166666.0,2.5500571999834443
0,51,18,7510914.0,4166666.0,2.559041005335807
0,51,19,7489624.0,4166666.0,2.546713266519933
0,51,20,7499081.0,4166666.0,2.552193557793071
0,51,21,7554865.0,4166666.0,2.5843801941329776
0,51,22,7689562.0,4166666.0,2.6611291414703935
0,51,23,7466884.0,4166666.0,2.5335071570078673
0,52,0,7556318.0,4000000.0,2.7625023515041836
0,52,1,7569464.0,4000000.0,2.770051365097797
0,52,2,7701686.0,4000000.0,2.8452581700611796
0,52,3,7633058.0,4000000.0,2.8063857106467234
0,52,4,7631656.0,4000000.0,2.805587948087477
0,52,5,7541268.0,4000000.0,2.7538438360068795
0,52,6,7473284.0,4000000.0,2.714514953159026
0,52,7,7573574.0,4000000.0,2.772408818555223
0,52,8,7569156.0,4000000.0,2.769874647932766
0,52,9,7437774.0,4000000.0,2.69382986668631
0,52,10,7543148.0,4000000.0,2.754926375271517
0,52,11,7543957.0,4000000.0,2.755392129617624
0,52,12,7508940.0,4000000.0,2.7351864279443383
0,52,13,7463746.0,4000000.0,2.708968601131359
0,52,14,7528187.0,4000000.0,2.7463040709063264
0,52,15,7482427.0,4000000.0,2.719824971442625
0,52,16,7544224.0,4000000.0,2.7555458348610595
0,52,17,7594789.0,4000000.0,2.7845572137925654
0,52,18,7514953.0,4000000.0,2.7386627744001055
0,52,19,7473245.0,4000000.0,2.714492289054478
0,52,20,7630299.0,4000000.0,2.8048156517289877
0,52,21,7576527.0,4000000.0,2.774101839111722
0,52,22,7832068.0,4000000.0,2.918164581382843
0,52,23,7465054.0,4000000.0,2.7097296230270014
0,52,24,7474304.0,4000000.0,2.715107664668373
0,53,0,7440147.0,4166666.0,2.5179282747823075
0,53,1,7616618.0,4166666.0,2.619734859529034
0,53,2,7593300.0,4166666.0,2.6064186974525954
0,53,3,7465000.0,4166666.0,2.532411232597729
0,53,4,7473352.0,4166666.0,2.5372674950432805
0,53,5,7512746.0,4166666.0,2.5601001713376874
0,53,6,7439060.0,4166666.0,2.517293727386511
0,53,7,7398816.0,4166666.0,2.4937353825303794
0,53,8,7374477.0,4166666.0,2.4794253665325194
0,53,9,7459448.0,4166666.0,2.5291800201940875
0,53,10,7670463.0,4166666.0,2.650328905683501
0,53,11,7439328.0,4166666.0,2.5174501837461145
0,53,12,7452176.0,4166666.0,2.5249441439102354
0,53,13,7448948.0,4166666.0,2.523062537382415
0,53,14,7465956.0,4166666.0,2.532967373176091
0,53,15,7446066.0,4166666.0,2.521381925719392
0,53,16,7424270.0,4166666.0,2.508650687761679
0,53,17,7421651.0,4166666.0,2.507118391772897
0,53,18,7450011.0,4166666.0,2.5236822518672275
0,53,19,7439237.0,4166666.0,2.517397059270934
0,53,20,7588161.0,4166666.0,2.603478480529144
0,53,21,7433199.0,4166666.0,2.513870709954919
0,53,22,7463065.0,4166666.0,2.5312853534872226
0,53,23,7558835.0,4166666.0,2.58666176533369
0,54,0,7581980.0,4761904.0,2.0200199871648357
0,54,1,7463995.0,4761904.0,1.9519070403328818
0,54,2,7493356.0,4761904.0,1.9689573009858552
0,54,3,7985122.0,4761904.0,2.2450092007713858
0,54,4,7506364.0,4761904.0,1.9764898469757943
0,54,5,7561751.0,4761904.0,2.0084173665162806
0,54,6,7542369.0,4761904.0,1.9972714006890362
0,54,7,1.0563435E7,4761904.0,3.460245285332564
0,54,8,9610094.0,4761904.0,3.0494699991056984
0,54,9,8115348.0,4761904.0,2.3152651207265844
0,54,10,7566933.0,4761904.0,2.011392528259677
0,54,11,7651458.0,4761904.0,2.059635629069362
0,54,12,7558001.0,4761904.0,2.0062630926359533
0,54,13,7631096.0,4761904.0,2.0480628128067138
0,54,14,1.4274232E7,4761904.0,4.767721153151337
0,54,15,8443892.0,4761904.0,2.4876203413093814
0,54,16,7466721.0,4761904.0,1.9534928809192575
0,54,17,7545693.0,4761904.0,1.999184959741486
0,54,18,7570958.0,4761904.0,2.0137020115699404
0,54,19,7586196.0,4761904.0,2.022434233390428
0,54,20,7536498.0,4761904.0,1.9938895245413157
0,55,0,7576470.0,5555555.0,1.347394564597588
0,55,1,7497627.0,5555555.0,1.3019637940741138
0,55,2,7488912.0,5555555.0,1.296912758826512
0,55,3,7548366.0,5555555.0,1.3312549830953226
0,55,4,7551687.0,5555555.0,1.3331652969169432
0,55,5,7516590.0,5555555.0,1.3129341039335953
0,55,6,7573558.0,5555555.0,1.3457250422087494
0,55,7,7581820.0,5555555.0,1.3504601815961539
0,55,8,7527000.0,5555555.0,1.3189446456702938
0,55,9,7537214.0,5555555.0,1.3248339466559584
0,55,10,7597790.0,5555555.0,1.3595983418452193
0,55,11,7566813.0,5555555.0,1.341855498359092
0,55,12,7516748.0,5555555.0,1.3130253924127653
0,55,13,7563691.0,5555555.0,1.3400632680517015
0,55,14,7555039.0,5555555.0,1.3350925909278772
0,55,15,7558144.0,5555555.0,1.3368771049978547
0,55,16,7528024.0,5555555.0,1.3195354352301845
0,55,17,7567367.0,5555555.0,1.3421734530062306
0,56,0,7566540.0,6250000.0,0.8301731494064217
0,56,1,7547632.0,6250000.0,0.8193069976282765
0,56,2,7537866.0,6250000.0,0.8136839542222519
0,56,3,7676040.0,6250000.0,0.892572118426018
0,56,4,7454970.0,6250000.0,0.765658827775106
0,56,5,7465450.0,6250000.0,0.7717597376943098
0,56,6,7469386.0,6250000.0,0.7740488597447253
0,56,7,7480904.0,6250000.0,0.7807406427566164
0,56,8,7557425.0,6250000.0,0.8249382858215855
0,56,9,7469318.0,6250000.0,0.7740093221452524
0,56,10,7536449.0,6250000.0,0.8128674723022853
0,56,11,7571085.0,6250000.0,0.8327810465891876
0,56,12,7559994.0,6250000.0,0.8264143347883433
0,56,13,7543093.0,6250000.0,0.8166944489100337
0,56,14,7583419.0,6250000.0,0.8398503499758785
0,56,15,7549433.0,6250000.0,0.82034317832382
0,57,0,1.0270018E7,6666666.0,1.8766250725999731
0,57,1,1.042652E7,6666666.0,1.9423068310864944
0,57,2,1.0462566E7,6666666.0,1.9572951311324829
0,57,3,7780794.0,6666666.0,0.6711521981206434
0,57,4,7615877.0,6666666.0,0.5781122385778946
0,57,5,7465416.0,6666666.0,0.491453156808955
0,57,6,7500458.0,6666666.0,0.5117908598345421
0,57,7,1.0554068E7,6666666.0,1.9951119050035353
0,57,8,1.2350754E7,6666666.0,2.677847740924497
0,57,9,1.0113763E7,6666666.0,1.8100407489830983
0,57,10,9140312.0,6666666.0,1.3705232289792546
0,57,11,7810619.0,6666666.0,0.6877675603356513
0,57,12,7365211.0,6666666.0,0.432764955949509
0,57,13,7574463.0,6666666.0,0.55443150959323
0,57,14,7581644.0,6666666.0,0.5585469053316154
0,58,0,7581459.0,6250000.0,0.8387277333755077
0,58,1,7421095.0,6250000.0,0.7458797383407814
0,58,2,7432437.0,6250000.0,0.7525121931281021
0,58,3,7474228.0,6250000.0,0.7768632444778514
0,58,4,7406889.0,6250000.0,0.7375581899798751
0,58,5,7470004.0,6250000.0,0.7744081702520071
0,58,6,7426928.0,6250000.0,0.7492919634474622
0,58,7,7396775.0,6250000.0,0.7316239090161911
0,58,8,7399764.0,6250000.0,0.733378516933713
0,58,9,7513152.0,6250000.0,0.7994215787841713
0,58,10,7425584.0,6250000.0,0.7485059795206077
0,58,11,7634641.0,6250000.0,0.869086029108892
0,58,12,7385133.0,6250000.0,0.7247830365067377
0,58,13,7518656.0,6250000.0,0.8026019772235626
0,58,14,7467514.0,6250000.0,0.7729602814260922
0,58,15,7415110.0,6250000.0,0.7423758064185844
0,59,0,7497243.0,5263157.0,1.5365526217280203
0,59,1,7368379.0,5263157.0,1.4612563092058308
0,59,2,7380545.0,5263157.0,1.4684210730424219
0,59,3,7479361.0,5263157.0,1.5261817023715463
0,59,4,7442594.0,5263157.0,1.504780032778095
0,59,5,7479462.0,5263157.0,1.5262403483528153
0,59,6,7437902.0,5263157.0,1.5020412668436518
0,59,7,7446634.0,5263157.0,1.5071368369723062
0,59,8,7502072.0,5263157.0,1.539349026931284
0,59,9,7564978.0,5263157.0,1.5756134415565262
0,59,10,7568844.0,5263157.0,1.5778322895164922
0,59,11,7512777.0,5263157.0,1.5455417275258907
0,59,12,7529710.0,5263157.0,1.5553192484481184
0,59,13,7565661.0,5263157.0,1.5760055243117108
0,59,14,7554249.0,5263157.0,1.5694497054363197
0,59,15,7537579.0,5263157.0,1.5598555171674666
0,59,16,7512571.0,5263157.0,1.5454226425459252
0,59,17,7486933.0,5263157.0,1.5305762145968944
0,59,18,8026514.0,5263157.0,1.8328064231827692
0,60,0,7464117.0,4545454.0,2.154011712933726
0,60,1,7475998.0,4545454.0,2.1609190946067662
0,60,2,7550244.0,4545454.0,2.2038371981723786
0,60,3,7544373.0,4545454.0,2.2004588507365623
0,60,4,7508826.0,4545454.0,2.1799477359312043
0,60,5,7513690.0,4545454.0,2.182760059025145
0,60,6,7548667.0,4545454.0,2.202930003739016
0,60,7,7590310.0,4545454.0,2.2268224645359114
0,60,8,7512883.0,4545454.0,2.1822935845372724
0,60,9,7696832.0,4545454.0,2.287347401844084
0,60,10,7464446.0,4545454.0,2.154203135088114
0,60,11,7484976.0,4545454.0,2.166131450869889
0,60,12,7525650.0,4545454.0,2.189667493923918
0,60,13,7549918.0,4545454.0,2.2036496770039
0,60,14,7524352.0,4545454.0,2.188918372111299
0,60,15,7503634.0,4545454.0,2.176943755184621
0,60,16,7497958.0,4545454.0,2.173657363184476
0,60,17,7535415.0,4545454.0,2.1952990826728334
0,60,18,7508569.0,4545454.0,2.179799090068377
0,60,19,7681099.0,4545454.0,2.2784609561086184
0,60,20,7548244.0,4545454.0,2.2026866339981552
0,60,21,7510739.0,4545454.0,2.1810540334150175
0,61,0,7519280.0,4166666.0,2.5638756841308035
0,61,1,7494433.0,4166666.0,2.5495009257435743
0,61,2,7558379.0,4166666.0,2.5863997616552235
0,61,3,7553717.0,4166666.0,2.583720211526821
0,61,4,7461148.0,4166666.0,2.530169659780107
0,61,5,7607520.0,4166666.0,2.6145441398091767
0,61,6,7488731.0,4166666.0,2.546195419302666
0,61,7,8712771.0,4166666.0,3.203676107092957
0,61,8,9889992.0,4166666.0,3.754072514958817
0,61,9,8936618.0,4166666.0,3.3138450540536217
0,61,10,7418442.0,4166666.0,2.5052401676753124
0,61,11,7671105.0,4166666.0,2.650692384902242
0,61,12,7608092.0,4166666.0,2.6148706681719736
0,61,13,7574033.0,4166666.0,2.595385042051735
0,61,14,7870050.0,4166666.0,2.761888027261689
0,61,15,8500328.0,4166666.0,3.0964699524734085
0,61,16,7453190.0,4166666.0,2.525535037961853
0,61,17,8239156.0,4166666.0,2.960940370565155
0,61,18,7437941.0,4166666.0,2.5166404028002365
0,61,19,7455775.0,4166666.0,2.52704104625548
0,61,20,7560275.0,4166666.0,2.5874890416162644
0,61,21,7407008.0,4166666.0,2.4985412491390906
0,61,22,7418160.0,4166666.0,2.505075074557749
0,61,23,7432500.0,4166666.0,2.5134622907570408
0,62,0,7461439.0,4000000.0,2.707626014921902
0,62,1,7493169.0,4000000.0,2.726055364042313
0,62,2,7477445.0,4000000.0,2.7169323595421635
0,62,3,7493084.0,4000000.0,2.726006098851124
0,62,4,7355456.0,4000000.0,2.6454961056834647
0,62,5,7412572.0,4000000.0,2.679089334660543
0,62,6,7442889.0,4000000.0,2.69681550833739
0,62,7,7473437.0,4000000.0,2.7146038650424194
0,62,8,7371099.0,4000000.0,2.6547225284762908
0,62,9,7580774.0,4000000.0,2.776535582049085
0,62,10,7441110.0,4000000.0,2.695777333197786
0,62,11,7495321.0,4000000.0,2.727302456619988
0,62,12,7389138.0,4000000.0,2.665337862172488
0,62,13,7533604.0,4000000.0,2.7494279667430233
0,62,14,7576763.0,4000000.0,2.7742371146825544
0,62,15,7454383.0,4000000.0,2.70351711352459
0,62,16,7578812.0,4000000.0,2.775411427631871
0,62,17,7553964.0,4000000.0,2.761149194470223
0,62,18,7451198.0,4000000.0,2.701661126903318
0,62,19,7398237.0,4000000.0,2.6706824834992124
0,62,20,7444372.0,4000000.0,2.6976807564428587
0,62,21,7355215.0,4000000.0,2.6453538076602845
0,62,22,7532746.0,4000000.0,2.748933321834501
0,62,23,7605230.0,4000000.0,2.790523613438165
0,62,24,7509830.0,4000000.0,2.7357011466454653
0,63,0,7513615.0,4166666.0,2.5606024911011946
0,63,1,7489431.0,4166666.0,2.546601351803001
0,63,2,7541650.0,4166666.0,2.5767768458843583
0,63,3,7532266.0,4166666.0,2.571369598099971
0,63,4,7524800.0,4166666.0,2.5670627260073298
0,63,5,7519563.0,4166666.0,2.564039134654748
0,63,6,7587200.0,4166666.0,2.602928434968228
0,63,7,7540827.0,4166666.0,2.5763028861243513
0,63,8,7512166.0,4166666.0,2.559764873800332
0,63,9,7508203.0,4166666.0,2.557473173680689
0,63,10,7599180.0,4166666.0,2.6097804286263067
0,63,11,7640187.0,4166666.0,2.6331529962706632
0,63,12,7535022.0,4166666.0,2.5729583586061406
0,63,13,7522345.0,4166666.0,2.565645589450816
0,63,14,7546030.0,4166666.0,2.5792983864846004
0,63,15,7413496.0,4166666.0,2.502343687677736
0,63,16,1.094516E7,4166666.0,4.194334258106928
0,63,17,9828917.0,4166666.0,3.727169788950326
0,63,18,8084600.0,4166666.0,2.8786984847884938
0,63,19,7779159.0,4166666.0,2.711439594221461
0,63,20,7670705.0,4166666.0,2.650465921671631
0,63,21,7648988.0,4166666.0,2.6381529078517714
0,63,22,7600882.0,4166666.0,2.6107530157266607
0,63,23,7525088.0,4166666.0,2.567228942275256
0,64,0,7670455.0,4761904.0,2.0704049063786676
0,64,1,7424747.0,4761904.0,1.9290102377582263
0,64,2,7617782.0,4761904.0,2.0404790440843605
0,64,3,7537288.0,4761904.0,1.9943447421502398
0,64,4,7533779.0,4761904.0,1.99232240442918
0,64,5,7524300.0,4761904.0,1.986854671210718
0,64,6,7526478.0,4761904.0,1.9881116074145313
0,64,7,7503608.0,4761904.0,1.9748950197428372
0,64,8,7971099.0,4761904.0,2.237375672647581
0,64,9,7438106.0,4761904.0,1.9368172739256488
0,64,10,7601816.0,4761904.0,2.0313671762917327
0,64,11,7619196.0,4761904.0,2.04128509945725
0,64,12,7547668.0,4761904.0,2.0003215278082727
0,64,13,7644721.0,4761904.0,2.0558100434590316
0,64,14,7428584.0,4761904.0,1.931254028008548
0,64,15,7433078.0,4761904.0,1.9338805437524278
0,64,16,7630087.0,4761904.0,2.0474885412933213
0,64,17,7509258.0,4761904.0,1.9781639011657441
0,64,18,7629127.0,4761904.0,2.0469420875858404
0,64,19,7616851.0,4761904.0,2.039948242767184
0,64,20,7527415.0,4761904.0,1.9886522435543905
0,65,0,7522821.0,5555555.0,1.3165327675668668
0,65,1,7552482.0,5555555.0,1.3336224741551381
0,65,2,7532393.0,5555555.0,1.3220551963293123
0,65,3,7505825.0,5555555.0,1.3067098305422151
0,65,4,7520347.0,5555555.0,1.3151042858030315
0,65,5,7544643.0,5555555.0,1.3291124303559454
0,65,6,7576655.0,5555555.0,1.3475006080429583
0,65,7,7479056.0,5555555.0,1.2911933358129395
0,65,8,7469755.0,5555555.0,1.2857890618577423
0,65,9,7531922.0,5555555.0,1.3217836238070397
0,65,10,7872624.0,5555555.0,1.5139205837377923
0,65,11,7482682.0,5555555.0,1.2932983744417563
0,65,12,7525112.0,5555555.0,1.3178551666840446
0,65,13,7479890.0,5555555.0,1.29167759666699
0,65,14,7514714.0,5555555.0,1.3118500510100688
0,65,15,7556300.0,5555555.0,1.3358174047156575
0,65,16,7555157.0,5555555.0,1.3351604216150048
0,65,17,7500453.0,5555555.0,1.3036004251900744
0,66,0,7435520.0,6250000.0,0.7543132878002186
0,66,1,7529004.0,6250000.0,0.8085751052808965
0,66,2,7492619.0,6250000.0,0.7875363192231419
0,66,3,7512285.0,6250000.0,0.7989203842881609
0,66,4,7589577.0,6250000.0,0.8433755411331144
0,66,5,7753917.0,6250000.0,0.9364113054778629
0,66,6,7510772.0,6250000.0,0.7980456121917211
0,66,7,7505349.0,6250000.0,0.7949087447174199
0,66,8,7443034.0,6250000.0,0.7586998552239779
0,66,9,7475105.0,6250000.0,0.7773728006715175
0,66,10,7460581.0,6250000.0,0.7689263255067126
0,66,11,7565818.0,6250000.0,0.829758725406974
0,66,12,7519250.0,6250000.0,0.8029450714314723
0,66,13,7516770.0,6250000.0,0.8015124445463173
0,66,14,7502287.0,6250000.0,0.7931365672445122
0,66,15,7640776.0,6250000.0,0.8725745057766453
0,67,0,7567907.0,6666666.0,0.5506708898206789
0,67,1,7455920.0,6666666.0,0.4859254199401982
0,67,2,7482516.0,6666666.0,0.5013895665813993
0,67,3,7522461.0,6666666.0,0.5245124731483696
0,67,4,7613465.0,6666666.0,0.5767365805893757
0,67,5,7460908.0,6666666.0,0.48882987249066484
0,67,6,7518801.0,6666666.0,0.5223989299694294
0,67,7,7532145.0,6666666.0,0.5300997443699912
0,67,8,7476806.0,6666666.0,0.49807414678884326
0,67,9,7597431.0,6666666.0,0.5675806698501229
0,67,10,1.0583885E7,6666666.0,2.0073641483079383
0,67,11,9673129.0,6666666.0,1.6165828201021855
0,67,12,7658938.0,6666666.0,0.6025985635858561
0,67,13,7699045.0,6666666.0,0.6252816052095023
0,67,14,7636570.0,6666666.0,0.5898963952156763
0,68,0,7646989.0,6250000.0,0.8761044812369128
0,68,1,7508170.0,6250000.0,0.7965408001307673
0,68,2,8422635.0,6250000.0,1.2956796334027154
0,68,3,7553999.0,6250000.0,0.8229690565543861
0,68,4,8253311.0,6250000.0,1.207481930917072
0,68,5,7447297.0,6250000.0,0.7611865661331394
0,68,6,7509218.0,6250000.0,0.7971469516369722
0,68,7,7479255.0,6250000.0,0.779783231002425
0,68,8,7449891.0,6250000.0,0.7626990125054922
0,68,9,7458941.0,6250000.0,0.7679715456509102
0,68,10,1.6767334E7,6250000.0,4.285839980866332
0,68,11,2.2492796E7,6250000.0,5.561634270598268
0,68,12,1.4756615E7,6250000.0,3.7310672934220452
0,68,13,1.0981261E7,6250000.0,2.4477219653109765
0,68,14,1.0850413E7,6250000.0,2.3956625173516604
0,68,15,8523771.0,6250000.0,1.3475175608050298
0,69,0,9156934.0,5263157.0,2.405037587371687
0,69,1,9210294.0,5263157.0,2.430271682305379
0,69,2,8052224.0,5263157.0,1.8466952254581557
0,69,3,8354806.0,5263157.0,2.006900447384991
0,69,4,1.0066806E7,5263157.0,2.816453740745949
0,69,5,1.548571E7,5263157.0,4.68684796778792
0,69,6,8347851.0,5263157.0,2.003283635645143
0,69,7,7625130.0,5263157.0,1.6100092710353955
0,69,8,7829738.0,5263157.0,1.7250090464952685
0,69,9,7671066.0,5263157.0,1.636093941098491
0,69,10,7639038.0,5263157.0,1.617923451914207
0,69,11,7631463.0,5263157.0,1.6136147773392784
0,69,12,7601893.0,5263157.0,1.5967542720644077
0,69,13,7495176.0,5263157.0,1.5353551009012856
0,69,14,7408607.0,5263157.0,1.484902324134343
0,69,15,8287076.0,5263157.0,1.9715499651899202
0,69,16,7531817.0,5263157.0,1.556534342348411
0,69,17,7448408.0,5263157.0,1.5081713267233774
0,69,18,7418006.0,5263157.0,1.4904085505155182
0,70,0,7457038.0,4545454.0,2.149890891364546
0,70,1,7656841.0,4545454.0,2.26472361677093
0,70,2,7436276.0,4545454.0,2.1377823332903763
0,70,3,7415619.0,4545454.0,2.125701414461296
0,70,4,7466319.0,4545454.0,2.1552927424442965
0,70,5,7537710.0,4545454.0,2.1966215766396386
0,70,6,7328678.0,4545454.0,2.0744837346060083
0,70,7,7389159.0,4545454.0,2.110177447500248
0,70,8,7474716.0,4545454.0,2.160174293352237
0,70,9,7897570.0,4545454.0,2.399162168947914
0,70,10,1.0494144E7,4545454.0,3.633697522029851
0,70,11,1.200237E7,4545454.0,4.216897436763634
0,70,12,9437258.0,4545454.0,3.172685610860881
0,70,13,8350588.0,4545454.0,2.6413978999773384
0,70,14,7727806.0,4545454.0,2.3047894388807006
0,70,15,7569785.0,4545454.0,2.2150627761072306
0,70,16,7718417.0,4545454.0,2.2995097127071378
0,70,17,7722219.0,4545454.0,2.301648468718959
0,70,18,7502197.0,4545454.0,2.1761119702972627
0,70,19,7533166.0,4545454.0,2.194002705400079
0,70,20,7516310.0,4545454.0,2.1842741662162455
0,70,21,7386324.0,4545454.0,2.1085108693297676
0,71,0,7464698.0,4166666.0,2.5322355332184747
0,71,1,7431469.0,4166666.0,2.5128598169338505
0,71,2,7441674.0,4166666.0,2.518819520116052
0,71,3,7392709.0,4166666.0,2.4901492255226527
0,71,4,7449271.0,4166666.0,2.5232508513247414
0,71,5,7476874.0,4166666.0,2.5393137319276726
0,71,6,7446594.0,4166666.0,2.521689872703398
0,71,7,7464839.0,4166666.0,2.532317565932483
0,71,8,7411323.0,4166666.0,2.5010705228371606
0,71,9,7419673.0,4166666.0,2.505960766630704
0,71,10,7558720.0,4166666.0,2.5865956913350576
0,71,11,7473629.0,4166666.0,2.537428463430811
0,71,12,7542977.0,4166666.0,2.5775409466857537
0,71,13,7457448.0,4166666.0,2.5280154495367455
0,71,14,7466951.0,4166666.0,2.533546125873249
0,71,15,7459341.0,4166666.0,2.529117723569925
0,71,16,7323398.0,4166666.0,2.4492394829978155
0,71,17,7385739.0,4166666.0,2.4860526752444265
0,71,18,7427351.0,4166666.0,2.5104525938538673
0,71,19,7418784.0,4166666.0,2.505440378567614
0,71,20,7446323.0,4166666.0,2.5215318193084735
0,71,21,7608378.0,4166666.0,2.615033923147456
0,71,22,7494089.0,4166666.0,2.5493015767993605
0,71,23,7530546.0,4166666.0,2.570377769333709
0,72,0,7488193.0,4000000.0,2.723170380125069
0,72,1,7542812.0,4000000.0,2.754732919971431
0,72,2,7524031.0,4000000.0,2.743905849046059
0,72,3,7581159.0,4000000.0,2.7767561388548283
0,72,4,7547114.0,4000000.0,2.757209187796423
0,72,5,7512904.0,4000000.0,2.7374784812584636
0,72,6,7564169.0,4000000.0,2.7670123203746764
0,72,7,7487645.0,4000000.0,2.7228525436524933
0,72,8,7429061.0,4000000.0,2.688739330262029
0,72,9,7591662.0,4000000.0,2.782768726325542
0,72,10,7500073.0,4000000.0,2.7300549917612296
0,72,11,7473556.0,4000000.0,2.7146730174710685
0,72,12,7524155.0,4000000.0,2.7439774224779097
0,72,13,7504487.0,4000000.0,2.7326101828476985
0,72,14,7549145.0,4000000.0,2.7583777582324065
0,72,15,7514021.0,4000000.0,2.7381241315657343
0,72,16,7687279.0,4000000.0,2.837126521924046
0,72,17,7520044.0,4000000.0,2.7416039034098043
0,72,18,7527353.0,4000000.0,2.745822916994507
0,72,19,7461568.0,4000000.0,2.707701098969194
0,72,20,7446959.0,4000000.0,2.699189714689756
0,72,21,7517093.0,4000000.0,2.739899319575063
0,72,22,7515250.0,4000000.0,2.738834409422124
0,72,23,7529763.0,4000000.0,2.7472131562811337
0,72,24,7575032.0,4000000.0,2.77324480485861
0,73,0,7560914.0,4166666.0,2.587856094992955
0,73,1,7595850.0,4166666.0,2.607876910636688
0,73,2,7488110.0,4166666.0,2.545835267420949
0,73,3,7490359.0,4166666.0,2.547139443831956
0,73,4,7617952.0,4166666.0,2.6204954308353976
0,73,5,7375850.0,4166666.0,2.4802338724393724
0,73,6,7536179.0,4166666.0,2.57362516507571
0,73,7,7494322.0,4166666.0,2.549436601938839
0,73,8,7513270.0,4166666.0,2.560403073063081
0,73,9,7507461.0,4166666.0,2.5570439598865673
0,73,10,7525621.0,4166666.0,2.5675365410188777
0,73,11,1.076684E7,4166666.0,4.122995704916787
0,73,12,9621643.0,4166666.0,3.6346055006683784
0,73,13,8400324.0,4166666.0,3.045073482961444
0,73,14,7503479.0,4166666.0,2.5547398261447714
0,73,15,7715623.0,4166666.0,2.6758231023541907
0,73,16,7561401.0,4166666.0,2.588135815938802
0,73,17,7511032.0,4166666.0,2.559109234510464
0,73,18,8686042.0,4166666.0,3.1903323619317985
0,73,19,8471339.0,4166666.0,3.0816337257437123
0,73,20,8185252.0,4166666.0,2.932433658110407
0,73,21,7571872.0,4166666.0,2.5941457494749476
0,73,22,8375777.0,4166666.0,3.0323641719536125
0,73,23,7756959.0,4166666.0,2.699028071522842
0,74,0,7609098.0,4761904.0,2.035525417747603
0,74,1,7512068.0,4761904.0,1.9797887477450455
0,74,2,7565706.0,4761904.0,2.0106882501354675
0,74,3,7543368.0,4761904.0,1.9978465932541136
0,74,4,7358291.0,4761904.0,1.8899632319796829
0,74,5,7416645.0,4761904.0,1.9242685609102395
0,74,6,7603942.0,4761904.0,2.032581597926673
0,74,7,7520793.0,4761904.0,1.9848299967529128
0,74,8,7404643.0,4761904.0,1.9172348894626032
0,74,9,7564917.0,4761904.0,2.010235316576113
0,74,10,7381296.0,4761904.0,1.9035198569635154
0,74,11,7457119.0,4761904.0,1.9479043779727536
0,74,12,7379750.0,4761904.0,1.9026101392219985
0,74,13,7375198.0,4761904.0,1.8999304841742926
0,74,14,7340307.0,4761904.0,1.8793358839021204
0,74,15,7438290.0,4761904.0,1.9369247061083825
0,74,16,7406250.0,4761904.0,1.9181773191123983
0,74,17,7411968.0,4761904.0,1.9215289987418616
0,74,18,7364442.0,4761904.0,1.8935921037572427
0,74,19,7383509.0,4761904.0,1.904821728130319
0,74,20,7415307.0,4761904.0,1.9234850011760076
0,75,0,7424767.0,5555555.0,1.2595537794260958
0,75,1,7464316.0,5555555.0,1.2826256541151237
0,75,2,7470325.0,5555555.0,1.2861204494471066
0,75,3,7433393.0,5555555.0,1.2645964288817224
0,75,4,7428861.0,5555555.0,1.2619478095632926
0,75,5,7511186.0,5555555.0,1.3098106510935106
0,75,6,7438645.0,5555555.0,1.2676638157641051
0,75,7,7377032.0,5555555.0,1.2315421587256188
0,75,8,7414044.0,5555555.0,1.253277076339761
0,75,9,7462959.0,5555555.0,1.2818360423292265
0,75,10,7422824.0,5555555.0,1.2584171180200068
0,75,11,7526187.0,5555555.0,1.3184755338282226
0,75,12,7497815.0,5555555.0,1.3020726903141877
0,75,13,7405134.0,5555555.0,1.2480547026021087
0,75,14,7384831.0,5555555.0,1.2361310957446108
0,75,15,7492247.0,5555555.0,1.2988463503744996
0,75,16,7468581.0,5555555.0,1.2851064400144472
0,75,17,7395520.0,5555555.0,1.2424126441684
0,76,0,7557667.0,6250000.0,0.8250773511539429
0,76,1,7489049.0,6250000.0,0.7854665479136449
0,76,2,7445457.0,6250000.0,0.7601134243209963
0,76,3,7442349.0,6250000.0,0.7583001453605316
0,76,4,7432004.0,6250000.0,0.7522591738444074
0,76,5,8087494.0,6250000.0,1.1193395413572853
0,76,6,1.1557416E7,6250000.0,2.6698072829889714
0,76,7,8985960.0,6250000.0,1.5768446370372367
0,76,8,7726904.0,6250000.0,0.9212549920673109
0,76,9,7598121.0,6250000.0,0.8482618806492398
0,76,10,7613431.0,6250000.0,0.8570039876519582
0,76,11,7663433.0,6250000.0,0.8854334745285231
0,76,12,7516724.0,6250000.0,0.8014858671636171
0,76,13,7432209.0,6250000.0,0.7523789654119735
0,76,14,7499944.0,6250000.0,0.7917800330338702
0,76,15,7432273.0,6250000.0,0.7524163630782257
0,77,0,7505607.0,6666666.0,0.5147712312711313
0,77,1,7409387.0,6666666.0,0.458735815130722
0,77,2,7386002.0,6666666.0,0.44500723399447883
0,77,3,7399741.0,6666666.0,0.45307821643229573
0,77,4,7482440.0,6666666.0,0.5013454550175233
0,77,5,7409246.0,6666666.0,0.4586531684764048
0,77,6,7400494.0,6666666.0,0.4535201333953109
0,77,7,7576577.0,6666666.0,0.55564343767302
0,77,8,7433313.0,6666666.0,0.47273722831583703
0,77,9,7408867.0,6666666.0,0.4584310111630179
0,77,10,7582360.0,6666666.0,0.5589570276835664
0,77,11,7454518.0,6666666.0,0.4851087023287867
0,77,12,7507348.0,6666666.0,0.5157785035854529
0,77,13,7475384.0,6666666.0,0.4972480915352271
0,77,14,7549235.0,6666666.0,0.5399424721212378
0,78,0,7515400.0,5882352.0,1.0640109131323334
0,78,1,7501700.0,5882352.0,1.0560868318480428
0,78,2,7640841.0,5882352.0,1.1359015330995073
0,78,3,7558340.0,5882352.0,1.088754149378806
0,78,4,7617242.0,5882352.0,1.122467442262881
0,78,5,7512971.0,5882352.0,1.0626070333562372
0,78,6,7524692.0,5882352.0,1.0693771899334135
0,78,7,7577887.0,5882352.0,1.0999711573649638
0,78,8,7503570.0,5882352.0,1.0571692924573666
0,78,9,7673974.0,5882352.0,1.1546931430787941
0,78,10,7642606.0,5882352.0,1.1369046180239581
0,78,11,7557586.0,5882352.0,1.0883208870836256
0,78,12,7510403.0,5882352.0,1.0611223226109814
0,78,13,7502401.0,5882352.0,1.0564926414757383
0,78,14,7475092.0,5882352.0,1.0406553299182497
0,78,15,7525189.0,5882352.0,1.0696640285570338
0,78,16,7534013.0,5882352.0,1.0747535611191188
0,79,0,7504951.0,5263157.0,1.541015358526483
0,79,1,7516940.0,5263157.0,1.5479475851669886
0,79,2,7523577.0,5263157.0,1.551780448975437
0,79,3,7496594.0,5263157.0,1.5361766577650515
0,79,4,7536781.0,5263157.0,1.5593957072692255
0,79,5,7527407.0,5263157.0,1.553990733567584
0,79,6,7466077.0,5263157.0,1.5184613941184668
0,79,7,7481037.0,5263157.0,1.5271547748188372
0,79,8,7538956.0,5263157.0,1.5606488340711766
0,79,9,7571438.0,5263157.0,1.5793204518863615
0,79,10,7519872.0,5263157.0,1.5496412306512544
0,79,11,7733366.0,5263157.0,1.6712223947005402
0,79,12,7453797.0,5263157.0,1.5113123559401906
0,79,13,7734740.0,5263157.0,1.6719939443908571
0,79,14,7491448.0,5263157.0,1.5331944410196061
0,79,15,7558928.0,5263157.0,1.5721388341956142
0,79,16,7467253.0,5263157.0,1.5191454080815603
0,79,17,7585496.0,5263157.0,1.5873765845808676
0,79,18,7489177.0,5263157.0,1.531877696523355
0,80,0,7495419.0,4545454.0,2.1721864821413424
0,80,1,7498424.0,4545454.0,2.1739272699241576
0,80,2,7396578.0,4545454.0,2.114535743649631
0,80,3,7508223.0,4545454.0,2.1795989595867593
0,80,4,7517631.0,4545454.0,2.1850373766240425
0,80,5,7577986.0,4545454.0,2.2197653153707013
0,80,6,7529156.0,4545454.0,2.1916902851589284
0,80,7,7492299.0,4545454.0,2.170378336560926
0,80,8,7758894.0,4545454.0,2.3222255162744716
0,80,9,7565655.0,4545454.0,2.212692661654295
0,80,10,7532295.0,4545454.0,2.193500536240889
0,80,11,9016866.0,4545454.0,2.9747834859317206
0,80,12,1.046656E7,4545454.0,3.6222670033752125
0,80,13,8994853.0,4545454.0,2.9641680314157357
0,80,14,7539969.0,4545454.0,2.1979229324278338
0,80,15,7732302.0,4545454.0,2.3073154083573457
0,80,16,7494702.0,4545454.0,2.1717710229949327
0,80,17,7580028.0,4545454.0,2.220935428206606
0,80,18,1.0865538E7,4545454.0,3.7847396793340438
0,80,19,9237616.0,4545454.0,3.0798263796355156
0,80,20,7979055.0,4545454.0,2.4437419163316285
0,80,21,7430198.0,4545454.0,2.134231199365708
0,81,0,7475148.0,4000000.0,2.71559804323625
0,81,1,7519423.0,4000000.0,2.7412452512402616
0,81,2,7497010.0,4000000.0,2.728280988087894
0,81,3,7367497.0,4000000.0,2.6525997635196292
0,81,4,7501897.0,4000000.0,2.7311110572498216
0,81,5,7493162.0,4000000.0,2.726051306930037
0,81,6,1.037463E7,4000000.0,4.139126256876215
0,81,7,7609156.0,4000000.0,2.7927649660287948
0,81,8,7601003.0,4000000.0,2.7881091261390574
0,81,9,7853339.0,4000000.0,2.9299435343770783
0,81,10,7478081.0,4000000.0,2.717301736440919
0,81,11,7470334.0,4000000.0,2.7128002830727627
0,81,12,7508475.0,4000000.0,2.7349174776168024
0,81,13,7796202.0,4000000.0,2.898230918560543
0,81,14,7457858.0,4000000.0,2.705541186703036
0,81,15,7542694.0,4000000.0,2.754664978267831
0,81,16,7494964.0,4000000.0,2.727095598471436
0,81,17,1.0289284E7,4000000.0,4.103251632529357
0,81,18,7624393.0,4000000.0,2.801452826260895
0,81,19,7539228.0,4000000.0,2.7526688603980047
0,81,20,7533068.0,4000000.0,2.7491189644067426
0,81,21,7424265.0,4000000.0,2.685934737664258
0,81,22,7428533.0,4000000.0,2.6884306564800675
0,81,23,7549051.0,4000000.0,2.758323680670691
0,81,24,7496355.0,4000000.0,2.7279015363959918
0,82,0,7408026.0,4000000.0,2.6764250659493207
0,82,1,7345105.0,4000000.0,2.6393801718424355
0,82,2,7498939.0,4000000.0,2.7293982952489304
0,82,3,7428594.0,4000000.0,2.6884663187765483
0,82,4,7459999.0,4000000.0,2.70678777928284
0,82,5,7435348.0,4000000.0,2.692413084893703
0,82,6,7460196.0,4000000.0,2.7069024641283663
0,82,7,7413139.0,4000000.0,2.679421521051279
0,82,8,7417533.0,4000000.0,2.681994958059824
0,82,9,7426927.0,4000000.0,2.687491638851998
0,82,10,7448805.0,4000000.0,2.7002661383195847
0,82,11,7434905.0,4000000.0,2.6921543233843455
0,82,12,7434618.0,4000000.0,2.6919866750793915
0,82,13,7558507.0,4000000.0,2.76376028287624
0,82,14,7542159.0,4000000.0,2.7543569241583006
0,82,15,7472725.0,4000000.0,2.7141900896914644
0,82,16,7365300.0,4000000.0,2.651304496933367
0,82,17,7380943.0,4000000.0,2.6605186013378206
0,82,18,7501563.0,4000000.0,2.730917696042501
0,82,19,7396506.0,4000000.0,2.669666225560018
0,82,20,7514201.0,4000000.0,2.7382281665031294
0,82,21,1.6284856E7,4000000.0,6.097239313099948
0,82,22,8968739.0,4000000.0,3.5067139443193796
0,82,23,1.0398176E7,4000000.0,4.148971727199669
0,82,24,8107513.0,4000000.0,3.068276623875369
0,83,0,7612043.0,4166666.0,2.617125441255843
0,83,1,7511480.0,4166666.0,2.559368264329112
0,83,2,7559008.0,4166666.0,2.586761161716325
0,83,3,7562593.0,4166666.0,2.588820395717795
0,83,4,7376897.0,4166666.0,2.4808503085828457
0,83,5,7395615.0,4166666.0,2.49185605826537
0,83,6,7480839.0,4166666.0,2.54161619308745
0,83,7,7433468.0,4166666.0,2.5140278739186304
0,83,8,7497745.0,4166666.0,2.551419770820604
0,83,9,7470468.0,4166666.0,2.535591209727533
0,83,10,7520467.0,4166666.0,2.564561211023097
0,83,11,7451103.0,4166666.0,2.524318780887927
0,83,12,7327389.0,4166666.0,2.4516055938697425
0,83,13,7399282.0,4166666.0,2.4940089058286223
0,83,14,7485455.0,4166666.0,2.544295150739935
0,83,15,7461253.0,4166666.0,2.530230777184204
0,83,16,7480652.0,4166666.0,2.5415076302869637
0,83,17,7448850.0,4166666.0,2.5230054002682896
0,83,18,7450811.0,4166666.0,2.524148582631875
0,83,19,7480410.0,4166666.0,2.541367133222478
0,83,20,7378997.0,4166666.0,2.482086449772467
0,83,21,7390783.0,4166666.0,2.4890176238998722
0,83,22,7481683.0,4166666.0,2.542106143301879
0,83,23,7484032.0,4166666.0,2.5434694697401654
0,84,0,7589199.0,5000000.0,1.812259364820866
0,84,1,7505289.0,5000000.0,1.7639741558621014
0,84,2,7475238.0,5000000.0,1.7465502014422518
0,84,3,7413777.0,5000000.0,1.710695143515918
0,84,4,7449156.0,5000000.0,1.7313706501536774
0,84,5,7509115.0,5000000.0,1.7661875114155108
0,84,6,7491409.0,5000000.0,1.7559350406781409
0,84,7,7566645.0,5000000.0,1.7993335456115336
0,84,8,7592549.0,5000000.0,1.8141759906771098
0,84,9,7486835.0,5000000.0,1.7532825761810016
0,84,10,7597574.0,5000000.0,1.8170493444362212
0,84,11,7833327.0,5000000.0,1.949762520842043
0,84,12,7532577.0,5000000.0,1.7797357550545114
0,84,13,7538270.0,5000000.0,1.7830168428435074
0,84,14,7559251.0,5000000.0,1.7950876170993078
0,84,15,7551694.0,5000000.0,1.7907437938991697
0,84,16,7729494.0,5000000.0,1.891810600608843
0,84,17,7509241.0,5000000.0,1.7662603837122137
0,84,18,7558851.0,5000000.0,1.7948578028107125
0,84,19,7451793.0,5000000.0,1.732907779850228
0,85,0,7480465.0,5882352.0,1.0437758614392896
0,85,1,7432532.0,5882352.0,1.0158577855649966
0,85,2,7531488.0,5882352.0,1.0732977932995507
0,85,3,7488032.0,5882352.0,1.0481668255080405
0,85,4,7494152.0,5882352.0,1.0517148828234222
0,85,5,7534759.0,5882352.0,1.0751835678691908
0,85,6,7564421.0,5882352.0,1.0922468249382398
0,85,7,7510577.0,5882352.0,1.0612229382031129
0,85,8,7542216.0,5882352.0,1.079479567850125
0,85,9,7454055.0,5882352.0,1.0284158375174202
0,85,10,7577228.0,5882352.0,1.0995934630172075
0,85,11,7566912.0,5882352.0,1.0936767420039657
0,85,12,7519225.0,5882352.0,1.0662207140806388
0,85,13,7470261.0,5882352.0,1.0378476656025946
0,85,14,7508851.0,5882352.0,1.0602247746524571
0,85,15,7560424.0,5882352.0,1.0899514294025148
0,85,16,7512567.0,5882352.0,1.0623734910088933
0,86,0,7554839.0,6666666.0,0.5431651607657241
0,86,1,7639881.0,6666666.0,0.5917789647366966
0,86,2,7430578.0,6666666.0,0.47113899885975374
0,86,3,7530181.0,6666666.0,0.5289671777699955
0,86,4,7509733.0,6666666.0,0.5171579891832837
0,86,5,7527909.0,6666666.0,0.5276566303229134
0,86,6,7481879.0,6666666.0,0.5010198281654603
0,86,7,1.7056684E7,6666666.0,4.079859060762924
0,86,8,8415907.0,6666666.0,1.0119223014912322
0,86,9,7577209.0,6666666.0,0.5560056892090021
0,86,10,7826898.0,6666666.0,0.6968097662368118
0,86,11,7625705.0,6666666.0,0.5837130308837133
0,86,12,7561104.0,6666666.0,0.5467651413754943
0,86,13,8998647.0,6666666.0,1.3026851807930004
0,86,14,7469410.0,6666666.0,0.49377601239772784
0,87,0,8289122.0,6666666.0,0.9459983415133062
0,87,1,7492207.0,6666666.0,0.5070107034954956
0,87,2,1.0019392E7,6666666.0,1.7693267081711193
0,87,3,7540358.0,6666666.0,0.5348326821347276
0,87,4,7801072.0,6666666.0,0.6824558872624655
0,87,5,7440069.0,6666666.0,0.4766826574341564
0,87,6,7445370.0,6666666.0,0.4797758751026327
0,87,7,7453561.0,6666666.0,0.4845511257023788
0,87,8,7365383.0,6666666.0,0.4328663756898007
0,87,9,7677434.0,6666666.0,0.6130739415067646
0,87,10,7508535.0,6666666.0,0.5164651199517272
0,87,11,7426246.0,6666666.0,0.4686063394583586
0,87,12,7403460.0,6666666.0,0.4552603677280578
0,87,13,7402253.0,6666666.0,0.4545522715481326
0,87,14,7408255.0,6666666.0,0.458072252933078
0,88,0,7485026.0,5882352.0,1.046423041131943
0,88,1,7384487.0,5882352.0,0.9876932114197022
0,88,2,7409263.0,5882352.0,1.002240016852673
0,88,3,7323672.0,5882352.0,0.9517787649780154
0,88,4,1.1945137E7,5882352.0,3.076401259477623
0,88,5,7896101.0,5882352.0,1.2786168567669036
0,88,6,7683810.0,5882352.0,1.160256082508163
0,88,7,7852957.0,5882352.0,1.254822102820832
0,88,8,7808445.0,5882352.0,1.2301354648937644
0,88,9,8065572.0,5882352.0,1.3708416328904436
0,88,10,7479934.0,5882352.0,1.0434675670281748
0,88,11,7567524.0,5882352.0,1.0940279783804916
0,88,12,7462514.0,5882352.0,1.0333414975887478
0,88,13,7472884.0,5882352.0,1.0393723171237195
0,88,14,7437450.0,5882352.0,1.018730499654196
0,88,15,7540364.0,5882352.0,1.078413021696182
0,88,16,7451050.0,5882352.0,1.0266646859008413
0,89,0,7421979.0,5000000.0,1.7154971687089495
0,89,1,7444999.0,5000000.0,1.7289463941846075
0,89,2,7473322.0,5000000.0,1.7454369059383597
0,89,3,7476091.0,5000000.0,1.7470457469465552
0,89,4,7735290.0,5000000.0,1.8950659592804802
0,89,5,7585723.0,5000000.0,1.810269756379388
0,89,6,7556752.0,5000000.0,1.7936516529490443
0,89,7,7362062.0,5000000.0,1.680294662243027
0,89,8,7727302.0,5000000.0,1.8905788142661708
0,89,9,7597149.0,5000000.0,1.8168063980464024
0,89,10,7603905.0,5000000.0,1.820666779981666
0,89,11,7446021.0,5000000.0,1.7295425238804942
0,89,12,7404681.0,5000000.0,1.7053634914593583
0,89,13,7428486.0,5000000.0,1.7193030486926366
0,89,14,7481137.0,5000000.0,1.7499760359530776
0,89,15,1.0529766E7,5000000.0,3.234487157537462
0,89,16,1.25662E7,5000000.0,4.002339632041091
0,89,17,8997585.0,5000000.0,2.5515595377932665
0,89,18,9925886.0,5000000.0,2.97799278629331
0,89,19,8089844.0,5000000.0,2.089701426665627
0,90,0,7656175.0,4347826.0,2.4573969641397935
0,90,1,7757458.0,4347826.0,2.514472776328902
0,90,2,7721061.0,4347826.0,2.494048283014019
0,90,3,7677740.0,4347826.0,2.4696124572826754
0,90,4,7557273.0,4347826.0,2.4009295571999454
0,90,5,7564320.0,4347826.0,2.404977376018408
0,90,6,7508852.0,4347826.0,2.373013891410026
0,90,7,7422360.0,4347826.0,2.322698594187354
0,90,8,7426471.0,4347826.0,2.32510334195601
0,90,9,7473626.0,4347826.0,2.3525920551703705
0,90,10,7618272.0,4347826.0,2.4358431919672867
0,90,11,7748235.0,4347826.0,2.509306288795607
0,90,12,7521720.0,4347826.0,2.380450072492803
0,90,13,7524124.0,4347826.0,2.3818378895449803
0,90,14,7696256.0,4347826.0,2.4800734987906434
0,90,15,7492997.0,4347826.0,2.3638340342146797
0,90,16,7549343.0,4347826.0,2.3963700243994444
0,90,17,7446912.0,4347826.0,2.337040665285605
0,90,18,7387580.0,4347826.0,2.302300415871
0,90,19,7449541.0,4347826.0,2.338573594238259
0,90,20,7483393.0,4347826.0,2.3582639805823327
0,90,21,7457330.0,4347826.0,2.3431120651586714
0,90,22,7444641.0,4347826.0,2.335716044843333
0,91,0,7464921.0,4000000.0,2.709652246921422
0,91,1,7656071.0,4000000.0,2.8194596097024456
0,91,2,7554546.0,4000000.0,2.7614837865492476
0,91,3,7485795.0,4000000.0,2.7217793837164876
0,91,4,7500017.0,4000000.0,2.730022564634476
0,91,5,7568979.0,4000000.0,2.7697730896849357
0,91,6,7553465.0,4000000.0,2.760862298603894
0,91,7,7527294.0,4000000.0,2.74578887650929
0,91,8,7735570.0,4000000.0,2.8643232912941574
0,91,9,7686416.0,4000000.0,2.836638940847049
0,91,10,7473882.0,4000000.0,2.714862454618923
0,91,11,7455114.0,4000000.0,2.7039429753313637
0,91,12,7413466.0,4000000.0,2.6796130878942686
0,91,13,7384734.0,4000000.0,2.662748652038606
0,91,14,7466281.0,4000000.0,2.7104433962167325
0,91,15,7415791.0,4000000.0,2.6809749021492904
0,91,16,7476443.0,4000000.0,2.7163503529475994
0,91,17,7411658.0,4000000.0,2.678553799044916
0,91,18,7482022.0,4000000.0,2.7195898952761532
0,91,19,7500130.0,4000000.0,2.730087997695174
0,91,20,7458919.0,4000000.0,2.7061589963626913
0,91,21,7366029.0,4000000.0,2.6517343300836087
0,91,22,7401104.0,4000000.0,2.6723651561198287
0,91,23,7514514.0,4000000.0,2.7384090657654485
0,91,24,7426119.0,4000000.0,2.6870191297899186
0,92,0,7545047.0,4000000.0,2.756019581218933
0,92,1,7589599.0,4000000.0,2.781588390223446
0,92,2,7553633.0,4000000.0,2.760958890911645
0,92,3,7537770.0,4000000.0,2.7518289035888466
0,92,4,7526069.0,4000000.0,2.745082043436167
0,92,5,7480957.0,4000000.0,2.7189716712928034
0,92,6,7457487.0,4000000.0,2.7053251363832893
0,92,7,7597882.0,4000000.0,2.786325530701535
0,92,8,7462805.0,4000000.0,2.7084210250596836
0,92,9,7469913.0,4000000.0,2.7125555240979886
0,92,10,7535286.0,4000000.0,2.750397491799739
0,92,11,7463785.0,4000000.0,2.708991294080105
0,92,12,7453882.0,4000000.0,2.7032252196851454
0,92,13,7512826.0,4000000.0,2.737433391975495
0,92,14,7505638.0,4000000.0,2.733276230531712
0,92,15,7549175.0,4000000.0,2.7583950168869547
0,92,16,7553413.0,4000000.0,2.7608324005494325
0,92,17,7489122.0,4000000.0,2.723709141010055
0,92,18,7519673.0,4000000.0,2.7413896397334083
0,92,19,7663742.0,4000000.0,2.8238088445777114
0,92,20,9373225.0,4000000.0,3.6982905086480313
0,92,21,9767190.0,4000000.0,3.8770964475254095
0,92,22,7592732.0,4000000.0,2.7833807956598933
0,92,23,7757242.0,4000000.0,2.8764734886254635
0,92,24,7667372.0,4000000.0,2.8258654322448162
0,93,0,7625391.0,4347826.0,2.4398996220280154
0,93,1,7480425.0,4347826.0,2.356541176897882
0,93,2,8029784.0,4347826.0,2.6643170768206574
0,93,3,7429069.0,4347826.0,2.326622367283245
0,93,4,7926371.0,4347826.0,2.6080224067061346
0,93,5,7332921.0,4347826.0,2.270048509252104
0,93,6,7395465.0,4347826.0,2.306933307558133
0,93,7,7510132.0,4347826.0,2.373754150455754
0,93,8,7535701.0,4347826.0,2.388515029827016
0,93,9,7465466.0,4347826.0,2.3478476659869174
0,93,10,7413713.0,4347826.0,2.317636142944029
0,93,11,7558886.0,4347826.0,2.401856402441476
0,93,12,7387288.0,4347826.0,2.302128754115738
0,93,13,7481674.0,4347826.0,2.3572662540533766
0,93,14,7469511.0,4347826.0,2.3502001586921333
0,93,15,7475217.0,4347826.0,2.353516491293376
0,93,16,7481094.0,4347826.0,2.3569295639441266
0,93,17,7443330.0,4347826.0,2.3349511856597056
0,93,18,7468441.0,4347826.0,2.349577991615373
0,93,19,1.3070712E7,4347826.0,4.780270902219738
0,93,20,1.7380878E7,4347826.0,6.017995558796483
0,93,21,7418399.0,4347826.0,2.320380329355122
0,93,22,7518711.0,4347826.0,2.3787123668200314
0,94,0,7590537.0,5000000.0,1.813024972362778
0,94,1,7454846.0,5000000.0,1.7346867201892135
0,94,2,7376380.0,5000000.0,1.688732773066496
0,94,3,7435221.0,5000000.0,1.7232387741961048
0,94,4,7448916.0,5000000.0,1.7312307251007366
0,94,5,7435328.0,5000000.0,1.7233012729102606
0,94,6,7430413.0,5000000.0,1.720429492140862
0,94,7,7451411.0,5000000.0,1.7326851425004026
0,94,8,7458611.0,5000000.0,1.736879530024121
0,94,9,7579760.0,5000000.0,1.8068545032957277
0,94,10,7416796.0,5000000.0,1.7124632951024767
0,94,11,7353842.0,5000000.0,1.6754429032039257
0,94,12,7408818.0,5000000.0,1.7077892199362608
0,94,13,7484726.0,5000000.0,1.7520590203094502
0,94,14,7431950.0,5000000.0,1.721327748523195
0,94,15,7498570.0,5000000.0,1.760084456793389
0,94,16,7513913.0,5000000.0,1.7689615793264803
0,94,17,7458558.0,5000000.0,1.736848669466677
0,94,18,7376774.0,5000000.0,1.6889647397712573
0,94,19,7843564.0,5000000.0,1.9554344021393775
0,95,0,7508336.0,5882352.0,1.0599269004124041
0,95,1,7565229.0,5882352.0,1.0927106954728676
0,95,2,7563883.0,5882352.0,1.091937933166416
0,95,3,7659175.0,5882352.0,1.146309834427196
0,95,4,7517612.0,5882352.0,1.065288979564933
0,95,5,7576128.0,5882352.0,1.0989629440339106
0,95,6,7518036.0,5882352.0,1.0655339186063042
0,95,7,1.0283141E7,5882352.0,2.4257478165407047
0,95,8,1.0650419E7,5882352.0,2.5781568463155455
0,95,9,9470931.0,5882352.0,2.0684166345780537
0,95,10,1.0005333E7,5882352.0,2.306805383759383
0,95,11,7723424.0,5882352.0,1.1825886822684961
0,95,12,7602986.0,5882352.0,1.1143318165093408
0,95,13,7502464.0,5882352.0,1.0565291103841354
0,95,14,7538844.0,5882352.0,1.0775374748972664
0,95,15,7470848.0,5882352.0,1.0381889131780038
0,95,16,7471507.0,5882352.0,1.0385719854096025
0,96,0,7469905.0,6666666.0,0.4940638110934794
0,96,1,7420433.0,6666666.0,0.4652055062453442
0,96,2,7548068.0,6666666.0,0.5392710652330132
0,96,3,7536838.0,6666666.0,0.5328048294702475
0,96,4,7435978.0,6666666.0,0.4742939868817493
0,96,5,7382194.0,6666666.0,0.4427675651497001
0,96,6,7368500.0,6666666.0,0.43470390340776516
0,96,7,7401241.0,6666666.0,0.4539584846808289
0,96,8,7422404.0,6666666.0,0.4663589170506541
0,96,9,7459985.0,6666666.0,0.488292567106452
0,96,10,7460428.0,6666666.0,0.48855045870173097
0,96,11,7459236.0,6666666.0,0.4878565033639566
0,96,12,7469003.0,6666666.0,0.493539363626298
0,96,13,7724274.0,6666666.0,0.6394897341556689
0,96,14,7470471.0,6666666.0,0.49439286663649207
0,97,0,7429921.0,6666666.0,0.47075498554392
0,97,1,7393882.0,6666666.0,0.44963817810968665
0,97,2,7465705.0,6666666.0,0.4916212769457967
0,97,3,7390862.0,6666666.0,0.4478639582062657
0,97,4,7435332.0,6666666.0,0.4739166775048539
0,97,5,7420932.0,6666666.0,0.4654975453489594
0,97,6,7440967.0,6666666.0,0.47720680971121865
0,97,7,7355647.0,6666666.0,0.4271218161144126
0,97,8,7415760.0,6666666.0,0.4624696855654075
0,97,9,7538383.0,6666666.0,0.5336950120777061
0,97,10,7424413.0,6666666.0,0.4675342499445246
0,97,11,7516278.0,6666666.0,0.5209413719637458
0,97,12,7483136.0,6666666.0,0.5017494073406715
0,97,13,7533487.0,6666666.0,0.5308734566128702
0,97,14,7637662.0,6666666.0,0.5905173751445476
0,98,0,7411450.0,5882352.0,1.003521739316115
0,98,1,7415583.0,5882352.0,1.0059429103490456
0,98,2,7528393.0,5882352.0,1.0715127308008312
0,98,3,7489407.0,5882352.0,1.0489642314120737
0,98,4,7500954.0,5882352.0,1.05565493002085
0,98,5,7468946.0,5882352.0,1.037083103942558
0,98,6,7417623.0,5882352.0,1.0071374744219352
0,98,7,7570902.0,5882352.0,1.0959661544949935
0,98,8,7413912.0,5882352.0,1.0049641769770306
0,98,9,7482860.0,5882352.0,1.0451661076486594
0,98,10,7573068.0,5882352.0,1.0972084731924245
0,98,11,7515630.0,5882352.0,1.064143821829669
0,98,12,7512716.0,5882352.0,1.0624596256631365
0,98,13,7527342.0,5882352.0,1.07090639241719
0,98,14,7472781.0,5882352.0,1.0393124571822094
0,98,15,7623613.0,5882352.0,1.126098328201195
0,98,16,7513497.0,5882352.0,1.0629110820489496
0,99,0,7547891.0,5000000.0,1.7885561550341265
0,99,1,7570792.0,5000000.0,1.8017131020206
0,99,2,7438356.0,5000000.0,1.7250695553470405
0,99,3,7787435.0,5000000.0,1.9242443038621404
0,99,4,7435842.0,5000000.0,1.7236014878412815
0,99,5,7404973.0,5000000.0,1.705534750002917
0,99,6,7452090.0,5000000.0,1.733080869589516
0,99,7,7482902.0,5000000.0,1.7510005317648218
0,99,8,7403762.0,5000000.0,1.704824452170243
0,99,9,7364704.0,5000000.0,1.6818529215831943
0,99,10,7419266.0,5000000.0,1.7139093761180617
0,99,11,7455281.0,5000000.0,1.7349401292979105
0,99,12,7419922.0,5000000.0,1.7142933555922946
0,99,13,7334472.0,5000000.0,1.6639885062037405
0,99,14,7446874.0,5000000.0,1.730040013715034
0,99,15,7412767.0,5000000.0,1.7101034514433744
0,99,16,9216960.0,5000000.0,2.6561769839561484
0,99,17,9813320.0,5000000.0,2.9284595653535477
0,99,18,8903301.0,5000000.0,2.505810517795726
0,99,19,7492865.0,5000000.0,1.7567790358795652
