 Number of tacts (im units) = 1
 Number of massive (im units) = 100
 Command Line curl 192.168.1.108:9000 > /dev/null 2>&1
cycle , cPeriod , count , procDur , procTime , lI , spb
0,0,0,2.5115494E7,2.0E7,0.7963211872320728,-0.0989117291116635
0,0,1,7043608.0,2.0E7,2.839453870800306,0.4532348176154941
0,0,2,6468256.0,2.0E7,3.0920235686404496,0.4902427956251627
0,0,3,6950216.0,2.0E7,2.87760840814156,0.4590316937860412
0,0,4,7483853.0,2.0E7,2.672420209215761,0.42690474728975425
0,1,0,7987030.0,1.4285714E7,1.788614040513182,0.2525166356153489
0,1,1,1.0210717E7,1.4285714E7,1.3990901912177176,0.14584571183680772
0,1,2,1.5374143E7,1.4285714E7,0.929203923756921,-0.03188896496911037
0,1,3,1.1914331E7,1.4285714E7,1.1990361859176146,0.07883228994388806
0,1,4,8978616.0,1.4285714E7,1.5910819663075022,0.20169255337261058
0,1,5,8613361.0,1.4285714E7,1.6585527995401563,0.21972930171256438
0,1,6,8425391.0,1.4285714E7,1.6955550193456896,0.22931188683633857
0,2,0,8795352.0,1.1111111E7,1.263293498657018,0.10150426111685507
0,2,1,8183666.0,1.1111111E7,1.3577180447002601,0.13280959001472223
0,2,2,1.0972953E7,1.1111111E7,1.0125907766122757,0.005433967209782954
0,2,3,1.4914783E7,1.1111111E7,0.7449730244147702,-0.12785945283548716
0,2,4,1.0731889E7,1.1111111E7,1.035335997232174,0.015081314105342043
0,2,5,9957740.0,1.1111111E7,1.115826583140351,0.04759670370783638
0,2,6,1.3958048E7,1.1111111E7,0.7960361649422613,-0.0990672012597181
0,2,7,8266239.0,1.1111111E7,1.344155546434116,0.12844952842705673
0,2,8,9147094.0,1.1111111E7,1.214714859167294,0.08447434408780512
0,3,0,1.3696959E7,1.1111111E7,0.8112100649494534,-0.09086666954317149
0,3,1,9587793.0,1.1111111E7,1.1588809854363773,0.06403883715233895
0,3,2,1.2219423E7,1.1111111E7,0.9092991543054038,-0.0412932128285487
0,3,3,7340351.0,1.1111111E7,1.5137029550766714,0.18004065876508285
0,3,4,1.5678704E7,1.1111111E7,0.7086753471460396,-0.1495526748787578
0,3,5,1.4656653E7,1.1111111E7,0.7580933382266742,-0.12027731972252143
0,3,6,1.5258696E7,1.1111111E7,0.7281822116385306,-0.13775993441276868
0,3,7,1.0435908E7,1.1111111E7,1.0646999762742255,0.027227244389437032
0,3,8,1.0793298E7,1.1111111E7,1.0294454021375117,0.01260331823994
0,4,0,1.448407E7,1.4285714E7,0.9863052305049617,-0.005988663750137968
0,4,1,1.2035176E7,1.4285714E7,1.1869966837211188,0.07444950560696656
0,4,2,1.5442467E7,1.4285714E7,0.9250927329163144,-0.03381473063908531
0,4,3,1.1449279E7,1.4285714E7,1.247739180781602,0.09612381276198678
0,4,4,1.1830723E7,1.4285714E7,1.2075098030779692,0.08189066522511154
0,4,5,1.1347568E7,1.4285714E7,1.2589229692212462,0.09999915737901517
0,4,6,8180651.0,1.4285714E7,1.746280827772753,0.24211408595884282
0,5,0,1.1373531E7,2.0E7,1.7584688519334937,0.24513467998693247
0,5,1,1.4351509E7,2.0E7,1.3935816784144441,0.14413242797945194
0,5,2,9010733.0,2.0E7,2.219575255420397,0.34626987450657193
0,5,3,1.2560135E7,2.0E7,1.5923395727832543,0.2020356883137616
0,5,4,1.2927925E7,2.0E7,1.547038677900746,0.18950117174001607
0,6,0,1.5973813E7,3.3333333E7,2.0867486679604927,0.3194701449490834
0,6,1,1.2277014E7,3.3333333E7,2.7151010009437146,0.4337859898499654
0,6,2,8094985.0,3.3333333E7,4.117775758695044,0.614662692594543
0,7,0,1.6840251E7,1.0E8,5.938153772173586,0.7736514397305151
0,8,0,1.2463908E7,1.0E8,8.023165767911637,0.9043457653229706
0,9,0,1.3457293E7,3.3333333E7,2.476971631664704,0.39392103271339846
0,9,1,1.2095174E7,3.3333333E7,2.7559200884584216,0.44026662047626175
0,9,2,8965241.0,3.3333333E7,3.718063240017753,0.5703167723528169
0,10,0,1.1041447E7,2.0E7,1.8113567904641483,0.25800400352664327
0,10,1,1.2736024E7,2.0E7,1.5703487995939707,0.1959961268770343
0,10,2,9318497.0,2.0E7,2.1462688671789025,0.33168412593282676
0,10,3,1.3236466E7,2.0E7,1.5109773258209556,0.17925794723464028
0,10,4,1.0407384E7,2.0E7,1.9217125071968133,0.28368841669518835
0,11,0,1.2945084E7,1.25E7,0.9656175270859578,-0.015194859887061466
0,11,1,1.1120081E7,1.25E7,1.1240925313403742,0.050802062297547065
0,11,2,7722739.0,1.25E7,1.6185967180814993,0.2091386554680372
0,11,3,1.0110041E7,1.25E7,1.2363945902890008,0.09215709618682262
0,11,4,1.1715861E7,1.25E7,1.0669296947104443,0.02813580254980023
0,11,5,1.0759265E7,1.25E7,1.1617893973240738,0.06512740871736639
0,11,6,1.5057633E7,1.25E7,0.8301437549978805,-0.08084669485720802
0,11,7,1.1557706E7,1.25E7,1.0815295007504084,0.03403837013514442
0,12,0,9733875.0,1.1111111E7,1.1414889753566797,0.05747172137607435
0,12,1,1.1010115E7,1.1111111E7,1.0091730195370348,0.003965631042110402
0,12,2,1.1170023E7,1.1111111E7,0.9947258837336325,-0.002296581147010347
0,12,3,9763837.0,1.1111111E7,1.1379861216445952,0.05613696563556987
0,12,4,1.0962828E7,1.1111111E7,1.0135259807049786,0.005834885867892108
0,12,5,1.0183818E7,1.1111111E7,1.0910555353601175,0.037846856992201805
0,12,6,1.1180757E7,1.1111111E7,0.99377090477863,-0.0027137225020006516
0,12,7,1.0219921E7,1.1111111E7,1.0872012611447779,0.036309947502859756
0,12,8,1.1419486E7,1.1111111E7,0.972995719772326,-0.011889070197576884
0,13,0,1.3628092E7,1.1111111E7,0.8153093624551404,-0.08867757050651218
0,13,1,1.0645971E7,1.1111111E7,1.0436916463514694,0.018572207412849262
0,13,2,8849608.0,1.1111111E7,1.2555483813520327,0.0988334524924902
0,13,3,8503966.0,1.1111111E7,1.3065798946044704,0.11613597106677769
0,13,4,9993156.0,1.1111111E7,1.1118720652414513,0.04605481912007403
0,13,5,1.0800224E7,1.1111111E7,1.02878523630621,0.012324723234937059
0,13,6,8573221.0,1.1111111E7,1.2960252628504503,0.11261346712841368
0,13,7,8045781.0,1.1111111E7,1.3809860099348963,0.14018927898496628
0,13,8,8541397.0,1.1111111E7,1.3008540640365973,0.11422857808458978
0,14,0,8546247.0,1.4285714E7,1.6715774772247982,0.22312651084267895
0,14,1,8385041.0,1.4285714E7,1.7037142692564056,0.23139676080017882
0,14,2,1.4413137E7,1.4285714E7,0.9911592459018463,-0.00385656341550196
0,14,3,1.1940511E7,1.4285714E7,1.1964072559373715,0.07787903826433384
0,14,4,9591462.0,1.4285714E7,1.489419861122319,0.17301714077787367
0,14,5,1.1397771E7,1.4285714E7,1.253377875375808,0.09808202426613366
0,14,6,8460341.0,1.4285714E7,1.6885506151584198,0.22751408336322188
0,15,0,1.1336562E7,2.0E7,1.7642032919680588,0.24654862812739425
0,15,1,1.0849999E7,2.0E7,1.8433181422413034,0.26560029750657593
0,15,2,1.4091099E7,2.0E7,1.4193357097271122,0.1520851295225011
0,15,3,1.1648526E7,2.0E7,1.716955432816135,0.2347590222819253
0,15,4,1.4872657E7,2.0E7,1.3447496301434236,0.12864143350663076
0,16,0,1.0578615E7,5.0E7,4.7265166564810235,0.6745411927078466
0,16,1,1.4728772E7,5.0E7,3.394716137910207,0.5308034649513285
0,17,0,1.2883569E7,1.0E8,7.761824382669119,0.889963812263755
0,18,0,9123356.0,1.0E8,10.960878869573872,1.0398453783183776
0,19,0,1.0961121E7,3.3333333E7,3.0410514581492167,0.4830237689771396
0,19,1,9834412.0,3.3333333E7,3.389458668194906,0.5301303423952406
0,19,2,1.151947E7,3.3333333E7,2.8936516176525484,0.46144624287193736
0,20,0,1.115718E7,1.6666666E7,1.4938063202350416,0.17429429258924978
0,20,1,1.3038754E7,1.6666666E7,1.2782406969254885,0.10661264060168221
0,20,2,1.3554825E7,1.6666666E7,1.2295744135390902,0.08975481726462278
0,20,3,1.2934668E7,1.6666666E7,1.2885267716187228,0.11009344628273098
0,20,4,1.1353525E7,1.6666666E7,1.4679728102065217,0.16671801165183073
0,20,5,1.042469E7,1.6666666E7,1.5987685005501362,0.20378558306315972
0,21,0,8593931.0,1.25E7,1.4545148198187767,0.16271815056260971
0,21,1,1.8477542E7,1.25E7,0.6764969063525874,-0.1697341851078546
0,21,2,1.1496241E7,1.25E7,1.087311930917245,0.03635415350879516
0,21,3,9546852.0,1.25E7,1.3093321233009583,0.11704982303784668
0,21,4,1.351698E7,1.25E7,0.9247627798517124,-0.03396965819507476
0,21,5,1.2730196E7,1.25E7,0.98191732476075,-0.007925077296279476
0,21,6,1.6147724E7,1.25E7,0.7741029014367597,-0.11120130474896078
0,21,7,1.432653E7,1.25E7,0.8725071597937533,-0.05923100053364156
0,22,0,1.7659638E7,1.1111111E7,0.6291811304399332,-0.2012243106334578
0,22,1,9015714.0,1.1111111E7,1.2324160903950592,0.09075735982030733
0,22,2,9110585.0,1.1111111E7,1.2195826063858688,0.08621122185560588
0,22,3,1.2567085E7,1.1111111E7,0.8841438567495963,-0.05347706631092121
0,22,4,1.2635232E7,1.1111111E7,0.8793753054949842,-0.055825734347248336
0,22,5,9721767.0,1.1111111E7,1.1429106457704654,0.05801227801931013
0,22,6,1.2751573E7,1.1111111E7,0.8713521853343114,-0.059806275264621386
0,22,7,1.1458463E7,1.1111111E7,0.9696859866807617,-0.013368880507401126
0,22,8,1.2550605E7,1.1111111E7,0.8853048119991028,-0.05290717520319775
0,23,0,1.3001709E7,1.1111111E7,0.8545885006348012,-0.06824295535740353
0,23,1,1.0090842E7,1.1111111E7,1.1011084109730387,0.041830080070317036
0,23,2,1.1016829E7,1.1111111E7,1.0085579979502268,0.003700877725281643
0,23,3,1.057459E7,1.1111111E7,1.0507368134367385,0.02149394839187382
0,23,4,1.2274534E7,1.1111111E7,0.9052165239022516,-0.043247526995182285
0,23,5,1.4134434E7,1.1111111E7,0.7861022945807381,-0.10452093604549331
0,23,6,1.0822388E7,1.1111111E7,1.0266783079667814,0.011434386187020928
0,23,7,1.2875946E7,1.1111111E7,0.862935507806572,-0.06402166042653841
0,23,8,1.0297329E7,1.1111111E7,1.079028454854652,0.0330328975313026
0,24,0,1.0051848E7,1.4285714E7,1.42120274799221,0.15265603855603177
0,24,1,1.224781E7,1.4285714E7,1.16638925652831,0.06684351075788468
0,24,2,8379930.0,1.4285714E7,1.7047533809948292,0.2316615604429308
0,24,3,8762401.0,1.4285714E7,1.630342414139686,0.21227882707510617
0,24,4,8684016.0,1.4285714E7,1.6450584614307482,0.2161813363441282
0,24,5,8674144.0,1.4285714E7,1.6469306942564015,0.21667532367776177
0,24,6,1.2241325E7,1.4285714E7,1.1670071662993997,0.06707352294745163
0,25,0,1.1877751E7,2.5E7,2.1047755589420927,0.3232057919960187
0,25,1,1.2295733E7,2.5E7,2.033225672678481,0.30818558471756824
0,25,2,1.306084E7,2.5E7,1.9141188468735548,0.28196889944865133
0,25,3,1.1533811E7,2.5E7,2.167540286554028,0.33596717815079147
0,26,0,1.1926137E7,5.0E7,4.192472382297805,0.6224702103943615
0,26,1,1.312155E7,5.0E7,3.810525433352005,0.5809848646708706
0,27,0,1.1401635E7,1.0E8,8.770671925561553,0.9430328661579852
0,28,0,1.4083103E7,1.0E8,7.10070784826327,0.8513016443911365
0,29,0,7960800.0,3.3333333E7,4.187183825746156,0.6219220277063043
0,29,1,1.3583489E7,3.3333333E7,2.4539595828435536,0.38986740554152816
0,29,2,1.4238387E7,3.3333333E7,2.3410891275816565,0.36941794803240857
0,30,0,1.4042796E7,1.6666666E7,1.1868481177110313,0.07439514535694121
0,30,1,1.2866916E7,1.6666666E7,1.2953116348937073,0.11237426651204455
0,30,2,8100251.0,1.6666666E7,2.0575493277924353,0.3133502558071563
0,30,3,1.2762283E7,1.6666666E7,1.305931391742371,0.11592036149466607
0,30,4,1.0685105E7,1.6666666E7,1.5598036706237328,0.19306993801434869
0,30,5,1.615598E7,1.6666666E7,1.0316097197446394,0.013515425373205341
0,31,0,8790691.0,1.25E7,1.4219587515930203,0.1528869984926494
0,31,1,1.3420806E7,1.25E7,0.9313896646743869,-0.03086858559996612
0,31,2,8222498.0,1.25E7,1.5202192812938355,0.1819062364890065
0,31,3,1.1056717E7,1.25E7,1.1305344977175413,0.05328381917123018
0,31,4,1.2227643E7,1.25E7,1.0222738756766123,0.009567262492224653
0,31,5,1.3900151E7,1.25E7,0.8992708064826058,-0.046109505095719996
0,31,6,1.1288787E7,1.25E7,1.107293458544306,0.04426273428134233
0,31,7,1.2508098E7,1.25E7,0.9993525794249454,-2.8126224052512147E-4
0,32,0,1.0705513E7,1.1111111E7,1.03788683456832,0.016150003029020536
0,32,1,8942249.0,1.1111111E7,1.242540998355112,0.09431072743807792
0,32,2,1.4732084E7,1.1111111E7,0.7542117598569218,-0.12250670025027105
0,32,3,1.6474213E7,1.1111111E7,0.6744547372308468,-0.17104719058876908
0,32,4,1.2856896E7,1.1111111E7,0.8642141151332328,-0.06337864467323504
0,32,5,1.1914328E7,1.1111111E7,0.9325839443063847,-0.030312065783911313
0,32,6,1.2610959E7,1.1111111E7,0.8810678870655277,-0.0549906275220301
0,32,7,1.2274429E7,1.1111111E7,0.9052242674587958,-0.04324381189564021
0,32,8,1.2161345E7,1.1111111E7,0.91364162434336,-0.03922412274660688
0,33,0,1.036741E7,1.25E7,1.2057013275253896,0.08123973908755688
0,33,1,1.1209939E7,1.25E7,1.1150818929523167,0.0473067636633487
0,33,2,7840590.0,1.25E7,1.594267778317703,0.20256126867778143
0,33,3,8640620.0,1.25E7,1.4466554483358833,0.160365106996964
0,33,4,1.2400983E7,1.25E7,1.0079846089620477,0.0034539008655734955
0,33,5,7977509.0,1.25E7,1.56690515798854,0.19504271018348207
0,33,6,1.3796035E7,1.25E7,0.9060574288192224,-0.04284427447677084
0,33,7,1.0668849E7,1.25E7,1.1716352907422347,0.06879244455939645
0,34,0,1.3575921E7,1.4285714E7,1.0522832299922782,0.022132649197356545
0,34,1,1.2345384E7,1.4285714E7,1.1571704857459273,0.06339734820343985
0,34,2,1.4733052E7,1.4285714E7,0.969637112527669,-0.013390770387441207
0,34,3,1.0876862E7,1.4285714E7,1.313403994644779,0.11839833283595669
0,34,4,1.3650652E7,1.4285714E7,1.0465224664726638,0.01974855609598946
0,34,5,1.3328452E7,1.4285714E7,1.0718209436474693,0.030122239012556687
0,34,6,1.2484587E7,1.4285714E7,1.144268048274244,0.05852777117938621
0,35,0,1.1147522E7,2.5E7,2.242650877926054,0.350761670555154
0,35,1,8956631.0,2.5E7,2.791228085649615,0.4457953263817578
0,35,2,1.0376613E7,2.5E7,2.4092639862352003,0.38188438882522713
0,35,3,1.078349E7,2.5E7,2.318358898649695,0.3651806687448253
0,36,0,8086461.0,5.0E7,6.183174567959952,0.7912115079951549
0,36,1,1.3492229E7,5.0E7,3.705836893222017,0.5688863005920277
0,37,0,1.1711605E7,1.0E8,8.53853933769112,0.9313835835887239
0,38,0,9249834.0,5.0E7,5.405502412259507,0.7328360654922177
0,38,1,1.0330917E7,5.0E7,4.839841419691979,0.6848311319582571
0,39,0,1.17182E7,2.5E7,2.1334334624771722,0.32907910263024215
0,39,1,1.3250324E7,2.5E7,1.886746316542901,0.2757135107998322
0,39,2,1.6315475E7,2.5E7,1.532287598123867,0.18534028654716514
0,39,3,1.3738192E7,2.5E7,1.8197445486276507,0.26001042704668703
0,40,0,1.1659546E7,1.6666666E7,1.4294438222551717,0.15516709207316257
0,40,1,9394612.0,1.6666666E7,1.7740664542612297,0.24896988391645247
0,40,2,1.3005398E7,1.6666666E7,1.2815191046056413,0.10772508493537289
0,40,3,1.0927277E7,1.6666666E7,1.5252350608481875,0.18333677992046826
0,40,4,1.316676E7,1.6666666E7,1.265813761320173,0.10236981280552736
0,40,5,1.498595E7,1.6666666E7,1.1121527831068434,0.04616445298558539
0,41,0,1.1868656E7,1.25E7,1.0531942285630318,0.022508470534585365
0,41,1,8149869.0,1.25E7,1.533766984475456,0.18575938500849318
0,41,2,8333142.0,1.25E7,1.5000344407907606,0.1761012305714592
0,41,3,1.0484592E7,1.25E7,1.1922256965268654,0.07635847812049648
0,41,4,1.0337457E7,1.25E7,1.2091948725881037,0.082496296948209
0,41,5,1.0453669E7,1.25E7,1.195752419557191,0.07764126832240321
0,41,6,1.1578621E7,1.25E7,1.0795758838638903,0.03325317449339181
0,41,7,1.1138081E7,1.25E7,1.1222759109042213,0.050099641102267216
0,42,0,1.3941636E7,1.1111111E7,0.7969732533541974,-0.09855625340388272
0,42,1,1.2250262E7,1.1111111E7,0.9070100704784926,-0.04238789096751256
0,42,2,1.3529954E7,1.1111111E7,0.8212231172404577,-0.08553883384034149
0,42,3,1.0246909E7,1.1111111E7,1.0843378232401595,0.03516460684475044
0,42,4,1.113205E7,1.1111111E7,0.9981190346791472,-8.176620978259652E-4
0,42,5,1.1220295E7,1.1111111E7,0.9902690615531945,-0.004246789168361062
0,42,6,8364633.0,1.1111111E7,1.3283441126466637,0.12331059526137986
0,42,7,1.2722835E7,1.1111111E7,0.8733203723855572,-0.05882640871656
0,42,8,1.4059832E7,1.1111111E7,0.7902733830674505,-0.10222264514112014
0,43,0,9898447.0,1.25E7,1.262824360225397,0.10134295095966848
0,43,1,1.1709273E7,1.25E7,1.0675299824335807,0.028380081376312916
0,43,2,1.2172968E7,1.25E7,1.026865428381969,0.011513532652278882
0,43,3,8672836.0,1.25E7,1.4412817214576639,0.15874887888205524
0,43,4,1.0526385E7,1.25E7,1.187492192238836,0.07463076282007301
0,43,5,1.1439919E7,1.25E7,1.0926650791845642,0.03848706354909054
0,43,6,1.2730039E7,1.25E7,0.9819294347802077,-0.007919721160826726
0,43,7,1.2274334E7,1.25E7,1.0183851930377648,0.007912076202608517
0,44,0,8761605.0,1.6666666E7,1.9022389162716191,0.27926506228705955
0,44,1,7996952.0,1.6666666E7,2.0841273025022535,0.3189242429795577
0,44,2,1.1198551E7,1.6666666E7,1.4882877257959535,0.17268690005789167
0,44,3,1.5545278E7,1.6666666E7,1.0721368894142647,0.03025023920171829
0,44,4,9519261.0,1.6666666E7,1.7508361205770069,0.24324549773400617
0,44,5,1.0050789E7,1.6666666E7,1.658244541796669,0.21964857646853606
0,45,0,1.2240639E7,2.5E7,2.042377036035455,0.31013591872767066
0,45,1,1.3563338E7,2.5E7,1.8432040844222861,0.26557342411296136
0,45,2,1.2222941E7,2.5E7,2.0453342612060386,0.31076429324044613
0,45,3,1.0579767E7,2.5E7,2.363000999927503,0.3734639054084608
0,46,0,1.2000597E7,5.0E7,4.166459385312248,0.6197671526753544
0,46,1,1.2748568E7,5.0E7,3.9220091229069807,0.5935085995366486
0,47,0,9082311.0,1.0E8,11.010413539021071,1.0418036309010992
0,48,0,1.306508E7,5.0E7,3.826995318819326,0.582857930995814
0,48,1,1.2335063E7,5.0E7,4.053485580089863,0.6078286323925105
0,49,0,1.2473336E7,2.5E7,2.0042753598556153,0.3019573873801546
0,49,1,8149871.0,2.5E7,3.0675332161699247,0.48678927409544137
0,49,2,9847241.0,2.5E7,2.5387821827454005,0.4046254417600425
0,49,3,1.0482618E7,2.5E7,2.3849004132364646,0.3774702488332143
0,50,0,1.2668432E7,1.6666666E7,1.3156060671123309,0.11912586762859421
0,50,1,1.2202677E7,1.6666666E7,1.3658204670991456,0.13539361642281628
0,50,2,1.432312E7,1.6666666E7,1.1636197979211234,0.06581110175923607
0,50,3,1.6416395E7,1.6666666E7,1.0152451862909,0.00657093899216
0,50,4,1.3588222E7,1.6666666E7,1.2265523774928022,0.08868609862508266
0,50,5,9087601.0,1.6666666E7,1.8340006344908848,0.2633994815825532
0,51,0,1.2087049E7,1.25E7,1.0341647493941657,0.014589730298834905
0,51,1,1.0765488E7,1.25E7,1.1611178239202904,0.06487629181617054
0,51,2,1.3352373E7,1.25E7,0.9361631823796415,-0.02864844289643966
0,51,3,1.4344349E7,1.25E7,0.8714233040481656,-0.05977083011957285
0,51,4,1.2379773E7,1.25E7,1.0097115674091923,0.0041973316318110266
0,51,5,1.189746E7,1.25E7,1.0506444232634529,0.0214557596598483
0,51,6,1.1064173E7,1.25E7,1.1297726454566464,0.05299105520199611
0,51,7,1.2667744E7,1.25E7,0.9867581788833119,-0.0057892652069141265
0,52,0,8857081.0,1.1111111E7,1.254489035383102,0.09846686980094815
0,52,1,1.1339823E7,1.1111111E7,0.9798310784921422,-0.00884878961576989
0,52,2,1.0791121E7,1.1111111E7,1.0296530823813392,0.012690923942026219
0,52,3,8541249.0,1.1111111E7,1.3008766048150568,0.114236103333702
0,52,4,8506459.0,1.1111111E7,1.3061969733822263,0.11600867311259526
0,52,5,1.3782002E7,1.1111111E7,0.8062044251626143,-0.09355482238436859
0,52,6,1.2480899E7,1.1111111E7,0.890249252077114,-0.05048838251629645
0,52,7,1.5837755E7,1.1111111E7,0.7015584595165161,-0.15393613420423882
0,52,8,1.1157292E7,1.1111111E7,0.9958609132036699,-0.0018013130282671563
0,53,0,9999925.0,1.25E7,1.250009375070313,0.09691327022888525
0,53,1,1.1958679E7,1.25E7,1.045265952869878,0.019226804484101478
0,53,2,1.60853E7,1.25E7,0.777107048050083,-0.10951915214473402
0,53,3,1.2896652E7,1.25E7,0.9692438006391116,-0.013566968094118751
0,53,4,8881123.0,1.25E7,1.4074796622003771,0.14844212810031843
0,53,5,1.5712745E7,1.25E7,0.7955325438044084,-0.09934204944847345
0,53,6,1.3438991E7,1.25E7,0.9301293527170306,-0.031456650086090575
0,53,7,1.5485161E7,1.25E7,0.8072244131010327,-0.09300571208985714
0,54,0,1.1934454E7,1.6666666E7,1.3965168410720759,0.14504617737363024
0,54,1,1.1936058E7,1.6666666E7,1.3963291733334406,0.14498781177594042
0,54,2,1.2739265E7,1.6666666E7,1.3082910199293287,0.11670436041890533
0,54,3,1.7794107E7,1.6666666E7,0.9366396414273557,-0.028427465506712265
0,54,4,1.4562494E7,1.6666666E7,1.1444925573874916,0.0586129728113017
0,54,5,1.1220824E7,1.6666666E7,1.4853335191782706,0.17182398178494118
0,55,0,1.069837E7,2.5E7,2.336804578641419,0.36862239490556303
0,55,1,1.2536305E7,2.5E7,1.9942080222202634,0.2997704589857829
0,55,2,8055387.0,2.5E7,3.1035132142006336,0.49185359887308344
0,55,3,8336529.0,2.5E7,2.9988500010016157,0.47695474339658306
0,56,0,9029842.0,5.0E7,5.53719544594468,0.7432898530400617
0,56,1,1.4644392E7,5.0E7,3.414276263569017,0.5332986588084188
0,57,0,1.4891544E7,1.0E8,6.715220396219492,0.8270602709572595
0,58,0,1.1641878E7,5.0E7,4.2948397157228415,0.6329469605127722
0,58,1,1.3587847E7,5.0E7,3.679758831549987,0.5658193562932999
0,59,0,1.3441847E7,2.5E7,1.8598634547767134,0.26948106087716944
0,59,1,1.2214535E7,2.5E7,2.0467418530463912,0.3110630703775666
0,59,2,1.0629198E7,2.5E7,2.3520118827403533,0.3714395115348531
0,59,3,1.2365487E7,2.5E7,2.0217561993312514,0.30572878346620824
0,60,0,8781264.0,1.6666666E7,1.8979802907645187,0.27829169826163486
0,60,1,1.2591303E7,1.6666666E7,1.3236649137900978,0.1217780572257677
0,60,2,1.1885669E7,1.6666666E7,1.4022488763568968,0.1468251006749971
0,60,3,1.3057576E7,1.6666666E7,1.276398161496437,0.1059861699710753
0,60,4,1.1541069E7,1.6666666E7,1.4441180448708868,0.15960269471609104
0,60,5,1.2848266E7,1.6666666E7,1.2971918545272958,0.11300421293883639
0,61,0,1.3608623E7,1.25E7,0.918535255183423,-0.0369041699648362
0,61,1,1.252547E7,1.25E7,0.9979665433712268,-8.840181042268088E-4
0,61,2,1.5508846E7,1.25E7,0.8059916256825298,-0.0936694705258782
0,61,3,1.3267889E7,1.25E7,0.9421242520192926,-0.025891816519434955
0,61,4,1.1740554E7,1.25E7,1.0646857039284519,0.02722142261551318
0,61,5,1.191757E7,1.25E7,1.0488715400874506,0.020722301494401477
0,61,6,1.1205858E7,1.25E7,1.1154879885145788,0.047464898196796605
0,61,7,9434962.0,1.25E7,1.3248596019782592,0.12216985765639575
0,62,0,1.1178046E7,1.1111111E7,0.9940119230140939,-0.0026084062785686995
0,62,1,1.1366044E7,1.1111111E7,0.9775706481516349,-0.00985184672626336
0,62,2,8977772.0,1.1111111E7,1.2376245464910447,0.09258891437900765
0,62,3,1.1037057E7,1.1111111E7,1.0067095784682456,0.002904200781958821
0,62,4,9932302.0,1.1111111E7,1.1186843694442639,0.04870757004527751
0,62,5,1.3147336E7,1.1111111E7,0.8451226164753073,-0.07308027590786685
0,62,6,1.0556475E7,1.1111111E7,1.052539886657241,0.022238562680544575
0,62,7,1.2158348E7,1.1111111E7,0.9138668345403503,-0.03911708351968468
0,62,8,1.0798482E7,1.1111111E7,1.0289511988814724,0.012394777523292608
0,63,0,1.0509972E7,1.25E7,1.1893466509710968,0.07530845399805318
0,63,1,1.4658304E7,1.25E7,0.8527589549241167,-0.06917371131814963
0,63,2,1.19914E7,1.25E7,1.0424137298397185,0.018040122921679468
0,63,3,1.1657823E7,1.25E7,1.0722413610156887,0.03029255584062362
0,63,4,1.0354737E7,1.25E7,1.2071769664454055,0.0817709402855148
0,63,5,9477457.0,1.25E7,1.3189191995278902,0.12021819033481088
0,63,6,8122870.0,1.25E7,1.5388649578289446,0.18720051025191314
0,63,7,1.0080543E7,1.25E7,1.2400125667833568,0.09342608649853495
0,64,0,8222540.0,1.6666666E7,2.0269486071214002,0.3068427373824327
0,64,1,9055585.0,1.6666666E7,1.8404847395281476,0.2649322208230588
0,64,2,9120530.0,1.6666666E7,1.8273791106437893,0.261828656044731
0,64,3,1.4573067E7,1.6666666E7,1.1436622091972815,0.05829777065962683
0,64,4,1.1078022E7,1.6666666E7,1.5044803124601125,0.1773865089615239
0,64,5,1.404331E7,1.6666666E7,1.186804677814561,0.07437924942863257
0,65,0,1.4488145E7,3.3333333E7,2.300731598144552,0.3618659571111841
0,65,1,8969562.0,3.3333333E7,3.716272098905164,0.5701075047636927
0,65,2,1.4333025E7,3.3333333E7,2.3256314002103533,0.3665408825592517
0,66,0,1.3295579E7,5.0E7,3.76064855844187,0.5752627494657485
0,66,1,1.0205272E7,5.0E7,4.8994284522744715,0.6901454199262778
0,67,0,1.0755677E7,1.0E8,9.297415681039883,0.9683622483996416
0,68,0,8294916.0,5.0E7,6.027788587611978,0.7801580119167114
0,68,1,1.1119497E7,5.0E7,4.496606276345054,0.6528848623296575
0,69,0,1.456789E7,2.5E7,1.7161030183506327,0.2345433551667068
0,69,1,1.2173266E7,2.5E7,2.0536805816943455,0.3125328967125703
0,69,2,8144211.0,2.5E7,3.069665066388874,0.4870909918438165
0,69,3,9859299.0,2.5E7,2.535677232225131,0.4040939711400023
0,70,0,1.3604746E7,1.4285714E7,1.050053709198246,0.02121151336696164
0,70,1,1.3063526E7,1.4285714E7,1.0935572830796219,0.038841537326832085
0,70,2,1.2216684E7,1.4285714E7,1.1693610148220253,0.06794861085418252
0,70,3,8064473.0,1.4285714E7,1.7714380096504756,0.2483259590751884
0,70,4,1.5043278E7,1.4285714E7,0.9496410290363576,-0.022440530048456593
0,70,5,9705138.0,1.4285714E7,1.4719743294737282,0.16790023618006722
0,70,6,8683288.0,1.4285714E7,1.6451963818313984,0.2162177457238466
0,71,0,1.1377043E7,1.1111111E7,0.9766255607893897,-0.010271913305515875
0,71,1,1.2393259E7,1.1111111E7,0.8965447264516945,-0.047428039658252916
0,71,2,1.542539E7,1.1111111E7,0.7203131330877209,-0.142478666889933
0,71,3,1.2138729E7,1.1111111E7,0.9153438551927471,-0.03841572958379976
0,71,4,1.1644892E7,1.1111111E7,0.9541617904227879,-0.02037797882801874
0,71,5,1.0134162E7,1.1111111E7,1.096401557425271,0.03996964377800508
0,71,6,1.1508263E7,1.1111111E7,0.9654898397786008,-0.015252292108621564
0,71,7,1.2674551E7,1.1111111E7,0.8766473068750128,-0.05717509704000851
0,71,8,1.2174079E7,1.1111111E7,0.9126859617060149,-0.03967862943096216
0,72,0,1.0844884E7,1.1111111E7,1.0245486258774184,0.010532575181425972
0,72,1,1.2282196E7,1.1111111E7,0.9046518228499203,-0.04351853738038619
0,72,2,9684177.0,1.1111111E7,1.1473469557609284,0.059694767672239316
0,72,3,8521893.0,1.1111111E7,1.3038313201069294,0.11522140927529724
0,72,4,8201679.0,1.1111111E7,1.3547361460988658,0.13185471849337527
0,72,5,8996729.0,1.1111111E7,1.2350167488650596,0.09167284738544162
0,72,6,1.5380286E7,1.1111111E7,0.7224255127635468,-0.14120692512980004
0,72,7,1.238452E7,1.1111111E7,0.897177363353606,-0.04712169261764665
0,72,8,1.089895E7,1.1111111E7,1.0194661871097674,0.008372825999230973
0,73,0,1.3445581E7,1.25E7,0.9296734741325049,-0.031669560352474084
0,73,1,1.3414509E7,1.25E7,0.9318268749158094,-0.0306647681748501
0,73,2,1.119103E7,1.25E7,1.116965998661428,0.04803995304535809
0,73,3,1.055512E7,1.25E7,1.1842593925980947,0.07344683789004866
0,73,4,1.014494E7,1.25E7,1.2321413433692068,0.09066053016959062
0,73,5,1.2173872E7,1.25E7,1.026789176032079,0.011481281878722946
0,73,6,1.213588E7,1.25E7,1.0300035926525313,0.012838739526966977
0,73,7,7891676.0,1.25E7,1.5839474403155933,0.19974076642037816
0,74,0,1.1647303E7,1.6666666E7,1.4309463744525235,0.15562335862648335
0,74,1,1.1205501E7,1.6666666E7,1.4873646434907284,0.17241745355365684
0,74,2,1.071798E7,1.6666666E7,1.5550193226708764,0.1917357899398333
0,74,3,9689640.0,1.6666666E7,1.7200500740997602,0.23554109027304954
0,74,4,1.2312276E7,1.6666666E7,1.35366247475284,0.13151038988399505
0,74,5,8442927.0,1.6666666E7,1.97403886116746,0.29535569799140104
0,75,0,8878099.0,3.3333333E7,3.7545574790278864,0.5745587573877174
0,75,1,1.2206039E7,3.3333333E7,2.7308886199691806,0.43630398768305345
0,75,2,8097610.0,3.3333333E7,4.116440900463223,0.6145218846480733
0,76,0,1.3361215E7,1.0E8,7.484349290090759,0.8741540475638346
0,77,0,1.2955319E7,1.0E8,7.718837336232323,0.8875518888739053
0,78,0,1.1242525E7,5.0E7,4.447399494330678,0.648106142354436
0,78,1,1.3048937E7,5.0E7,3.8317297416640144,0.5833948699672789
0,79,0,1.0720406E7,2.5E7,2.332001232042891,0.3677287755334978
0,79,1,9380516.0,2.5E7,2.6650985937234157,0.42571328012356435
0,79,2,1.1882456E7,2.5E7,2.1039421479869147,0.32303379386788267
0,79,3,1.4302765E7,2.5E7,1.747913777510852,0.24252000560111897
0,80,0,1.3387058E7,1.4285714E7,1.067128714912567,0.028216806308113487
0,80,1,1.2398241E7,1.4285714E7,1.1522371600939199,0.06154187728132404
0,80,2,9878250.0,1.4285714E7,1.4461786247564092,0.16022193815557864
0,80,3,1.3081327E7,1.4285714E7,1.0920691761623267,0.03825014924238092
0,80,4,1.4697494E7,1.4285714E7,0.9719829788670096,-0.012341340268023967
0,80,5,8372284.0,1.4285714E7,1.7063102493895335,0.23205799948546124
0,80,6,1.1894627E7,1.4285714E7,1.2010224448400106,0.07955112362195725
0,81,0,1.0419807E7,1.1111111E7,1.0663451827850554,0.027897811362791423
0,81,1,1.184235E7,1.1111111E7,0.9382522050099853,-0.02768040626735121
0,81,2,1.4449324E7,1.1111111E7,0.768970991307275,-0.11409004323212474
0,81,3,1.2946929E7,1.1111111E7,0.8582043664563234,-0.0664092801516777
0,81,4,1.2307167E7,1.1111111E7,0.9028163020782931,-0.04440060750441596
0,81,5,1.0888258E7,1.1111111E7,1.0204672776857417,0.00879908318402268
0,81,6,1.1036174E7,1.1111111E7,1.0067901249110425,0.0029389471249590873
0,81,7,1.6230541E7,1.1111111E7,0.6845804462094024,-0.16457550984996233
0,81,8,1.5610209E7,1.1111111E7,0.7117848966660216,-0.14765123151086826
0,82,0,1.538691E7,1.1111111E7,0.7221145116205918,-0.141393927331273
0,82,1,1.2549986E7,1.1111111E7,0.8853484776795767,-0.05288575512712443
0,82,2,1.066466E7,1.1111111E7,1.0418626566622846,0.01781047195292017
0,82,3,1.2788492E7,1.1111111E7,0.8688366853574292,-0.06106184991920677
0,82,4,1.491256E7,1.1111111E7,0.7450840767782326,-0.12779471782807741
0,82,5,9956964.0,1.1111111E7,1.1159135455345626,0.04763054930434915
0,82,6,1.1680159E7,1.1111111E7,0.9512808002014356,-0.021691268575141715
0,82,7,1.3543689E7,1.1111111E7,0.8203902939590535,-0.08597948641308087
0,82,8,1.3424254E7,1.1111111E7,0.8276892704801324,-0.08213267462050049
0,83,0,9814989.0,1.25E7,1.2735623035339112,0.10502019580070973
0,83,1,1.1447386E7,1.25E7,1.0919523461513396,0.03820368575415758
0,83,2,1.1838891E7,1.25E7,1.0558421392679433,0.023598990953759134
0,83,3,8600490.0,1.25E7,1.4534055617761314,0.16238681778380093
0,83,4,1.319002E7,1.25E7,0.9476862051763378,-0.023335441058631327
0,83,5,1.2688491E7,1.25E7,0.9851447268237019,-0.006499962960488658
0,83,6,1.0681753E7,1.25E7,1.1702199067887078,0.06826748168698252
0,83,7,7959127.0,1.25E7,1.570524003449122,0.1960445784205069
0,84,0,8751031.0,2.0E7,2.285444994995447,0.3589707733578286
0,84,1,8741290.0,2.0E7,2.287991818141258,0.3594544670866961
0,84,2,1.0339616E7,2.0E7,1.9343078118181565,0.28652558574336956
0,84,3,1.2437967E7,2.0E7,1.6079798249987316,0.2062805954406104
0,84,4,8020046.0,2.0E7,2.493751282723316,0.39685313642110503
0,85,0,8839928.0,3.3333333E7,3.770769739301044,0.5764300131788489
0,85,1,1.1376465E7,3.3333333E7,2.930025539567871,0.4668714058984972
0,85,2,1.1616059E7,3.3333333E7,2.869590538408939,0.4578199317179652
0,86,0,1.0944806E7,1.0E8,9.136754000025217,0.9607919320290044
0,87,0,1.4713937E7,1.0E8,6.796277570034451,0.8322711077886219
0,88,0,1.0488681E7,5.0E7,4.767043634943231,0.6782491272424043
0,88,1,7850579.0,5.0E7,6.368956990306065,0.8040683160962416
0,89,0,8334982.0,2.0E7,2.3995252779190164,0.38012532938947297
0,89,1,1.2733876E7,2.0E7,1.5706136921703966,0.19606937919049763
0,89,2,1.5666415E7,2.0E7,1.2766162520270272,0.1060603689365957
0,89,3,1.3256705E7,2.0E7,1.5086705180510542,0.17859440358189238
0,89,4,1.2730828E7,2.0E7,1.5709897266697814,0.19617334502392436
0,90,0,8215701.0,1.4285714E7,1.7388308070120857,0.24025732601893215
0,90,1,1.2856698E7,1.4285714E7,1.1111495346627882,0.04577250872382523
0,90,2,1.2716399E7,1.4285714E7,1.1234087574634926,0.05053780506909442
0,90,3,1.574937E7,1.4285714E7,0.9070657429471782,-0.042361234699044875
0,90,4,1.3056409E7,1.4285714E7,1.0941533770886007,0.03907820513662536
0,90,5,1.3320189E7,1.4285714E7,1.072485833346659,0.03039156422272213
0,90,6,1.236533E7,1.4285714E7,1.1553039021198788,0.06269624020491335
0,91,0,1.3169559E7,1.1111111E7,0.8436965125407768,-0.07381374606575451
0,91,1,1.2579893E7,1.1111111E7,0.8832436810074616,-0.05391946095613118
0,91,2,1.3657177E7,1.1111111E7,0.8135730392891591,-0.08960345177896054
0,91,3,1.4150519E7,1.1111111E7,0.7852087262665065,-0.10501488259682397
0,91,4,1.3422509E7,1.1111111E7,0.8277968746379682,-0.08207621761881362
0,91,5,1.1731648E7,1.1111111E7,0.9471057263225081,-0.023601537580128677
0,91,6,9011426.0,1.1111111E7,1.2330025236849307,0.09096396550190991
0,91,7,1.2350544E7,1.1111111E7,0.8996454731062858,-0.045928601013171484
0,91,8,1.345408E7,1.1111111E7,0.8258543876653031,-0.08309651951758117
0,92,0,1.1396307E7,1.1111111E7,0.9749747001375094,-0.011006653771443909
0,92,1,1.2852655E7,1.1111111E7,0.8644992804988542,-0.06323536384235175
0,92,2,9196271.0,1.1111111E7,1.2082191792738601,0.08214572543970912
0,92,3,1.0238743E7,1.1111111E7,1.0852026464576756,0.03551084419439048
0,92,4,1.0761668E7,1.1111111E7,1.0324710816204328,0.013877896387951293
0,92,5,1.4457851E7,1.1111111E7,0.7685174650091497,-0.11434625845582594
0,92,6,1.3116024E7,1.1111111E7,0.8471401851658704,-0.07204471646227721
0,92,7,1.2349779E7,1.1111111E7,0.8997012011308057,-0.04590169972295255
0,92,8,8499898.0,1.1111111E7,1.3072052158743552,0.11634377206848985
0,93,0,1.2820035E7,1.4285714E7,1.1143272229756003,0.047012740447310866
0,93,1,1.0832313E7,1.4285714E7,1.3188055034968063,0.12018075082576128
0,93,2,1.3124108E7,1.4285714E7,1.0885093295483397,0.03683215570508629
0,93,3,1.1894225E7,1.4285714E7,1.2010630368939548,0.07956580162169771
0,93,4,1.247439E7,1.4285714E7,1.1452034127520463,0.05888263356644313
0,93,5,1.1742295E7,1.4285714E7,1.216603227903915,0.08514896440291851
0,93,6,8960929.0,1.4285714E7,1.5942224293932024,0.20254891500165936
0,94,0,1.2071332E7,2.0E7,1.656817988271717,0.21927480109829842
0,94,1,1.056581E7,2.0E7,1.8928979415681335,0.27712719895658516
0,94,2,1.1619838E7,2.0E7,1.721194391866737,0.23582992235979874
0,94,3,1.5444979E7,2.0E7,1.294919209666779,0.11224267352119091
0,94,4,1.3059593E7,2.0E7,1.5314412937677306,0.1851003532278679
0,95,0,8271874.0,3.3333333E7,4.029719625806679,0.6052748304584977
0,95,1,1.5557757E7,3.3333333E7,2.1425539041392665,0.33093175707166295
0,95,2,1.0900682E7,3.3333333E7,3.057912615008859,0.4854250705590669
0,96,0,1.2207068E7,1.0E8,8.191975337566728,0.9133886361641282
0,97,0,1.1164056E7,1.0E8,8.957318021335615,0.9521779937142208
0,98,0,9208010.0,3.3333333E7,3.6200365768499383,0.5587129586668236
0,98,1,1.141107E7,3.3333333E7,2.921139998264843,0.46555237142644784
0,98,2,1.3629073E7,3.3333333E7,2.445752033172029,0.38841242323007075
0,99,0,1.1926782E7,2.0E7,1.6768982614086516,0.22450671445513484
0,99,1,1.1530169E7,2.0E7,1.7345799528176906,0.23919432278128988
0,99,2,1.1609706E7,2.0E7,1.7226965092828364,0.23620877370269933
0,99,3,1.2419868E7,2.0E7,1.6103230726767788,0.2069130155380936
0,99,4,1.1545845E7,2.0E7,1.7322248826309379,0.2386042727539708
