 Number of tacts (im units) = 1
 Number of massive (im units) = 100
 Command Line curl 192.168.1.108:9000 > /dev/null 2>&1
cycle , cPeriod , count , procDur , procTime , lI , spb
0,0,0,2.987721163E9,2.0E7,0.006694065111456989,-2.174310067686495
0,0,1,7291554.0,2.0E7,2.7428995245732253,0.43820989921130254
0,0,2,6606467.0,2.0E7,3.0273366990253643,0.48106072567968233
0,0,3,6825289.0,2.0E7,2.9302788497307586,0.46690895043499653
0,0,4,7846440.0,2.0E7,2.548926646988953,0.40635733752249936
0,1,0,1.1279685E7,1.4285714E7,1.2664993747609086,0.10260497972628702
0,1,1,7563620.0,1.4285714E7,1.88874031217856,0.2761722497477789
0,1,2,1.6021752E7,1.4285714E7,0.8916449337126177,-0.0498080537273255
0,1,3,1.3211062E7,1.4285714E7,1.0813448608446468,0.03396422057395855
0,1,4,1.0141231E7,1.4285714E7,1.4086765206314698,0.14881127598118307
0,1,5,1.1689511E7,1.4285714E7,1.2220968011407833,0.08710560732736827
0,1,6,1.1050897E7,1.4285714E7,1.2927198579445633,0.11150442021632737
0,2,0,1.2890808E7,1.1111111E7,0.8619406169109027,-0.06452265370693526
0,2,1,1.2350939E7,1.1111111E7,0.8996167012079,-0.04594249056954884
0,2,2,1.2331323E7,1.1111111E7,0.9010477626772083,-0.045252187359039964
0,2,3,1.2966215E7,1.1111111E7,0.856927869852536,-0.06705573238645744
0,2,4,1.6164979E7,1.1111111E7,0.6873569708936832,-0.16281765853621366
0,2,5,8417925.0,1.1111111E7,1.3199346632335165,0.12055243416082813
0,2,6,8309917.0,1.1111111E7,1.3370904907955157,0.12616080017393388
0,2,7,1.0268091E7,1.1111111E7,1.0821009474886811,0.03426777730687846
0,2,8,1.0176825E7,1.1111111E7,1.0918052536031622,0.03814517973489394
0,3,0,9649831.0,1.1111111E7,1.1514306312721954,0.06123777871954783
0,3,1,9347742.0,1.1111111E7,1.1886411713117457,0.07505076896765152
0,3,2,8460028.0,1.1111111E7,1.3133657477256577,0.11838568579982144
0,3,3,7666728.0,1.1111111E7,1.4492637537160573,0.161147430577842
0,3,4,8265734.0,1.1111111E7,1.3442376684272686,0.1284760610996457
0,3,5,1.0599388E7,1.1111111E7,1.0482785421196017,0.020476696037485972
0,3,6,1.0187177E7,1.1111111E7,1.0906957835325723,0.0377036342210083
0,3,7,7947004.0,1.1111111E7,1.3981509258080151,0.14555405460545612
0,3,8,1.2889121E7,1.1111111E7,0.8620534325032716,-0.06446581454403323
0,4,0,9827699.0,1.4285714E7,1.4536173726932418,0.162450104737323
0,4,1,9727055.0,1.4285714E7,1.4686576769638908,0.1669205797721688
0,4,2,1.3376392E7,1.4285714E7,1.0679796166260678,0.028562963861733518
0,4,3,1.2905022E7,1.4285714E7,1.106988736632917,0.0441432020503061
0,4,4,1.3540541E7,1.4285714E7,1.0550327346595678,0.02326593476306364
0,4,5,1.3028965E7,1.4285714E7,1.0964580839690643,0.03999203387137222
0,4,6,1.0917674E7,1.4285714E7,1.3084942818406191,0.11677182910009394
0,5,0,1.1643811E7,2.0E7,1.7176506901391648,0.2349348482207431
0,5,1,1.2877909E7,2.0E7,1.5530471600630196,0.19118464378017636
0,5,2,1.0991763E7,2.0E7,1.8195443260557929,0.25996263993157065
0,5,3,8771191.0,2.0E7,2.280192051455726,0.35797142742801974
0,5,4,1.0152155E7,2.0E7,1.9700250833443738,0.29447175585128726
0,6,0,7598350.0,3.3333333E7,4.386917291254022,0.6421594465110336
0,6,1,8460112.0,3.3333333E7,3.940058122161976,0.5955026284113712
0,6,2,8662552.0,3.3333333E7,3.8479807105342627,0.5852328863050877
0,7,0,9976808.0,1.0E8,10.023245911918922,1.0010083855388083
0,8,0,1.0110318E7,1.0E8,9.890885726838661,0.9952351843226188
0,9,0,8142663.0,3.3333333E7,4.093664812113678,0.6121122798973493
0,9,1,9083881.0,3.3333333E7,3.6695034864503397,0.5646073046655493
0,9,2,9721612.0,3.3333333E7,3.428786604526081,0.5351404570132663
0,10,0,8548614.0,2.0E7,2.339560541626982,0.36913428806392273
0,10,1,8452800.0,2.0E7,2.36607987885671,0.37402940232111703
0,10,2,8779028.0,2.0E7,2.2781565339579735,0.3575835614896056
0,10,3,1.4550584E7,2.0E7,1.3745152771874998,0.13814957121576116
0,10,4,1.1467563E7,2.0E7,1.7440497165788407,0.24155886094522777
0,11,0,8486671.0,1.25E7,1.4728979125030297,0.16817264665726123
0,11,1,7695159.0,1.25E7,1.624397884436176,0.2106924152071318
0,11,2,1.1984212E7,1.25E7,1.0430389582560788,0.01830052994106646
0,11,3,8776527.0,1.25E7,1.4242535800322838,0.15358731978138515
0,11,4,9341072.0,1.25E7,1.3381761750685575,0.12651329341939013
0,11,5,8096712.0,1.25E7,1.5438365598282364,0.18860132130940635
0,11,6,1.2735682E7,1.25E7,0.9814943557792979,-0.008112193528013397
0,11,7,1.0326693E7,1.25E7,1.2104552735323884,0.08294874684099629
0,12,0,1.0476625E7,1.1111111E7,1.060562060778161,0.025536087152335483
0,12,1,1.2988517E7,1.1111111E7,0.8554564774408041,-0.06780208090734842
0,12,2,7819476.0,1.1111111E7,1.4209533989234062,0.15257983519539334
0,12,3,1.3231272E7,1.1111111E7,0.8397613623240456,-0.07584411125974151
0,12,4,9693302.0,1.1111111E7,1.1462668758282781,0.059285742593146264
0,12,5,8214328.0,1.1111111E7,1.3526500280972467,0.13118544587564768
0,12,6,7875309.0,1.1111111E7,1.410879369939643,0.14948988320216708
0,12,7,8417414.0,1.1111111E7,1.3200147931419317,0.12057879828457058
0,12,8,1.2310293E7,1.1111111E7,0.9025870464659127,-0.04451090357539378
0,13,0,1.4390686E7,1.1111111E7,0.7721043319269144,-0.1123240109095245
0,13,1,8322422.0,1.1111111E7,1.3350814222109861,0.1255077526958238
0,13,2,1.3733797E7,1.1111111E7,0.8090341658610507,-0.09203313755755356
0,13,3,1.0511921E7,1.1111111E7,1.0570009991513445,0.024075397833169324
0,13,4,9798282.0,1.1111111E7,1.1339856313586403,0.05460755168105931
0,13,5,7743597.0,1.1111111E7,1.4348772282441868,0.15681474331595044
0,13,6,7469986.0,1.1111111E7,1.4874339791266007,0.17243769834188225
0,13,7,8614644.0,1.1111111E7,1.2897934029543183,0.11052015127409127
0,13,8,1.232568E7,1.1111111E7,0.9014602845441387,-0.04505340214543011
0,14,0,8770085.0,1.4285714E7,1.62891397289764,0.21189814871464868
0,14,1,8941143.0,1.4285714E7,1.5977503099995156,0.20350891048350433
0,14,2,1.0790848E7,1.4285714E7,1.323873156215341,0.1218463761952982
0,14,3,1.3094418E7,1.4285714E7,1.0909773920459849,0.03781575094452152
0,14,4,8840481.0,1.4285714E7,1.615943069161056,0.2084260562004895
0,14,5,8529260.0,1.4285714E7,1.6749066155797807,0.22399059795854445
0,14,6,8044779.0,1.4285714E7,1.7757745737950041,0.24938783330592632
0,15,0,1.3870966E7,2.0E7,1.4418606461871508,0.15892328845797776
0,15,1,1.221631E7,2.0E7,1.6371555731640732,0.21408995085749757
0,15,2,9019425.0,2.0E7,2.2174362556371388,0.34585114407402284
0,15,3,8580939.0,2.0E7,2.3307472527190787,0.3674951809848483
0,15,4,1.4073094E7,2.0E7,1.4211515960882517,0.15264040715548058
0,16,0,9833812.0,5.0E7,5.084498259677936,0.7062481030199733
0,16,1,1.3050733E7,5.0E7,3.8312024313117123,0.5833350996413913
0,17,0,1.4076998E7,1.0E8,7.103787327383296,0.8514899510917096
0,18,0,7793196.0,1.0E8,12.831706016376337,1.108284401054795
0,19,0,1.0707986E7,3.3333333E7,3.112941406535272,0.49317094623410784
0,19,1,8457696.0,3.3333333E7,3.941183627314105,0.595626669950962
0,19,2,8589264.0,3.3333333E7,3.88081365295094,0.5889227894964922
0,20,0,9393417.0,1.6666666E7,1.774292145233199,0.24902512993577408
0,20,1,7575314.0,1.6666666E7,2.2001287339376296,0.34244809300541396
0,20,2,1.3129078E7,1.6666666E7,1.2694467958831535,0.10361450376148552
0,20,3,7534375.0,1.6666666E7,2.212083417669017,0.34480150018702904
0,20,4,1.2051657E7,1.6666666E7,1.3829356411321696,0.14080196944298148
0,20,5,1.3327281E7,1.6666666E7,1.2505676139041415,0.09710717751525347
0,21,0,1.1659365E7,1.25E7,1.0720995525914148,0.030235114772509373
0,21,1,1.1290862E7,1.25E7,1.107089963547513,0.04418291363820606
0,21,2,1.2415144E7,1.25E7,1.0068348784355623,0.0029582518204367254
0,21,3,8147086.0,1.25E7,1.5342909108851925,0.1859077122947728
0,21,4,9477191.0,1.25E7,1.3189562181452288,0.12023037967561992
0,21,5,8211495.0,1.25E7,1.522256300466602,0.18248778023171122
0,21,6,7766496.0,1.25E7,1.6094774271434633,0.20668489010160773
0,21,7,1.5684776E7,1.25E7,0.7969511327417108,-0.0985683077522868
0,22,0,7824805.0,1.1111111E7,1.419985673764394,0.15228396280808756
0,22,1,1.4956024E7,1.1111111E7,0.742918773064285,-0.12905866717934894
0,22,2,1.0546942E7,1.1111111E7,1.0534912394512077,0.022630928483446805
0,22,3,8364823.0,1.1111111E7,1.3283139404145192,0.12330073051125702
0,22,4,8875577.0,1.1111111E7,1.2518747795213765,0.09756089015025614
0,22,5,7391920.0,1.1111111E7,1.5031427558739814,0.1770002281878445
0,22,6,1.1848274E7,1.1111111E7,0.9377830897563645,-0.02789760278901465
0,22,7,1.080745E7,1.1111111E7,1.0280973772721596,0.012034251243993406
0,22,8,9934075.0,1.1111111E7,1.1184847104536657,0.04863005172188523
0,23,0,9734039.0,1.1111111E7,1.1414697434436003,0.05746440428036145
0,23,1,9400223.0,1.1111111E7,1.1820050439228942,0.0726193297966801
0,23,2,7814568.0,1.1111111E7,1.4218458397188432,0.15285251159149446
0,23,3,1.0085965E7,1.1111111E7,1.101640844480424,0.04204002946711618
0,23,4,8433595.0,1.1111111E7,1.3174821650790678,0.11974474482562981
0,23,5,1.1738963E7,1.1111111E7,0.9465155482643569,-0.023872247553378603
0,23,6,8031981.0,1.1111111E7,1.3833587255746747,0.14093481375803568
0,23,7,1.145764E7,1.1111111E7,0.9697556390321218,-0.013337686341555396
0,23,8,1.2385552E7,1.1111111E7,0.8971026079418988,-0.047157880797122555
0,24,0,1.5073663E7,1.4285714E7,0.9477267735121848,-0.02331685027699257
0,24,1,1.1089816E7,1.4285714E7,1.2881831402793338,0.1099776108177442
0,24,2,8762033.0,1.4285714E7,1.6304108875189125,0.21229706679336058
0,24,3,1.3232479E7,1.4285714E7,1.0795946851682137,0.03326073786317608
0,24,4,1.3441465E7,1.4285714E7,1.0628092994327627,0.026455345770856224
0,24,5,1.2540339E7,1.4285714E7,1.1391808467059783,0.05659267446708672
0,24,6,8877308.0,1.4285714E7,1.6092394225817106,0.20662066322310227
0,25,0,1.3103139E7,2.5E7,1.9079397692415534,0.2805646605678079
0,25,1,1.160144E7,2.5E7,2.154904908356204,0.3334281103726871
0,25,2,9354941.0,2.5E7,2.672384571960422,0.42689895584779225
0,25,3,1.5862687E7,2.5E7,1.5760255497697206,0.1975632537842856
0,26,0,8018602.0,5.0E7,6.23550090152872,0.7948713463521967
0,26,1,8417201.0,5.0E7,5.94021694385105,0.7738023062264637
0,27,0,1.4834095E7,1.0E8,6.741226883069038,0.8287389440215637
0,28,0,1.4488228E7,1.0E8,6.902155322238165,0.8389847281852499
0,29,0,8404314.0,3.3333333E7,3.966216992844389,0.5983764708922209
0,29,1,1.270153E7,3.3333333E7,2.624355727223413,0.4190227026164491
0,29,2,8377669.0,3.3333333E7,3.9788314625464434,0.5997555434599682
0,30,0,1.2474567E7,1.6666666E7,1.3360516641579623,0.1258232523198333
0,30,1,8468197.0,1.6666666E7,1.968148119369448,0.2940577795649208
0,30,2,8345401.0,1.6666666E7,1.997107868153969,0.3004015226968803
0,30,3,1.2924066E7,1.6666666E7,1.289583788878825,0.11044956505908976
0,30,4,8768668.0,1.6666666E7,1.900706697984232,0.27891510514815343
0,30,5,1.4535065E7,1.6666666E7,1.146652319752268,0.05943175399308688
0,31,0,1.5616984E7,1.25E7,0.8004106298629748,-0.09668715234444872
0,31,1,9662754.0,1.25E7,1.293627054978322,0.11180908984896637
0,31,2,9099500.0,1.25E7,1.373701851750096,0.13789248367671594
0,31,3,9996816.0,1.25E7,1.2503981267635615,0.09704831438984299
0,31,4,1.3958007E7,1.25E7,0.8955433250606624,-0.04791339878242557
0,31,5,1.2749763E7,1.25E7,0.9804103809615912,-0.00859209891887084
0,31,6,9682151.0,1.25E7,1.2910354321059443,0.11093816152043476
0,31,7,1.13682E7,1.25E7,1.0995584173395965,0.04121830750698188
0,32,0,8974912.0,1.1111111E7,1.2380189354502864,0.09272728725169359
0,32,1,8793473.0,1.1111111E7,1.2635634407474725,0.1015970517762198
0,32,2,1.0884323E7,1.1111111E7,1.0208362063492602,0.008956064922191089
0,32,3,9544688.0,1.1111111E7,1.1641146363296526,0.06599574962140901
0,32,4,8446079.0,1.1111111E7,1.3155348179906914,0.11910234695697132
0,32,5,1.260885E7,1.1111111E7,0.8812152575373646,-0.054917991994578745
0,32,6,1.0390352E7,1.1111111E7,1.0693681022548611,0.029127225564485562
0,32,7,8475056.0,1.1111111E7,1.311036882824137,0.11761490967763867
0,32,8,7228650.0,1.1111111E7,1.5370935098531537,0.1867002888256486
0,33,0,7707314.0,1.25E7,1.6218360897194535,0.2100069602774755
0,33,1,1.066202E7,1.25E7,1.1723857205295056,0.06907052016130863
0,33,2,7669893.0,1.25E7,1.6297489417388222,0.21212070770753727
0,33,3,8930295.0,1.25E7,1.3997297961601491,0.14604420756228084
0,33,4,1.0071421E7,1.25E7,1.2411356848254085,0.09381926252192438
0,33,5,8367608.0,1.25E7,1.4938558307224716,0.1743086865403746
0,33,6,8753448.0,1.25E7,1.4280087115385847,0.15473085685303792
0,33,7,1.1111521E7,1.25E7,1.1249585002809246,0.05113650161944622
0,34,0,8241157.0,1.4285714E7,1.7334597557114857,0.23891376345690185
0,34,1,8419078.0,1.4285714E7,1.6968264220856488,0.2296374181656578
0,34,2,1.1467412E7,1.4285714E7,1.2457661763613272,0.0954365352240694
0,34,3,9474243.0,1.4285714E7,1.507847539903716,0.1783574317686183
0,34,4,1.4322733E7,1.4285714E7,0.9974153675838263,-0.0011239447145670193
0,34,5,1.0886336E7,1.4285714E7,1.312260984779452,0.11802021688245953
0,34,6,1.1137768E7,1.4285714E7,1.2826370597771475,0.10810378401736231
0,35,0,7737735.0,2.5E7,3.2309196425052034,0.509326156640189
0,35,1,1.241656E7,2.5E7,2.01344011545871,0.30393871717533866
0,35,2,8511608.0,2.5E7,2.937165339381231,0.46792839458538626
0,35,3,1.0988229E7,2.5E7,2.2751619027961647,0.35701230692241936
0,36,0,6665398.0,5.0E7,7.501427521657371,0.8751439174963938
0,36,1,9575795.0,5.0E7,5.221498580535611,0.7177951642770308
0,37,0,1.0225721E7,1.0E8,9.779261530800616,0.9903060607991376
0,38,0,1.4282193E7,5.0E7,3.5008629277030496,0.5441751067925729
0,38,1,7807140.0,5.0E7,6.4043939265851515,0.8064780370012645
0,39,0,8591325.0,2.5E7,2.9099120333592317,0.463879860462156
0,39,1,1.2148684E7,2.5E7,2.057836058621658,0.31341077291815916
0,39,2,1.5376862E7,2.5E7,1.6258193641849683,0.21107229187578228
0,39,3,8412095.0,2.5E7,2.9719112777494785,0.4730358400283186
0,40,0,7700113.0,1.6666666E7,2.1644703136174757,0.33535163370633375
0,40,1,9941534.0,1.6666666E7,1.6764682392073498,0.22439533010742893
0,40,2,8730002.0,1.6666666E7,1.9091251067296433,0.28083438904429175
0,40,3,1.1409913E7,1.6666666E7,1.460718061566289,0.16456639928683314
0,40,4,9406599.0,1.6666666E7,1.7718057291482288,0.24841610164573022
0,40,5,1.1967975E7,1.6666666E7,1.3926053488580983,0.14382805892450704
0,41,0,1.2297968E7,1.25E7,1.0164280798258705,0.0070766543564688466
0,41,1,1.0786962E7,1.25E7,1.1588063441773504,0.06401086419281614
0,41,2,8152192.0,1.25E7,1.5333299313853255,0.18563561340829
0,41,3,1.4191941E7,1.25E7,0.8807815646922433,-0.05513178399568168
0,41,4,1.3681089E7,1.25E7,0.9136699571211034,-0.03921065512657235
0,41,5,1.1465961E7,1.25E7,1.0901833697149328,0.037499552764027486
0,41,6,8271544.0,1.25E7,1.5112051631472916,0.17932342871641577
0,41,7,1.3839252E7,1.25E7,0.9032280068315831,-0.044202604493368824
0,42,0,9469499.0,1.1111111E7,1.1733578513498972,0.06943048369714888
0,42,1,1.4845883E7,1.1111111E7,0.7484304571173032,-0.1258485473494269
0,42,2,9664861.0,1.1111111E7,1.149640020689382,0.06056187383009395
0,42,3,8153733.0,1.1111111E7,1.362702335237124,0.1344010001618315
0,42,4,7565633.0,1.1111111E7,1.4686293929404188,0.16691221586695426
0,42,5,1.1237664E7,1.1111111E7,0.9887384958297383,-0.004918556568076701
0,42,6,9298727.0,1.1111111E7,1.194906679161567,0.07733398870862489
0,42,7,1.2338562E7,1.1111111E7,0.9005191204615254,-0.045507061497669386
0,42,8,1.1531825E7,1.1111111E7,0.9635171362728796,-0.01614055695811674
0,43,0,7704281.0,1.25E7,1.62247456965809,0.21017789848090193
0,43,1,9704354.0,1.25E7,1.2880816177975372,0.10994338246173536
0,43,2,8658910.0,1.25E7,1.4435997140517687,0.15944678736242712
0,43,3,9334864.0,1.25E7,1.3390661074440935,0.12680201793022122
0,43,4,1.3791753E7,1.25E7,0.9063387373599281,-0.04270945765227998
0,43,5,1.1320148E7,1.25E7,1.1042258458104965,0.043057908137857766
0,43,6,1.2214263E7,1.25E7,1.0233937160187234,0.010042745930243903
0,43,7,1.0356599E7,1.25E7,1.2069599296062345,0.08169285200308991
0,44,0,1.2505134E7,1.6666666E7,1.3327858781841122,0.12476038242765362
0,44,1,1.2229245E7,1.6666666E7,1.3628532260168147,0.134449086529241
0,44,2,9338641.0,1.6666666E7,1.7846992940407496,0.2515650518542608
0,44,3,1.3785034E7,1.6666666E7,1.2090406160768266,0.08244089063889778
0,44,4,1.1895377E7,1.6666666E7,1.4011044794965304,0.14647052156485035
0,44,5,1.3361698E7,1.6666666E7,1.24734640761975,0.09598708060415298
0,45,0,1.0402864E7,2.5E7,2.403184353847171,0.38078708781909915
0,45,1,1.166714E7,2.5E7,2.14277020760872,0.3309755994512965
0,45,2,7900760.0,2.5E7,3.16425255291896,0.5002711391625104
0,45,3,1.5193757E7,2.5E7,1.6454126520517605,0.2162748323983627
0,46,0,1.0538216E7,5.0E7,4.744636094003008,0.6762029083487554
0,46,1,1.2321002E7,5.0E7,4.058111507489407,0.6083239762660808
0,47,0,1.1684602E7,1.0E8,8.558271817901884,0.9323860759245187
0,48,0,8397596.0,5.0E7,5.954084954789442,0.7748150270075563
0,48,1,1.1323149E7,5.0E7,4.415732761266323,0.6450027821533703
0,49,0,1.1900372E7,2.5E7,2.100774664859216,0.32237947122722654
0,49,1,1.2114631E7,2.5E7,2.0636204272338134,0.3146298181889706
0,49,2,1.3462579E7,2.5E7,1.8569993164014116,0.26881174386732515
0,49,3,7716296.0,2.5E7,3.2398964477256964,0.51053112968192
0,50,0,1.2108028E7,1.6666666E7,1.3764971471820184,0.13877531564624615
0,50,1,1.0541919E7,1.6666666E7,1.5809897609723618,0.19892905730247934
0,50,2,7823496.0,1.6666666E7,2.1303348272946008,0.3284478673910466
0,50,3,1.0451324E7,1.6666666E7,1.5946942224736311,0.2026774207955034
0,50,4,7279794.0,1.6666666E7,2.2894419814626623,0.3597296422075112
0,50,5,9395978.0,1.6666666E7,1.7738085380787396,0.248906741006802
0,51,0,1.0385634E7,1.25E7,1.203585645325071,0.08047699944583696
0,51,1,9693506.0,1.25E7,1.289523109595228,0.11042912955247891
0,51,2,8510646.0,1.25E7,1.4687486707824529,0.1669474865794832
0,51,3,1.0979449E7,1.25E7,1.1384906473904108,0.05632946727139036
0,51,4,1.2847471E7,1.25E7,0.972954132373601,-0.011907633037483408
0,51,5,8720107.0,1.25E7,1.4334686489512112,0.1563881990359868
0,51,6,1.2389073E7,1.25E7,1.0089536158193595,0.0038712010667050177
0,51,7,1.0662811E7,1.25E7,1.172298749363559,0.06903830167054144
0,52,0,1.1943331E7,1.1111111E7,0.930319271901616,-0.03136798238189483
0,52,1,1.2620848E7,1.1111111E7,0.8803775308917435,-0.05533105009671458
0,52,2,1.1954996E7,1.1111111E7,0.9294115196692663,-0.031791948924300185
0,52,3,1.1687073E7,1.1111111E7,0.9507180283720312,-0.021948270528604197
0,52,4,1.3610747E7,1.1111111E7,0.8163483606006342,-0.08812447506755051
0,52,5,1.1553682E7,1.1111111E7,0.9616943758708263,-0.01696292376403398
0,52,6,9586471.0,1.1111111E7,1.1590407982249151,0.06409872339422922
0,52,7,1.1005839E7,1.1111111E7,1.0095651044868093,0.004134330815735422
0,52,8,7776375.0,1.1111111E7,1.4288291138223144,0.15498029081907966
0,53,0,7409684.0,1.25E7,1.6869815230986909,0.2271103259440598
0,53,1,7218948.0,1.25E7,1.7315542375426447,0.2384360995219628
0,53,2,8895727.0,1.25E7,1.4051690210367291,0.1477285665817665
0,53,3,9535989.0,1.25E7,1.3108236597168894,0.11754427158107059
0,53,4,1.0977812E7,1.25E7,1.1386604179412072,0.056394223988377346
0,53,5,9146130.0,1.25E7,1.3666982647305472,0.1356726430045691
0,53,6,7442514.0,1.25E7,1.679540004896195,0.22519035274377466
0,53,7,7685934.0,1.25E7,1.6263475590604863,0.211213362200423
0,54,0,8473701.0,1.6666666E7,1.9668697302394786,0.29377559666988845
0,54,1,7272884.0,1.6666666E7,2.2916171906495415,0.36014207146561544
0,54,2,7773304.0,1.6666666E7,2.14409033790522,0.33124307972745637
0,54,3,7638916.0,1.6666666E7,2.1818103511021723,0.338816997833739
0,54,4,7241725.0,1.6666666E7,2.3014773413792984,0.36200670351312175
0,54,5,1.0194537E7,1.6666666E7,1.6348624758534889,0.21348122580978893
0,55,0,1.3684946E7,2.5E7,1.8268248921113754,0.2616969206232494
0,55,1,9381367.0,2.5E7,2.6648568380279762,0.4256738827342561
0,55,2,7193513.0,2.5E7,3.47535341911525,0.540998975880654
0,55,3,7400266.0,2.5E7,3.3782569437368872,0.5286926780956619
0,56,0,8308944.0,5.0E7,6.017611864997526,0.7794241723828096
0,56,1,8161922.0,5.0E7,6.126008065257178,0.7871775642456733
0,57,0,7072150.0,1.0E8,14.139971578657127,1.1504485365298494
0,58,0,7392021.0,5.0E7,6.7640500480179915,0.8302068123345793
0,58,1,9150040.0,5.0E7,5.464456985980389,0.7375470117186083
0,59,0,8522943.0,2.5E7,2.9332590866793313,0.46735042470770355
0,59,1,1.0128419E7,2.5E7,2.468302308583403,0.392398349408716
0,59,2,1.0292724E7,2.5E7,2.428900260028346,0.38540968137216486
0,59,3,8934839.0,2.5E7,2.7980358683575606,0.4468532774645717
0,60,0,7853546.0,1.6666666E7,2.122183533400072,0.3267829404023208
0,60,1,6560483.0,1.6666666E7,2.540463255525546,0.4049129177907347
0,60,2,1.1568379E7,1.6666666E7,1.4407088495285294,0.15857622382659334
0,60,3,8681344.0,1.6666666E7,1.9198255477492885,0.2832617666764603
0,60,4,6495125.0,1.6666666E7,2.5660269817747925,0.40926121866957865
0,60,5,6536551.0,1.6666666E7,2.5497645470830106,0.40650007822855916
0,61,0,7920701.0,1.25E7,1.5781431466735079,0.1981463936711409
0,61,1,8804405.0,1.25E7,1.4197438668484696,0.15221000125081674
0,61,2,8867513.0,1.25E7,1.4096398843734428,0.1491081791768332
0,61,3,6861874.0,1.25E7,1.821659797309015,0.2604672738736087
0,61,4,1.0018018E7,1.25E7,1.247751800805309,0.09612820532978038
0,61,5,1.0961185E7,1.25E7,1.1403876496929848,0.057052505288395304
0,61,6,1.0261549E7,1.25E7,1.2181396785222192,0.08569708972001916
0,61,7,7751240.0,1.25E7,1.6126452025740399,0.20753882894301812
0,62,0,7148851.0,1.1111111E7,1.554251305559453,0.1915212408444579
0,62,1,1.0283656E7,1.1111111E7,1.0804631154523254,0.03360994564874523
0,62,2,7381269.0,1.1111111E7,1.5053117560137694,0.17762645334860278
0,62,3,1.1587389E7,1.1111111E7,0.958896866239668,-0.018228100682966847
0,62,4,7210139.0,1.1111111E7,1.541039777457827,0.18781384891146466
0,62,5,8404166.0,1.1111111E7,1.3220956130566675,0.12126286416729963
0,62,6,8990920.0,1.1111111E7,1.23581468859694,0.09195335282926927
0,62,7,8039478.0,1.1111111E7,1.382068711426289,0.14052963511594802
0,62,8,8351937.0,1.1111111E7,1.330363363612537,0.12397027650010278
0,63,0,8356099.0,1.25E7,1.4959133442531019,0.17490643630737138
0,63,1,7715734.0,1.25E7,1.6200662179385656,0.20953276608435367
0,63,2,7846591.0,1.25E7,1.5930484971116756,0.20222899721192275
0,63,3,6752204.0,1.25E7,1.851247385298193,0.26746445813217185
0,63,4,6772666.0,1.25E7,1.8456542814897412,0.26615035448919533
0,63,5,7430904.0,1.25E7,1.6821641081623446,0.22586836232556506
0,63,6,7536835.0,1.25E7,1.658521116622561,0.2197210054149054
0,63,7,6457684.0,1.25E7,1.935678487829383,0.2868332235523708
0,64,0,6510199.0,1.6666666E7,2.5600854904742545,0.4082544682107939
0,64,1,6822146.0,1.6666666E7,2.443023939974313,0.38792772278506144
0,64,2,9050442.0,1.6666666E7,1.8415306125380395,0.2651789427108036
0,64,3,9136492.0,1.6666666E7,1.8241865696374495,0.2610692539597203
0,64,4,6969905.0,1.6666666E7,2.391232879070805,0.378621873552156
0,64,5,7124780.0,1.6666666E7,2.3392534225618196,0.36907727356559056
0,65,0,7585265.0,3.3333333E7,4.3944849652583,0.6429079829699086
0,65,1,7435503.0,3.3333333E7,4.482996375631884,0.6515683877518705
0,65,2,9271093.0,3.3333333E7,3.5954048783676313,0.555747803353134
0,66,0,9759867.0,5.0E7,5.123020631326226,0.7095261048619145
0,66,1,1.1946071E7,5.0E7,4.185476547058862,0.6217449127415918
0,67,0,1.157203E7,1.0E8,8.641526162652534,0.936590449132457
0,68,0,8580711.0,5.0E7,5.827022958820079,0.7654467292398374
0,68,1,9017739.0,5.0E7,5.544627095550226,0.7438723429485359
0,69,0,1.3135716E7,2.5E7,1.9032080169820969,0.2794862584342923
0,69,1,8147100.0,2.5E7,3.0685765487105843,0.4869369616652298
0,69,2,1.2650599E7,2.5E7,1.9761910088210053,0.2958289190308924
0,69,3,1.3961136E7,2.5E7,1.7906852279069554,0.2530192509537408
0,70,0,1.0675356E7,1.4285714E7,1.3381955599419824,0.12651958458100335
0,70,1,1.5628769E7,1.4285714E7,0.9140652088465828,-0.03902282086129095
0,70,2,1.2582601E7,1.4285714E7,1.135354605935609,0.055131526153456
0,70,3,1.3264172E7,1.4285714E7,1.0770151352078365,0.032221806446597896
0,70,4,1.4232357E7,1.4285714E7,1.0037489925245693,0.0016251223801472731
0,70,5,8518137.0,1.4285714E7,1.6770937119231588,0.22455733060490898
0,70,6,8131132.0,1.4285714E7,1.7569157652341643,0.2447509398840567
0,71,0,1.457768E7,1.1111111E7,0.7622002266478617,-0.11793092642202396
0,71,1,1.214518E7,1.1111111E7,0.9148576636986854,-0.03864646951686911
0,71,2,1.1465519E7,1.1111111E7,0.9690892318088697,-0.01363623213602161
0,71,3,1.3432701E7,1.1111111E7,0.8271687875729535,-0.08240586162994369
0,71,4,1.2111142E7,1.1111111E7,0.9174288436218484,-0.037427609932302465
0,71,5,1.07742E7,1.1111111E7,1.0312701639100814,0.01337245318394033
0,71,6,8180060.0,1.1111111E7,1.3583165649151718,0.13300099702399304
0,71,7,1.1511671E7,1.1111111E7,0.9652040090443863,-0.015380882886087707
0,71,8,1.0106849E7,1.1111111E7,1.0993645002512653,0.041141708985993654
0,72,0,1.0079242E7,1.1111111E7,1.102375654835949,0.042329613591892634
0,72,1,1.3985318E7,1.1111111E7,0.7944839724059188,-0.0999148596471344
0,72,2,1.3215798E7,1.1111111E7,0.840744614891965,-0.07533590573226111
0,72,3,1.0859815E7,1.1111111E7,1.0231399890329624,0.009935059230417246
0,72,4,1.5792283E7,1.1111111E7,0.7035785136322595,-0.15268743179761915
0,72,5,1.2075635E7,1.1111111E7,0.920126436415145,-0.036152491279938206
0,72,6,1.3392351E7,1.1111111E7,0.8296609758809338,-0.08109933700056411
0,72,7,1.6515839E7,1.1111111E7,0.672754862771428,-0.17214315440825773
0,72,8,9085378.0,1.1111111E7,1.2229662871484268,0.08741448523971139
0,73,0,8282350.0,1.25E7,1.5092334904948475,0.17875643380415704
0,73,1,1.2022703E7,1.25E7,1.039699641586422,0.01690789425863252
0,73,2,8356837.0,1.25E7,1.4957812387629434,0.1748680816666484
0,73,3,1.1830222E7,1.25E7,1.0566158437263478,0.023917118551693765
0,73,4,1.3987875E7,1.25E7,0.8936310912129255,-0.048841729655973776
0,73,5,8489030.0,1.25E7,1.4724886117730764,0.16805194463860473
0,73,6,1.1959565E7,1.25E7,1.045188516471962,0.019194629470656373
0,73,7,1.4674598E7,1.25E7,0.85181209052541,-0.0696561998912865
0,74,0,1.1388363E7,1.6666666E7,1.4634821527905284,0.16538743056765687
0,74,1,1.0324644E7,1.6666666E7,1.6142605982346703,0.20797364639565674
0,74,2,1.0363134E7,1.6666666E7,1.608265028706567,0.20635761843014627
0,74,3,1.4213714E7,1.6666666E7,1.1725764286519342,0.06914115966859141
0,74,4,1.2366032E7,1.6666666E7,1.3477780099550123,0.1296183662417203
0,74,5,1.5946795E7,1.6666666E7,1.0451420489195478,0.01917532094411178
0,75,0,9250094.0,3.3333333E7,3.6035669475358847,0.5567325948498334
0,75,1,1.3714341E7,3.3333333E7,2.4305457331125133,0.3857037971659798
0,75,2,7422929.0,3.3333333E7,4.490590304716642,0.6523034343730795
0,76,0,1.0321275E7,1.0E8,9.688725472385922,0.9862666504547553
0,77,0,1.0980424E7,1.0E8,9.107116446505163,0.9593808896395647
0,78,0,8679412.0,5.0E7,5.760758908552791,0.7604797001048281
0,78,1,7919023.0,5.0E7,6.313910188163363,0.8002984000043344
0,79,0,1.3420223E7,2.5E7,1.862860252024128,0.27018027623214813
0,79,1,1.0315651E7,2.5E7,2.4235019195589302,0.3844433680462016
0,79,2,1.193069E7,2.5E7,2.095436223722182,0.32127444727101845
0,79,3,1.1213941E7,2.5E7,2.229367891270339,0.34818174186068
0,80,0,8033692.0,1.4285714E7,1.7782252543413415,0.24998677380020864
0,80,1,1.0388107E7,1.4285714E7,1.375198965509308,0.13836553698195694
0,80,2,1.2909979E7,1.4285714E7,1.106563689995158,0.043976415477394254
0,80,3,1.2612151E7,1.4285714E7,1.1326944943808555,0.05411278956697768
0,80,4,1.3838338E7,1.4285714E7,1.0323287377429284,0.013818017304225067
0,80,5,1.2556975E7,1.4285714E7,1.1376716127889082,0.05601692169456988
0,80,6,1.050004E7,1.4285714E7,1.3605390074704478,0.13371099777789755
0,81,0,1.1908182E7,1.1111111E7,0.9330652655459918,-0.03008797739482075
0,81,1,8606989.0,1.1111111E7,1.2909405368125833,0.11090623829358837
0,81,2,1.0989083E7,1.1111111E7,1.011104475232374,0.004796032616408669
0,81,3,1.0922043E7,1.1111111E7,1.0173106807947927,0.007453604200776585
0,81,4,1.3809281E7,1.1111111E7,0.8046118403992214,-0.09441358078512832
0,81,5,6721325.0,1.1111111E7,1.653113188247853,0.21830259062440305
0,81,6,1.1564876E7,1.1111111E7,0.960763522237506,-0.017383494355880557
0,81,7,1.2614495E7,1.1111111E7,0.8808209127674156,-0.0551123827378584
0,81,8,1.1418346E7,1.1111111E7,0.9730928630118583,-0.011845712692382803
0,82,0,1.4970795E7,1.1111111E7,0.7421857690256263,-0.12948737724794082
0,82,1,1.1099022E7,1.1111111E7,1.0010891950660157,4.7277398205657897E-4
0,82,2,1.1528619E7,1.1111111E7,0.9637850812833697,-0.016019800556552867
0,82,3,1.204894E7,1.1111111E7,0.9221650203254395,-0.03519135551474536
0,82,4,1.0899229E7,1.1111111E7,1.0194400906706336,0.008361708725585495
0,82,5,1.0501095E7,1.1111111E7,1.058090703874215,0.024522898798959483
0,82,6,1.0134575E7,1.1111111E7,1.09635687732342,0.03995194522865286
0,82,7,1.1582579E7,1.1111111E7,0.9592950758203332,-0.018047784811321
0,82,8,1.4732714E7,1.1111111E7,0.7541795082698273,-0.12252527193867296
0,83,0,1.2387802E7,1.25E7,1.0090571353981925,0.003915757798494921
0,83,1,1.1247495E7,1.25E7,1.1113585736201705,0.045854204233167425
0,83,2,1.5787054E7,1.25E7,0.7917880055392222,-0.10139108147694934
0,83,3,1.0782041E7,1.25E7,1.1593352316133838,0.06420903405560749
0,83,4,8412695.0,1.25E7,1.485849659354107,0.17197486903694822
0,83,5,1.4501761E7,1.25E7,0.8619642814414057,-0.06451073034036818
0,83,6,1.1012573E7,1.25E7,1.1350662556334474,0.05502121273282379
0,83,7,9679637.0,1.25E7,1.2913707404523538,0.11105094204810508
0,84,0,1.2678887E7,2.0E7,1.57742552638887,0.19794886443480814
0,84,1,1.2754816E7,2.0E7,1.5680351641293766,0.1953557977719596
0,84,2,1.0752506E7,2.0E7,1.8600315126538873,0.2695203020973575
0,84,3,1.3131161E7,2.0E7,1.5230945687133073,0.1827268694524495
0,84,4,9197537.0,2.0E7,2.174495193658911,0.3373584520704649
0,85,0,6882601.0,3.3333333E7,4.84313023521195,0.6851261476906478
0,85,1,9385267.0,3.3333333E7,3.551665924901231,0.5504321086281644
0,85,2,1.2589761E7,3.3333333E7,2.6476541532440527,0.4228612552589493
0,86,0,1.4165934E7,1.0E8,7.059188614037027,0.8487547859389126
0,87,0,1.1181029E7,1.0E8,8.943720653975587,0.9515182261045642
0,88,0,8065340.0,5.0E7,6.199366672700717,0.7923473242401214
0,88,1,1.1769226E7,5.0E7,4.2483677346326765,0.628222101813906
0,89,0,7480802.0,2.0E7,2.6735101396882315,0.42708183556644974
0,89,1,1.1880733E7,2.0E7,1.683397817289556,0.22618675972967658
0,89,2,7500844.0,2.0E7,2.666366611543981,0.4259198624162766
0,89,3,1.1718638E7,2.0E7,1.7066829780047819,0.23215285697313165
0,89,4,8157780.0,2.0E7,2.4516473844599878,0.38945800663121855
0,90,0,1.1145442E7,1.4285714E7,1.2817539223657528,0.10780465512292724
0,90,1,6745208.0,1.4285714E7,2.11790563018961,0.3259066048739272
0,90,2,6970729.0,1.4285714E7,2.049385939404616,0.3116237522374746
0,90,3,1.094646E7,1.4285714E7,1.305053323174798,0.1156282568754188
0,90,4,8338898.0,1.4285714E7,1.7131417124900676,0.23379328964785634
0,90,5,7112607.0,1.4285714E7,2.0085060231782803,0.3028731384471617
0,90,6,8916419.0,1.4285714E7,1.6021806512233219,0.20471148266344547
0,91,0,9195318.0,1.1111111E7,1.2083443987472755,0.08219073325731789
0,91,1,1.270331E7,1.1111111E7,0.8746626666593195,-0.05815941012704285
0,91,2,1.2897042E7,1.1111111E7,0.861523983561502,-0.06473262792757979
0,91,3,1.2758766E7,1.1111111E7,0.8708609437621162,-0.06005118618416009
0,91,4,1.0584937E7,1.1111111E7,1.049709695957567,0.021069208711971946
0,91,5,9994097.0,1.1111111E7,1.1117673762822193,0.046013925946032215
0,91,6,1.3084681E7,1.1111111E7,0.8491694218605712,-0.07100565293787972
0,91,7,1.1757378E7,1.1111111E7,0.9450330677469075,-0.02455299478306304
0,91,8,7798792.0,1.1111111E7,1.4247220595189614,0.15373014870203877
0,92,0,1.1067842E7,1.1111111E7,1.003909434196838,0.0016945355155238376
0,92,1,7414205.0,1.1111111E7,1.4986247345467247,0.17569289627790124
0,92,2,8100844.0,1.1111111E7,1.3715991815173827,0.13722721728382936
0,92,3,1.2872748E7,1.1111111E7,0.8631498884309706,-0.06391378126495699
0,92,4,6579960.0,1.1111111E7,1.6886289582307492,0.22753423269983533
0,92,5,7666321.0,1.1111111E7,1.4493406941869509,0.16117048637766052
0,92,6,7944530.0,1.1111111E7,1.3985863229165225,0.1456892768636609
0,92,7,9942838.0,1.1111111E7,1.117498947483606,0.04824712276390489
0,92,8,1.2377648E7,1.1111111E7,0.8976754711395897,-0.04688064169219799
0,93,0,8240260.0,1.4285714E7,1.7336484528400802,0.23896103635226656
0,93,1,1.2332183E7,1.4285714E7,1.1584091802724628,0.06386199060538078
0,93,2,7362119.0,1.4285714E7,1.9404350839751436,0.2878991182726527
0,93,3,9128695.0,1.4285714E7,1.5649240115920184,0.19449325424828878
0,93,4,1.3044199E7,1.4285714E7,1.0951775574720992,0.03948453559535323
0,93,5,1.1679634E7,1.4285714E7,1.22313027959609,0.08747271762200484
0,93,6,8980558.0,1.4285714E7,1.5907379029231814,0.20159862924367863
0,94,0,1.302328E7,2.0E7,1.535711433678766,0.18630961769122129
0,94,1,7856043.0,2.0E7,2.5458109126948516,0.40582614377057497
0,94,2,7451220.0,2.0E7,2.6841242105319667,0.4288026093734273
0,94,3,1.477093E7,2.0E7,1.3540108848935037,0.13162215565649887
0,94,4,1.1132046E7,2.0E7,1.796614925953414,0.25445500340038657
0,95,0,1.0228372E7,3.3333333E7,3.258908944649256,0.5130722262556257
0,95,1,7647542.0,3.3333333E7,4.358698912670241,0.6393568701459067
0,95,2,1.0362779E7,3.3333333E7,3.216640343290154,0.5074025045897441
0,96,0,7094936.0,1.0E8,14.094559838171902,1.1490515177501581
0,97,0,1.0268887E7,1.0E8,9.738153706433813,0.9884766251420193
0,98,0,1.1105938E7,3.3333333E7,3.00139736058314,0.4773234962860815
0,98,1,6605299.0,3.3333333E7,5.046453309683634,0.7029862594696606
0,98,2,8966785.0,3.3333333E7,3.717423022856018,0.5702419842968866
0,99,0,8671749.0,2.0E7,2.3063398168005094,0.36292329675248036
0,99,1,1.1554267E7,2.0E7,1.7309622497039405,0.23828759651546155
0,99,2,9574653.0,2.0E7,2.0888485462606323,0.31990695223125715
0,99,3,7873111.0,2.0E7,2.5402918871587103,0.40488362122594157
0,99,4,1.1173929E7,2.0E7,1.7898807125049747,0.25282408817144275
