 Number of tacts (im units) = 10
 Number of massive (im units) = 13
 Command Line curl 10.152.183.163 > /dev/null 2>&1
cycle , cPeriod , count , procDur , procTime , lI , spb
0 , -0.7008752468896289
0 , -0.11395898662676922
0 , -0.1066278965820383
0 , -0.06252309667243507
1 , -0.18050424067858659
0 , 0.04429248324462386
1 , -0.02501405246467046
0 , -0.7445560233035299
1 , -0.7294607059187778
0 , -0.04432887255424299
1 , -0.10663723954091002
0 , -0.016633897051871314
1 , -0.06826488130498236
2 , -6.565042375276739E-4
0 , 3.407942685976641E-4
1 , 0.030612466828533042
2 , 0.018480883016871067
0 , 0.013802899441334145
1 , 6.36055521503435E-4
2 , 0.004882670229645216
0 , -0.09076835804351048
1 , 0.04999475592034596
2 , 0.027828183763304058
0 , -0.06789014211596803
1 , -6.780121732325644E-4
2 , 0.03954216111397512
0 , -0.06405027030014716
1 , 0.015041126924579836
2 , 0.04156862308470519
0 , -0.05875427598975128
1 , -0.06405962379656684
2 , 0.048677055088944314
0 , -0.0664730479412835
1 , -0.058115431924907784
2 , 0.05057627584522813
0 , -0.05942704362337135
1 , -0.05885452051932058
2 , 0.0540917788926639
0 , -0.04666578950599587
1 , -0.07515545170803711
2 , 0.039954687395271374
0 , -0.05224336200971135
1 , -0.05702686432707193
2 , -0.06346659378350156
0 , -0.047890393183219505
1 , -0.09175663495500118
3 , 0.03656310160522062
2 , -0.07066034860060756
0 , -0.059537027452256676
1 , -0.10977757010234716
3 , 0.02448827946717552
2 , -0.06821514234332846
0 , -0.06132113176070103
1 , -0.07383902591358878
3 , 0.04542870935582146
2 , -0.05397984522041368
0 , -0.062442376129430745
1 , -0.069417115982671
3 , 0.0174271727572713
2 , -0.0627184605912897
0 , -0.06128563711182686
1 , -0.14534983566593396
3 , -0.02228952323490354
0 , -0.24021183885470015
2 , -0.2263916366093543
1 , -0.32286653125060977
3 , -0.19725954603667448
2 , -0.21788890173765732
0 , -0.27578323672343447
2 , -0.15325723447777959
3 , -0.07620349040939906
1 , -0.19679325503525982
0 , -0.46437627007187243
2 , -0.35330224090060375
3 , -0.22726704619616436
1 , -0.3410752584833852
0 , -0.2085294298260753
3 , -0.022471880941174555
2 , -0.14536599523512894
1 , -0.21017340763274314
0 , -0.2117357651423845
4 , -0.0734820811999433
3 , -0.03101479488295419
2 , -0.14490403893129053
1 , -0.15090299743793117
0 , -0.1520898840828707
4 , -0.009124712519002756
3 , -0.12214877188092409
1 , -0.16080744536145505
0 , -0.1624645339147107
4 , -0.009349661940562557
3 , -0.10018989390340231
2 , -0.41512699156310096
1 , -0.13565866176598879
0 , -0.10890368386808023
4 , -0.04590247294250076
3 , -0.13914271852998217
1 , -0.1704445587793792
2 , -0.22467753950249034
0 , -0.21927344456046527
4 , -0.010214191976400153
3 , -0.08564330532717095
1 , -0.13944733028900136
2 , -0.19119929416463846
0 , -0.14161963483436701
4 , -0.033540476548795335
3 , -0.12620232444014445
1 , -0.1445739236525308
2 , -0.19801222854750763
0 , -0.19916743802177558
4 , 0.0030812800245530163
3 , -0.09991968351960855
1 , -0.11800842210274382
2 , -0.1646366872629291
0 , -0.12352351910305566
4 , -0.001183358829736903
3 , -0.11573065235204089
1 , -0.12504281583944726
2 , -0.14849608170487064
0 , -0.13341248063880237
4 , 0.010727184500034213
1 , -0.13295551697404195
3 , -0.10920752248191645
2 , -0.1318420815637105
0 , -0.11190965639978101
3 , -0.13814700449727663
1 , -0.17809418851218337
4 , -0.032892183596686414
5 , -0.0016854792195537024
0 , -0.13934376807239368
2 , -0.11332277870242898
1 , -0.10990935724359586
5 , 0.02655374972168498
0 , -0.15348325447811906
2 , -0.12405951266991248
4 , -0.3541977185022732
3 , -0.35888078104077437
1 , -0.12364318399208211
5 , 0.028087884328603308
0 , -0.13788506537211376
4 , -0.0814656742152781
2 , -0.20685522692757582
1 , -0.13093551103177695
3 , -0.17404391172232528
5 , -0.003929213759729462
0 , -0.17683292161389574
4 , -0.1016835515833426
2 , -0.19651487767301562
1 , -0.16975736164448635
3 , -0.09419553562923268
5 , 0.005319942891008797
0 , -0.16479501492690302
4 , -0.11010407135063055
1 , -0.17678501131005273
3 , -0.11550763573509208
2 , -0.19804853074195483
5 , -6.917760111753768E-5
0 , -0.1742525211324059
4 , -0.10322786980415
1 , -0.1769288564057942
3 , -0.15547915145441277
2 , -0.20154762410997554
5 , -0.005617548113624152
0 , -0.16776380722755968
4 , -0.13192308721274323
1 , -0.17926992563738411
3 , -0.12676565920386004
2 , -0.2621624268682523
5 , -0.029156992410227255
0 , -0.2050636449974129
4 , -0.10879997491356753
1 , -0.19249809609195953
3 , -0.16504879594184121
5 , -0.009006642918431387
0 , -0.18619336406797535
2 , -0.1681270230637699
4 , -0.09936640727487021
3 , -0.20541970656069433
1 , -0.24353172837624917
0 , -0.15152403013518254
5 , 0.021021817471856982
2 , -0.21510334429802389
4 , -0.17570508209805996
3 , -0.14483927606578348
1 , -0.17959315092373326
5 , -0.07264566302775205
0 , -0.13895442059289312
6 , 0.0011898581717264183
2 , -0.13724058080703033
4 , -0.06340170865156805
3 , -0.10740491922651943
1 , -0.21395713196521962
0 , -0.1324097404210943
6 , 0.06073550834752335
5 , -0.1376283657828392
2 , -0.1273209629502296
4 , -0.05135685964385019
1 , -0.13802005814473592
0 , -0.1220393655976768
3 , -0.29032551327136424
2 , -0.1530017419974329
4 , -0.07119802417870294
5 , -0.22899378469264514
6 , -0.15320734164864766
1 , -0.12516796732433724
0 , -0.156015220470478
2 , -0.1208168648530125
4 , -0.06145871964350768
3 , -0.23189308965661953
6 , 0.05379560903268819
5 , -0.13898638798718774
1 , -0.11253723142264627
0 , -0.11967919650467984
2 , -0.11545992364483137
4 , -0.1534137654795088
6 , 0.013822312090836881
3 , -0.16650457677933558
1 , -0.13315118688256278
5 , -0.1376951877552618
0 , -0.0949745013235148
2 , -0.11710997368346954
4 , -0.1719815536945087
6 , -0.008858755448932954
3 , -0.1475884636373509
1 , -0.20336468794829088
0 , -0.1357144475238217
5 , -0.13690665047853764
2 , -0.16154229757050645
4 , -0.130300621552869
3 , -0.13392368475266814
6 , -0.014034226371735225
1 , -0.1706057569111664
0 , -0.1382107846198872
5 , -0.11564492023151361
2 , -0.1866075890697479
4 , -0.2008604560542184
3 , -0.16021827567208452
6 , -0.006636004256039335
0 , -0.15450526365145734
1 , -0.20690937151290376
5 , -0.1292569900810985
2 , -0.1805392482133058
4 , -0.15751948961340814
3 , -0.21448365609040143
6 , -0.06965655503094019
1 , -0.15482243077738933
0 , -0.17361974309563935
5 , -0.14129136801205158
2 , -0.15498450935767266
4 , -0.13386820455412846
3 , -0.20013101153257484
6 , -0.051368689386745416
1 , -0.209123558247012
5 , -0.13560486336627792
0 , -0.2039016817896055
2 , -0.18992015768050008
7 , 0.021685196773052386
4 , -0.1697084268681748
6 , -0.10326810889350138
3 , -0.17726859769426523
1 , -0.13015916857106002
0 , -0.13012478943850395
5 , -0.10921915731713128
2 , -0.1671643288815916
7 , 0.04724207917139619
4 , -0.08768439483710373
6 , -0.1289560336610688
5 , -0.10207529020997773
3 , -0.185115215512096
1 , -0.15036371177928148
0 , -0.14387473494033676
2 , -0.1868723638714531
7 , 0.05743144851935566
4 , -0.08415049796696522
5 , -0.06605553661542281
0 , -0.10816459341072765
2 , -0.1584970555005649
3 , -0.19019120358394662
6 , -0.13291561348074504
1 , -0.18147820130110007
7 , 0.0025209119270832164
4 , -0.09957820911910455
5 , -0.12678400425340539
0 , -0.143581970719232
6 , -0.08134528344677935
2 , -0.15658417313827888
1 , -0.0964429909574953
3 , -0.18044114097324995
7 , 0.005613374570520986
4 , -0.1216564439302714
5 , -0.14439619067896609
0 , -0.12551988096193845
2 , -0.10805646816460872
6 , -0.10992228835021282
3 , -0.1459891446947813
1 , -0.14816025365380492
7 , 0.002445610217990948
4 , -0.14230370882103904
2 , -0.12338043603056892
5 , -0.14733652300594025
0 , -0.16092595577999008
6 , -0.10936489563679566
7 , 0.017177653272212857
1 , -0.1713826926370463
4 , -0.12727875576511347
3 , -0.22694994943654356
0 , -0.11084200781842166
5 , -0.1572528432518502
2 , -0.16463964209320123
6 , -0.089111188114644
7 , 0.039973400287029365
1 , -0.16147991868227798
4 , -0.14720870002186923
3 , -0.17757894632184323
5 , -0.11162480540456159
2 , -0.12880207963713128
0 , -0.1665204475719767
6 , -0.11084745866653657
7 , 0.023145120515243315
1 , -0.13058964600695344
4 , -0.1724911469259131
3 , -0.1737063085190598
5 , -0.13757041574302128
0 , -0.07377919739766332
2 , -0.1483893811749329
6 , -0.10246890541747498
7 , 0.010448206299234342
1 , -0.10042686367059524
3 , -0.13307763622474011
4 , -0.1673635084373495
5 , -0.13137124074299508
7 , -0.07405588282602736
6 , -0.09550659998964493
0 , -0.13926511221438245
2 , -0.14881127830639776
1 , -0.12592672633987825
3 , -0.16389779686618078
4 , -0.14142153189278253
8 , 0.05599037414980362
7 , -0.09936285922136255
0 , -0.09573360319985563
5 , -0.1722445458078873
6 , -0.1328570330754331
2 , -0.16444945153045942
4 , -0.1598647197098993
1 , -0.17443477672042937
3 , -0.1840782178925354
8 , 0.04414688375132427
7 , -0.08776242416200261
2 , -0.11928588172862804
5 , -0.16716539651036794
0 , -0.1409246101837796
6 , -0.12555785423541385
4 , -0.16246953100307313
1 , -0.12712787590159944
3 , -0.1741530704736911
8 , 0.034944798081438425
7 , -0.11436653544738014
6 , -0.0791665007744983
2 , -0.13407249034698268
5 , -0.12672388045664454
0 , -0.11259415966546203
3 , -0.14263779680721586
1 , -0.11928647640873526
4 , -0.18583824200175567
8 , 0.022595009414883887
7 , -0.09941854684486214
5 , -0.12905840695288118
6 , -0.15056859627850297
0 , -0.11034306067024777
2 , -0.16766451613446196
4 , -0.1595975219327951
3 , -0.1673020446527842
8 , -0.05563497097565025
1 , -0.23738915293494772
7 , -0.436198627678536
6 , -0.48051177999254535
0 , -0.4428500063116499
1 , -0.3930797113921598
8 , -0.3096052586457222
2 , -0.508042058390519
5 , -0.5390939483311857
4 , -0.5546954170898005
3 , -0.5750283135738863
0 , -0.4458113794420211
7 , -0.5183992956039062
6 , -0.5173290760179803
8 , -0.3486924001591487
2 , -0.49769344536996996
1 , -0.4971957479423934
5 , -0.5326746459289259
3 , -0.5090617322446419
4 , -0.5731632449697047
7 , -0.4410351064966758
0 , -0.4795213333153081
2 , -0.4639837661793908
6 , -0.48776880489877694
8 , -0.3318839463017259
4 , -0.44798601975688324
1 , -0.4391103914616409
3 , -0.44369453455468316
5 , -0.46646359175305896
9 , -0.17186406079527364
2 , -0.1983698000449025
7 , -0.20588725968838356
6 , -0.2120462498788216
0 , -0.2013282635411033
3 , -0.13668714339048824
1 , -0.12851966243365506
5 , -0.16215702568756263
8 , -0.08268127073397535
4 , -0.3185799441313744
9 , -0.18782755145759367
0 , -0.15271451694935737
5 , -0.1980600187101421
7 , -0.1613208024884961
3 , -0.181757992180662
6 , -0.28884279660220935
1 , -0.282596267967074
2 , -0.4612098877173919
5 , -0.21676756129789437
3 , -0.18743860061879727
8 , -0.33563739872239434
0 , -0.16479543254997162
4 , -0.4641936660723985
6 , -0.1372618005096819
7 , -0.23574385274790513
1 , -0.11420211039743436
9 , -0.30201721842066614
5 , -0.16095066787959691
2 , -0.12601169839292334
6 , -0.1191506843121378
3 , -0.20542675352496956
4 , -0.2761294851791964
9 , -0.00844286054745634
0 , -0.34576486243580135
8 , -0.3745326410876725
5 , -0.17943484368782725
2 , -0.11403579942722479
7 , -0.36042734774097185
6 , -0.12029174764445685
1 , -0.3679175403790206
3 , -0.20595351228312003
4 , -0.2324691950502497
9 , -0.0812614847517353
8 , -0.15177478970151828
0 , -0.10927693316614674
6 , -0.15374218586164395
5 , -0.2117272915722811
2 , -0.14860982206242165
7 , -0.215348014226764
1 , -0.1821489258627665
4 , -0.18849464851661754
3 , -0.22386601435374562
9 , -0.03412168467761228
8 , -0.09726177502007458
0 , 0.025113492838322093
5 , -0.13679039324941186
2 , -0.1602131167297009
6 , -0.20397018819920368
1 , -0.1295620533302007
7 , -0.16742106538630036
3 , -0.11114365998391137
4 , -0.14302192006335443
9 , -0.001977307908114237
8 , -0.07906471932978197
5 , -0.1345663110764538
0 , 0.008806852168006061
6 , -0.11992724160997563
2 , -0.10437580036474454
1 , -0.07809030731102265
7 , -0.1284718347119911
3 , -0.11945978369813633
4 , -0.11483872765851832
9 , 0.023319587639308165
8 , -0.08912277618868189
5 , -0.1531719505293446
0 , 0.037816498767574556
6 , -0.11345029727935133
1 , -0.07941593618400458
2 , -0.11992138048811844
7 , -0.12765948751107278
3 , -0.0972850554065052
4 , -0.14141197643892334
9 , -0.021785444897595346
8 , -0.1307835101896755
5 , -0.1628699316812017
0 , -0.014505838018918887
6 , -0.1448609676652443
1 , 0.03554415641071265
2 , -0.10804250607020781
7 , -0.1380514445706179
3 , -0.1607379948992662
4 , -0.14119007474189096
8 , -0.10659824750736939
9 , 0.006031038478474448
5 , -0.21988958188814578
0 , -0.023186178356588302
6 , -0.23434623284810205
1 , -0.0588427699205582
7 , -0.1772869296860973
2 , -0.16064851151925352
3 , -0.16737458381058806
4 , -0.1635996745758983
5 , -0.17390080858816964
8 , -0.19357516515728673
0 , -0.025005032653419756
9 , -0.20691727729030726
6 , -0.14927371667693373
2 , -0.07775231927340581
1 , -0.005068019098045047
7 , -0.12990488786828036
3 , -0.14285558427021872
4 , -0.12915393184526652
5 , -0.16986478488292142
0 , 0.010505820705791548
8 , -0.12572069933789412
9 , -0.13415140071918713
7 , -0.131633106511333
2 , -0.12703647930594789
6 , -0.22570264881418378
4 , -0.23299783593470713
1 , -0.15518792690507371
3 , -0.2389567659517039
0 , 0.004720677830285249
8 , -0.11084185989155763
7 , -0.15861723025414534
2 , -0.1275878639536137
5 , -0.32259753699800797
9 , -0.20616648750475786
6 , -0.2256194635114635
4 , -0.12397163549937808
3 , -0.10700782134629003
1 , -0.031876966702344155
0 , 0.022108469504016806
8 , -0.11137167401180924
6 , -0.14102514520490386
9 , -0.14420756919547123
7 , -0.19911331592254358
2 , -0.18802866631593845
5 , -0.24095254903298025
4 , -0.19825041114717623
1 , 0.005264858597620749
3 , -0.16892853891764648
0 , 0.11177407894370703
8 , -0.08528558560936512
6 , -0.15754914599168796
9 , -0.08361849832776448
7 , -0.1415688157671282
2 , 0.03661138774103066
5 , -0.13655352737577522
4 , -0.119274239588138
1 , 0.013573107059376794
3 , -0.08422502555420956
0 , 0.10972486604350999
8 , -0.09230822744764572
6 , -0.13034182217102844
9 , -0.07016293493697139
2 , 0.006928641916390465
5 , -0.13486037230460382
7 , -0.16332989063443526
1 , 0.04212039466215853
4 , -0.135277222655094
3 , -0.08587394643342793
8 , -0.12417839045231449
0 , 0.10855126119351226
6 , -0.15867357801418888
9 , -0.12278469994773239
2 , 0.01833330924966937
7 , -0.10701626694343694
1 , 0.043114902691859906
5 , -0.18699048773027338
3 , -0.05833657979174948
4 , -0.12719638167500505
8 , -0.18273207086517215
0 , 0.05950949382627318
6 , -0.14575872524908903
9 , -0.10662002287454164
2 , 0.02507741871134345
7 , -0.12399444048817587
3 , -0.08403756864661284
1 , 0.00504472307492521
5 , -0.142399211903262
4 , -0.11355535606595195
8 , -0.12911224673379126
0 , 0.10287583794272041
6 , -0.12714930608733163
9 , -0.09716098789822929
7 , -0.10976946146944229
2 , 0.026390623776655055
1 , 0.1395300358779094
4 , -0.09914537144416094
3 , -0.08730634718791139
5 , -0.12327676630239114
8 , -0.10669166441952233
0 , 0.13461101316479512
6 , -0.15845499421548967
2 , 0.036417236378991115
7 , -0.15375474239209308
9 , -0.1013660792891818
3 , -0.09297029977674716
4 , -0.10082355142629086
1 , 0.09905799481018591
5 , -0.1266587975101221
0 , 0.12584477391426568
8 , -0.1316271792217718
6 , -0.1428176479727282
2 , 0.033407867548244125
7 , -0.15987621567208327
9 , -0.10307515880937759
1 , 0.13254811638040873
4 , -0.09066169950000354
3 , -0.10376740431105493
5 , -0.14335046693972747
0 , 0.1256024285250656
6 , -0.12624319324551872
8 , -0.14766602101530185
2 , 0.04532134019666839
7 , -0.13113988604027912
9 , -0.07017052452250744
4 , -0.11121721164837545
3 , -0.11514190890420856
1 , 0.08283685150857983
5 , -0.14523056013339672
0 , 0.24015110131295714
6 , -0.14118076882144764
8 , -0.09780154988533457
2 , 0.05708227167867683
7 , -0.16584043988780237
9 , -0.10858194382894154
4 , -0.09183624711583847
1 , 0.1080189077668028
3 , -0.11264917824631233
5 , -0.1256839759085562
6 , -0.16708966841464962
8 , -0.17355129245240478
0 , 0.1863119746714972
2 , -0.023046172226583603
9 , -0.1281680445229709
7 , -0.18366835811115825
4 , -0.10513308231993902
5 , -0.13146401228692692
3 , -0.11864699106800795
1 , 0.060721822757062595
6 , -0.1472044111705128
0 , 0.21403112291658077
8 , -0.16500684171684962
2 , 0.0751143246799531
9 , -0.13802339254706214
7 , -0.17643473702213827
4 , -0.13242136113406983
3 , 0.020224067270314457
5 , -0.1681844457825276
1 , 0.08144241001566037
6 , -0.12109589812303401
0 , 0.20323289597464186
8 , -0.19964916566464438
9 , -0.12675539653615922
2 , 0.10129806914150725
7 , -0.16097944786238164
4 , -0.08515506559659072
3 , 0.02963675666315748
5 , -0.09555533041843867
1 , 0.14967882936931384
6 , -0.13958407118439264
0 , 0.22514460346214385
2 , 0.10343229503958919
8 , -0.14433553469914323
9 , -0.14862417410782047
7 , -0.2130605545108102
3 , 0.01865344071832112
1 , 0.2618246085980426
5 , -0.1604126812003406
4 , -0.14003003862616678
6 , -0.12631228126021699
0 , 0.19994294229470197
8 , -0.12232064909503797
2 , 0.0436206612396606
9 , -0.1942942282053346
7 , -0.2025006344481011
1 , 0.2582364992161773
3 , 0.0018436225021997597
5 , -0.1073641797828695
4 , -0.08032751017799547
6 , -0.10928965875435397
0 , 0.3177487105324772
8 , -0.15222587133739673
2 , 0.1280637166804881
9 , -0.11665827133238087
7 , -0.13591472257585252
1 , 0.23388972998888496
4 , -0.10706346391187144
3 , -0.006582751230779645
5 , -0.12177294386789671
6 , -0.1191925510319044
8 , -0.0975024814796745
0 , 0.3197440087424638
2 , 0.14352801731901957
7 , -0.14864180765372947
9 , -0.14802259802104686
1 , 0.23309233665287618
4 , -0.10597026754306757
5 , -0.10518670557569348
3 , 1.1545081738335947E-4
6 , -0.1189084158069586
0 , 0.3402206670206141
8 , -0.18415773058779486
2 , 0.1258588398533949
9 , -0.11110600022699677
7 , -0.17266487470333303
1 , 0.22759490230252546
4 , -0.08526415202476985
3 , 0.031773407534989376
5 , -0.12066193562673967
6 , -0.1189644070471459
0 , 0.30855415412672704
8 , -0.13935922317422111
2 , 0.12640084140672136
9 , -0.1150080273839523
7 , -0.17761854657490497
1 , 0.25647170198464414
4 , -0.0989627762924609
3 , 0.020336875636229615
5 , -0.08220516703941509
6 , -0.12250026491230029
0 , 0.3100451090012338
8 , -0.20479839328238028
2 , 0.17514677123624
9 , -0.15524565490025283
7 , -0.1580342024367253
1 , 0.33323494435686263
3 , -0.0017543888867700772
4 , -0.02765595257064941
6 , -0.12351240176866216
5 , -0.16111689858768738
0 , 0.23152102360358115
8 , -0.1523878512671633
2 , 0.27333903912077173
9 , -0.11474168188202151
7 , -0.16465877573261087
1 , 0.3160168144123909
3 , 0.02111901202457102
4 , 0.020927834797834704
6 , -0.149743912371235
5 , -0.08838516768405988
8 , -0.14864213149461936
2 , 0.23990107863060245
0 , 0.19571885841567632
9 , -0.14205477641153938
1 , 0.30385298817466416
7 , -0.166346666025222
4 , 0.04104924628170649
3 , 0.11202213743428897
6 , -0.09714375514023499
5 , -0.10621640491694359
0 , 0.228611308616944
9 , -0.12931896199261264
8 , -0.21637100573592624
2 , 0.18493185304040727
1 , 0.3010796383603969
7 , -0.13354532285247267
4 , 0.006123877889195488
6 , -0.12271757594336459
5 , -0.06421767716317894
3 , 0.032876491927449576
0 , 0.22662591831601137
8 , -0.16368491083743328
9 , -0.14379610451078925
2 , 0.2184464977415413
1 , 0.30047597228806977
7 , -0.1389107544118986
6 , -0.1363047411567118
5 , -0.09394517131900233
4 , -0.017917730803405446
3 , 0.09372936356145638
0 , 0.23165257862592595
8 , -0.177831244174303
2 , 0.2429764527227999
9 , -0.17898869638302
7 , -0.10452921584297957
1 , 0.240987805509157
6 , -0.06998545453811851
4 , 0.02115234218202136
5 , -0.11677054659577218
3 , 0.14096820501045113
0 , 0.25444211193027744
8 , -0.12334627001862022
2 , 0.31213305380051787
9 , -0.16524515621185942
1 , 0.254010512197088
7 , -0.14647074118349662
6 , -0.09448100300669737
4 , 0.039054754583361245
5 , -0.08948438021881874
3 , 0.09245278220364046
8 , -0.1667278888434267
0 , 0.15367740540221642
2 , 0.30659770641789186
1 , 0.2514283018720116
9 , -0.17977116684949265
7 , -0.12059073228705561
6 , -0.09692795508126972
4 , 0.0063958159952570495
5 , -0.07965127032639416
3 , 0.13102823047889503
0 , 0.1688155099840836
8 , -0.16790301479697659
9 , -0.17674680935302473
2 , 0.2617228966602931
1 , 0.18598323712348766
7 , -0.173953036073495
4 , 0.009627841697800465
6 , -0.13776545281901686
3 , 0.15028941781688887
5 , -0.13182077976166087
0 , 0.05464209644436647
8 , -0.2848555351017653
2 , 0.21112431928903927
4 , -0.08796222975455821
9 , -0.31549350469833704
6 , -0.22613655625227255
7 , -0.27609862302116583
1 , 0.08600378603235889
3 , -0.01739572373671169
5 , -0.11155600022976506
6 , -0.42028144410593105
0 , -0.22158883172274382
7 , -0.45608808641720033
9 , -0.5182292494369873
2 , -0.07263191604557852
8 , -0.5826143662698521
3 , -0.11949057346559597
5 , -0.3389655150346263
4 , -0.2949497389146672
1 , -0.16482054678935273
9 , -0.4715823117869488
7 , -0.4687347637248776
3 , -0.07245968628474239
5 , -0.2971839280461847
6 , -0.47013572173687734
0 , -0.22668911165439926
8 , -0.5491225728409921
2 , -0.15669291637328514
4 , -0.2825754412711071
1 , -0.21985513548591287
9 , -0.4790858956141794
5 , -0.28643778614918675
0 , -0.14078216151707956
7 , -0.5070574423270565
6 , -0.4689453268261435
3 , -0.16996473814121288
2 , -0.1709566580174607
1 , -0.20607889816909417
4 , -0.2857966135820958
8 , -0.5923034774896206
9 , -0.47026137995058787
5 , -0.3181368038578068
0 , -0.12467253566319843
7 , -0.42263320688548994
3 , -0.1364155583291166
6 , -0.4979851954664463
2 , -0.13499749145254009
1 , -0.22344230460676584
4 , -0.27193722440322865
8 , -0.5222896319227871
0 , -0.2953585005638003
7 , -0.442716348923374
9 , -0.5432051067578396
5 , -0.3984407046786303
3 , -0.054329539054934615
6 , -0.4358744257537836
4 , -0.22573435133886532
8 , -0.4885781243557003
9 , -0.3250241792931043
1 , -0.21893029557676175
2 , -0.18851600382555184
7 , -0.41631369381029376
0 , -0.27877426373557296
6 , -0.30924014565634994
5 , -0.3464586399191244
3 , -0.10827713427679936
9 , -0.2616295042733722
1 , 0.06904797660975
4 , -0.12066464979561196
0 , -0.07476789053491872
7 , -0.19958968131093158
2 , -0.12023475060342186
8 , -0.5496974763405466
9 , -0.27524971686303
3 , 0.15988750413996425
7 , -0.19422717713365148
0 , -0.08437581281439428
6 , -0.5109494277296389
8 , -0.14803444573053698
4 , -0.22237751639789066
5 , -0.39483701622803313
1 , -0.2359592311790818
0 , 0.0036030895634547016
7 , -0.1118290147704088
2 , 0.02763747546673894
9 , -0.5442959519400811
3 , -0.06210021425318228
8 , -0.3725045590903028
5 , -0.20745657451209504
6 , -0.42581191224019244
1 , -0.07097464465627826
7 , -0.3379264656993898
4 , -0.1823071897775179
0 , -0.23322302711120121
2 , -0.08570048232028166
9 , -0.39292471300568294
3 , 0.07650594534458867
6 , -0.21332670509435722
7 , -0.3511865882874375
8 , -0.4610487943859157
5 , -0.31292981993293456
2 , -0.10446896597294604
4 , -0.5615655544887042
0 , -0.793945376421146
7 , -0.7760890408273201
6 , -0.6786648763644917
3 , -0.41870637203152766
1 , -0.8050846604119433
5 , -0.5576278444254805
8 , -0.8052369327127391
9 , -0.8769461680267019
2 , -0.4945874634253966
1 , -0.011083905123795309
6 , -0.02676215868806384
7 , -0.14861960575538763
9 , -0.1407292216129179
8 , -0.1759591584312266
4 , 0.05078085811880466
0 , -0.13325249892614335
3 , 0.18214632025065236
2 , 0.06748508222795835
5 , -0.08746151167322731
7 , -0.13589179383320713
8 , -0.1728250270636105
1 , -0.0567292694469513
9 , -0.2121556020088751
0 , -0.01629599995642492
6 , -0.11108092581781936
4 , 0.1752741691241658
3 , 0.19041316078337278
5 , 0.0811921542516385
2 , 0.039496654806131876
7 , -0.1284706083226108
1 , 0.009634546600081905
8 , -0.1436850546201767
9 , -0.1371815645138006
0 , 0.03547888160267654
6 , -0.012117977494867642
4 , 0.17066150622917903
3 , 0.17343202371573574
5 , 0.0928408612480308
2 , 0.07224742741862154
7 , -0.13843517529498026
8 , -0.17024465127705773
1 , -0.024682533340293883
9 , -0.16764934837308415
6 , 0.0015089252745456767
4 , 0.22664879592639206
3 , 0.22568318884038951
5 , 0.13738786994117128
2 , 0.1499398854860539
8 , -0.14156943019550983
1 , 0.0037008426472223484
7 , -0.11894504245547358
9 , -0.1286024887191725
6 , 0.030742363700697637
4 , 0.2630689976377999
5 , 0.1017749836488619
3 , 0.21938732105173445
2 , -0.014278669355794613
9 , -0.12369774499372008
8 , -0.1333250893529842
1 , 0.004396303861651068
7 , -0.11832943153963632
6 , 0.003024117342538315
4 , 0.30428932857722
3 , 0.2543857980878756
5 , 0.09657200289471464
2 , 0.0020004438697764342
8 , -0.129327855133514
7 , -0.07770516028822161
9 , -0.13993355471810073
1 , 0.018593964705183697
6 , -0.0033748711392855165
4 , 0.3035195885310311
3 , 0.24197648736449345
5 , 0.11296815402416824
2 , -0.015228524992775789
1 , 0.015080963232267357
9 , -0.1446341541374146
8 , -0.12208317996054956
7 , -0.010325360427536545
6 , 0.04300551466109545
4 , 0.3288077116986847
3 , 0.15983333206260936
5 , 0.24223631065576864
2 , -0.04809636713311267
1 , -7.475587710371301E-4
7 , 0.009894074768532614
9 , -0.1531984690783209
6 , 0.06281105262551664
4 , 0.29128246162921745
3 , 0.16511461865747248
5 , 0.23906980724082913
8 , -0.25241727838940936
2 , -0.01236185490477114
7 , 0.023085530028503158
9 , -0.11369801554395127
6 , 0.12408973955418866
5 , 0.26555781341041507
4 , 0.2459718450851072
3 , 0.07364972334167456
8 , -0.12991529676790903
9 , -0.1904391912452439
7 , -0.046165201529684285
2 , -0.08096113263298149
6 , 0.07380906830297838
5 , 0.198252801259992
4 , 0.216095903345679
8 , -0.0885601679177262
3 , 0.1545551319568087
9 , -0.11873725331396448
7 , 0.01968295827034846
5 , 0.26848573877664217
2 , 0.00500390764828561
6 , 0.06803681105503437
8 , -0.07655514442613613
4 , 0.18647495560875316
3 , 0.12642561940294933
7 , 0.042687625742208225
9 , -0.13154338024520024
2 , 0.02976268767473222
5 , 0.22215049800709297
6 , 0.11393868279767057
8 , -0.10389529420103583
4 , 0.2280948114110078
3 , 0.15397251405987544
9 , -0.0633014835408015
7 , 0.03136334774143578
5 , 0.349695780239102
2 , 0.004924528454934161
6 , 0.11731639027176735
8 , -0.08252369505543403
4 , 0.17694463876034677
3 , 0.11267547149795674
7 , 0.0019661084532915716
9 , -0.1141017497160068
5 , 0.33356298921825733
2 , -0.0545339245618808
6 , 0.05668766877066735
8 , -0.1482743165603356
4 , 0.2554635341964253
3 , -0.02095136461199214
7 , 0.005117840167594824
9 , -0.14690808026223923
5 , 0.27709246767110535
6 , 0.05461981904144449
8 , -0.1652304663785855
3 , -0.0109932139093666
4 , 0.13110091898771423
7 , 2.4401174760181534E-4
9 , -0.08924525977775132
5 , 0.3213292349173185
6 , 0.21668547170219885
8 , -0.09445556708703695
3 , 0.045338598468581674
4 , 0.17796806236740664
7 , 0.055171017409505946
5 , 0.25386459207327605
9 , -0.24073528780781223
6 , 0.24870152063078832
8 , -0.07437872943252481
3 , -0.029691611760311633
4 , 0.10652848264173716
6 , 0.19258279829197258
8 , -0.21778151258124415
5 , 0.027960892096959525
7 , -0.14280391314945054
4 , 0.14079969584976942
3 , -0.0852665611168231
9 , -0.3212782535076913
6 , 0.2424512942700026
8 , -0.0796311548529334
5 , 0.18960802849824646
4 , 0.19266207078013692
7 , 0.10206406475517311
3 , 0.05279887910628497
9 , -0.11633190187044445
6 , 0.24991674100512035
8 , 0.03024573074002764
5 , 0.2542659389844679
7 , 0.1378113071422662
4 , 0.17317333709547156
3 , 0.015260631710466903
9 , -0.057876481488574175
6 , 0.24173764170378342
8 , 0.04141232439874331
7 , 0.12967738914537677
4 , 0.20178509479134274
3 , 0.05148370594681921
5 , 0.2303901053827518
9 , -0.08325705543572512
6 , 0.30533646037297285
8 , 0.007864984880447581
7 , 0.13208225790745395
5 , 0.2627819034201763
4 , 0.15004470507050452
3 , -0.002083516354140356
9 , -0.1218499266271303
6 , 0.2857671708433856
8 , -0.0015411357820285594
5 , 0.23926722522873722
7 , 0.09549889661236137
4 , 0.015632617477838978
3 , 0.02073842717069877
9 , -0.07643906612002466
7 , 0.0716361474118136
5 , 0.1245380184991199
6 , 0.06785751118027523
8 , -0.22041245841692533
9 , -0.2833229751857878
4 , -0.2693364120008506
7 , -0.15404317831129638
5 , -0.22194327307952919
6 , -0.038087138830788715
8 , -0.3430051724346876
9 , -0.48144726420608014
4 , -0.3292604293446312
7 , -0.13097334896419147
5 , -0.20124751873767036
6 , -0.026810340160606693
8 , -0.3224835755616609
9 , -0.36713290108657914
4 , -0.3632720067262028
6 , -0.13060888700354475
7 , -0.1498501724814692
5 , -0.21920185978655435
8 , -0.3589391717981011
9 , -0.33550804727242056
4 , -0.31925433983076124
6 , -0.0440208857992957
8 , -0.26515884628066655
7 , -0.10377772775491326
5 , -0.22216823373355823
9 , -0.3110718648432516
4 , -0.31088953938027486
6 , 0.15081685981308995
8 , -0.06115647742235374
7 , 0.07632000197299875
5 , -0.021689124605539827
9 , -0.16980649474248832
4 , -0.17219333968974376
8 , -0.18025278305481895
6 , -0.06642075396709038
7 , -0.08546649028094624
4 , -0.2920844468135242
5 , -0.14447414580917745
9 , -0.2993707130742166
8 , -0.056112677124990684
6 , 0.05249723007094358
7 , 0.06417043297096957
8 , -0.002054211123662166
6 , 0.13886696884463173
9 , -0.3083975782932031
4 , -0.32673633337492525
5 , -0.3258281567348868
7 , 0.16755205246718818
8 , 0.03943265143823309
6 , 0.09944816016863378
9 , -0.13935910097398463
5 , -0.11416789131291422
4 , -0.12793299208533174
8 , 0.023987057865343955
6 , 0.08503728259769643
7 , 0.10930904237381052
6 , 0.04968282431113856
8 , -0.11459193089501982
7 , 0.1504911258402124
5 , -0.3726572034845904
9 , -0.3776166315380921
6 , 0.03207704579731188
8 , 0.06152802982841994
7 , 0.2381205903684076
9 , -0.05371730863813919
5 , -0.06354009697129237
8 , -0.17916422300846277
6 , -0.140013460118187
7 , -0.09614694773139197
9 , -0.316992042597436
5 , -0.31812684588661677
7 , 0.10466470207901102
9 , 0.00446817101546895
5 , -0.09654515665659819
8 , -0.029274623244922294
6 , -0.12390394470298909
7 , 0.15279344489610178
9 , 0.026942969896308153
5 , -0.0647143719145676
8 , -0.05175513077539141
6 , -0.12021725743267135
9 , 0.053591756206115226
5 , -0.05474764966845744
7 , 0.1615234875181195
8 , 0.22082825434295167
6 , -0.011504089157308384
9 , -0.20740947763803716
7 , -0.07243893352335984
5 , -0.29861650699924874
8 , -0.043326905828736856
6 , -0.2642284822382953
9 , 0.08057214319693569
7 , 0.20450694462854957
5 , -0.019494979698964136
8 , 0.14117048656485073
6 , -0.09259065260996494
9 , 0.031994234222100244
7 , 0.07369291231305965
8 , 0.14317170514842043
6 , -0.10953444032225876
9 , -0.09226250659593306
7 , -0.022888442887976108
8 , 0.25234399926636353
6 , -0.09528633356204254
9 , 0.02962236155864238
7 , 0.09048237636993993
8 , 0.2826557979992582
9 , 0.21375591681859082
7 , 0.12767212745036735
8 , 0.2350684713245043
6 , -0.28180776700438703
6 , -0.04160780504668599
8 , 0.22339643430350015
9 , -0.061660252144159995
7 , -0.1328548245863365
6 , -0.013520216288558595
8 , 0.2912269202384638
7 , 0.13437315777534548
9 , 0.08981765194451735
6 , -0.04391479703999102
8 , 0.17942715978836013
7 , 0.07211370962442007
9 , 0.19981206257926606
8 , 0.18810070399891324
6 , -0.03967953278462988
7 , -0.05253996897238499
9 , 0.19415512824143408
8 , 0.17018539397474575
7 , -0.03543185961784995
9 , 0.1952135042423159
8 , 0.16785661866099605
7 , -0.034537578115169325
9 , 0.2665782602603155
8 , 0.17948734865798827
9 , 0.27662733622251084
7 , -0.028256030837191935
8 , 0.18293475604664255
9 , 0.28604294598985236
7 , -0.018339767996483652
8 , 0.1097845480897985
7 , -0.0802925939155779
9 , 0.21486037066126254
8 , 0.11687081060555433
7 , -0.028109834091717814
9 , 0.27062917187326335
8 , 0.10309203806608108
9 , 0.1289088908254437
7 , -0.09462071261031872
8 , -0.1592716126782976
7 , -0.29840641826275094
9 , -0.07921077272688241
8 , 0.11895405079151465
7 , -0.003170604107413234
9 , 0.2187826479399342
8 , -0.20244072784099043
9 , -0.13274722657922033
8 , -0.2082828563403381
9 , -0.10937509673030575
8 , -0.08658649459333677
9 , -0.09249803434407648
8 , -0.25589107877265915
8 , -0.04639237304568757
9 , -0.14375529926864844
8 , -0.03533534392803331
9 , -0.13359854223392229
8 , -0.01876730166399286
8 , -0.049870370153305206
9 , -0.14638481020254845
8 , -0.0340900068443424
9 , -0.1699363538092999
8 , -0.28324578475963585
8 , -0.2993161060347668
9 , -0.15670166024802168
8 , -0.053027939401026264
9 , -0.15123761344746145
9 , -0.16494126193060624
9 , -0.3191885986615863
9 , -0.31994407392196483
9 , -0.13897755674989187
9 , -0.07771669082389568
9 , -0.07931498815282396
9 , -0.07980852929631065
9 , -0.08138162507521789
9 , -0.07928749043416382
9 , -0.11097639685069564
9 , -0.09196867863635322
