 Number of tacts (im units) = 10
 Number of massive (im units) = 13
 Command Line curl 10.152.183.163 > /dev/null 2>&1
cycle , cPeriod , count , procDur , procTime , lI , spb
0 , -0.17736803025535036
0 , -0.08160269580431224
0 , -0.04793278259733643
0 , -0.015290958720606448
0 , -0.1052615609248684
0 , -0.07979273627885242
0 , -0.06791963559628944
1 , -0.06487130822351458
0 , -0.03156991098770373
0 , -0.012309130552059669
1 , -0.03890043579824135
0 , 1.428852350210335E-5
1 , 0.016107219921866704
1 , 0.07727308917219361
0 , -0.05508526807662916
0 , -0.047039942189371305
1 , 0.014249161283040563
0 , -0.050898392087194454
1 , 0.058263428638856786
0 , -0.04078761098486064
1 , 0.054315306199657715
0 , -0.14771098804543878
1 , -0.03349870502984813
0 , -0.14021694126395234
1 , -0.008929642206064204
0 , -0.05670135672424566
1 , 0.05546309377771666
0 , -0.11681934384739226
2 , 0.004127719020330383
1 , -0.1752459904050708
2 , 0.058846734667332805
0 , -0.12817612521491964
1 , -0.062430347214650336
2 , -0.022725264416436377
1 , -0.1171306801211405
0 , -0.15403380886319248
2 , -0.2515220524279301
1 , -0.3690171613070355
0 , -0.38947810247306697
2 , -0.3651554163942196
0 , -0.4508067914258018
1 , -0.4975605159262238
0 , -0.4026179143752475
2 , -0.3157691176961461
1 , -0.3861065586878424
2 , -0.008066300211893357
0 , -0.24521673725271956
1 , -0.20280901352960518
3 , 0.010107481070704685
2 , -0.08687772051581617
0 , -0.17212180324841284
1 , -0.14178650944878068
3 , -0.11597752674444299
2 , -0.007320568591174636
1 , -0.11525696769818725
0 , -0.19137781292864756
3 , -0.05050055299215409
2 , -0.03266593443315738
1 , -0.15068451821620837
0 , -0.160702089610157
3 , 0.0192377539741694
2 , -0.10683003507018668
1 , -0.1047346004306854
0 , -0.13887953414402146
3 , -0.013084407051967213
2 , -0.08024477430150678
0 , -0.1375401620935759
1 , -0.12042021599241297
2 , -0.13378885033747773
3 , -0.02689856373016057
1 , -0.09467744529747674
0 , -0.13604736705230847
3 , -0.01386831351306402
2 , -0.14877186614085142
1 , -0.15424775701080942
0 , -0.16796916435082662
2 , -0.11126965199053168
3 , -0.04071149331488782
0 , -0.15441178973245445
1 , -0.17331409825920888
2 , -0.17639916747702095
3 , -0.06596301672845212
0 , -0.2095398094766314
1 , -0.20522249674002507
0 , -0.09365782980035718
2 , -0.10661030580705097
3 , 0.035309825405152186
4 , 0.001990147322690562
1 , -0.23158445787564058
3 , -0.06137534864911592
2 , -0.06733225282038843
0 , -0.15416079326314158
4 , 0.023208842372052983
1 , -0.10515282818306751
3 , -0.0798816388485496
2 , -0.0827249664798828
0 , -0.08591692511615905
4 , 0.052261986463132154
1 , -0.08041944939185154
2 , -0.09409903494100347
0 , -0.11113970586287691
3 , -0.1597310513437532
4 , 0.030211416026907374
1 , -0.11425196788180432
0 , -0.1633324031093368
3 , -0.06848526780218979
2 , -0.15687768836501964
1 , -0.10927958926759679
4 , 0.0068872519478363255
3 , -0.08473363538071536
2 , -0.07343488036740631
0 , -0.21795557272577049
1 , -0.1295992115023736
4 , 0.027573636205446072
3 , -0.09865037097416346
2 , -0.08797114963852835
0 , -0.1276657725995088
4 , 0.015237511248802989
1 , -0.15323034309363429
3 , -0.10814687339845752
4 , 0.017093804248314835
2 , -0.199232506303927
1 , -0.1354343787605917
0 , -0.2243328493395705
3 , -0.10688208084155404
4 , 0.03290246342608707
2 , -0.10255558101874429
1 , -0.0999949196946906
0 , -0.18004758649119562
2 , -0.10310171884623122
4 , 0.041890189415810054
3 , -0.13206027888459448
0 , -0.14563818240595483
1 , -0.17633324132012934
4 , -0.11827069906005037
0 , -0.12686260646260802
3 , -0.09865365493939052
2 , -0.21319577437112833
1 , -0.1876374206156977
5 , 0.0073800839268375685
3 , -0.08158242886891486
0 , -0.14954586286653018
4 , -0.10541043366125197
2 , -0.16124811711556167
1 , -0.15200777964379852
5 , 0.027066698456840486
0 , -0.14559481047096404
4 , -0.07430860303657352
3 , -0.11775298524814554
2 , -0.14046270926465476
1 , -0.1764705365192042
5 , 0.023103300970622513
4 , -0.0760533042767537
0 , -0.15475584958946173
3 , -0.10163909977250393
2 , -0.09827723607062998
1 , -0.15912197694938518
5 , 0.03956580368391129
4 , -0.08589692505343685
0 , -0.15788740184028466
3 , -0.12568201842638996
2 , -0.08472746627255127
1 , -0.11984868978350338
5 , 0.014097410410035626
4 , -0.061841599113386776
0 , -0.11268114036252805
3 , -0.11283755687856804
2 , -0.0962065205341915
1 , -0.1366134026982842
5 , 0.0501735759596203
4 , -0.05003640843076807
0 , -0.12019459093037349
3 , -0.14394697855982885
2 , -0.16337772534660602
1 , -0.20544220242772487
5 , 0.02962211048547176
0 , -0.17484504521815367
4 , -0.14447644626577472
3 , -0.14433836927941593
2 , -0.12440737374610822
1 , -0.13672672870590166
5 , 0.02292383870693212
0 , -0.12361937268715964
4 , -0.04904736211579625
3 , -0.09904117254939304
2 , -0.12355764708433942
1 , -0.13713498971287277
5 , 0.04442533487634625
4 , -0.07231512010850434
0 , -0.11569830885859947
3 , -0.10601553392617839
2 , -0.10689416537508503
1 , -0.1474498263413521
5 , 0.04760659394888372
0 , -0.11307662707275429
4 , -0.08418461054696953
3 , -0.09376019251233549
2 , -0.14177297757723328
5 , -0.05711859833949834
1 , -0.14727717427493836
0 , -0.11503154119953679
4 , -0.10335178001821223
6 , 0.053062519933870865
3 , -0.09827355095979491
2 , -0.1426264451607051
5 , -0.09352513356349734
1 , -0.17535946459519045
0 , -0.10219942031712785
4 , -0.06490581706800165
6 , 0.026369210545314856
3 , -0.10667340188512855
2 , -0.12516069124287205
5 , -0.07589139444822884
1 , -0.12956167416954145
4 , -0.08975164229233433
0 , -0.10822667860078626
6 , 0.04896630211636052
3 , -0.1104853680419595
2 , -0.1502405328011038
5 , -0.06621034471464048
1 , -0.14164989112561804
4 , -0.10118717602729284
0 , -0.12287947990015657
6 , 0.04286643359456384
3 , -0.11902279484623353
5 , -0.07076814804579658
2 , -0.16192547164889262
1 , -0.171024127093449
4 , -0.130037410037293
0 , -0.11033759341728724
6 , 0.03345355258493543
3 , -0.11691266775708083
5 , -0.07091390100341126
2 , -0.12602866308057784
1 , -0.1722675365180862
4 , -0.09656110488285104
0 , -0.09455260095564612
6 , 0.042823773734998447
3 , -0.12125767182971683
5 , -0.06468030398971918
2 , -0.1329965914155789
1 , -0.10545201794265788
0 , -0.09140455205172436
4 , -0.09793084448249502
6 , 0.044237276634725084
3 , -0.12195811815825484
5 , -0.082304907310424
2 , -0.13273892192246353
1 , -0.13420013134716174
4 , -0.11440617244415609
0 , -0.12894487889718745
6 , 0.031213991644042257
3 , -0.13061041765943118
2 , -0.12404077357523233
5 , -0.0956921616571449
1 , -0.14529526849585186
4 , -0.12020992756916482
0 , -0.12384822099879472
6 , 0.021988849830755847
3 , -0.15472898077568487
2 , -0.13759488093768757
5 , -0.07957183698109507
1 , -0.13510646797487888
4 , -0.10248927031940927
0 , -0.10325327003762841
6 , 0.04408486972947022
3 , -0.16004812289730752
2 , -0.13166577518013503
5 , -0.06959983097600778
1 , -0.11527710050963043
4 , -0.09418266721280441
0 , -0.11308468753865865
6 , -0.0703486495506392
2 , -0.13787439502858392
3 , -0.16693121624682944
5 , -0.0914351129652196
1 , -0.11077563129087216
4 , -0.10621035184008133
0 , -0.099911358369443
7 , 0.009535670885284914
6 , -0.07314553836663615
2 , -0.13946663747805632
3 , -0.138033095266774
5 , -0.06490124669101324
4 , -0.10958672173452817
7 , 0.06196216865608228
1 , -0.1388382863885114
0 , -0.1035536814782757
6 , -0.08373327899271445
3 , -0.134192695409374
2 , -0.16044256712371946
5 , -0.11940755114041013
4 , -0.11913044266253513
7 , 0.003959433791699413
1 , -0.12772632366798672
0 , -0.0888893456441477
6 , -0.0788005786350796
2 , -0.13964950673902998
3 , -0.15425939778338374
5 , -0.11140285880470378
4 , -0.37287805806948343
7 , -0.22910943519411728
1 , -0.37954283117906823
0 , -0.37630110963961305
6 , -0.41049727394775726
2 , -0.5579300134471031
5 , -0.5296433025100875
3 , -0.5659420926018816
4 , -0.5277822003661011
7 , -0.37391329516888605
1 , -0.5206112615559635
0 , -0.5046967099799378
6 , -0.4973331017698322
2 , -0.5263502518729591
5 , -0.516567610399223
3 , -0.5486009735030406
4 , -0.555569143832238
7 , -0.37931436675049934
1 , -0.5220849411973186
0 , -0.502197546435427
6 , -0.49852307082268116
5 , -0.5192012216461687
2 , -0.5327071909311776
3 , -0.5631633902829845
7 , -0.38116118029268725
4 , -0.5593281152830573
1 , -0.529618393413956
0 , -0.49981162817826363
6 , -0.4948487141041818
8 , -0.38638408972396215
5 , -0.5220834244743444
2 , -0.5148882846847084
3 , -0.5460475017068616
1 , -0.39775684891393753
4 , -0.46636063668434696
0 , -0.34079743270307633
7 , -0.31335936822772514
6 , -0.350262342372084
8 , -0.18416572999110495
5 , -0.26077601877062273
2 , -0.2634641809812447
3 , -0.27845683985189174
1 , -0.2596071550894884
0 , -0.20560173334501944
4 , -0.28922454180984836
7 , -0.14961124824944272
8 , -0.08701323687422921
6 , -0.2805457974490193
5 , -0.23843377125059467
3 , -0.25665985556475746
2 , -0.24261203142946303
8 , -0.11078445948568338
6 , -0.22087793780929402
3 , -0.2907887033880826
2 , -0.2555984597414038
5 , -0.29038144050413917
1 , -0.47008811804020917
0 , -0.46400376949198124
4 , -0.52870552629794
7 , -0.3660578656909496
3 , -0.24235317866781253
5 , -0.20544952277307763
8 , -0.1335155005441675
2 , -0.23780998222365954
6 , -0.3939816535468296
1 , -0.3411089799829453
0 , -0.3237415433242797
7 , -0.24085887389122354
4 , -0.39613889903290067
3 , -0.21247413692440797
5 , -0.18684285930281247
2 , -0.21242518977344332
8 , -0.07506141160217979
6 , -0.41745762039623246
5 , -0.43839441901338844
1 , -0.4435491127973319
3 , -0.44729579810177356
2 , -0.44604449406788504
8 , -0.31196322526327425
7 , -0.47365740601183765
0 , -0.48673296495188173
4 , -0.5396342597912421
9 , -0.38657171047190814
6 , -0.4853000361060113
1 , -0.38576423490588535
5 , -0.42350075015583416
3 , -0.41994839887676666
8 , -0.24974705671865183
0 , -0.34800541419674486
7 , -0.36595713241893535
2 , -0.4537290062733011
4 , -0.4648782550248872
9 , -0.013455632763460948
5 , -0.15236721011709553
8 , 0.007728356959474386
3 , -0.2356444472285278
7 , -0.20046413039939032
4 , -0.18346575958350517
6 , -0.38784310507798714
1 , -0.32812554875394684
0 , -0.3170247120592204
9 , -0.0042229798874483995
2 , -0.3429084761507925
5 , -0.21823364320301566
3 , -0.19199620945619567
8 , -0.15858374495638752
7 , -0.21839837328556802
4 , -0.31853558387162834
1 , -0.16312988779304394
0 , -0.051232348087505084
2 , -0.1869208310777411
6 , -0.294239218077847
9 , -0.13328943673906674
5 , -0.23671538204286385
3 , -0.20817892467869875
8 , -0.18747112343146857
7 , -0.20080905843292976
4 , -0.2149033778025815
1 , -0.146292467538003
0 , -0.12038701275557046
6 , -0.19710874523171412
9 , -0.06495141927156772
2 , -0.26101249463441767
3 , -0.18094377265920053
5 , -0.31009475321415647
8 , -0.14535104765448065
4 , -0.2450502252259445
7 , -0.18625785839040523
1 , -0.18231224928864406
6 , -0.19977554027445876
9 , -0.04860970088122473
0 , -0.14299699069075372
2 , -0.27656455156342696
5 , -0.23886151539506306
3 , -0.23082165531826196
1 , -0.10934128232567165
7 , -0.14120813014218872
8 , -0.25802876605300845
9 , 0.04067192478904077
6 , -0.14840173731519316
4 , -0.31466643102582026
0 , 0.04340613094891957
2 , -0.18277016241975844
5 , -0.19965103508832352
3 , -0.24940379382550462
1 , -0.1476886068592381
7 , -0.15891910880160198
8 , -0.19088104122720095
9 , -0.0800197824713756
6 , -0.23849493528905275
4 , -0.2617071763914493
0 , -0.08141100685869725
5 , -0.31027886871643917
3 , -0.23121316734483655
2 , -0.3241069504254643
1 , -0.2875890111145651
7 , -0.291501331378695
8 , -0.24032585028531991
4 , -0.25655172298447637
9 , -0.1804624520143972
6 , -0.32452520996932654
0 , -0.1736014186735337
5 , -0.19376504606076494
3 , -0.1351498978707674
2 , -0.15388219405245157
1 , -0.11092299133269208
7 , -0.07501187559747353
8 , -0.12830089211651047
4 , -0.13308984160933016
6 , -0.1809485025185385
9 , -0.0753668925816364
0 , -0.029919820713495804
5 , -0.21360026870333085
3 , -0.23665036850269316
1 , -0.13851237981372205
2 , -0.18822745857363266
7 , -0.15965944394066678
4 , -0.19446895401602576
8 , -0.20393154047276293
6 , -0.10725205535914205
0 , -0.019952488825066506
5 , -0.13506921635840896
9 , -0.20324501464301215
1 , 0.025932730791405536
7 , -0.07708718310566667
2 , -0.16298521762704543
3 , -0.25168737826954907
4 , -0.11528320857247507
6 , -0.16244784496285203
0 , 0.021964180658000144
5 , -0.1804238129834786
8 , -0.2526069883080979
7 , -0.18710799318381116
4 , -0.14020910900474817
9 , -0.276502959120074
1 , -0.09739455422286052
6 , -0.1240418289898141
0 , 0.03264960719056882
2 , -0.25331131460656275
3 , -0.28584811211114625
5 , -0.14729671185481216
4 , -0.15513813285166284
8 , -0.30915650980398673
7 , -0.2564269830387312
1 , -0.08648390725743095
0 , 0.0835279009521069
3 , -0.10544954101400623
9 , -0.27481850429135024
5 , -0.22103628061839622
6 , -0.2581282989113749
2 , -0.20935967977521244
8 , -0.11284210203636946
4 , -0.184286010992278
1 , -0.02467420416541788
3 , -0.10951576228574607
7 , -0.2250980995699994
9 , -0.10928237512441062
0 , 0.04113106159600448
2 , -0.10897946069189386
6 , -0.22780246227761708
5 , -0.26169772666936375
4 , -0.14246495663584574
8 , -0.13281882058991826
1 , 0.017718724016658683
3 , -0.111265762882547
7 , -0.14188070192599259
9 , -0.11219762813502941
0 , 0.059733764680825766
5 , -0.13973045293626948
2 , -0.1392767064795538
6 , -0.20073518382224428
3 , -0.08584726005853144
7 , -0.10915348818034484
1 , -0.11187342385511205
0 , 0.047034222355776915
8 , -0.34397552224446787
4 , -0.3812890035039013
6 , -0.21210400478674132
5 , -0.29512569790678983
9 , -0.32666455703490355
3 , -0.1523061585954395
2 , -0.3694228849930709
1 , -8.097683910232817E-4
0 , 0.11513148595753989
7 , -0.27224330739504465
6 , -0.20276480146345058
5 , -0.15968248518548211
8 , -0.2636566101503133
4 , -0.2974478114709994
3 , -0.09475098612305576
9 , -0.21294395717429002
1 , 0.005964195822277446
0 , 0.12176369182872959
7 , -0.12292538676600678
2 , -0.18999653993457363
6 , -0.17147233852165444
5 , -0.13158824569547395
4 , -0.12616879549775367
8 , -0.14993811177037605
9 , -0.10525933015637645
3 , -0.1291378235305818
1 , 0.010078765995849379
7 , -0.14592109717421345
2 , -0.09123088327128295
0 , 0.06309134978088148
6 , -0.15527601958507492
5 , -0.1301100997525545
4 , -0.1454139552105239
8 , -0.15432895008429132
9 , -0.10469795739285329
3 , -0.09551620620150429
1 , 0.04068184508276663
7 , -0.11608211103349732
0 , 0.1298700558755049
2 , -0.1171329219334284
6 , -0.14300979771474756
5 , -0.13283583861238796
4 , -0.09323018380089058
8 , -0.12225187454997788
9 , -0.09410048965600921
3 , -0.10951251556240289
1 , 0.12837490555023728
0 , 0.26844831534862973
7 , -0.13415299024709332
2 , 0.02475316219789675
6 , -0.17818549444215753
5 , -0.120046333394983
4 , -0.11805035274815576
9 , -0.09349568110342221
8 , -0.16686159151348645
1 , 0.13187848712226452
0 , 0.2749601321122862
3 , -0.15953867742149122
7 , -0.10455373402392218
2 , -0.06336631453409988
6 , -0.2419321128839462
5 , -0.20956251421848282
9 , -0.09853793641953781
4 , -0.2021044948770481
0 , 0.2470536661721992
3 , -0.07416983929568864
7 , -0.10491379586147971
8 , -0.203959164034897
1 , 0.014114987822428055
9 , -0.10296221608402284
2 , -0.17982368582776592
7 , -0.10389441590720351
0 , 0.25909339180932806
3 , -0.154995298087893
1 , 0.11236325810811491
6 , -0.39444575266548565
5 , -0.3622121490201244
4 , -0.30570148934685526
8 , -0.30666064945148475
9 , -0.12784270730989836
0 , 0.21470119010293734
2 , -0.016956119886424478
3 , -0.08226309860358125
7 , -0.24373598078155187
1 , 0.06405366380429439
5 , -0.2391730609322651
6 , -0.2825905855533283
4 , -0.21285902845566376
8 , -0.25339701298118267
9 , -0.21986208033738547
2 , -0.05955520144145413
0 , 0.14996330212254827
3 , -0.04976895563181369
7 , -0.17742570476764422
1 , 0.10276810953513255
5 , -0.14921474141313204
6 , -0.17771841838813907
4 , -0.10923224064628959
8 , -0.15458185125580418
9 , -0.14645355634746077
2 , 0.019760627351303645
0 , 0.2986351361191339
3 , -0.0043706913556772605
1 , 0.11137284611483773
7 , -0.19771302622887646
5 , -0.12164826531077723
6 , -0.1677487108157691
4 , -0.08465684526617646
8 , -0.14163372093251692
9 , -0.13905556590692822
3 , 0.023252321528088205
2 , -0.01878414637678304
0 , 0.3069422392151001
1 , 0.12129285316408996
7 , -0.22749386795576657
5 , -0.14235290867378622
6 , -0.2015288291551518
4 , -0.1276353346062845
8 , -0.1652761264971799
9 , -0.1262827332524187
3 , 0.04946559938677957
0 , 0.3441703670377516
2 , 0.0326574730672456
1 , 0.14124028118240123
7 , -0.3078821750336192
5 , -0.30215760932988167
4 , -0.34563595925693774
6 , -0.41906760251496183
8 , -0.43183780222904483
9 , -0.4270480937193354
2 , -0.3207225179014049
0 , -0.03784827589422084
3 , -0.34973608292604946
1 , -0.12681156149266082
7 , -0.5308732403282065
5 , -0.4736140194049226
6 , -0.5155626195144152
4 , -0.4606380329059502
8 , -0.4578465884277628
9 , -0.46016519663436284
2 , -0.3101235351427659
0 , -0.005467301053809594
3 , -0.35120015330113424
1 , -0.09340149336091393
7 , -0.5217555504269056
5 , -0.4911222730276122
6 , -0.4892464798163332
4 , -0.4626965343008604
8 , -0.45606330292019276
9 , -0.4777317764023694
2 , -0.22635508485623623
0 , -0.10371719225480047
1 , -0.09211191463516262
3 , -0.3548563570337957
7 , -0.5130054867900998
5 , -0.461132399145386
4 , -0.44009760959711336
6 , -0.48794017168854276
8 , -0.4654947063061888
9 , -0.45515968663402623
0 , -0.12563773753310928
1 , -0.10031538290415955
2 , -0.3162117544731986
3 , -0.3384167877114875
7 , -0.5292237122318014
5 , -0.4600730967494833
6 , -0.46252536198858807
8 , -0.4961078003510436
4 , -0.4590512092033502
9 , -0.4723324498623987
3 , -0.21743058851742608
1 , -0.046801538035419345
0 , -0.10736878083492242
2 , -0.21936446285668376
7 , -0.39687808603647723
6 , -0.28209628210829746
4 , -0.26429048081603757
5 , -0.4174521578725262
8 , -0.3999794369644164
9 , -0.4234346597183341
0 , 0.029334049729779276
3 , -0.287135024142912
2 , -0.12600156076359664
1 , 0.014917774449645699
6 , -0.3293363705045439
5 , -0.22877326891520663
8 , -0.3063569296559733
7 , -0.4369667029935166
9 , -0.24273018983401404
4 , -0.37462956273171466
0 , 0.1479567354746602
3 , -0.06689758003712579
2 , -0.0554375381923288
1 , 0.14784017254372298
7 , -0.3138714275242838
8 , -0.3173387761111802
6 , -0.35235528758914475
4 , -0.250030853882218
5 , -0.34501242556410605
9 , -0.34148642785936595
0 , 0.002934500470678867
3 , -0.04146440889119561
8 , -0.22864897227498227
2 , -0.13157532254808005
1 , 0.04788390267906794
7 , -0.31309270711904774
4 , -0.1368171156202035
6 , -0.379195159908849
5 , -0.3460294512417704
3 , 0.040103689121672545
9 , -0.4065279162953124
8 , -0.23813766510440587
2 , 0.05265640111740315
0 , -0.10629111540590448
1 , 0.2542583054047368
7 , -0.2566288653620439
6 , -0.2965277558986923
4 , -0.24720169640622544
5 , -0.3216417270213982
3 , -0.12617576345185694
8 , -0.44240326330535346
2 , -0.18259531787973104
9 , -0.47779913687551123
0 , -0.10092014336176651
1 , 0.023778516877458647
7 , -0.44661376446731443
4 , -0.1336106568329865
6 , -0.41649172221436787
0 , 0.1381119268162324
5 , -0.4146978049357242
7 , -0.2437882893253842
3 , -0.22680304049780822
9 , -0.42306112262824513
2 , -0.029584116900257435
8 , -0.4906760967772897
4 , -0.17542810648734541
1 , -0.08516636318960079
6 , -0.39291409006575534
7 , -0.24232902299558495
5 , -0.26374256185960226
0 , -0.1381218321283383
3 , -0.07888518794636551
2 , 0.07573732415909043
9 , -0.3722812542484717
8 , -0.3275289733851575
1 , 0.0761328514135335
4 , -0.22830689319658232
6 , -0.2556806408073928
5 , -0.20316329555854018
7 , -0.3046130565699379
0 , 0.04768356727791218
3 , -0.022376566208901303
2 , 0.10759941035611488
8 , -0.2684082656617303
9 , -0.29063290079674886
1 , 0.06800439782879288
4 , -0.11101914645409715
6 , -0.2653187185713696
7 , -0.23831433258730006
5 , -0.25478472651290024
3 , 0.029669082292892536
2 , 0.17438277838269267
0 , 0.03399035583106219
9 , -0.2752556964200317
8 , -0.28401933376464555
4 , -0.05063032176971795
1 , 0.029431133567709405
6 , -0.3845641846323335
2 , 0.04838638112003685
5 , -0.35534033339986987
7 , -0.4108173538415681
0 , -0.07243199967835781
8 , -0.3421680938319202
3 , -0.08325740659357964
4 , -0.1926720003539754
9 , -0.44767808688897526
1 , 0.02204990839557917
6 , -0.2919529918632206
7 , -0.22408259582276535
5 , -0.20373034453808625
2 , 0.09674737194686008
0 , -0.12034171899509263
8 , -0.28415571974030845
3 , 0.14050952702501904
9 , -0.2507064514450335
4 , -0.11693145161193928
1 , 0.17540488246365876
7 , -0.1858835949619168
6 , -0.20158573464359322
5 , -0.08547685310715718
2 , 0.22596609961003222
0 , -0.13993396768536462
8 , -0.33135392886749737
3 , 0.07437952775700309
9 , -0.3965556797607908
4 , -0.22054389050396034
1 , -4.013458086513223E-4
7 , -0.2790891484763726
0 , -0.044706038258000645
6 , -0.3148830091633219
8 , -0.2373983138002606
3 , 0.11263707783466188
5 , -0.29364732756432915
2 , 0.015260114410411743
4 , -0.08668689498409134
1 , -0.022919098631479687
9 , -0.3730144063783591
7 , -0.36284840706252697
5 , 0.01548011248026405
8 , -0.2530657142406688
6 , -0.31983155545207875
0 , -0.2649712387583583
3 , -0.03504704759299679
2 , 0.06291621815943309
9 , -0.23968549760787
1 , 0.057633602126819186
4 , -0.0015608257371904557
5 , -0.13903866923868957
7 , -0.3104956242666706
8 , -0.3207350440661802
0 , -0.0787799173356504
6 , -0.27926993774035186
3 , 0.17011599408544315
9 , -0.23342973654730095
2 , 0.2079197482436911
4 , -0.15041444335471557
1 , -0.09942921442124789
6 , -0.13250326237544297
3 , 0.30062906640114145
9 , -0.1703974546486341
0 , -0.12551262485906764
5 , -0.26416686139033907
8 , -0.4047937204960559
7 , -0.49874053272150587
4 , 0.07537593828738308
6 , -0.12665182658210208
2 , 0.03057935796255491
1 , 0.07605810213399394
0 , -0.13110949730982352
3 , 0.0517624747382047
9 , -0.4391553588637975
6 , -0.15307161502324482
5 , -0.23415159840967378
7 , -0.2860076657654835
4 , -0.00678115295914631
8 , -0.39403081189424966
2 , 0.09241217719369643
1 , 0.028225954870392766
0 , -0.20473318051226913
8 , -0.1730845703275767
6 , -0.2539362606305333
3 , 0.09452869393407712
5 , -0.15036844008497888
4 , -0.016054673963410995
9 , -0.37032549652802405
2 , 0.0969227423663798
7 , -0.3619219309618456
1 , -0.06215941626892206
0 , -0.24947875991766008
6 , -0.3681951916788112
8 , -0.4209413682033986
5 , -0.2495451406737051
7 , -0.35440382134566184
3 , -0.007915384177909265
4 , -0.20772041002210317
2 , -0.03149814306797911
9 , -0.4842009947685467
0 , -0.018746005684566896
1 , -0.2897877505924852
6 , -0.09587624057316774
8 , -0.12638259743379532
7 , -0.12876926532507763
3 , 0.32265552803902503
9 , -0.11547312179874267
5 , -0.14359577245229818
4 , -0.17961764267959507
7 , -0.13758444272664838
3 , 0.18759622532899084
9 , -0.1603757403388059
2 , -0.08910019706205763
1 , -0.24066202540644102
8 , -0.3472952322054735
6 , -0.3218716494910783
5 , -0.22144438961372354
4 , 0.12598360219951105
3 , 0.12622474335699932
7 , -0.2433779477772075
2 , 0.09892849177470675
6 , -0.16380679223426858
9 , -0.2952065891866186
8 , -0.21327838353957093
1 , -0.09370829497384237
3 , 0.2255712569843494
7 , -0.07898070696501824
2 , 0.2542480167839966
5 , -0.0935170233499722
4 , 0.04849385040242327
9 , -0.2328367723466655
8 , -0.35259908366713927
1 , -0.2088576066056752
6 , -0.3929510945550263
3 , 0.15115253089521197
7 , -0.22314498126272408
2 , 0.059135045206068375
9 , -0.3157907540767035
5 , -0.1898757803633249
4 , -0.008082380369686932
3 , 0.18006914465122006
8 , -0.379550493716978
2 , 0.05571875513257272
7 , -0.22119295467854186
1 , -0.25473144745251075
6 , -0.2485242498656273
9 , -0.18186020236272066
4 , 0.2374232312606125
5 , 0.06102348523459049
3 , 0.21710638291187787
8 , -0.2062967050661769
2 , 0.03800646634920886
6 , -0.021628004371226712
7 , -0.23659108778995974
1 , -0.1042920788640469
4 , 0.1776188895891271
5 , 0.06857195121123724
9 , -0.3391321928164166
3 , 0.028722634611671957
2 , 0.13381317201346524
1 , -0.005743742916600623
7 , -0.12461963007639705
8 , -0.28699845580266664
6 , -0.18375822858130092
4 , 0.032678403969102064
5 , -0.08207167986113985
9 , -0.35434227743364166
3 , -0.057505888466088374
1 , -0.2648457916176795
7 , -0.38212048549861627
2 , -0.15118764996466733
8 , -0.460181718343068
6 , -0.3300218385733912
4 , -0.04239098668105253
5 , -0.2524531213011333
9 , -0.46582130591435134
3 , -0.14583670878882346
1 , -0.3028266636327327
2 , -0.18097856397968087
7 , -0.48076078902281544
8 , -0.4704924781391716
6 , -0.3229715853411863
3 , -0.03904007695582277
4 , -0.031141887239768077
9 , -0.4382405532370185
1 , -0.1617027890862744
5 , -0.28306119658671314
7 , -0.3316332213445236
2 , -0.2238798125729102
8 , -0.4727522521840197
3 , -0.1445345426943083
6 , -0.37781874031986595
9 , -0.48478986290221726
4 , -0.0711855105987912
5 , -0.2699809268145358
7 , -0.4529267350546629
2 , -0.3791207899806011
8 , -0.470072433879666
3 , -0.19930959172246526
6 , -0.3696588345033268
9 , -0.45201090569953656
5 , -0.08725278580710767
4 , -0.06560564839244723
7 , -0.48800620245028303
2 , -0.27983832425395627
3 , -0.10482962344972664
8 , -0.42777186084645846
6 , -0.22663181243692798
9 , -0.4260974749901237
4 , 0.07572298881993392
7 , -0.3045006959713046
5 , -0.12214652098379719
3 , -0.19123666491721192
2 , -0.3100113489700778
4 , 0.04409387028071726
8 , -0.413891428904405
6 , -0.31735826629962255
5 , 0.13223844085486472
9 , -0.4503942364366669
7 , -0.27235885200524856
3 , -0.164914338844079
2 , -0.21390223620006737
8 , -0.3154170704398612
4 , -0.01087935354177012
6 , -0.18415265675966871
9 , -0.31115547725171555
5 , -0.09945967825544293
7 , -0.3101029928850387
3 , -0.3341119515855642
2 , -0.31479494433729693
4 , -0.06857716915754584
8 , -0.46680340133722675
6 , -0.24089151713538118
9 , -0.4575169069985419
7 , -0.16358445681101205
5 , -0.08537044563061569
3 , -0.22006617398380765
4 , 0.14085898226441343
6 , -0.09559647314613391
5 , 0.06348464170730052
7 , -0.17726446849176192
2 , -0.37569272443008606
8 , -0.46692104028975306
9 , -0.425809709566164
3 , -0.22253657876748517
4 , 0.008668926718177629
6 , 0.019498462413088537
5 , 0.119001757536056
7 , -0.18825701510737813
2 , -0.17539037947929448
9 , -0.4383217719533358
3 , -0.2694375198635934
8 , -0.45884643684641985
6 , -0.20202762256191747
4 , -0.1365662969933641
5 , 0.013079310364868086
7 , -0.32690545777571184
2 , -0.3208372825333677
6 , -0.0398880862274616
3 , -0.26402342374023197
5 , 0.24829062637331484
9 , -0.4626215093524334
8 , -0.46816359894502474
7 , -0.1046504190320367
2 , -0.15525788779761426
4 , -0.20698467528879316
6 , -0.09495838307781576
3 , -0.26587736456514716
9 , -0.3671949654563612
5 , -0.014725415258917698
8 , -0.41742091437119055
7 , -0.31941278991191563
4 , -0.10282957547487359
2 , -0.3286525318916992
6 , -0.20529892371330744
3 , -0.3277134804841314
5 , 0.031838688529961016
9 , -0.45896523030910547
7 , -0.23348909758131545
8 , -0.4687251373684518
4 , -0.14917828033917585
6 , -0.02514434323861827
3 , -0.09844916676272805
5 , 0.08624898038134661
7 , -0.18950645556661613
9 , -0.3204485263934847
8 , -0.24754673662012558
4 , -0.011029725757673048
6 , 0.04194407658706648
5 , 0.05113291775044693
7 , -0.015307435702499176
6 , 0.1839909032904626
9 , -0.4205354775896231
8 , -0.29415379655318663
4 , -0.17036519415206827
5 , 0.07242770419986842
7 , -0.045465341439775535
6 , 0.07552372665034732
8 , -0.11951737726354976
9 , -0.2776007301345158
4 , 0.07993883309037642
5 , 0.17003958992275686
7 , 0.02002740757029985
6 , 0.1402072409737631
8 , -0.017602893654512314
4 , 0.17377441737212873
9 , -0.1284380565178023
5 , 0.1653872017581076
7 , -0.021035043367511663
4 , -0.08055000973162008
9 , -0.18236582350895142
5 , 0.16098279581481673
6 , -0.05837841867599771
8 , -0.20111176193714625
7 , -0.07055554744304873
6 , 0.1857490164644731
5 , 0.05323071371499206
8 , -0.06853772041789444
4 , -0.2220425059582604
9 , -0.3646918937231493
7 , -0.0498191973089342
6 , 0.2634319255327912
5 , 0.07865488059098869
8 , -0.1552628997606778
7 , -0.026193180553868083
6 , 0.19204011915646427
4 , -0.3338756745053068
9 , -0.3200307775109082
5 , 0.015246615656286785
8 , -0.05293491042267527
7 , 0.020336993966155993
6 , 0.2210209052574978
4 , -0.017601475704098587
5 , 0.19240622922659079
9 , -0.040030538320204326
8 , -0.05304704247287259
5 , 0.09709960981806187
7 , 0.13205033618549222
9 , -0.05816111515601451
6 , 0.19699000755705437
4 , -0.11936246975332572
8 , -0.12353573196726245
4 , -0.03643469676968383
9 , -0.08310924756024299
5 , 0.05188960626483325
6 , 0.18439675256483526
7 , 0.07125919788672558
8 , -0.0437320372811761
4 , -0.04631875734773766
9 , -0.028809398723344152
5 , 0.11596899542821437
6 , 0.11242010523761536
7 , 0.10680040492778303
8 , 0.0054930136937783635
9 , -0.3097351305295339
4 , -0.3118734980018307
5 , -0.3053514124460753
8 , -0.16736093927033188
6 , -0.07172579042327079
7 , -0.05647353730997597
9 , -0.0683256672165765
5 , -0.08365190977072286
4 , -0.10689319239627822
6 , 0.1951256943109887
7 , 0.17925231274916292
8 , 0.018037116907598648
9 , -0.05205310618109307
5 , -0.03428204585167503
4 , -0.07983288627970227
6 , 0.1306852149529284
7 , 0.14755500234551855
8 , 0.040594678254178666
9 , -0.0518024353300912
5 , -0.06572211607062035
7 , 0.27087864192703753
8 , 0.06498805177624437
6 , 0.1656976927934821
9 , -0.09371592504687472
5 , -0.08489935861241531
7 , 0.24260716009424968
8 , 0.048791253547748964
6 , 0.18056605596593545
6 , 0.015401653003171303
8 , -0.04780641442982883
7 , 0.14983515507042305
9 , -0.1997458771104462
5 , -0.2965414425736854
6 , -0.22420111446829424
8 , -0.2890104295806454
7 , -0.08470450991492495
9 , -0.2751566674744051
5 , -0.3745198140103653
6 , -0.08722448780806559
7 , 0.04838411674513882
8 , -0.035461880151695185
9 , -0.21875825638023955
5 , -0.3144194350842244
6 , 0.022006114968271265
7 , 0.10164908064676359
8 , 0.09439728487746175
9 , -0.2714721830287172
5 , -0.36981464090188926
6 , -0.18408907277195735
7 , -0.11002014576014219
8 , -0.1489845661545926
9 , -0.2544309927427291
5 , -0.3527478908902168
6 , -0.20717448324312393
7 , -0.13817592094403086
8 , -0.13681905360054047
9 , -0.2487009755489684
7 , -0.08356498193471137
6 , -0.16602260342948413
8 , -0.07406223675518005
9 , 0.017454343376814875
7 , 0.18238238188678454
6 , -0.022053057816213303
8 , 0.13565264721565204
9 , 0.03648488189895734
7 , 0.04178602656536028
6 , -0.1766710025001095
8 , 0.13970440660248154
9 , 0.10366849176045895
8 , 0.25481383710016586
7 , -0.059723264490243094
6 , -0.27373441369374346
9 , 0.12295654341370135
8 , 0.08461900397276764
7 , -0.015255785071078658
6 , -0.14404815932995824
9 , 0.021093745683729133
8 , 0.23199208274503352
7 , 0.07187046677824402
6 , -0.1524723300461429
9 , 0.0891923377275544
7 , 0.12839671458730254
6 , -0.008992987986856125
8 , 0.03301655216598305
7 , -0.03425879680702429
9 , -0.09762876595222914
6 , -0.22067554410891052
8 , -0.051894491338811154
7 , 0.07498577735062628
9 , 0.05383159528823356
6 , -0.12537793361277474
8 , 0.1633783694954611
7 , 0.1134899602069571
9 , 0.21980849303021568
6 , -0.060630236211882675
8 , 0.08369820593623355
7 , -0.06976789179183733
6 , -0.009070615447156882
9 , 0.20420111644327602
8 , 0.16553107048392227
7 , -0.10798923584653247
9 , 0.2062319240954879
8 , 0.1915408910915127
7 , -0.06041814018794481
9 , -0.29356639320834316
8 , -0.32997429375252735
7 , -0.5397526692497568
7 , -0.10308921494691997
9 , 0.04001344763219038
8 , -0.12008620016826281
8 , 0.09058842645210907
9 , 0.09462552375205253
7 , -0.3452050582222401
8 , -0.137442698234015
7 , -0.1533519188239645
9 , -0.06946325210338682
7 , 0.006654782470846368
9 , 0.20269774118457798
8 , 0.07937838404688483
9 , 0.25337610414450346
7 , -0.008493884342413566
8 , 0.2085586174656988
9 , 0.26707048921869037
7 , 0.027991665385582436
8 , 0.17205105071601032
9 , 0.2523654908259647
8 , 0.22959249033294216
9 , 0.1462517533980885
8 , -0.011844381355574517
9 , 0.11317526422777327
8 , -0.04089608171023864
8 , 0.06025671920422627
9 , 0.21056296555694826
8 , -0.02797995773514997
9 , 0.06969709848516584
8 , -0.0965130949890582
9 , 0.10729971423723292
8 , -0.04402017774819091
9 , 0.039385164164246096
8 , -0.2631485331972783
9 , -0.08154806466323053
8 , 0.078008637208986
9 , 0.03885580352236369
8 , -0.3424757602084816
9 , -0.37685406894286055
8 , -0.3596182618197117
9 , -0.3425526930757655
9 , -0.3547175421942937
9 , -0.3476160284655101
9 , -0.3115829272463757
9 , -0.07374030273599393
9 , -0.16966273909729782
9 , -0.35768707609684547
9 , -0.3455052146304446
