 Number of tacts (im units) = 10
 Number of massive (im units) = 13
 Command Line curl 10.152.183.163 > /dev/null 2>&1
cycle , cPeriod , count , procDur , procTime , lI , spb
0 , -0.23467897495599996
0 , -0.18106716437410375
0 , -0.07120361029322277
0 , -0.10220006376723698
0 , -0.12286441003475002
0 , -0.10478828158744517
1 , -0.07978980890588815
0 , -0.058390337954743625
1 , -0.06630463881898849
0 , 0.005184025265474048
1 , -0.06775859539855704
0 , -0.035043705026850676
1 , -0.011566468537090554
1 , -0.03409506581685925
0 , -0.10677899003432725
1 , -0.05546487580651296
0 , -0.14157794965030257
1 , -0.0397190494399005
0 , -0.16659309380614498
1 , -0.0460983430804668
0 , -0.14329132815785015
1 , -0.001954653661838144
0 , -0.1748455664295421
2 , -0.033546546954912354
1 , -0.06395923771343755
0 , -0.12279542348787202
2 , -0.038113971613266254
1 , -0.08110604116404983
0 , -0.10401865869640443
2 , 0.031313961197740554
0 , -0.06287148280559872
1 , -0.11195328769956876
2 , -0.025543883541695272
0 , -0.10121150463342506
1 , -0.08664121923133024
2 , 0.028679610522211296
0 , -0.07532603801697207
1 , -0.1271644386585241
0 , -0.08981304208210836
2 , -0.03737067356677429
1 , -0.08764510463667928
2 , 0.04261954379420617
0 , -0.11928626191661715
1 , -0.07433015597683379
0 , -0.08578206613231545
2 , -0.029772277133871053
1 , -0.11810017508239232
0 , -0.13453858304667735
2 , 0.01063482460810306
1 , -0.09889610491734084
0 , -0.17113274902088116
1 , -0.13180515022853068
2 , -0.1297201435580294
3 , -0.011305853570633783
1 , -0.09046489889016053
0 , -0.16122437646913737
2 , -0.16254346216770638
3 , -0.016226974900428976
1 , -0.08489321132831602
0 , -0.09678950041404981
2 , -0.14179371904354748
1 , -0.06579219246670077
0 , -0.1064058914143483
3 , -0.024489854639017653
2 , -0.1846009143221126
3 , 0.02295794868794297
0 , -0.16575699830496635
1 , -0.1731926178391979
2 , -0.19114659697471478
3 , -0.036535320367729766
0 , -0.16443962546121857
1 , -0.18914093837734097
0 , -0.11973769748944361
3 , -0.013179381401523811
2 , -0.1321998840955715
1 , -0.15966295269518502
2 , -0.0696176750024976
0 , -0.14886988828218745
3 , 0.01413262875860436
1 , -0.18568805404696448
3 , 0.03889123560320967
0 , -0.11793724656835389
2 , -0.12082760973215448
1 , -0.1329644702579818
2 , -0.08533944326036177
3 , 0.008554882420515234
0 , -0.13621628601118088
1 , -0.1447418683000841
0 , -0.12800117267505953
2 , -0.10334563874979295
3 , 0.005840709280631432
1 , -0.13457096580016162
4 , 0.027724291453846167
0 , -0.08824641898826978
2 , -0.05950429122035526
3 , -0.0628199928431035
1 , -0.18465732475785648
0 , -0.1130402125221592
3 , -0.07087419428539322
2 , -0.08940484121282856
4 , -4.909962627702381E-4
1 , -0.1779391048345892
3 , -0.10779207187084687
4 , 0.01781500107150815
0 , -0.1467050553946714
2 , -0.12762199453039166
1 , -0.09064600150751759
0 , -0.15971943862688864
3 , -0.10227997181214273
4 , -0.01008801672764887
2 , -0.10390378329872274
1 , -0.16951513499998877
3 , -0.09466409766433509
2 , -0.09829299441552292
0 , -0.16766463058264858
4 , 0.007894615375944608
1 , -0.17983203042466311
0 , -0.15164612069675865
2 , -0.1311009447050947
3 , -0.10348344038358963
4 , 0.009122785129419825
1 , -0.16917734663272027
0 , -0.15959544684268243
4 , 0.05063512460559729
2 , -0.1288789530482213
3 , -0.11648304495162716
4 , 0.04159490934275077
1 , -0.1475335764989646
0 , -0.14991859209972613
2 , -0.14906844738343566
3 , -0.1263420946676318
1 , -0.14880566721639119
4 , -0.0065229888559583055
0 , -0.1747960003601733
2 , -0.12742500385170222
3 , -0.07990000480872358
1 , -0.17561388081821908
0 , -0.17472773777353606
4 , -0.00387734951279882
3 , -0.08642116503370002
2 , -0.16725513146403714
3 , -0.10517177149942288
1 , -0.1773347732020039
4 , -0.11486494129979767
2 , -0.14538724482682844
0 , -0.22529047946801495
5 , 0.04189559391736891
4 , -0.12617855353831325
3 , -0.13586631768240814
1 , -0.19024564469223268
5 , -0.04584862638058938
2 , -0.2036232490570164
0 , -0.28708017821514226
3 , -0.3065456872411905
0 , -0.3374192279733105
4 , -0.49148113768059754
1 , -0.5549830007161582
5 , -0.3705616050024716
2 , -0.5153171936983681
3 , -0.3265412218618563
0 , -0.4287933717015785
4 , -0.3076450230202878
3 , -0.24054361609548197
5 , -0.3452329885014463
1 , -0.5930278444950287
2 , -0.5373414168181385
0 , -0.41548506459402745
4 , -0.29757638122045915
3 , -0.39309356068137113
0 , -0.24158553158068294
4 , -0.15747074854494458
5 , -0.3246994041976511
1 , -0.547264657781529
2 , -0.5382410505776104
0 , -0.2365944597521758
3 , -0.3398515281474439
4 , -0.16496097205963642
0 , -0.2270443124820351
4 , -0.1484546569106262
3 , -0.32002591412615033
5 , -0.38164607598618666
1 , -0.5478888314814944
2 , -0.5107665463986872
4 , -0.14109003631806522
0 , -0.17821343977037715
3 , -0.16675752876719027
5 , -0.013683653056248597
6 , -0.38037255215007404
4 , -0.1579893119011597
0 , -0.19225450673810332
5 , -0.045089061918040185
3 , -0.3078512440466375
1 , -0.5530002401690307
2 , -0.5107114558242579
4 , -0.18474265686582206
0 , -0.21520781773488515
5 , -0.04436071420297787
6 , -0.31269388498192036
3 , -0.18060553436289817
0 , -0.18271965586067196
4 , -0.27902964474784653
3 , -0.21495974493419337
5 , -0.16707146039285192
2 , -0.4707897345184815
1 , -0.5549767386905523
4 , -0.15799747392097396
0 , -0.31702272264944553
6 , -0.36924835404208156
3 , -0.19406358822906264
5 , -0.14125136199231053
4 , -0.15505053885030276
3 , -0.12204420018187316
0 , -0.25301919951480867
5 , -0.09367364003778456
2 , -0.5216611173358991
1 , -0.4950845972269917
5 , -0.09676655138983835
0 , -0.14056490852568507
3 , -0.14705132776276006
4 , -0.31079041799567714
6 , -0.3440142336948249
0 , -0.13769911415824437
5 , -0.17384684193611877
3 , -0.20396593062408766
4 , -0.13552486241095663
2 , -0.4524703070717888
1 , -0.4401828691536005
6 , -0.14806213397413107
0 , -0.15342495455713764
3 , -0.12883389720845279
7 , -0.004998645801080296
4 , -0.13594423241638867
5 , -0.17318056836129553
1 , -0.16134411388153727
2 , -0.26389237664256676
6 , -0.1178849079510706
3 , -0.14809755265890562
4 , -0.23106304789876367
7 , -0.1140257936185273
2 , -0.17103941764267816
5 , -0.2343339918975038
6 , 0.026113118141488187
0 , -0.4364657542971405
1 , -0.432678355698238
3 , -0.2715553509100795
2 , -0.174772608454984
4 , -0.27508042766662255
5 , -0.19706587306580056
6 , -0.0756532228060596
7 , -0.25944356978747807
2 , -0.13011743112221028
3 , -0.28169879237978146
4 , -0.12171309272362606
0 , -0.40704217153660716
5 , -0.13895818183427874
1 , -0.4129815744291755
6 , -0.019545219693289918
2 , -0.16661866588166316
3 , -0.17872170298460618
7 , -0.12104935494889318
4 , -0.15889767409519623
5 , -0.10176364270842954
0 , -0.17516956870315561
1 , -0.2093801644609302
6 , 0.016061656125241033
2 , -0.18256119560432219
4 , -0.13558911972342502
7 , -0.07068236166143015
3 , -0.25103304167682
5 , -0.12910062445921014
0 , -0.18029007578779632
6 , -0.08705673746697547
1 , -0.15754597180712507
2 , -0.15153556518667613
4 , -0.1116905821491978
7 , -0.03864062456535678
3 , -0.21194744054756062
5 , -0.10830555523138513
6 , -0.0959992333488464
1 , -0.17286386430968503
0 , -0.2545762596448715
2 , -0.1474556714610609
4 , -0.13342249775899517
5 , -0.0858849262886169
6 , -0.10729147541636416
3 , -0.2681104057051602
7 , -0.0962253729759977
1 , -0.18928090659078725
0 , -0.12990771981183938
2 , -0.23172787817547214
4 , -0.1150383058511421
5 , -0.09122841216278166
7 , 0.02921161405232016
4 , -0.10356742284470156
2 , -0.1580955885883045
6 , -0.3649789478692122
3 , -0.41924996901876455
7 , 0.04506341558367682
5 , -0.2366626029778862
1 , -0.41907678098992707
0 , -0.38823446546398555
2 , -0.15549698300470716
4 , -0.16065337125532164
8 , -0.16214014993186893
6 , -0.16854227561691135
5 , -0.12629464361433743
3 , -0.23893701701743003
7 , -0.043694729919893344
1 , -0.17847591114462721
2 , -0.15785438524787018
0 , -0.25952060966144386
4 , -0.25117098178307695
6 , -0.09287238671401642
5 , -0.14161410558686302
8 , -0.14436008968449215
7 , -0.10876099231023456
1 , -0.12143437189716037
3 , -0.28500122334374056
2 , -0.18693090782137473
4 , -0.1737971733770664
6 , -0.08939891311262706
0 , -0.22415233799497739
5 , -0.14080739803712225
1 , -0.1577735421090925
8 , -0.10965514065283823
7 , -0.2083170636216255
2 , -0.12201426852782651
3 , -0.26693911548602384
4 , -0.16888068022005703
6 , -0.1183595686230735
0 , -0.14272564042201444
5 , -0.16961594715486958
1 , -0.15785784099157857
2 , -0.14280727282824293
7 , -0.1579685922388432
8 , -0.07117828525552389
3 , -0.2033775761274426
4 , -0.16713014803986903
6 , -0.1088922095517015
5 , -0.14894165099284745
0 , -0.13211671777920736
1 , -0.13292494011784892
2 , -0.12537007425777527
7 , -0.07350958103239247
8 , -0.01895679820480889
4 , -0.19189183587211062
3 , -0.2078977616571497
5 , -0.11062757838717867
6 , -0.19794799045703484
1 , -0.1611120312169955
0 , -0.1973868112744036
7 , -0.0717289563718313
2 , -0.11539491035631826
5 , -0.1314805428595058
6 , -0.06968159004038896
8 , -0.23472602876155202
7 , -0.0939674994750845
2 , -0.13071097984324534
1 , -0.16333460755486404
4 , -0.3765805131477133
3 , -0.39507085284386384
0 , -0.3010966960086435
6 , -0.07648120253426019
5 , -0.1516177742926318
2 , -0.1066816296323973
7 , -0.08154981559797433
8 , -0.06689096058877884
1 , -0.2020773879827117
4 , -0.22063760860244427
3 , -0.27611485939038766
5 , -0.11128250212065931
2 , -0.11556935195121036
7 , -0.1171370606334037
6 , -0.24085812813474008
0 , -0.3360540284638644
1 , -0.2921761004515655
8 , -0.15275636554643218
4 , -0.32546999674012994
5 , -0.15550367576203863
3 , -0.2691882875155636
9 , 0.03825001090161132
2 , -0.16963470797720573
7 , -0.1203259897410839
6 , -0.1540036601847782
0 , -0.11710351878360184
4 , -0.18645088569965385
8 , -0.041421189733306434
1 , -0.19539887713443457
5 , -0.16023954892778008
3 , -0.12557033628684905
2 , -0.1259659432422061
9 , -0.04855455786392516
6 , -0.1715761792230478
7 , -0.26644791168263954
0 , -0.24082605939445542
8 , 0.008032313141968587
5 , -0.13142097594290975
3 , -0.16362499603406128
2 , -0.11819172879776711
9 , 0.03613759370164904
6 , -0.12705917780512932
4 , -0.33028382354027847
1 , -0.2576730328758238
7 , -0.13911296513816282
0 , -0.09309106527922527
8 , -0.1023754747311552
5 , -0.16373510843420147
2 , -0.13636435269434077
3 , -0.1646318179917178
6 , -0.13770885577525777
9 , -0.06310087223826392
4 , -0.17319281163667335
1 , -0.09466636769892234
7 , -0.0814452213719393
0 , -0.07925847411832052
5 , -0.15301974137231988
8 , -0.12665304971391608
3 , -0.1491743343386173
2 , -0.15590653468324983
6 , -0.1412784449894119
9 , -0.013456264330740408
4 , -0.2165514650149588
1 , -0.16513316505864148
0 , -3.3830222470208894E-5
7 , -0.167708399581416
5 , -0.188860974387274
2 , -0.11282672528902121
8 , -0.1625692066934965
3 , -0.162404007267723
9 , 0.02252735227015723
6 , -0.16692924169883458
4 , -0.14332106952732934
1 , -0.09588438986541424
0 , 0.013695943683045952
7 , -0.1566837098912324
5 , -0.1683987092968623
8 , -0.06831588019497564
2 , -0.1326561024180877
3 , -0.0935568154619361
9 , -0.01375834292050987
4 , -0.19412753835513133
6 , -0.16966334135414693
1 , -0.10929326170683618
7 , -0.9376408768918915
2 , -0.8924985721278081
0 , -0.7961274877296662
3 , -0.9295108438676218
5 , -0.9650756278250171
8 , -0.9040606755566304
6 , -0.9474866965645388
1 , -0.9160088240756982
2 , -0.10723991973676623
0 , 0.005144119629905435
7 , -0.14388075933888123
5 , -0.18160285978562893
4 , -1.024873599269207
9 , -0.8695358541052866
6 , -0.1912514365884047
3 , -0.4460540294303062
2 , -0.15591267357850716
0 , -0.040932760742282887
8 , -0.4089663479494555
7 , -0.19974176208428132
5 , -0.20358964593984946
1 , -0.3296655586770043
9 , -0.009388381790569113
4 , -0.31596878900141956
5 , -0.13501556267587628
8 , -0.11013907819042999
6 , -0.26899124345997727
7 , -0.20155534579780604
1 , -0.08607293060579921
3 , -0.2914029397035884
0 , -0.20595917425523882
2 , -0.32747426999411405
4 , -0.19371517988280987
5 , -0.15853070159586308
8 , -0.12448875685297991
7 , -0.12440906304252683
9 , -0.1746322742808551
1 , -0.0870536880527252
6 , -0.2622878821919851
2 , -0.09598864204024408
3 , -0.22563409357832379
0 , -0.09588633932231176
5 , -0.16488985782150717
4 , -0.15364598650218578
8 , -0.10301094182424946
7 , -0.13762166052812286
1 , -0.11405881152797535
9 , -0.1717897167347797
3 , -0.16244709206268715
6 , -0.2753404657427463
2 , -0.17329907825877508
8 , -0.1520860040289148
5 , -0.27988059231381696
0 , -0.13629195750529574
1 , -0.13700805525159446
9 , -0.16991972737364827
4 , -0.3249772442751051
7 , -0.3165116972248009
2 , -0.14895107852692172
8 , -0.10508880490604902
6 , -0.2858235868317404
3 , -0.37895985369826546
5 , -0.2815693312418709
4 , -0.1734093830210012
1 , -0.24961846064386028
7 , -0.1667047631967713
0 , -0.24257377557284782
8 , -0.14782894234809482
2 , -0.25078823774871173
1 , -0.08046736976352306
9 , -0.43576831249553244
7 , -0.10637495747086206
5 , -0.217866038173798
4 , -0.1750714190451184
6 , -0.3780916949640541
3 , -0.3298444832916425
0 , 0.020177796556866984
2 , -0.07307826627785993
8 , -0.11406879753194062
4 , -0.11049097814895237
1 , -0.016073909311048157
9 , -0.12169923235038174
5 , -0.177192145500585
7 , -0.16608227531791991
6 , -0.17851833785092663
3 , -0.10398688769006643
0 , 0.12589741907416127
2 , -0.08629815996288612
8 , -0.1025358473213913
1 , -0.011784873768850502
4 , -0.16431357391556167
9 , -0.15530693836249818
5 , -0.2064059479209054
7 , -0.18209377532453286
0 , 0.057772581926040165
2 , -0.07883123303262736
6 , -0.25188698134073617
3 , -0.21411942554080124
8 , -0.2655395389521894
5 , -0.13900125154335166
1 , 0.00105426900824473
4 , -0.15340624899068175
9 , -0.11947437370350036
0 , 0.12027762806048695
7 , -0.2343930905147338
2 , -0.12812699024936952
6 , -0.20544512499452522
3 , -0.10959845779890919
5 , -0.1357858819781114
8 , -0.2231687063365612
4 , -0.14528217094384707
9 , -0.09078100139189617
1 , -0.04136737689692719
0 , 0.11093645702750468
7 , -0.1750056756201711
2 , -0.119550050057483
3 , -0.1807515817452856
6 , -0.2640518652966004
9 , -0.15955181519388884
8 , -0.21431301524889998
1 , -0.03320409974748411
4 , -0.22018794201326444
0 , 0.08813351942199628
5 , -0.268838278001156
7 , -0.1589828619657581
2 , -0.08765068401092554
6 , -0.22515023566627476
3 , -0.19784028052450883
9 , -0.09827214402017001
8 , -0.1619320535939527
4 , -0.15452439051984754
0 , 0.11238607502309478
1 , -0.050968574260065666
5 , -0.15393319834656335
7 , -0.18057677417631762
2 , 0.022645564736334865
6 , -0.19092787077230106
3 , -0.12745249360035568
9 , -0.09154684049366822
8 , -0.12639895897001935
4 , -0.13385498117426806
0 , 0.10964798193226996
1 , 0.028141168311190113
7 , -0.16344661386288808
5 , -0.16298992877997392
2 , 0.008352552932249924
3 , -0.14112789510663942
8 , -0.10473697912129906
6 , -0.26643691108266665
0 , 0.10431867829991662
9 , -0.183446173391642
1 , -0.00819327720083743
2 , 0.016536457226436676
7 , -0.28020052933020323
4 , -0.298514522095311
5 , -0.24384710617673447
0 , 0.2532591844837418
9 , -0.10218261840555824
8 , -0.21335338798376288
4 , -0.07561606605730697
5 , -0.10889866833562765
2 , -0.038727351512319715
3 , -0.3371579752052065
6 , -0.3834363220735115
1 , -0.18095305758271907
7 , -0.3071652176302742
0 , 0.25251358194205725
9 , -0.09587212059500219
8 , -0.16663902506041647
5 , -0.10659829865174776
4 , -0.09611508720839816
2 , 0.013682228714246276
3 , -0.09804984279534049
6 , -0.1380849554336814
1 , 0.03118678636060227
7 , -0.15066751286568972
0 , 0.2628745414555291
9 , -0.14036317055297884
8 , -0.1294709780505447
5 , -0.170727648107288
4 , -0.1307259785305931
2 , -0.005589080630214764
6 , -0.16941292584599293
1 , 0.13574705674655335
3 , -0.13909669417058163
7 , -0.2063956199498941
9 , -0.12697376647172834
0 , 0.1158869457825772
1 , 0.10642956932970138
2 , 0.0011703052917682658
4 , -0.2423991405718265
7 , -0.19519745234935842
8 , -0.4291400995519195
5 , -0.3832834079450077
9 , -0.24182388098297425
3 , -0.3455895946787008
6 , -0.4343214887891264
2 , 0.005781333780312799
1 , 0.08010081078633348
0 , 0.03390452701860811
4 , -0.10772705074299474
7 , -0.15617297644390604
5 , -0.16517376141898002
8 , -0.21974922648469672
3 , -0.09731055787690683
9 , -0.15254038481302817
6 , -0.15890764001358892
2 , 0.020258602903442863
1 , 0.10833210632163759
0 , 0.20911971515850203
4 , -0.10577200918529829
7 , -0.13794837068521068
5 , -0.12889381999775046
8 , -0.10537479509770888
3 , -0.0930172428108129
9 , -0.1247129837827332
6 , -0.14805507421140024
2 , 0.06649254677778883
1 , 0.0777019693625072
4 , -0.08424246470067837
7 , -0.12810111704473695
0 , 0.2724475197759182
5 , -0.11369562891057643
9 , -0.12059133106345762
8 , -0.2330832333691128
3 , -0.07062404559872093
6 , -0.23458815975839664
2 , 0.13455512248742224
7 , -0.1177113448485912
4 , -0.0884729989842276
1 , 0.022974716213759735
0 , 0.30677990640812935
5 , -0.11262570573599656
9 , -0.09492950054939514
2 , 0.09844639493049304
7 , -0.13364294648929767
4 , -0.058873452451523235
8 , -0.27908929285168516
3 , -0.15020823843069359
6 , -0.3298655393473437
5 , -0.12425298083824943
1 , -0.05391870094444337
0 , 0.15130480909634292
9 , -0.23448491125017912
4 , -0.07021298532643783
2 , 0.11106956217546046
7 , -0.23715258961118124
5 , -0.15306462992935518
9 , -0.13994183666628887
6 , -0.332541992066474
4 , -0.09340653768585155
2 , 0.11883052352959848
8 , -0.43228324840341487
3 , -0.2209492286781051
1 , -0.055659155689761014
0 , 0.14193091368963662
7 , -0.2526446601069313
5 , -0.11287475559642526
9 , -0.12182287753760157
4 , -0.07854391031991226
6 , -0.1532911792242212
3 , 0.02896586441800552
2 , 0.08218216282367097
8 , -0.16846355401331822
0 , 0.3066958587600913
1 , 0.1988326260442308
7 , -0.1357833468343217
5 , -0.0821530220237211
9 , -0.11051205076063829
4 , -0.07058534815705877
3 , -0.023007250741017934
8 , -0.18395808987624415
6 , -0.18963108172895052
2 , 0.06810402822488121
0 , 0.2474707564723703
1 , 0.24191790071852068
7 , -0.12210580148087014
5 , -0.0731684848304365
9 , -0.10412353301470928
4 , 0.03819035064282695
6 , -0.1625234629525193
3 , -0.032227316588462715
8 , -0.23567558268038466
1 , 0.2196557925966456
2 , 0.02887993130395737
0 , 0.1620761309623401
7 , -0.19905284341208937
5 , -0.12041717813521892
9 , -0.1871198486787495
4 , -0.04361437075964755
1 , 0.2106458395065896
6 , -0.21344351755732424
8 , -0.2147924748521306
2 , 0.1661611144379706
0 , 0.19862068435171054
7 , -0.13172945852376897
5 , -0.10835900818388153
9 , -0.11839704047732215
4 , -0.04837859706187297
8 , -0.1521848482301865
3 , -0.34374927790822735
6 , -0.17948287023846424
1 , 0.16732756328581486
5 , -0.08748081327122578
2 , 0.17032561558707124
0 , 0.15564547045649083
7 , -0.20120895806074698
9 , -0.19994497742555634
4 , -0.13570198330921862
8 , -0.2199832145991759
6 , -0.21068246621042258
3 , -0.12792286695273594
5 , -0.213221865036166
1 , 0.07806469388700787
9 , -0.27142586369088156
0 , 0.064023650025587
2 , 0.035666061892688616
7 , -0.318067323271199
4 , 0.03252831280946558
8 , -0.16900284415394726
5 , -0.10053017533383508
6 , -0.21842100155658767
3 , -0.06672108398604913
1 , 0.24499429766142972
9 , -0.15455536543419424
0 , 0.24671202251903265
2 , 0.21331106932403407
7 , -0.2073831234212442
4 , -0.07554922409738235
8 , -0.2350922345876447
5 , -0.10984232882116925
6 , -0.14908212140729876
0 , 0.17108196603808262
9 , -0.21177217838159115
1 , 0.23124760630136426
3 , -0.09774697742579917
2 , 0.18895538106010817
7 , -0.18249796234055746
4 , -0.01202437597735608
8 , -0.20128407257554642
6 , -0.12268361107232048
5 , -0.13721655670638608
0 , 0.17844554420917277
9 , -0.151682001535498
1 , 0.3199636997596754
3 , 0.09915555184644809
2 , 0.21046265977796333
7 , -0.1316089029030223
4 , 0.014936877405288262
8 , -0.18426629626461621
6 , -0.11501847812582942
5 , -0.1786927094583693
9 , -0.1563066308064346
3 , 0.13246595292045052
1 , 0.22944363003800003
7 , -0.13594112021480512
0 , -0.009531657902323375
6 , -0.13735943791567948
2 , 0.09860244048881397
9 , -0.24131275391261972
5 , -0.2186828459768172
4 , -0.24574322684374367
3 , 0.0068332655888674815
7 , -0.15818144065915546
8 , -0.413218415781302
1 , 0.2255191661557038
6 , -0.18146158667553122
0 , -0.004256891399786233
2 , 0.21522720216240787
9 , -0.16924861315102077
5 , -0.0011152248524131884
3 , 0.11543367777825457
4 , -0.017070419783052394
8 , -0.18552209788815813
1 , 0.2596782608802332
7 , -0.19424513221488682
6 , -0.29115918817453434
3 , 0.1225964921860362
5 , 0.013892124100720202
1 , 0.24590475836484332
0 , -0.019800503063831597
7 , -0.11780756219141646
4 , 0.031217276925668037
2 , 0.1286500770493341
9 , -0.33308941663567065
8 , -0.3264324012456662
6 , -0.09590992332427652
3 , 0.15088699780703352
5 , 0.04994992842433018
0 , 0.1624859008100304
7 , -0.11662243476692911
1 , 0.21057364164309458
2 , 0.2941684335366879
9 , -0.18481199553021407
4 , 0.025914908235713404
6 , -0.09885208630995379
5 , 0.010844498750759034
3 , 0.09749609783223513
8 , -0.295572346538078
4 , -0.0369289658004875
1 , -0.024987501855656673
7 , -0.4175702669299828
3 , -0.02576653021887079
9 , -0.4380922014000882
0 , -0.16908168482979108
2 , 0.01779285274412833
6 , -0.2650184834042365
5 , -0.15073111806575698
8 , -0.3352621298335829
4 , 0.11320774227109404
1 , 0.16531379825065384
3 , 0.25354570292641215
7 , -0.11947248698569135
5 , 0.039426012493374046
6 , -0.09737372827225585
0 , -0.009247639219745809
2 , 0.20632333933405134
9 , -0.21711878988649086
8 , -0.19163362319428864
4 , 0.0759885287050649
3 , 0.2559780368692981
0 , 0.05065191211512674
6 , -0.07287247304903864
5 , 0.003072269951615634
1 , 0.14147391324535605
7 , -0.1722595375958747
2 , 0.19282512181329572
9 , -0.20461322660792275
8 , -0.1133452130721667
4 , 0.10934831304408317
3 , 0.2598980270374548
0 , 0.04264867255429955
6 , -0.08682136138785318
5 , 0.02251303537506519
1 , 0.11117026744180035
7 , -0.1742500773220865
2 , 0.16337893887976693
9 , -0.23569564891416
8 , -0.28614730972804814
4 , -0.1410883402065436
3 , -0.050165141231990236
0 , -0.2884711018635408
6 , -0.41887378572002093
5 , -0.30841647214727574
7 , -0.4017095927908331
1 , -0.14731112167049643
2 , -0.05305101103914553
9 , -0.47999774674511525
8 , -0.43309743759118324
4 , -0.22722438644352624
3 , -0.11459545078118918
6 , -0.4273370570179921
5 , -0.3199931547277128
0 , -0.35882889656094935
1 , -0.14079484590949945
2 , -0.07132706884412286
9 , -0.4378002842839739
7 , -0.457676629438293
8 , -0.432089554136238
4 , -0.10281935348796037
3 , -0.09339043921082638
0 , -0.3060336645325784
2 , -0.07347155236245162
6 , -0.44920450107050847
5 , -0.22907076949347654
9 , -0.4513833639104534
1 , -0.18335553804812685
7 , -0.43282222505375845
8 , -0.42834791446584225
4 , -0.09709997356384716
3 , -0.015405802435998798
0 , -0.3162475760095751
2 , -0.15875384691294922
9 , -0.4486319852318058
7 , -0.3961373194961559
5 , -0.24495238252509557
6 , -0.4609878691560121
1 , -0.1588959450776411
8 , -0.4471917616854023
4 , -0.09567781303487902
3 , 0.016543450104624546
2 , -0.1488060340975683
0 , -0.3150491053516011
7 , -0.40606851208620853
1 , -0.13587569212885572
9 , -0.4537190390485867
6 , -0.4310876811299067
8 , -0.44201389842474365
5 , -0.238216172680896
4 , -0.10072670334439932
3 , 0.007600279686296967
2 , -0.13254619961945843
0 , -0.317933841616783
9 , -0.4390911075863019
7 , -0.4135147290993141
1 , -0.16042203148891682
6 , -0.4252368894223656
8 , -0.4495025579862158
5 , -0.22846107355019993
3 , 0.00714783621868845
4 , -0.10258193419912001
2 , -0.16102401832337018
9 , -0.4578543215480417
7 , -0.42653099615383183
0 , -0.333759229718473
1 , -0.31665630343185575
8 , -0.44995117197513784
5 , -0.21598323314506115
6 , -0.46003578924877847
3 , -0.03233879644194095
4 , -0.09451127534536272
2 , -0.16952711023987832
7 , -0.42761543054449364
9 , -0.468440330202908
1 , -0.3093770106753702
8 , -0.47475971011332124
5 , -0.22625903716680854
6 , -0.3202738959118838
3 , -0.09678542905490752
4 , -0.03447079074171869
2 , -0.15251027894694527
9 , -0.44729102235131274
1 , -0.29538844174746176
7 , -0.43086344593606596
8 , -0.4412961358212408
5 , -0.20600076402533418
6 , -0.3013856240580462
4 , 0.20015954142921827
9 , -0.25110868027122435
8 , -0.22473922481724926
3 , -0.09063163569407119
2 , -0.17429854875300202
7 , -0.30725610417313914
1 , -0.33485874292576506
6 , -0.2848037510096272
5 , -0.19523306061048848
8 , -0.12180241644210213
4 , 0.1014147254413568
9 , -0.28111457004241774
3 , 0.09952218034149352
5 , 0.15629261868298983
4 , 0.29724240099545607
8 , -0.1363009003953355
7 , -0.25851538065552065
2 , -0.26768694196497056
9 , -0.2679669225496344
1 , -0.31356401495109093
6 , -0.3225552466482083
8 , -0.1374053321480291
4 , 0.1797558030468341
3 , -0.07639236545058643
7 , -0.07212470273558777
9 , -0.2157395387323505
5 , -0.10392935779031008
8 , -0.17748615216228245
2 , -0.28500042512050466
4 , 0.23428703228060346
6 , -0.2857883012321898
1 , -0.3179111799662151
9 , -0.30476330232399873
3 , -0.07929865906434565
7 , -0.3274196291854633
8 , -0.3007917610466919
4 , 0.040126192182479654
5 , -0.09132776931477911
2 , -0.31075899308956173
1 , -0.3138005109867414
6 , -0.33013959423709044
9 , -0.42142684219960747
3 , -0.09993505704741978
7 , -0.3124166815618981
4 , -0.06043675694029242
8 , -0.43383688195952747
5 , -0.05602993604586521
2 , -0.3133928003082497
9 , -0.39841771042417057
1 , -0.3300305525302988
6 , -0.3179089241796036
3 , -0.14793407588995827
4 , -0.0685741874523706
8 , -0.3777419764095211
7 , -0.30278767186991146
5 , -0.03531563118867743
2 , -0.3096827905101363
9 , -0.3783473754009479
6 , -0.31343289852533207
1 , -0.3145351826154322
3 , -0.15945418643838138
4 , -0.05920541697483533
8 , -0.41503898228485975
5 , -0.05969035036427817
7 , -0.32172571787504894
2 , -0.3221445689739634
9 , -0.39202567164498514
6 , -0.29167326055234444
3 , -0.0622673971509153
4 , 0.005286918066171704
1 , -0.34960948525219787
5 , 0.06529091651978444
7 , -0.21700195214523543
8 , -0.46463406749060016
9 , -0.4470736462335621
2 , -0.35060782957007913
6 , -0.3178051662194533
3 , -0.13597684250179884
4 , -0.1664233075752435
5 , 0.002814927598517987
7 , -0.31262185744343796
8 , -0.4218049599474306
9 , -0.4072849270693206
2 , -0.31598675182744906
3 , -0.11780638011496705
6 , -0.18649281062462833
4 , -0.098698272236442
5 , 0.05671244157724097
7 , -0.2634569650652048
8 , -0.32975712158995246
2 , -0.161651728466837
9 , -0.35286691169609014
3 , -0.049464694847387275
5 , 0.11598324162782532
6 , -0.15776490210121694
4 , -0.09570580618339365
7 , -0.09760613264966331
2 , -0.05281705792131245
9 , -0.10754612096148612
8 , -0.3975226831050165
3 , 0.15917012596403868
4 , 0.13996495838545098
6 , 0.01778258661962599
7 , -0.05610583780286375
5 , 0.04395575033976777
8 , -0.09128253359453953
9 , -0.37849725309848486
3 , -0.2865038712785181
6 , -0.08158485880351733
4 , -0.12131756847061718
7 , -0.08765582325944596
5 , -0.008704815953153228
8 , -0.28097035587004543
6 , 0.017068598493259778
9 , -0.39020105216657913
7 , -0.06401883032267758
3 , -0.28692033766809033
4 , -0.13187854649597355
5 , -0.0020028574470989527
8 , -0.2818506403194431
6 , -0.18341546881896587
7 , -0.12579673191467403
9 , -0.3949313031383002
3 , -0.2326398428273205
5 , 0.04241650341102328
4 , -0.06427619639340473
6 , 0.06870391633793883
8 , -0.09174582675146008
7 , 0.06007324093775746
9 , -0.15816499688158267
3 , -0.010464439969892159
4 , -0.04157453750463252
5 , 0.1339812446626559
6 , -0.01296875806457562
8 , -0.10125326436166782
7 , 0.06544026705894646
9 , -0.31787702174110144
3 , -0.19546921101066583
5 , 0.08465456692129947
4 , -0.2485165061211155
6 , 0.020238528139251633
7 , -0.10197356267047637
8 , -0.23696502227381908
5 , 0.17868859557835093
9 , -0.3436198593795206
3 , -0.22944653787250538
6 , 0.12252820769255574
7 , 0.06822109679331753
8 , -0.1551395886762845
4 , -0.30534661798100304
5 , -0.08783151294700571
3 , -0.366177217132844
9 , -0.3740778240504698
6 , -0.1529015561753218
7 , -0.14560741909108774
8 , -0.3669959225361845
4 , -0.3795150165667004
5 , -0.2080273303352302
9 , -0.3056998261876409
3 , -0.31336211211915627
4 , -0.19282433027525475
6 , -0.14929493089957233
7 , -0.14699007187460164
8 , -0.3665384548592302
9 , -0.16323006323933806
3 , -0.1614763526789558
5 , -0.21510849446413183
4 , -0.25873109839383346
6 , -0.10697427759509301
7 , -0.11254539985421942
8 , -0.33208000898264517
3 , -0.2407881194218735
9 , -0.30981678879491054
4 , -0.15908682775172914
5 , -0.17942812895432922
6 , 0.016706376112155027
7 , -0.12303586227494641
8 , -0.2528923728812296
9 , -0.2931260927016734
4 , -0.28691991146382895
5 , -0.12483610720921953
6 , 0.04788281161516781
9 , -0.14906985603412481
4 , -0.13790065549847805
7 , -0.04087772678173387
8 , -0.15404408694651947
5 , -0.09590749704917209
6 , 0.1749508563056434
9 , -0.14090978382597244
4 , -0.13975661697337013
5 , 0.10689069331800553
6 , 0.13084610811826825
8 , -0.18840879610239322
7 , -0.03459693604817237
9 , -0.04562633119548191
5 , -0.02730923486189403
6 , 0.18760563457693766
9 , -0.22334444363298261
8 , -0.2011476857262203
7 , -0.036001009910727494
5 , -0.2908019438990493
6 , 0.16226592709873477
9 , -0.025632733194696243
8 , -0.018752677427951742
7 , 0.26946642508453517
5 , -0.06619830231919738
6 , 0.18654589863709606
9 , 0.06692294462287911
8 , 0.018866877965560403
7 , 0.24188460273486648
5 , -0.06128076310684248
6 , 0.16776450603922521
9 , 0.03681300964773064
8 , 0.04921939573778614
7 , 0.26285345381705144
5 , -0.043677763828145505
9 , 0.06654312395322222
6 , 0.06991383938742714
7 , 0.19165179972825078
5 , -0.10324020894892802
8 , -0.12290302085141307
6 , 0.1740031525090278
9 , 0.03853478575391623
7 , 0.15552351517454624
5 , -0.026053355322602757
6 , 0.19537667364585246
9 , 0.049088551338549224
8 , 0.07782420038194576
7 , 0.17876221066473688
5 , -0.03543950469718189
6 , 0.1816980875302251
9 , 0.0737121832345495
8 , 0.20453073105892897
7 , 0.19832071683952301
5 , -0.03880059706379564
6 , 0.10874619993102308
9 , 0.05386522004968612
8 , 0.14354702634472558
7 , 0.1790442813626588
5 , -0.012330955580146859
6 , -0.008409611098918617
8 , 0.14033058513472685
9 , -0.07704919429746046
7 , 0.12317784224373787
6 , 0.14338382071429495
9 , 0.21448691400566355
8 , 0.17199230082786993
7 , 0.05910487903329789
8 , 0.16552523394800997
7 , -0.028936943551409595
9 , -0.08664211178940016
6 , -0.18764882750099124
8 , -0.035095342823683345
7 , -0.18959599440259406
9 , -0.1246415514552913
6 , -0.1762623605380044
8 , 0.02241164135511412
9 , 0.15472492303962293
6 , 0.09937049694886688
7 , -0.1341773649774864
8 , 0.22156401817662374
6 , -0.025574258743451313
9 , 0.0076996222400451605
7 , 0.10564891504853442
8 , 0.25739303957163023
6 , -0.13534468803287
9 , 0.05839323430610343
7 , 0.07499780881215103
8 , 0.27492240937240425
6 , -0.017511968641272767
7 , 0.12012590775213786
9 , 0.23985537295480097
8 , 0.20247763349470402
6 , -0.25941008900363055
7 , -0.3117530136510604
8 , -0.08080941773015511
9 , -0.04332322906496382
8 , 0.24768604297788513
7 , -0.0012442502111940715
6 , -0.2497056106038712
9 , 0.14401046204223159
6 , 0.014235967352117015
9 , 0.31072440253523415
8 , -0.0670928220386436
7 , -0.3091375386968679
6 , -0.04911649446846583
9 , 0.1734190207598764
8 , 0.15609865663324088
7 , -0.0901855468661363
6 , -0.23427455745035433
8 , 0.14270740693279882
7 , -0.05516231555497059
9 , 0.015909343447469616
6 , -0.03418113961927734
8 , 0.08835397743163137
7 , -0.019550617032896796
9 , 0.17224571535140942
6 , -0.037856396008526215
7 , 0.02660943151442266
8 , 0.13734822986450335
9 , 0.20775509546397466
6 , 0.027833462378281746
7 , -0.05665490771581194
8 , 0.10616905825438679
9 , 0.1641399995938372
7 , -0.03674994606057621
8 , 0.14212232713879006
8 , 0.11091795726602052
7 , -0.09575662960957165
9 , -0.09968706583088988
8 , 0.08807938765622764
9 , 0.05226257648226041
8 , -0.1750942928227369
9 , -0.16251363503124522
8 , -0.36713165161368905
9 , -0.20750787106684604
8 , -0.3041577427957839
9 , -0.16310304230294934
8 , -0.13782850565881555
8 , -0.1046084032014824
9 , -0.20546278218453373
8 , -0.3595813172618761
9 , -0.19932328966844434
8 , -0.2857523826748211
9 , -0.1292044408903037
9 , -0.12953516719063765
8 , -0.3055048503726711
9 , -0.08165718121737074
8 , -0.3058256093936643
9 , -0.08705254719123698
9 , -0.0738667547469591
8 , -0.30090624753732914
9 , -0.0713767910179669
8 , -0.04895694098123947
9 , -0.07283578140711475
9 , -0.05848603950377877
9 , -0.014192257773558186
9 , -0.08108067142956804
9 , -0.06729114786272739
9 , -0.020989850069378976
