 Number of tacts (im units) = 10
 Number of massive (im units) = 13
 Command Line curl 10.152.183.163 > /dev/null 2>&1
cycle , cPeriod , count , procDur , procTime , lI , spb
0 , -0.15991497074677755
0 , -0.09934678270957713
0 , 0.0037107856138695263
0 , 0.041085526115572445
0 , -0.015589292315192797
0 , -0.014940811361705877
0 , -0.07676565386871192
0 , -0.05002784679504719
1 , 0.007223251216160453
0 , 0.052247340762142734
1 , 0.030090242065217453
0 , 0.023205085684051937
1 , -0.026551608277222527
0 , -0.12686080559819493
1 , -0.018143629195474454
0 , -0.20571186005329703
1 , -0.050225772926248684
0 , -0.20264263406050345
1 , -0.04743430014382263
0 , -0.2011009145230973
1 , -0.09773418154758617
0 , -0.1775623073530378
1 , -0.057091215107840515
0 , -0.1652594094108078
1 , -0.05589333006988024
0 , -0.1736035776494814
1 , -0.0069811137398362415
2 , -0.003111146462661058
0 , -0.16034638030762993
1 , -0.142004536580778
2 , -0.03750235339761916
0 , -0.1665501964106606
1 , -0.14894270463989984
2 , -0.0032670383942889564
1 , -0.0800470454009178
2 , 0.012763014027653152
0 , -0.16355423408662245
1 , -0.1454899595293892
2 , -0.022682439551030397
0 , -0.1828529565048457
2 , -0.012592475085152002
1 , -0.15485172614204643
0 , -0.15285931324451926
1 , -0.10509633991984232
2 , -0.026354566449966983
0 , -0.1536106364209165
1 , -0.12296743202938977
2 , -0.0038366285105533113
0 , -0.18018347998563852
2 , -0.001960144398727189
1 , -0.12864890692209413
0 , -0.16216123031515395
1 , -0.12475097221809554
2 , -0.017874762646063455
0 , -0.20978098199724837
3 , -0.017340744378853256
1 , -0.09787817506446964
2 , -0.11917750076840082
0 , -0.1926925029906748
3 , -0.01161201039824743
1 , -0.1072397433167481
2 , -0.08739532025930147
3 , 0.002430368015483455
0 , -0.22017252450399466
1 , -0.10433282211268705
2 , -0.12798064524357702
3 , -0.04027930742434956
1 , -0.1702610150064449
0 , -0.2486389968223956
2 , -0.21035993934522942
3 , -0.1855503703930903
1 , -0.2953348056320106
2 , -0.23159461137249396
0 , -0.354134108882734
3 , -0.2075519701672405
1 , -0.35437795729523647
2 , -0.3272378609792485
0 , -0.38625432352940653
3 , -0.036964545510974674
1 , -0.195944205806389
2 , -0.15330071144919208
0 , -0.1974193258565171
3 , -0.13719628692513927
2 , -0.17314218210376023
1 , -0.26927820700814015
0 , -0.34682374960347456
2 , -0.17155119248961037
1 , -0.20904394972559237
4 , -0.14327995137189917
3 , -0.19725163177110772
0 , -0.23366087809068353
2 , -0.17228945882445396
1 , -0.16134021518454975
4 , -0.0011240183313493022
3 , -0.03328383382867788
0 , -0.16880405363810472
1 , -0.129745131383499
2 , -0.13178185076025162
4 , 0.021961622453610264
3 , -0.17701463065632955
0 , -0.2869069498810484
1 , -0.2682775770388543
2 , -0.22903090405857485
4 , -0.10850288541206617
3 , -0.1880106497030423
0 , -0.17106771878873914
1 , -0.2187702110613124
4 , -0.02312655773428344
2 , -0.329349657207388
3 , -0.2696725151935515
0 , -0.19077796700655608
4 , -0.0649197431398412
1 , -0.22043301056351516
2 , -0.19468493235637563
3 , -0.1269555635847507
0 , -0.19700889640273148
4 , -0.0769588944498921
1 , -0.2205014834909432
2 , -0.21489450734600718
3 , -0.17323744047771086
0 , -0.20648418951074368
1 , -0.19307513919525432
4 , -0.0634131537010413
2 , -0.1894745617293954
3 , -0.16380845713572642
0 , -0.21948549310019333
1 , -0.18270652191653636
4 , -0.07284720238283884
3 , -0.08994919210870432
2 , -0.1477903349470042
0 , -0.15599452467433633
5 , 0.016923851827577725
1 , -0.15027054658843625
4 , 0.023156068465279473
2 , -0.11580571265849247
0 , -0.15647068757535504
3 , -0.11475489372277566
5 , 0.034416306694696835
4 , -0.08965609068268994
1 , -0.17494590515518335
2 , -0.1211395098203114
3 , -0.06255003474997056
0 , -0.23922740115599037
5 , -0.014079930641735815
4 , -0.1318137361216891
1 , -0.19783184691546848
3 , -0.06984809046727883
2 , -0.1293813455655169
0 , -0.15913010566776373
5 , -0.7010073143465771
3 , -0.7769392644967743
4 , -0.783088631278049
1 , -0.8439774558019401
2 , -0.8117581463396873
0 , -0.8838383196463109
4 , -0.055203914199136804
3 , -0.06245621385913613
5 , 0.022243938125867294
1 , -0.1764085255797099
2 , -0.14161577314511137
5 , 0.01982330901937227
0 , -0.18877173123060043
4 , -0.11342149025617299
3 , -0.11156180356499888
1 , -0.1524487566089256
2 , -0.14068515873219625
5 , 0.005683507352873778
4 , -0.09695139496134952
0 , -0.1726796698761293
3 , -0.15171129407472464
1 , -0.14356144503545556
6 , 0.013001283068464934
2 , -0.1201544194299553
5 , 0.01307995934581742
3 , -0.10571868650277788
4 , -0.10005969734105195
0 , -0.18652619177872098
6 , 0.019581495840094137
1 , -0.17428841373756293
2 , -0.11934418013448185
4 , -0.10689064417923638
5 , -0.005156823067776902
6 , 0.009604663958852268
1 , -0.15718871745671079
2 , -0.12954728196754658
3 , -0.18121213075154843
0 , -0.18722774226822486
5 , 0.005033431448227774
6 , 0.024538871858292958
4 , -0.13403307219889266
3 , -0.13784180700379173
0 , -0.16628394683200562
2 , -0.14707451255547838
1 , -0.17911740907640766
3 , -0.13262734130684986
4 , -0.12464560507659697
5 , -0.14455209866941568
6 , -0.030648815109671285
0 , -0.1833947893297115
2 , -0.18913925645630672
1 , -0.18389219085615036
0 , -0.12413298133562481
4 , -0.10805949883338727
3 , -0.16268761908339485
2 , -0.153201113281983
5 , -0.11900651694634234
1 , -0.1585524073708526
6 , -0.01235379258805442
0 , -0.14792010616720916
3 , -0.14034961532958698
4 , -0.1358383623905153
5 , -0.12094608674042848
2 , -0.18951817691207654
6 , -0.010132610756798152
1 , -0.20210944085975804
4 , -0.09949142397073499
3 , -0.15049525314559056
0 , -0.1582129088266839
2 , -0.19204416056390494
6 , -0.011026749002077505
5 , -0.14799914824677898
1 , -0.1726913568308593
4 , -0.11339921004971687
3 , -0.13600113731319835
0 , -0.1415387077115158
2 , -0.14650661887654465
6 , 0.019043364412144874
1 , -0.15056513672572694
5 , -0.11633453652887056
4 , -0.13611581359017536
3 , -0.15636845107644
0 , -0.1454640218786386
2 , -0.16318653278701203
6 , 0.019198397019721772
1 , -0.17007871501678362
5 , -0.10245936258407258
4 , -0.12804332677169197
0 , -0.09609596115038456
3 , -0.10522923157809869
2 , -0.15477354834132093
7 , 0.033402942856907224
6 , -0.09992197110361473
1 , -0.1159373927762997
5 , -0.09515968244555369
3 , -0.14602510437304586
0 , -0.15398728266590492
7 , 0.022244898074565825
6 , -0.0778577121865612
1 , -0.10246982174231314
4 , -0.18240812667993445
2 , -0.1661850536678663
5 , -0.09354812057185323
7 , 0.01808698140343204
2 , -0.14018779405235757
3 , -0.1380898472418946
1 , -0.1414560095423658
6 , -0.1193628288718384
0 , -0.16805943534233686
4 , -0.16353075268490647
5 , -0.12923523057917213
7 , 0.016568038860660345
6 , -0.07424783987282375
2 , -0.1595034111359833
0 , -0.12395728465206866
3 , -0.1577025052725022
1 , -0.14201786266486435
4 , -0.13987777961344242
5 , -0.08032248922124252
2 , -0.13491988610406463
7 , 0.012458992582944839
3 , -0.15268069656012428
4 , -0.11600652282312615
6 , -0.13683216755423944
0 , -0.14811417154473044
1 , -0.14345919907019056
5 , -0.07458029165605698
2 , -0.1529005102437556
4 , -0.12026220200388332
6 , -0.09176732997442436
3 , -0.17969347421900442
7 , -0.027991969874548515
0 , -0.13515729165629753
1 , -0.1323659848695841
5 , -0.11487993577819756
2 , -0.1971054421575698
4 , -0.11142591003190042
3 , -0.13093932692076543
6 , -0.09765143363594506
7 , 0.02135401911413889
0 , -0.12494428468497895
5 , -0.07218078607106045
1 , -0.15025402768201715
3 , -0.13389500711292066
5 , -0.08537884999486661
7 , 0.01986226803020239
2 , -0.18432958175184574
4 , -0.16176333842980578
0 , -0.13269906134068346
1 , -0.11436178583371588
6 , -0.1223716421877289
5 , -0.14915225332412607
3 , -0.19686530024702348
2 , -0.16102126537585967
0 , -0.12256629495337167
6 , -0.08586732132323266
4 , -0.14010343520489685
1 , -0.13039695439007676
7 , -0.014032460332863992
2 , -0.13512134598724945
6 , -0.0995994823224568
7 , 0.034744050841451185
3 , -0.1890611986453178
1 , -0.13484784768438982
4 , -0.13999165718138706
0 , -0.1249930460851938
5 , -0.17250186127032924
2 , -0.12040852774026344
1 , -0.12892251312697883
3 , -0.16992769312970815
7 , -0.13749687124324939
6 , -0.1400266032154363
0 , -0.12600008244901845
4 , -0.17254199429716718
5 , -0.16933958370848237
8 , 0.01990623181113167
2 , -0.14122811304665142
3 , -0.1796181369943653
6 , -0.09639938647549998
1 , -0.16040314159734143
7 , -0.09916052730852712
0 , -0.1012300189328016
5 , -0.11982214435294716
4 , -0.1502585876512591
8 , 0.0228197397063986
2 , -0.1373809302659641
3 , -0.1350650636854835
1 , -0.10698623190552768
7 , -0.10301508370545372
5 , -0.13068933485897005
6 , -0.1286743481869523
4 , -0.15567636760499035
0 , -0.13064553841658655
8 , 0.006896032645624983
2 , -0.13569442953553126
5 , -0.1361424781525365
7 , -0.11429945372618916
1 , -0.1851666438880452
0 , -0.18000023178196733
3 , -0.3098536553554862
4 , -0.27340280013965684
8 , -0.07677162229069441
6 , -0.2576335201654461
2 , -0.5245057928538949
5 , -0.5369351922889213
7 , -0.509867598180242
0 , -0.4928098231595459
1 , -0.5349615470803023
3 , -0.5553190573352111
6 , -0.5378085269862068
4 , -0.5826331179069999
8 , -0.41164340634871854
2 , -0.5364342404245738
5 , -0.5375332061422662
7 , -0.5228378675562859
0 , -0.5089703413797434
3 , -0.563990183037359
1 , -0.5093124603185657
6 , -0.5235535278756407
4 , -0.5761567677224517
8 , -0.4107418980780325
2 , -0.5324516336859734
5 , -0.5082169310927328
7 , -0.4747989874186481
4 , -0.47987306786306694
6 , -0.4907920895521898
3 , -0.5565677990080069
0 , -0.5024183624700337
1 , -0.4995944504178465
8 , -0.40585950808060944
2 , -0.18225841255474107
5 , -0.3166178805047248
7 , -0.28394072292532396
9 , -0.42011696896525275
4 , -0.3497661250419239
3 , -0.3271928309540014
1 , -0.3275283725036392
0 , -0.3426594998198495
6 , -0.5854065822441812
8 , -0.43885766340368043
2 , -0.5467819740421094
5 , -0.5027764859182797
4 , -0.546989571993936
9 , -0.37631433022737526
7 , -0.49593990811325367
3 , -0.5501343095453
0 , -0.44761106226974423
1 , -0.45681553175357703
6 , -0.501804680258145
8 , -0.3699521230466366
5 , -0.4920974574486669
2 , -0.5376260276500007
7 , -0.45900474896628735
9 , -0.34826926112647816
4 , -0.5345958252960911
3 , -0.5045492573182919
0 , -0.4924178050180731
1 , -0.49819369540223185
6 , -0.5348863564139489
8 , -0.3445588261030198
5 , -0.482740715001208
2 , -0.5114654789424633
3 , -0.4721590752052703
4 , -0.5189792581889596
9 , -0.3785844439647442
7 , -0.5030573218360085
0 , -0.48863151839037994
1 , -0.48384283569896736
5 , -0.5386654331048863
6 , -0.5980869204084439
8 , -0.492807354518065
2 , -0.5084438945062618
3 , -0.5261292539143659
4 , -0.562068105294241
7 , -0.46704604372074987
9 , -0.3703560157233867
0 , -0.4609519488917737
1 , -0.4933629893944199
8 , -0.2517414463495356
5 , -0.3449172111685451
4 , -0.20602664905276036
7 , -0.2537534572524159
2 , -0.4836462658640841
6 , -0.5287254462224726
9 , -0.3325930816224276
3 , -0.5114148593980674
0 , -0.3528941198491052
1 , -0.453551210184808
8 , -0.36163076355426055
4 , -0.467363669340485
5 , -0.49708722607193867
7 , -0.42260271633138785
6 , -0.5225200219238232
2 , -0.5126051706615529
0 , -0.31491288429067127
9 , -0.3823061215949056
1 , -0.42188359446247153
3 , -0.5432630113446496
8 , -0.4221161658322409
5 , -0.5150101730967073
4 , -0.5268061496667968
7 , -0.47627038003092664
0 , -0.1424135894434825
8 , -0.18756834922248397
9 , -0.14856323339000402
1 , -0.25566115310626847
3 , -0.2670064671598711
2 , -0.41023780353237715
6 , -0.453267536364554
4 , -0.45354042857159677
5 , -0.5153177070434657
7 , -0.5186565211459396
3 , -0.41900273878114286
8 , -0.4396883944479914
9 , -0.32152583488182573
1 , -0.4447699541462667
0 , -0.34718629374193605
2 , -0.39539411739977837
6 , -0.446358789482578
4 , -0.3710044016610837
5 , -0.2949066347003475
7 , -0.28479157816124534
8 , -0.26416850079126375
2 , -0.25731232529078035
9 , -0.26507907639811684
1 , -0.3855552023317529
4 , -0.26948996270676007
3 , -0.49789058007472925
0 , -0.3276067078898719
5 , -0.38347818883541784
7 , -0.3077812694175183
6 , -0.5180016159237809
2 , -0.17259978896088715
4 , -0.16745298757271676
9 , -0.2704380859304131
1 , -0.13684085323863435
8 , -0.4396128162177178
5 , -0.29224545671403496
6 , -0.2812582776843084
2 , -0.22287048063990567
3 , -0.43395719666261706
7 , -0.363137769720935
0 , -0.3388747488143351
4 , -0.34738822141953896
5 , -0.23274033999876148
8 , -0.1970244837418297
2 , -0.2628372158151233
9 , -0.491655510804808
1 , -0.3895316418778643
6 , -0.41850756736563505
7 , -0.38183504554240877
3 , -0.5074563345496649
0 , -0.2980984291743147
4 , -0.450777224363465
5 , -0.4915784521683382
8 , -0.43143215903422755
1 , -0.17298536804110684
9 , -0.31823713850538027
2 , -0.4207042506969091
3 , -0.2627315715582655
7 , -0.4197478207089972
6 , -0.48053865717320843
4 , -0.20395292955603342
8 , -0.1370908666868373
5 , -0.30395457841152607
0 , -0.2549542436815166
1 , -0.1678219162338632
3 , -0.20222824880515036
7 , -0.21815650934852232
4 , -0.2160601520095798
6 , -0.2901183987378506
8 , -0.22812330293993474
9 , -0.4386940765000758
2 , -0.4825289904646554
5 , -0.41101904827680713
0 , -0.37346862878309117
1 , -0.35628828690098635
3 , -0.5201067326794548
7 , -0.5159513220343137
4 , -0.5213755054639471
6 , -0.5562218846025163
8 , -0.47822006614442725
9 , -0.48012705649554843
2 , -0.3921178747168926
0 , -0.17596584565588716
5 , -0.561630603783052
1 , -0.1123912197435527
7 , -0.22528142228838527
4 , -0.2942289967753339
2 , -0.16409012077156507
0 , 0.01902674798271533
3 , -0.4764689353605878
1 , -0.005798255959251019
7 , -0.18252284461058285
6 , -0.540581923895834
4 , -0.17560248677864515
8 , -0.5228423846235071
9 , -0.4867463469960069
2 , -0.2847237495401052
1 , -0.018063107521233076
3 , -0.15452571711110136
5 , -0.5152271544626473
0 , -0.0989785744326573
4 , -0.3755778597623219
7 , -0.5220900943611056
2 , -0.34228607134313443
6 , -0.5488938347282052
5 , -0.40810283654393853
1 , -0.2706330756290262
9 , -0.4937969167013791
8 , -0.5650594507289515
0 , -0.13973689147668078
3 , -0.476291956886351
4 , -0.4060439175392261
7 , -0.5186541451443174
5 , -0.48938526853556535
2 , -0.39188334004347175
9 , -0.41911425462619567
1 , -0.3701873113441757
6 , -0.5646560489735128
8 , -0.4777597250168717
0 , -0.2451800090539792
3 , -0.428270846458532
4 , -0.3210958372674992
5 , -0.1638686656649501
2 , -0.018443881288129522
9 , -0.13634808814129395
7 , -0.3161762208629912
4 , -0.3166609037411601
5 , -0.20274811088673936
6 , -0.4773385430484215
8 , -0.4426891888942462
0 , -0.18749721189628588
3 , -0.39552939336289483
9 , -0.17416407661420025
2 , -0.0664223541258741
1 , -0.24956996422531016
7 , -0.3058370887822822
4 , -0.43883862401288753
5 , -0.43587666218227517
9 , -0.413905012478988
6 , -0.5276424961320252
1 , -0.21915995698727367
0 , -0.2544491133954005
8 , -0.5116029815049822
3 , -0.47494237984803356
2 , -0.3590533328552397
7 , -0.4689009457727661
4 , -0.24629819253026206
1 , -0.09368876417618707
2 , -0.19715615285467641
8 , -0.3637352054463505
7 , -0.38905998743450265
5 , -0.49043850183955745
9 , -0.4312611882479248
6 , -0.5071005640684136
0 , -0.22761911735213392
3 , -0.4287442682000697
4 , -0.4305065741035973
1 , -0.2242471265911606
8 , -0.45850901855093956
7 , -0.4936735778932545
2 , -0.3353749054028784
5 , -0.45610952885110684
9 , -0.4291942264399883
3 , -0.40608174412927456
6 , -0.5006103529435278
0 , -0.23067980247393974
4 , -0.4321774874375897
8 , -0.4415985113005757
1 , -0.23516603353772933
2 , -0.3049382707865397
7 , -0.5017218252431458
5 , -0.45533371572057674
9 , -0.4601675358430504
3 , -0.3971016865506152
0 , -0.08265398834767115
6 , -0.5019410142232871
4 , -0.42775773424451635
1 , -0.20022269139045598
8 , -0.45265358069029415
2 , -0.314830537938379
9 , -0.4393755676349195
5 , -0.464753551948902
3 , -0.45106181245395227
7 , -0.5336363858209938
0 , -0.08034335589323868
6 , -0.4932580010055687
4 , -0.4242925297130036
9 , -0.42986219810319165
1 , -0.23616118710656514
2 , -0.3070207067886152
8 , -0.47739149288758265
5 , -0.4349855269583015
3 , -0.41089915465245874
7 , -0.47994923000856454
0 , -0.08153038168753879
6 , -0.4893078166670629
4 , -0.3312582700273947
5 , -0.3166025999247318
2 , -0.1938197758624192
3 , -0.25991818715055426
1 , -0.17112988206784296
9 , -0.454353576048362
8 , -0.4429026937476495
4 , -0.2819217095168887
0 , -0.06422930532269629
6 , -0.43371778288636653
7 , -0.4880773113283756
5 , -0.2400186893982742
3 , -0.24511004528357125
1 , 0.023837850237908218
8 , -0.34589657377425986
2 , -0.25242013182967576
9 , -0.43132514465412153
4 , -0.3793967545423062
6 , -0.42839163139140185
0 , -0.07314923411271916
7 , -0.47930591965629704
3 , -0.3108970716392822
5 , -0.4301729759579308
8 , -0.2574572433252031
1 , 0.00803217189777701
2 , -0.014760216603673227
4 , -0.204954051095582
9 , -0.31660391976571445
7 , -0.26434975635785923
0 , 0.09736407066541176
6 , -0.31585289831951874
5 , -0.31234762090087126
3 , -0.22704829856380465
1 , -0.02543235044016353
8 , -0.45073891276828837
2 , -0.20373398395217884
0 , 0.08881398986248172
4 , -0.4110911261111788
9 , -0.4233988584428426
7 , -0.41169481020198395
6 , -0.3877960805201585
5 , -0.2973461255427021
3 , -0.19467484854961573
1 , 0.1646573791686695
8 , -0.2956689322879967
2 , -0.00833958503400418
4 , -0.18754147865964915
9 , -0.2725024196481751
0 , 0.14940476219129975
7 , -0.3279381854941356
6 , -0.25827605911633766
5 , -0.27809556271607283
1 , 0.15452500213884654
3 , -0.15136632561315652
8 , -0.23149211260543673
2 , 0.06426752372859049
4 , -0.25587187906835723
6 , -0.23306030356726118
7 , -0.2793029194117673
9 , -0.4264269241492479
0 , 0.006429996543126028
3 , -0.19991397826323304
8 , -0.36850198568961784
5 , -0.4100436974190463
2 , -0.11796717380587511
1 , -0.07143270238500772
4 , -0.3695350580191737
7 , -0.4125805470919556
6 , -0.4122345869254926
3 , -0.12363401471029276
8 , -0.2766766323792121
2 , 0.03268956544758481
9 , -0.4060027621913405
0 , 0.04611040166767353
5 , -0.43386813081941733
1 , -0.0012882027662769197
7 , -0.3331602476674725
6 , -0.327433316531228
4 , -0.25564024504810534
3 , -0.15840996030064677
8 , -0.35288323683784373
2 , -0.07614072855220952
9 , -0.2952247672950248
0 , 0.16494050139919436
5 , -0.18254256414388473
7 , -0.1814224697339881
6 , -0.1705767667268722
1 , 0.18571007594083408
3 , -0.0285243642497185
9 , -0.18996892228321594
4 , -0.2046003451737693
2 , 0.012014065948183888
8 , -0.4289861595897879
7 , -0.19924983826580925
6 , -0.18347054401989837
0 , -0.042048757360154454
3 , -0.1323055826808015
5 , -0.36211815308831297
1 , 0.0694613239927464
2 , 0.1299160044647338
7 , -0.20521654570526696
6 , -0.2060659223714122
8 , -0.2533579453851404
9 , -0.41106945849288873
4 , -0.2341804988132217
0 , 0.034486529619254434
5 , -0.18219940273618845
3 , -0.12826104155161774
1 , 0.20232273946052573
2 , 0.14259510981449905
9 , -0.21734415074754349
8 , -0.288452581696149
7 , -0.2729358328515081
4 , -0.08995358729676349
6 , -0.2725649094898832
0 , 0.07314405489534012
5 , -0.2830120354244099
3 , -0.1695915928603721
1 , 0.12651149763088937
2 , 0.04159210077279821
9 , -0.33390352072696594
6 , -0.2843416635453452
4 , -0.15592639800465916
7 , -0.326382008903787
8 , -0.38099426330387437
0 , 0.15001814403236363
1 , 0.1633774584821246
5 , -0.3090292105578389
3 , -0.05628609733086492
6 , -0.2795769230986364
9 , -0.33224577523586596
7 , -0.27601223021097276
4 , -0.21494338011441136
8 , -0.35828658366458604
2 , -0.025747908697153345
1 , 0.15731186582983345
3 , 0.0793505774666086
0 , -0.013649792762391663
5 , -0.21421962232606653
6 , -0.16388684261822187
9 , -0.21198018937090118
7 , -0.16164363155034653
4 , -0.09121456347462714
2 , 0.13649388889597472
8 , -0.27131705621222557
1 , 0.18264542594989858
3 , 0.08567499793313148
0 , 0.16457366936333043
5 , -0.15082173484658795
6 , -0.13632202002037533
7 , -0.2212867408631628
9 , -0.26991459434377163
3 , 0.05754852795985851
1 , 0.1300275307964026
2 , 0.1967087810168173
8 , -0.3487363768942503
5 , -0.21259085454922194
4 , -0.2263480186985899
6 , -0.24674599386809634
0 , -0.07373032853607811
7 , -0.2768966616455388
9 , -0.3035484818137415
1 , 0.10698808378371562
8 , -0.2779372839822402
5 , -0.2645456063127985
2 , 0.06284215491871666
3 , -0.18331511047172366
4 , -0.26026405745178194
9 , -0.31162233570012227
6 , -0.32427938433058734
7 , -0.28314265928819216
0 , -0.09912879711928811
5 , -0.11719741219356355
3 , 0.10655983473894706
1 , 0.04314487233092779
6 , -0.13551383372097495
9 , -0.2176476068749861
8 , -0.44860503416653336
2 , 0.05797653600121921
7 , -0.24450509033700357
5 , -0.15391822936786165
3 , -0.05949095624008065
4 , -0.2940128021517382
1 , -0.013189185505775027
0 , -0.12617973136357394
6 , -0.25193069306123694
7 , -0.27258016538436197
8 , -0.4600190916573465
9 , -0.4721828014137992
3 , 0.033403533816919094
5 , -0.07334777757950728
1 , 0.1231338785435364
2 , 0.0046385849395807225
6 , -0.2857668997488732
4 , -0.20495469741914213
0 , -0.1254742247701499
7 , -0.33030227174463883
1 , -0.016801514845165833
3 , 0.03089277135461116
9 , -0.40788132172626523
5 , -0.262855554620088
8 , -0.42509446603228523
2 , 0.03944046992463524
6 , -0.16889708413354634
7 , -0.12339934401615191
4 , -0.12195822753939652
1 , 0.1464175216656174
0 , -0.05546713961584517
3 , 0.1834722090868946
8 , -0.22688703581484299
6 , -0.16987902820581108
5 , -0.160404657821156
9 , -0.3883220411129928
2 , 0.05577297789140416
7 , -0.28215044283068585
3 , -0.01725555837034292
1 , -0.11767157912001157
0 , -0.09510261317087157
4 , -0.19277742492853595
8 , -0.40332627833772977
5 , -0.2063043556967141
9 , -0.37516816026653943
6 , -0.38147165828855706
2 , 0.013843636184953384
7 , -0.34967242592181713
0 , 0.034641450315873054
3 , 0.08058108714034626
1 , -0.007479708433890768
4 , -0.08276326021638225
8 , -0.29276651027889644
6 , -0.2417793924774915
9 , -0.33962068748529767
2 , 0.10061688287926562
7 , -0.25895705694267385
5 , -0.2465880894134383
9 , -0.1686242317083404
2 , 0.22734945169482676
6 , -0.14222969736483465
3 , -0.018224478143765533
0 , -0.2724535768341369
1 , -0.09045061494466837
4 , -0.14517489292698785
7 , -0.16698209319171273
8 , -0.39266032845222576
5 , -0.19008623842564748
9 , -0.17988991841171414
2 , 0.16650840329937375
6 , -0.17418653294736125
4 , -0.0470112037213476
7 , -0.2765634700641556
3 , -0.03246071945123927
1 , -0.239441233738897
0 , -0.2527617224917176
8 , -0.33326983310481245
5 , -0.25313826149024876
9 , -0.40328945171737157
2 , -0.006865657704373498
6 , -0.3496336585931682
3 , 0.22120314429588908
0 , -0.058257550820717645
1 , -0.07670563755445135
4 , -0.06043509959013848
7 , -0.272377234623182
8 , -0.2012944908096246
9 , -0.1644716842733042
5 , -0.05130316754924334
2 , 0.1070015662942927
6 , -0.031382971427331506
3 , 0.229729117041516
1 , -0.08292446584199702
4 , -0.04948565171861652
0 , -0.1887218003652841
8 , -0.32024814880481867
7 , -0.3132516240980836
9 , -0.46957055278272236
5 , -0.3174006767408008
2 , -0.21435588588121712
6 , -0.3817821897578026
1 , -0.35129157139579087
4 , -0.10500048081679104
3 , -0.08238567141202549
8 , -0.49432743700008186
7 , -0.49659485123109487
0 , -0.43999200488229495
9 , -0.5281175687363308
5 , -0.28779628554465714
2 , -0.2349235116962911
6 , -0.3768623480205064
1 , -0.3251729157778259
4 , -0.09081052519752061
3 , -0.047254398583420766
8 , -0.470305700610442
7 , -0.504539475275467
0 , -0.3779149296246496
9 , -0.4751975665692288
5 , -0.2848082367217003
6 , -0.3562853423558392
4 , -0.13570027848539706
1 , -0.36185719873999794
2 , -0.2319499958762186
8 , -0.4727584086682124
3 , -0.08283389373283973
0 , -0.34453155965386567
7 , -0.48449654082104493
9 , -0.5013739395478575
5 , -0.2150501207108215
4 , -0.111516169635872
6 , -0.3476906325181353
1 , -0.34051781966261585
8 , -0.4580982149345569
2 , -0.1909366274333655
3 , -0.12282108678301612
7 , -0.4465243573150224
0 , -0.3539698847949337
9 , -0.5278321921213142
5 , -0.2722605009487838
4 , -0.11456879093233024
2 , -0.14310786296612762
6 , -0.33261169875717617
1 , -0.33155376004702725
8 , -0.48400729988973146
3 , -0.06340552252191492
7 , -0.43176019427752776
9 , -0.2545159995036383
0 , -0.314755665979317
2 , -0.012814750690897795
4 , 0.026996549117536277
1 , -0.1917015697758171
5 , -0.23931766154233045
3 , -0.01848678557780178
6 , -0.3425999157638758
8 , -0.47638051027208117
0 , -0.32704392090235707
7 , -0.3442270728063277
9 , -0.5245471143809071
2 , -0.3130609404565405
1 , -0.35405532129968664
4 , -0.0654010683166576
5 , -0.2500011795798698
3 , -0.11915405331103868
6 , -0.29151583292635996
8 , -0.4293923335464147
7 , -0.34465829091106953
9 , -0.4658661928591501
2 , -0.36359791679551706
4 , -0.027710248644652647
6 , -0.3091894543232716
5 , -0.2515815175948658
3 , -0.1480067557204716
8 , -0.44952987636757125
7 , -0.35832938047026247
9 , -0.49265685291707967
2 , -0.3157311029012913
4 , 1.1495124623035562E-4
6 , -0.261448302688794
5 , -0.15177826887419904
3 , -0.0030045594830014964
8 , -0.3742126246440934
7 , -0.025539010615590337
9 , -0.17238266638775637
3 , 0.1398812959235074
9 , -0.11808380169712189
7 , 0.019669643667012782
2 , -0.26268801223588156
6 , -0.15778751592158094
4 , 0.03972496070911413
8 , -0.32973770076693365
5 , -0.07940024462440766
3 , 0.0118646245564977
7 , -0.06708280177042679
9 , -0.226977284533452
6 , -0.04918557345595154
2 , -0.196698351317851
4 , 0.11392769627296248
8 , -0.28751501986670813
5 , 0.04120482393725833
7 , 0.019969843959510254
9 , -0.1234332454415432
3 , 0.015546284746034273
2 , -0.015576722683324938
6 , 0.021636816397768224
8 , -0.17513563052678038
4 , 0.1284805666676764
5 , 0.10874046199083959
7 , -0.060896550700729406
9 , -0.2713629542800116
2 , -0.11513545659410525
3 , -0.1262591843236209
5 , 0.10165797169301329
7 , -0.09747148798718631
6 , -0.1755533737625957
8 , -0.36562443092323327
9 , -0.18268138399262132
4 , -0.04374012832952257
2 , -0.02273033387553682
7 , 0.024191920029993756
5 , 0.1743630008468198
9 , -0.07490336649279199
3 , -0.028515925971145564
8 , -0.11732606234427123
2 , 0.023093728388251713
6 , -0.08195244952533447
4 , 0.06343488183183153
7 , 0.12121040321748192
5 , 0.24725824730641624
8 , -0.0676854501227954
9 , -0.1345032520559177
2 , -0.13556946232832856
3 , -0.07830305274653762
6 , -0.11524838877287177
4 , 0.009210068909475656
7 , -0.09741747267918868
9 , -0.2986785333119307
5 , 0.05486573361023078
8 , -0.3502598723964387
3 , 0.059692765205199644
6 , 0.06613960193074353
4 , 0.22563197260289275
7 , 0.038905428244825194
9 , -0.1156672848834292
8 , -0.09876124729742557
5 , 0.2689593636915995
3 , 0.008549522950021276
6 , 0.11778525919970863
4 , 0.24036097604962414
5 , 0.21505030338221717
3 , -0.03805911082594713
7 , -0.13435691035716874
9 , -0.3536082500519153
6 , 0.11554140389385353
8 , -0.36854528674860504
4 , 0.04218919376301701
5 , 0.2149230193304173
3 , -0.0644448478761024
7 , 0.03271294090624433
9 , -0.1498097662275269
8 , -0.1279760199206935
4 , 0.13138249294164198
6 , 0.16325790456420997
3 , -0.03992838412863523
7 , 0.08421912381342529
9 , -0.11247634505917319
5 , 0.21443001671232553
8 , 0.010498301480852856
6 , 0.24669192608553409
4 , 0.14999995719615722
3 , -0.03464958936987528
7 , 0.0728263974191511
9 , -0.13512809932591807
8 , -0.09539059339747909
5 , -0.003886130440325721
6 , 0.013549727324794935
4 , -0.08266053549408024
3 , -0.04652942269193115
7 , 0.05037212368986751
8 , 0.047192160835810223
9 , -0.22563551629648285
4 , 0.13937655838932805
3 , -0.04205877664236548
7 , 0.16619908981247253
8 , -0.04887983931073392
6 , -0.0025219510462596087
5 , -0.017519177289901548
9 , -0.19137572738879555
4 , 0.038664877079932554
7 , 0.2269591458957993
3 , -0.02053214888246891
8 , 0.002413990886915395
9 , -0.1160375833503678
6 , -0.002955155535709525
5 , 0.006431358790881364
4 , 0.16009692049152444
3 , 0.03510382412903774
7 , 0.2325207655116124
8 , 0.021105607730360954
9 , -0.0481879118071219
3 , -0.006122963890611445
4 , -0.017142567327663605
8 , 0.005935533249904853
7 , 0.16388788729413553
5 , 0.06059977296272164
6 , 0.1185606746449382
9 , -0.08855206761684378
4 , 0.024165059247079165
7 , 0.24142268636953465
6 , 0.24545570253734858
8 , -0.2602041138666458
9 , -0.13971235455426595
5 , -0.052702968217271905
4 , -0.21164380982765524
7 , 0.014098119808436173
6 , 0.14440419842277505
5 , 0.2267850766055206
9 , -0.07425149052150455
8 , -0.14860697305362108
4 , 0.029729806299592418
7 , 0.3506951826514458
6 , 0.3466246080857905
5 , 0.18284664994201774
8 , 0.046514932957422615
9 , 0.003399332863825442
4 , 0.039919025617825295
7 , 0.3256281522098422
6 , 0.19317459460714095
9 , -0.12041732665264478
8 , -0.0904317359897812
5 , -0.046459362735079834
4 , -0.13261997884016774
7 , 0.18357500908859467
6 , 0.23913623596859715
9 , -0.0016204959952776194
5 , 0.15986074237510614
8 , 0.06624727636805262
4 , -0.037756476199406364
7 , 0.2547838123446267
6 , 0.10921420907154371
9 , -0.04142371636437571
4 , 0.023893238966533448
8 , 0.06168386054679109
7 , 0.27815518647361415
5 , -0.01828318036698701
6 , 0.23673432573259592
9 , 0.0374656921803976
4 , 0.041529053318330775
8 , 0.1509073575277851
7 , 0.22883743634345463
6 , 0.23784883300795417
5 , 0.09270084673527552
9 , 0.03977802601497408
8 , 0.057902575887853365
4 , -0.04743044547445058
5 , 0.05600021701843522
7 , -0.002738167109614761
6 , -0.11137865902466001
9 , -0.2738565291933645
8 , -0.2737029509860475
5 , -0.20242977923066788
7 , -0.15273282732197394
6 , -0.1648612651957377
9 , -0.2742616055288616
8 , -0.2630569325610343
5 , -0.35852959444632215
7 , -0.12726359588387604
6 , -0.17195976348985617
9 , -0.23894098193502689
8 , -0.20482192982791644
5 , -0.27095937194175496
6 , -0.019136592055549607
7 , -0.14301690473390935
5 , -0.18432502128011338
8 , -0.10330904490749976
9 , -0.2741917229122132
6 , 0.07000016388242286
5 , -0.08596629554073047
7 , -0.15570720279708092
6 , -0.019764078227776784
9 , -0.24737157025897563
8 , -0.15161600022861776
5 , -0.27409189155608177
7 , -0.2098168200286711
6 , -0.21630737552747992
9 , -0.21948474751410366
8 , -0.08565077145313571
5 , -0.19312354045635824
7 , 0.05017908072129916
6 , 0.0309391059994996
9 , -0.05206323787096642
8 , 0.06876455411494126
5 , -0.2554481175834121
6 , 0.016940632184751264
7 , -0.10013391949233469
9 , 0.06348657922084212
8 , 0.19158094941697562
5 , -0.05234120853107063
6 , -0.04638960194904264
9 , 0.19869240435050417
8 , 0.1975617442940141
7 , 0.03336577565763145
5 , -0.05178347017226186
6 , -0.07671848589250818
9 , 0.16087076789901428
8 , 0.21432603399670558
7 , 0.08323350007505849
5 , -0.03262842963693572
6 , -0.08955834955028563
9 , 0.15286668894008817
7 , 0.11073640192234145
8 , 0.12208833982650028
6 , -0.33252563325840134
7 , -0.1458080251712141
9 , -0.12091615621455817
8 , 0.005177322796242102
6 , -0.07935565264020965
9 , 0.1616965573560383
8 , 0.08531210971618618
7 , -0.3991743765238737
6 , -0.2963033248839354
9 , -0.07077735101721068
7 , -0.0724288003830649
8 , 0.01792682325485198
7 , -0.042302092545956044
6 , -0.25011776972128075
9 , 0.050314797852769065
8 , -0.051207500650942504
7 , -0.10443217231705419
9 , 0.17761580825749304
6 , -0.12742155574311784
8 , -0.017822904161015302
7 , -0.21159336028252518
9 , 0.058879235380296324
6 , -0.29281557399501623
7 , -0.044524591177631474
8 , 0.06798327934901072
9 , 0.20448960290153864
6 , -0.039066504848863225
7 , -0.03296187101110884
8 , 0.12375713617262252
9 , 0.1074081365206653
7 , -0.05328378163306493
8 , -0.041454304807150254
7 , -0.18856718040563872
9 , -0.06486778720358578
8 , 0.030085356096701776
7 , -0.06689516756144895
9 , 0.19774642263384914
8 , 0.09318686378259616
9 , 0.20081506256485646
8 , 0.10796713521173112
9 , 0.14630479997538273
8 , 0.015778375834317352
9 , 0.13536703143260556
8 , -0.026901376823308277
9 , 0.016740172745389376
8 , -0.016100191536003228
9 , 0.005993670613048758
9 , 0.15881484309703933
8 , 0.08835502069723838
8 , 0.08980953209000361
9 , 0.08529275078500231
8 , -0.025884607071603286
9 , 0.12730191142424627
8 , -0.6735724334950579
9 , -0.5181591561752358
8 , -0.026514225420313654
9 , -0.012277214465085153
8 , -0.08754185111307326
9 , 0.20594826373393363
8 , 0.06123247745857207
9 , 0.07935129693933404
8 , -0.026570114664735914
9 , -0.08933545914772334
9 , 0.03454809886510152
8 , -0.1391825239803637
9 , -0.08729973677533943
8 , -0.03760280961269461
9 , -0.0504565534639231
8 , -0.11062438514103612
9 , -0.2799445847792844
8 , -0.27925158824944873
9 , -0.3026557270194689
9 , -0.033186437191027256
9 , -0.07583423062750651
9 , 0.006335086596731807
