 Number of tacts (im units) = 10
 Number of massive (im units) = 13
 Command Line curl 10.152.183.163 > /dev/null 2>&1
cycle , cPeriod , count , procDur , procTime , lI , spb
0 , -0.23808383239198447
0 , -0.15868983879959012
0 , -0.00761328800328076
0 , -0.08981856169587121
0 , 0.025742879347335976
0 , -0.043149913094825916
0 , -0.035198119420065635
1 , -0.04456939174871002
0 , -0.0319448804197652
1 , -0.0445827957457603
0 , -0.028411900822734218
1 , -0.0175127194762095
0 , -0.05440351628975769
1 , -0.02002681343950484
0 , -0.11387685238169584
1 , -0.012778274715592041
0 , -0.0727493418422527
1 , 0.0018763343858639349
0 , -0.10138686688109376
1 , -0.01274521199168406
0 , -0.11213487690491393
1 , 0.061712644497906845
0 , -0.06364397830250787
1 , 0.0355009843921431
0 , -0.04217594280970666
1 , 0.009536558757410713
0 , -0.15072218827895542
2 , -0.041083317843890015
1 , -0.08104420728255335
0 , -0.05785706129825806
1 , -0.10433783942130297
2 , -0.03731392537851444
0 , -0.11254017979487138
0 , -0.1250290322520341
2 , -0.04914310040982255
1 , -0.1688551791484956
2 , 0.04527732988707052
0 , -0.0805431219169175
1 , -0.0721682588577793
0 , -0.1252385818431559
2 , -0.04212015050541939
1 , -0.14947622725538587
0 , -0.08501861099271418
2 , 0.03029457684664364
1 , -0.08732611029586476
0 , -0.11641958404610438
2 , 0.05785959418914312
1 , -0.054804734538959246
0 , -0.0935800003545361
2 , 0.051287142026749416
1 , -0.10680072071105653
2 , 0.025332808861610653
0 , -0.16279792758146217
1 , -0.09738099227866076
0 , -0.11337556085547955
1 , -0.07387217574632025
2 , -0.023741722322723063
3 , -0.04353419316309916
0 , -0.18781101756771978
1 , -0.15374915084074425
2 , -0.15117389463220204
0 , -0.13429881645576777
1 , -0.09438043158233049
3 , -0.013976616161926542
2 , -0.13507068532972508
0 , -0.13916162734924992
1 , -0.1068163935437878
2 , -0.0923486694803416
3 , -0.04165748456729211
0 , -0.1395045718009887
1 , -0.1364998030392909
2 , -0.11058366922044617
3 , -0.03512418360652031
1 , -0.11267458559322666
0 , -0.11709063341417061
2 , -0.050716024883089426
3 , -0.055480623203563395
2 , -0.08097444622218908
0 , -0.15111913398840154
1 , -0.15626799508837078
3 , -0.037276381420065376
2 , -0.11338739928915698
0 , -0.1432912821450733
1 , -0.14219731644099629
3 , -0.023757347263254732
2 , -0.11412935989762811
1 , -0.11515347537032311
0 , -0.12691957012483654
3 , -0.00820785224410272
2 , -0.08911803983070297
0 , -0.10601496234442868
1 , -0.14621554588674893
3 , -0.041846404246958256
1 , -0.08474407417056012
2 , -0.0853273826958049
0 , -0.13940948853710838
1 , -0.14112132501184177
0 , -0.14061025306799682
3 , -0.04422117401327127
2 , -0.1264173012241171
4 , 0.014849909567355076
1 , -0.1385635400002364
0 , -0.163801352096399
4 , 0.03502731676370818
3 , -0.15389799963478867
2 , -0.1524204470204081
0 , -0.15640788978425746
1 , -0.14762997067562686
4 , -6.075354840664765E-5
2 , -0.06860344308686589
3 , -0.13531480778746868
1 , -0.1951354607058155
4 , -0.04168687922464439
2 , -0.1782821275091606
0 , -0.2906476795925933
3 , -0.2114978706680629
0 , -0.32967557906676886
3 , -0.2485000696867294
2 , -0.42911128478791194
1 , -0.48639888278800764
4 , -0.34211710639859094
0 , -0.4430787100668839
3 , -0.37410668736389774
2 , -0.3861814647350053
1 , -0.3452190715001824
4 , -0.2143130224712654
3 , -0.13919795771423343
0 , -0.2248266799799638
2 , -0.16811996338446955
4 , 0.04106824507987178
1 , -0.1443581236097219
0 , -0.24560947903924932
3 , -0.2667605189799479
4 , -0.22844355499520128
2 , -0.3773427688319156
1 , -0.4022245995907104
5 , -0.07098710177004
0 , -0.4437743052447559
3 , -0.3770304583739396
2 , -0.32519776545596013
4 , -0.20718991036288903
1 , -0.38108789184773867
5 , -0.150640438585307
0 , -0.23222955741492438
3 , -0.17162348985609202
2 , -0.15811216041608891
4 , -0.00296887211087021
1 , -0.19023324365002697
5 , -0.022020982694743056
0 , -0.16395308995032815
3 , -0.08534190171896495
2 , -0.14342345332682774
1 , -0.1676954928855984
4 , -0.12651477182539397
0 , -0.20762349273868086
5 , -0.18469696590807602
3 , -0.2453431533718472
2 , -0.39291079317381833
1 , -0.4051678074716371
4 , -0.3584675072507334
0 , -0.1976398419596874
3 , -0.09892914966306608
5 , -0.13190147308466635
2 , -0.19880786860393462
4 , -0.11601026711439924
0 , -0.21002927175564123
1 , -0.24620097883051226
3 , -0.2022827532378479
5 , -0.08074157413760394
2 , -0.14045637326264276
4 , -0.11389661535870627
1 , -0.1800119084997757
0 , -0.21441609939840164
3 , -0.15651078049988243
5 , -0.03885083700465988
2 , -0.13625560656987126
4 , -0.12488638250549265
1 , -0.19415899260263852
0 , -0.19316743304610373
5 , -0.06642854093833832
3 , -0.34120122578171624
2 , -0.30705793705119416
0 , -0.18124990475629113
4 , -0.2673016866163854
1 , -0.306142655591529
3 , -0.1192227239906759
5 , -0.008006443198028469
6 , -0.035336104608366406
2 , -0.09457627068441786
1 , -0.13668835430513282
0 , -0.16538054477055228
4 , -0.13284347821509834
3 , -0.11561724937658331
5 , -0.045587661245838046
6 , -0.03917687804213212
2 , -0.14045763058521757
1 , -0.17235414719652362
4 , -0.13654692980854732
0 , -0.19836691199121004
3 , -0.1523703780449412
2 , -0.19296542697170144
6 , -0.04805391184328481
5 , -0.16571437186303462
1 , -0.1407615499631228
4 , -0.058150495249143556
0 , -0.10161495317698092
3 , -0.10765534960052627
2 , -0.15529588401706515
5 , -0.10149195192774206
6 , 0.008291372249872392
1 , -0.17795727329347907
4 , -0.07849990018767557
0 , -0.1270996538244059
3 , -0.10543832965640884
2 , -0.1644015612664613
5 , -0.08054204318642244
4 , -0.08785162668667425
6 , -0.02187498413142413
1 , -0.16729694813014478
0 , -0.14698510344485213
3 , -0.1266358594648664
5 , -0.07422866226215007
2 , -0.16942893473923643
4 , -0.07313370686792128
6 , 0.027242933397333007
1 , -0.14811830397756043
0 , -0.1104880081013365
3 , -0.1548915567709158
5 , -0.12137877458960351
2 , -0.17656438228292687
4 , -0.11188037766243994
6 , -0.022729179857529064
1 , -0.16744256763510143
0 , -0.14807098133954524
3 , -0.15013928137541868
2 , -0.1427245192227834
5 , -0.1230952349692269
4 , -0.12154183732122364
1 , -0.12575826266396506
6 , 0.014318458439909995
0 , -0.14233893350320442
3 , -0.13581901539154762
5 , -0.07569603644861876
2 , -0.17834620186679626
4 , -0.17605037843892207
6 , 0.019259681021775412
1 , -0.1632352074499875
0 , -0.15777878484374228
3 , -0.1502397452043744
2 , -0.14662608434327246
5 , -0.10397862240395238
6 , 0.012182562567787157
4 , -0.1434520763756093
1 , -0.14611440730329303
0 , -0.1253796863943001
3 , -0.1416644805742492
7 , 0.023348595928275786
2 , -0.1737541230078623
5 , -0.1259235361696386
6 , -0.08681761689304786
4 , -0.12858200455202254
1 , -0.141596727493544
0 , -0.14014601603306873
3 , -0.1321507586304693
7 , 0.02373014585956759
5 , -0.09231379643871486
2 , -0.16766542762810382
6 , -0.08879584624725345
4 , -0.13963371233670832
1 , -0.1403402408529513
0 , -0.12927273278338272
3 , -0.13881711530846325
7 , 0.030121661186569733
2 , -0.13453352799220056
5 , -0.09033390877088353
6 , -0.09239376292695625
4 , -0.10754671776606194
0 , -0.08107489110446202
1 , -0.12752057134037198
3 , -0.16115891996853118
7 , 0.04204517703336998
2 , -0.20051338120477735
5 , -0.12594757450632424
6 , -0.12258656469558327
4 , -0.1500815310461198
0 , -0.08399141299529486
1 , -0.1508949219040187
3 , -0.15056016237137054
7 , 0.024592411551478646
5 , -0.0788309976000312
2 , -0.16909094686134307
6 , -0.10927245404953675
4 , -0.13079538947475589
0 , -0.062407168610081463
1 , -0.12063669748999133
7 , 0.034946869094421074
3 , -0.14646291512684698
5 , -0.129737644879592
2 , -0.1378501130919946
6 , -0.1235976185869799
4 , -0.15744058340872735
0 , -0.13265025467345878
1 , -0.13275952811888364
3 , -0.15673854403164814
7 , 0.012449115455921244
5 , -0.18931822120913705
2 , -0.1962738450982849
4 , -0.13733045479417172
6 , -0.11666555567139171
0 , -0.11443859553222896
1 , -0.12136104296932185
3 , -0.1462173949914387
7 , 0.019468065918131605
2 , -0.12801982783906266
5 , -0.13589314502876834
6 , -0.09822472990648254
0 , -0.08281978191256342
1 , -0.11950993212602082
4 , -0.15449286694609302
3 , -0.1386569498234778
7 , 0.034296303880730794
5 , -0.10816938044726768
2 , -0.11128927836343867
6 , -0.05239571564093706
0 , -0.08994290425799725
1 , -0.11334165362529867
4 , -0.11531309487810192
3 , -0.12886190921534763
7 , 0.06455702660898713
5 , -0.11606926568919765
6 , -0.07771767042797338
2 , -0.11724360143757191
1 , -0.10411444336873765
4 , -0.1112281471813755
0 , -0.11783546151277263
7 , -0.059047597372396864
3 , -0.1243088406904153
5 , -0.12239505464877833
2 , -0.12401486798842735
1 , -0.06703460565094241
6 , -0.11206278247266303
8 , 0.015224512152364348
4 , -0.12654123289913885
0 , -0.0769566818018464
7 , -0.07085913547427952
3 , -0.13305965421468138
5 , -0.12143804951105813
1 , -0.0813108264468525
6 , -0.07021327350775611
2 , -0.1381430656067096
8 , 0.025625525466156967
0 , -0.07538745736908943
4 , -0.153458319939947
7 , -0.07445179346815504
3 , -0.1381835390398647
6 , -0.10136071458781
1 , -0.10234451999007696
8 , 0.0212648446508487
5 , -0.15642571077309406
0 , -0.07859912871687737
2 , -0.1450536617186657
7 , -0.059077263561681075
4 , -0.1605486280220495
3 , -0.13736917441886246
1 , -0.09447428080133172
5 , -0.11052675855486087
6 , -0.1285885161801038
0 , -0.11270832742511314
4 , -0.15167345655985845
7 , -0.09617725540419342
8 , -0.007479908918574448
3 , -0.15174144418612012
2 , -0.16859955415046482
0 , -0.06932173497056712
6 , -0.13861709803788458
5 , -0.1387541888931879
1 , -0.12393376048444121
7 , -0.08471867793560735
8 , 0.004476639662374588
2 , -0.12670544203559916
3 , -0.17089360825690555
4 , -0.191306408715171
7 , -0.08062181511404524
0 , 0.011426239906736399
6 , -0.1354558775674558
5 , -0.1428096797754727
8 , 0.020508305790070992
4 , -0.148057019879942
3 , -0.16336330647682
1 , -0.1370636489566663
2 , -0.1423089226046353
5 , -0.12556537298144763
0 , -0.006737188398245636
4 , -0.14549123138970618
7 , -0.14125062790247142
8 , 0.012689448146000523
6 , -0.1787691639563095
1 , -0.10059955213257192
2 , -0.12949439859706424
3 , -0.15707700661893828
7 , -0.08814470368892743
5 , -0.14993350538440608
4 , -0.16736155874648537
0 , 0.005768746688946102
6 , -0.12812468030665694
8 , 0.009701423674735074
2 , -0.13800733039921256
1 , -0.10890934484460572
3 , -0.11753921785039716
0 , -0.0035191665232018852
8 , 0.006664616893613424
4 , -0.1830192482448373
7 , -0.12201058683983375
6 , -0.13961158172462387
5 , -0.21281177041715185
2 , -0.26050317134549583
1 , -0.2268722504679059
3 , -0.292892537330067
8 , -0.004136436761355494
7 , -0.11515992539135315
0 , -0.013072270412237378
6 , -0.15147117227793194
4 , -0.18452837030300084
5 , -0.16166694704495901
2 , -0.15075207181791742
1 , -0.11607323882648171
3 , -0.11261172564803286
8 , -0.10024099345746076
0 , 0.01939930465099456
5 , -0.1356942418518167
7 , -0.11885423145995798
6 , -0.16105232286583335
4 , -0.19634673367438674
9 , 0.03723784578555306
3 , -0.11333893718569317
1 , -0.11266451076566915
2 , -0.11839619461671817
0 , 0.009912958019176323
6 , -0.11590764252105878
8 , -0.12737026582028677
5 , -0.17404321209202092
7 , -0.11236599559402005
4 , -0.1642726068053531
9 , 0.011690544276755942
3 , -0.10894508345662601
1 , -0.09682094657260955
2 , -0.1119710879321917
0 , 7.103915914975124E-4
8 , -0.1141055700973448
9 , 0.021232417966558833
7 , -0.14406097244391433
4 , -0.16383342827830646
6 , -0.15919487846316843
5 , -0.18814841594421183
3 , -0.1498499792577113
1 , -0.17372011779138663
2 , -0.22324997199071125
8 , -0.4996916721526822
4 , -0.5606208363409351
0 , -0.3977286295444299
6 , -0.5456378103619969
7 , -0.5547691396146244
5 , -0.5831349725505336
9 , -0.41538466385800343
3 , -0.5397112842006786
1 , -0.38704706124345695
2 , -0.4987352878459729
0 , -0.391111860761763
6 , -0.5589133763539599
4 , -0.6035027019602399
9 , -0.40401796488886316
5 , -0.588882291994358
7 , -0.5624578118487749
8 , -0.5552406787583591
1 , -0.3778681566657554
3 , -0.5697890692215032
2 , -0.4943995604012396
0 , -0.30732574397810497
6 , -0.5479546051387073
4 , -0.5771274862903906
5 , -0.579282489468079
7 , -0.5590840264256406
9 , -0.4291280782100322
1 , -0.40716089696939095
8 , -0.5420751226629326
3 , -0.5521542611245485
2 , -0.5030845695846569
4 , -0.520262795613749
0 , -0.3111736799656836
1 , -0.3486780985007329
9 , -0.3510419928594271
3 , -0.49450375200701263
8 , -0.4703317618365252
5 , -0.5814865031003892
6 , -0.5625821644360108
2 , -0.5075565828015864
7 , -0.5677077882542977
3 , -0.2259402598198322
8 , -0.18578211431282654
0 , -0.0165819396386011
1 , -0.10745442898415748
9 , -0.11807509017886685
4 , -0.28694874856054364
7 , -0.24113498464337063
1 , -0.040247719310895325
0 , 0.03677761435903622
4 , -0.18716620055762198
9 , -0.061996853128891895
5 , -0.567091072282024
2 , -0.49880053148269893
6 , -0.5875116248865362
3 , -0.327751772229135
7 , -0.24964411241705578
8 , -0.4634502862436989
1 , -0.06952665072817382
4 , -0.19439955400239628
2 , -0.11218088373190771
6 , -0.16995672124378344
9 , -0.13995360242360605
7 , -0.1664752370768023
0 , -0.20290349370056143
5 , -0.44085922596860544
4 , -0.15100036452869608
2 , -0.0949737569712838
6 , -0.1794998281634709
7 , -0.11931618678950037
9 , -0.10168122858630352
3 , -0.467456432447248
8 , -0.2714912097788942
1 , -0.14696368238067836
0 , 0.08175722559114433
5 , -0.2596360955651221
2 , -0.11783184597140432
4 , -0.19364347930567213
8 , -0.09867497761638373
6 , -0.265200467077642
7 , -0.2165108809547232
1 , -0.04777734548320304
9 , -0.2415852483579846
3 , -0.29129248384591966
2 , -0.13031948849553904
0 , -0.035903305181786756
7 , -0.13492878333901023
1 , 0.029721667729708856
5 , -0.3803688782980785
4 , -0.34191067045614953
8 , -0.2789741393638254
6 , -0.3333510672009345
9 , -0.23314343921943503
3 , -0.1837237097040486
2 , -0.10263373146033543
0 , 0.10327092398612057
7 , -0.11493057208341642
1 , 0.131800968218133
5 , -0.16298802393897738
4 , -0.15850332206104006
8 , -0.11064371301393541
6 , -0.16819412198613953
3 , -0.09699958049067847
9 , -0.11749365980727916
2 , 0.01190822776531243
0 , 0.1917408549919051
7 , -0.13124519243998461
1 , 0.09769745089942312
6 , -0.1554021615168008
2 , 0.02404803908518161
8 , -0.3310092459495784
7 , -0.15408332118154555
1 , 0.10149395112394337
5 , -0.42387792933945606
4 , -0.38076125080874534
3 , -0.35380246186750186
9 , -0.35077765508025105
6 , -0.1713333045740974
0 , -0.010025119454879081
1 , 0.1275975141945493
8 , -0.17150007304047113
2 , -0.19046347954504983
7 , -0.31689294497282106
6 , -0.15938251696487232
4 , -0.2724319657712606
3 , -0.16980319387910212
5 , -0.3221604872738339
9 , -0.2749482914990706
8 , -0.11561804141023041
1 , 0.09203795051319909
0 , 0.09193601522771855
2 , -0.011005705187188153
6 , -0.17201956888402264
3 , -0.09668824469985364
7 , -0.1807338923655234
4 , -0.15109749511841608
5 , -0.13994994224988522
9 , -0.09782287549631227
8 , -0.131701668594523
1 , 0.10483872806800348
0 , 0.25290940728090383
6 , -0.17305966301602566
2 , -0.03396022003726927
3 , -0.12645114414574188
7 , -0.18609007497418778
4 , -0.1579671007990883
5 , -0.19331752456519052
9 , -0.17145929166891483
1 , 0.10448393048177096
0 , 0.20702840697929462
8 , -0.20542061585283256
6 , -0.14193329209185435
3 , -0.09755159381245046
4 , -0.11329425399938688
7 , -0.15824059928037632
2 , 0.004056215036537522
5 , -0.13816677509740347
9 , -0.08621433180813572
1 , 0.10935112860266927
0 , 0.25494195388689683
8 , -0.10600167285667389
6 , -0.17478733199848503
3 , -0.09861285103355985
2 , 0.01232055452557311
4 , -0.14113617411780405
7 , -0.1960114777033401
5 , -0.12121094441481052
9 , -0.09096369333225837
1 , 0.247832316200179
0 , 0.3105739238300931
8 , -0.12938825144488736
6 , -0.1351876701444698
3 , -0.07760336628479816
4 , -0.06954456274881035
2 , -0.015448952682847376
7 , -0.19783424282581216
5 , -0.184108372685855
1 , 0.23822587258742212
8 , -0.12364794063042811
9 , -0.17553476972164658
0 , 0.2526324784242204
6 , -0.13271627078498335
4 , -0.07672929836325917
3 , -0.13898954466648167
7 , -0.14312648050890728
2 , -0.07149811274633755
8 , -0.13313951463976512
5 , -0.2576171925309997
6 , -0.12296712023433547
4 , -0.09077971875014063
1 , 0.08611630977858618
9 , -0.22062622169005755
0 , 0.11892822212264705
2 , -0.016090314765532524
3 , -0.25379613609128365
7 , -0.2886903391316926
8 , -0.13257429401222054
5 , -0.13147802737818026
6 , -0.1660538196735979
1 , 0.21247998621435382
4 , -0.15312903934921945
9 , -0.15223160645931602
7 , -0.18311976614858738
3 , -0.12290187855936319
0 , 0.2045398529969193
5 , -0.11370508177370779
8 , -0.2213782338062079
2 , -0.054349671230607396
6 , -0.1233209376670495
4 , -0.08670323244732049
1 , 0.06967900927125299
9 , -0.2802531737934244
5 , -0.1263796432018367
7 , -0.18916412073911057
3 , -0.044845148590391314
8 , -0.11467496492026304
4 , -0.09183176874791527
0 , 0.16468850791194217
6 , -0.25755708407705513
2 , -0.09442495051595454
9 , -0.1943306481690046
5 , -0.15969961748717434
3 , 0.031934922291681975
7 , -0.21579303162706953
8 , -0.11912106093876333
1 , 0.0825570643045179
4 , -0.12209490114110509
6 , -0.14550051340662862
0 , 0.10787842110934606
2 , 0.08595592664663125
9 , -0.14081865287634746
8 , -0.11014905355869144
7 , -0.17241025749008576
5 , -0.19224818005579916
3 , -0.04917552177348186
1 , 0.3170280237046411
4 , -0.13210005761389998
6 , -0.18453768339657212
0 , 0.21573390450527086
2 , 0.06728070512393318
8 , -0.19259602602161485
9 , -0.19969903658755872
7 , -0.19626979488990506
5 , -0.1573038492271309
1 , 0.3025434969259656
3 , -0.04614903460056168
4 , -0.11402998108032851
6 , -0.13388853024821368
0 , 0.17405936523995727
2 , 0.08513896070492451
5 , -0.15236173040356374
9 , -0.16859868812127707
8 , -0.21609566088489884
7 , -0.20551071520880324
3 , 0.01421882481611323
1 , 0.2678615838725342
4 , -0.08750435320818752
6 , -0.12914851255542034
0 , 0.1999569409145184
2 , 0.1102853369440555
9 , -0.11987192800629622
7 , -0.18577933820561562
5 , -0.18998929742331488
8 , -0.24365181271312958
3 , -0.12532827601117183
1 , 0.18184093875651294
6 , -0.13285079461408777
4 , -0.24182510841326446
2 , 0.1313635541076141
0 , 0.21876479500420104
9 , -0.14353400215615789
5 , -0.09085373930386313
8 , -0.1374589964061877
7 , -0.274629444290658
1 , 0.2916765933457855
6 , -0.18228091092650128
3 , -0.06451946000907052
4 , -0.1297470656033811
2 , 0.12515721272379865
0 , 0.2148971079792013
9 , -0.11169518943915893
8 , -0.13020519345925244
5 , -0.11373666145411246
6 , -0.13898466728732828
1 , 0.17820969443285248
7 , -0.19040252190384793
3 , -0.006210738988036412
2 , 0.24525374636543504
4 , -0.12733851575243954
0 , 0.18345946938600566
9 , -0.13328371324020688
8 , -0.13201090319179096
5 , -0.12122454284067796
3 , -0.007256252317827337
7 , -0.17528255958963496
1 , 0.18767293159531898
6 , -0.1820398019794194
2 , 0.19610179048459891
0 , 0.13878849417903832
4 , -0.06234695040592683
9 , -0.13394700040206142
8 , -0.1375511253489699
5 , -0.1002327013946398
3 , -0.02172426841364098
2 , 0.2215574617724262
6 , -0.16629870118183213
1 , 0.189588271097502
7 , -0.19319463416348767
8 , -0.1362782926551201
0 , 0.13441073127012337
4 , -0.006040396290797606
9 , -0.15012383326920078
5 , -0.2572461365174698
3 , 0.102390368798183
1 , 0.23559142660830817
8 , -0.1591236930248234
4 , 0.03152438314597871
0 , 0.16108591232621494
9 , -0.27175892882976704
2 , -0.05317086735208368
7 , -0.4045561737557424
6 , -0.4190434450245424
0 , 0.2105361595730684
4 , 0.048283731757694785
3 , 0.08486574079604704
8 , -0.17434723979414837
1 , 0.17713885424117543
9 , -0.1414714617766229
5 , -0.39033613955190183
2 , 0.2293761164739367
0 , 0.16683098028751614
8 , -0.13388189303600537
1 , 0.21842624565340973
3 , 0.03808950645084702
4 , -0.0671022268273427
7 , -0.32052273764557915
6 , -0.3107085843867655
9 , -0.18383718000693375
5 , -0.1682340905633149
2 , 0.2456191066342768
8 , -0.14305263190827672
0 , 0.03556366609081912
7 , -0.14284731394266098
5 , -0.10586528727861703
8 , -0.14604071508813812
3 , -0.1282251282539481
9 , -0.28707264384033254
4 , -0.26499070388745943
1 , -0.11259652531020108
2 , 0.2250359047107501
7 , -0.12244413148299352
0 , -0.09573402048831763
6 , -0.42760197381013887
3 , 0.11187251216723089
5 , -0.11958683300681194
9 , -0.14360516091160083
8 , -0.19003583023121182
2 , 0.32603706924438186
4 , -0.10069924366225154
1 , 0.046314638414420774
7 , -0.1424966209338422
0 , 0.033856436185390325
6 , -0.15676287493083024
5 , -0.09038480567002043
3 , 0.0793819434132438
8 , -0.23331882139469753
9 , -0.26161880454595005
2 , 0.26388125609001617
0 , 0.02980929326610903
1 , 0.11003193129686097
7 , -0.1953642915096462
4 , -0.10637933406044765
6 , -0.14337384308015141
5 , -0.1491763916511018
8 , -0.12577405606528022
9 , -0.13690438604424368
2 , 0.28855110628525277
3 , -0.061886405920436725
0 , 0.020854376568804362
7 , -0.1106687668529774
4 , -0.021762726750095284
1 , 0.04566381948113885
9 , -0.15853757520865094
8 , -0.12956068227685183
5 , -0.1675860126588937
6 , -0.2436016768871515
0 , 0.029852647467815355
2 , 0.15288856089402328
3 , -0.01759215047956872
7 , -0.24346713674838524
4 , -0.09364217372699633
1 , 0.03203263208793514
5 , -0.32617231841670147
6 , -0.3591586383990469
9 , -0.5333700218159538
8 , -0.5245117896254423
0 , -0.3070144529080508
2 , -0.0701711826862841
4 , -0.23259960906678043
1 , -0.15247066954324587
3 , -0.18022533860152276
7 , -0.5530092589827943
5 , -0.4050670615577024
6 , -0.5035440136604654
0 , -0.29495381716157526
2 , -0.07233727256882627
9 , -0.5356909501053552
8 , -0.49474649889895284
4 , -0.1892405688980826
1 , -0.12832424202628834
3 , -0.15613895743068204
7 , -0.528827726014859
5 , -0.31233347967483593
0 , -0.30234668943444654
2 , -0.06339651522349599
8 , -0.47667011857340624
4 , -0.19413768274066742
6 , -0.5372345607018806
9 , -0.579976538238639
1 , -0.3672471473924469
7 , -0.4123804152439365
3 , -0.14630499820420928
5 , -0.2922435298143316
0 , -0.2744120450366768
2 , -0.10167469141713432
4 , -0.19625265394424146
8 , -0.5368454906813518
6 , -0.49979583839261366
9 , -0.5528051502130447
1 , -0.36841838089360507
3 , -0.07807668680136687
7 , -0.4948288222048148
0 , -0.29129965978657607
5 , -0.29921677119692763
2 , -0.056948775946544
4 , -0.17958722263470112
8 , -0.5245066832888443
6 , -0.4487579195136843
9 , -0.5318860611910349
1 , -0.3166048957204851
3 , -0.07369857663234436
7 , -0.434454248687042
5 , -0.28696270925656037
2 , -0.05990389922055324
4 , -0.1554630151107682
6 , -0.24755423979514174
8 , -0.2880707208804425
9 , -0.34728820830893603
3 , -0.06735377602406274
1 , -0.3356240642687761
7 , -0.40568693669186945
2 , -0.1394414866439921
5 , -0.3571037688916632
4 , -0.21672751869645526
9 , -0.5048515317444932
8 , -0.521985666902238
6 , -0.5229923922342271
3 , 0.019817695027611514
1 , -0.2594191465153263
2 , -0.09208690353879102
5 , -0.23091099472590537
7 , -0.45074568247668306
8 , -0.20135488147285227
4 , -0.18094710236606087
6 , -0.207470555276139
3 , 0.2621941307452343
9 , -0.4836607149914009
5 , -0.23816025987576803
2 , -0.10564203546510781
7 , -0.3318177618849767
1 , -0.34657317634478013
4 , -0.0028345593892203156
8 , -0.38749466889020673
3 , 0.11742935983551574
6 , -0.25805977086774434
9 , -0.36846433904972864
7 , -0.1724720930975539
2 , -0.0846421156701243
8 , -0.2986186861517202
5 , -0.25522238945413855
1 , -0.2389934127178511
4 , -0.0057963449203272096
3 , 0.04629610830590478
6 , -0.21997594823261263
9 , -0.4618145342909715
7 , -0.3992184748219506
8 , -0.37128586533229213
2 , -0.1272999591215169
5 , -0.29103916333105984
3 , 0.13154327732704565
4 , -0.06725087294360854
1 , -0.3371973277041343
9 , -0.258604581626862
6 , -0.32092839206302515
7 , -0.2487592581804796
8 , -0.25967102651833396
3 , 0.09579275649833688
5 , -0.049138570533773226
4 , 0.10544839014496961
2 , -0.14462175570806937
9 , -0.30770679301337733
1 , -0.2637555955405126
7 , -0.278720874713357
8 , -0.2885276136631749
6 , -0.28242549178654214
1 , -0.046636238350750536
5 , -0.17538114586758555
3 , -0.095250276084408
4 , -0.05934061193474785
2 , -0.032576043010248704
9 , -0.4071225433513953
7 , -0.35910112522858617
6 , -0.1889791063354272
8 , -0.39332496223476204
5 , -0.18133285458759382
2 , -0.2901711810696183
3 , -0.08011195741907574
4 , -0.07504247360052485
9 , -0.4073503136487831
7 , -0.386673092399456
6 , -0.29439763749023823
8 , -0.38388763730676356
2 , -0.13924288275103272
4 , 0.13974430752137912
5 , -0.18225279764810792
3 , -0.062334529895798844
7 , -0.38353632248661784
9 , -0.46355364680856753
6 , -0.2806948949727774
8 , -0.38717344742442006
5 , -0.17406741726562425
2 , -0.352622920268351
4 , -0.03767144664073805
3 , -0.07179157159287172
7 , -0.27031275677857824
9 , -0.45670124546419455
8 , -0.40941440819162617
6 , -0.35947437474902855
5 , -0.1846618183045541
4 , -0.03526577608084703
2 , -0.3423500883551641
3 , -0.08768690197686232
9 , -0.3536168058057039
7 , -0.2898031264010608
8 , -0.30489241349719465
6 , -0.29134733502329657
5 , -0.1086172712219694
2 , -0.1235943187399595
3 , 0.05418355845305557
9 , -0.35148324800292785
8 , -0.4233605106745385
4 , -0.09390205030395692
7 , -0.3726918555719614
5 , -0.19786665579436574
3 , -0.12222725713106541
6 , -0.3632882440698278
2 , -0.3366688253195257
9 , -0.41540843868907223
4 , 0.030141374936535535
8 , -0.41585538979403613
7 , -0.2900195110149396
3 , -0.12751558494210805
5 , -0.09835436168747845
6 , -0.23226227976898856
9 , -0.4307106080893745
2 , -0.35031412688197866
8 , -0.3989913546961924
7 , -0.2759659659490283
4 , -0.10439913416651517
9 , -0.31424460188289804
3 , -0.1481143012385778
6 , -0.1908378073334629
5 , -0.11345550332091874
7 , -0.12282228701385381
8 , -0.27927958349704646
2 , -0.33184879287114427
9 , -0.39269400451314346
4 , -0.16279034759620947
3 , -0.0972213860544492
7 , -0.18217720936429121
8 , -0.28673637240888605
6 , -0.2474619996790693
5 , -0.13582500243566203
2 , -0.30467463305230424
9 , -0.22224195550985168
3 , 0.06774428603978636
4 , -0.010925602769861948
7 , -0.12382221896836737
8 , -0.27314895312390713
6 , -0.08454224793060548
5 , 0.040650951541709085
3 , 0.05361195160934484
9 , -0.32411260310315937
2 , -0.20205541438117872
7 , -0.09132909631435404
8 , -0.15638698112309704
4 , 0.05335419509844428
6 , 0.017829317772197803
5 , 0.12880711594115743
3 , -0.020932161990190008
9 , -0.2503084524164738
8 , -0.06190719458485734
7 , -0.11996374671859922
4 , -0.04422392143763319
5 , 0.052418664914477484
9 , -0.29151206543685687
6 , -0.20506408908856225
7 , -0.014961363262966194
8 , -0.20702681886600263
3 , -0.36631464094949906
4 , 0.0033919270581468605
5 , 0.08815344888369643
9 , -0.3331664226657918
7 , -0.1377995727987838
8 , -0.27440631936013554
6 , -0.26387402043213076
3 , -0.34339667762398374
4 , -0.06013154139485674
5 , 0.08140670424180187
9 , -0.40414240220804465
7 , -0.22490310923149145
6 , -0.18529686361133607
8 , -0.34635719999801395
3 , -0.28422373474013973
5 , -0.012884804751412699
4 , -0.19276436072986333
7 , -0.08544479854127025
8 , -0.12773885896613446
3 , -0.09024852727769468
9 , -0.47720868098759983
6 , -0.10070283607179442
5 , 0.1545414900992607
4 , 0.02156449371062962
7 , 0.006497391451238038
8 , -0.026289206623854613
3 , -0.031590466197085845
9 , -0.21886417088238985
5 , 0.16291795513768584
7 , 0.042314116102952756
4 , 0.008907605833962669
6 , -0.019353488350586513
8 , -0.1208442611710787
3 , -0.10736950963326562
5 , 0.21074332143155777
4 , 0.13741192429718346
7 , 0.06146126234761185
9 , -0.37920125742476757
8 , -0.04971322371050039
3 , -0.14728373628556488
6 , 0.005198670180475319
4 , 0.16139844343695442
7 , 0.11357105056073553
5 , 0.05377779741476717
8 , -0.011207759911459395
9 , -0.36210373213117164
3 , -0.1151138008535795
7 , 0.20702861684143375
4 , 0.054246071951526566
6 , 0.006667060367387295
8 , -0.07649771826160894
5 , -0.03822928941873377
3 , -0.10288238201675556
4 , -0.07947838275821717
7 , 0.05493899829589513
9 , -0.38530094279800614
8 , -0.06228203323086669
6 , -0.01087231407903405
4 , -0.026855576881145624
7 , 0.18026535471740934
5 , 0.008348559882374188
8 , -0.045813337240183376
9 , -0.35226793110103005
4 , -0.09102650784013251
6 , 0.014078012948751967
7 , 0.021230266265043003
8 , 0.09305061298021615
5 , -0.10064404052804263
4 , -0.10432565486450743
9 , -0.3514397516570005
6 , 0.10705270708623464
7 , 0.09254562452852573
8 , -0.005720589945767469
5 , 0.22717087337685835
4 , 0.002352156417590936
9 , -0.09502497493149513
6 , 0.3265935625949831
5 , 0.11761341357190144
7 , 0.03425985508356846
8 , -0.11403704290498073
6 , 0.23616837507197316
9 , -0.21985583603157935
4 , -0.18758695979375614
7 , 0.2694507155800251
5 , 0.05522334702959528
8 , 0.08362506338350438
6 , 0.31777940268055654
9 , 0.019538337191941632
4 , -0.0670352774222756
5 , 0.12504837506166613
6 , 0.3007144216865575
9 , -0.1344737422584507
7 , 0.04371573307778685
8 , -0.18509985021284092
4 , -0.2221684984519105
5 , 0.0319847214323832
6 , 0.11490145447248787
9 , -0.11386881429617095
7 , 0.2148669235951408
8 , 0.08553853623147614
5 , 0.1198160222018279
6 , 0.1406622440020966
4 , -0.18867829181840676
9 , -0.04990931880673253
8 , 0.21036041908887873
7 , 0.1355012300594059
5 , 0.17678688030205683
6 , 0.22762324430421846
8 , 0.21223902079373103
9 , -0.10805950715501635
4 , -0.2500339674631597
5 , 0.06988859636634095
6 , 0.08054451107972972
7 , 0.08397597883115362
9 , -0.005826923988508061
8 , 0.04577475845325428
5 , -0.11036816361427042
6 , 0.018446253577575008
7 , -0.04629627377356281
9 , -0.25272946996854656
8 , 0.02421440271226176
5 , -0.1513784011978907
6 , 0.2100829212239016
9 , -0.0073244972978583215
8 , 0.2084141522493398
7 , 0.0939679857890023
5 , 0.00279169536889148
6 , 0.1484688567783164
7 , 0.14246016007701592
5 , -0.16574132811206385
9 , -0.29606112295690745
8 , -0.06790853252651478
6 , -0.05660666403486344
7 , 0.10537000084666148
5 , -0.09642093059510626
9 , -0.008621758215859154
8 , 0.24797991676412692
6 , 0.15475214554360417
7 , 0.14250878056550398
9 , 0.11713812976910856
8 , 0.31659090031408416
5 , -0.14038245029606106
6 , -0.019396231172568647
7 , 0.2329073722462389
9 , 0.06911039945425651
8 , 0.3219607016002386
5 , -0.012566486326099713
6 , 0.13265810166510053
7 , 0.05803356306963384
9 , 0.039518148811109696
8 , 0.1911986057367058
5 , -0.01225310655180528
6 , 0.14685359879949675
7 , 0.13221914077420557
9 , 0.10324897757089481
8 , 0.3179560601039972
5 , -0.003176122605770267
6 , 0.15821572084447574
7 , 0.1639356436543184
8 , 0.25007679063554905
9 , 0.013357015073297797
5 , -0.0052269863929837795
7 , 0.06537406305127295
8 , 0.19272122331016078
9 , 0.09547487212298983
6 , -0.2437125423530561
8 , 0.21937117053481706
9 , 0.09759069474323079
7 , 0.14639115972668498
6 , -0.009800485350362795
9 , 0.06842705143569396
7 , 0.12318801278842449
6 , 0.020805806176965046
8 , 0.10678844235890798
9 , 0.1628685388203629
7 , 0.07679883935373649
6 , -0.06594745832143412
8 , 0.18129409594754403
6 , 0.022481292888401967
9 , 0.18983792555257203
7 , -0.07015287473396245
8 , 0.19480637923935992
9 , 0.25113286250490013
6 , 0.006335130664333967
8 , 0.19659298630669772
7 , 0.0029862900182759298
6 , -0.07457041699400072
9 , 0.14336483507074702
8 , 0.07083497215881089
7 , -0.0672147410989375
9 , 0.25691644321771945
7 , 0.049313147052954934
8 , 0.1919336834819166
6 , -0.07602037621717601
9 , 0.17359416628716773
7 , -0.07353323181522743
8 , 0.08464832166130488
6 , -0.0920430660221392
9 , 0.2635893933426115
7 , -0.029886659197608224
8 , 0.10164755811528374
6 , 0.005243582895868644
9 , 0.35007034138239357
7 , 0.043796933038445916
8 , 0.22278936942641098
9 , 0.25984017340097876
7 , -0.2870156398958559
8 , -0.13110501342651945
9 , 0.267834183951488
8 , 0.04727573249964907
7 , 0.029971056259270698
9 , 0.26698672687660635
8 , 0.016606977665291574
7 , 0.02675226994838669
9 , 0.22306493811679287
9 , -0.009655773651094853
8 , -0.3673102897493941
9 , -0.028164306548587776
8 , -0.24873227455674082
8 , -0.05003551013026052
9 , -0.12232643820048163
8 , -0.31046839788006797
9 , -0.1472560132279215
8 , -0.3339829903035504
9 , 0.09938172410968069
8 , -0.030470588193738095
9 , 0.08136879281452927
8 , -0.07613574278297928
9 , 0.107876475595775
8 , -0.0620809217929828
9 , 0.05610637008408563
9 , 0.061381055190821876
9 , 0.05115811239631814
9 , 0.11324245441741222
9 , 0.007555878221135039
9 , -0.09412344910613543
9 , -0.02707479390313799
9 , -0.06966783796250882
9 , -0.01718907275954508
9 , -0.04934809765204729
9 , -0.08991573916619357
9 , -0.08309167318354999
9 , -0.06109467967709214
9 , -0.06623924420833664
9 , -0.039003745120403825
