 Number of tacts (im units) = 10
 Number of massive (im units) = 13
 Command Line curl 10.152.183.163 > /dev/null 2>&1
cycle , cPeriod , count , procDur , procTime , lI , spb
0 , -0.15794207860222947
0 , -0.0949267764512477
0 , 0.003568933726989953
0 , -0.09351483834228044
0 , -0.036976511126322165
0 , -0.026293171821652733
0 , -0.1020280375416802
0 , -0.0773907278589188
1 , -0.07541139656372631
0 , -0.1006306991933393
1 , -0.12061074597309825
0 , -0.09745063358607425
1 , -0.14103271322103542
0 , -0.10308419830215391
1 , 0.04528687391284363
1 , 0.0723357919231628
0 , -0.12820844450090424
0 , -0.031038148812550313
1 , -0.11030759660653304
1 , 0.07735710212613829
0 , -0.21775836282440517
1 , -0.05184290698274068
0 , -0.1484747524988844
1 , 0.01074819633593202
0 , -0.10051163117491216
0 , -0.05513027387920178
1 , 0.009128905662409004
2 , -0.0121650240686711
1 , -0.09117852937352043
0 , -0.1451750314988922
2 , -0.0034797044089749313
1 , -0.1673138669664408
2 , -0.030092317043224046
0 , -0.16684804388265295
0 , -0.11832289654663827
2 , -0.021437024427111533
1 , -0.21197434720124783
0 , -0.10769920674125916
2 , -0.05340504077216979
1 , -0.11584611741000088
0 , -0.07844693133111709
1 , -0.06711447869443722
2 , -0.0022285438109743484
0 , -0.1445758967006961
2 , 0.01499571978878111
1 , -0.11927180490366408
2 , 0.018044695362510077
1 , -0.09490460994849169
0 , -0.25080539098278587
2 , 0.018925674618535438
1 , -0.16405332173079015
0 , -0.1435625305466555
2 , -0.03729738571185841
1 , -0.10606863309527625
0 , -0.12032106083337699
3 , -0.10717810890745369
2 , -0.14770371529096946
0 , -0.16491531006047178
1 , -0.1362456215147559
2 , -0.07479929770774917
0 , -0.09321473124041586
1 , -0.06079807661196414
3 , -0.09147466499623717
2 , -0.08120645561879292
0 , -0.1473846796862762
1 , -0.11809217407867244
3 , 0.02556232324421444
2 , -0.08300510683203502
0 , -0.07640882754922669
1 , -0.0651800488869648
3 , 0.05166392288827146
1 , -0.090104517905322
2 , -0.08737694537378508
0 , -0.1609290199138073
3 , 0.03774860763488625
1 , -0.140908285500529
3 , 0.05293951014903482
0 , -0.10712465144397643
2 , -0.14759143422462895
3 , 0.02589386878799332
1 , -0.12888930122194212
2 , -0.056768786351032
0 , -0.1707484127681318
3 , -0.022202256486871613
2 , -0.13032714191431014
0 , -0.1276897123217763
1 , -0.2102587292968131
0 , -0.10725272030763108
1 , -0.09910094598982902
3 , -0.007654808553795613
2 , -0.18408074624273296
0 , -0.1098412799476628
1 , -0.13306195957217104
3 , 0.011292053058719123
2 , -0.14231810983502563
4 , -0.020787245864032508
0 , -0.15814245076009725
3 , -0.12587042742959398
1 , -0.16781843687847622
2 , -0.15879739201982204
4 , -0.021849792763099292
0 , -0.18419311225429538
3 , -0.08652206981602621
1 , -0.11796245590419806
2 , -0.15788672420735736
0 , -0.16474317239129987
1 , -0.11776727706671496
4 , -0.01662495229253826
3 , -0.10982908848728364
2 , -0.15637264442058932
1 , -0.13155123989316392
4 , 0.02173254153493397
0 , -0.19689370037055579
3 , -0.11112940359869358
2 , -0.23747906530981136
4 , 0.029114913645888245
3 , -0.10819136824745822
0 , -0.17748112038432656
1 , -0.17189422260427795
4 , 0.004267297497673277
0 , -0.1380551863692168
1 , -0.11647524608246886
3 , -0.11421018338902346
2 , -0.19870807002502855
0 , -0.16669478311827393
4 , -0.0013492093348523577
1 , -0.14003772836260062
3 , -0.09004882173889113
2 , -0.14523939445929362
0 , -0.17030239867000116
1 , -0.12623786189470595
3 , -0.10786730097360007
4 , -0.006470363778732761
2 , -0.14936814194149714
3 , -0.08695651141361752
4 , 0.02576638157981007
0 , -0.18589968539344562
1 , -0.18415052601572543
2 , -0.1277380585824572
1 , -0.13851647242784246
4 , 0.019161948488743023
3 , -0.1014681301114776
0 , -0.1733272306524099
2 , -0.21236057705185785
1 , -0.1711070762551668
4 , -0.12111460007121934
0 , -0.16355096031263938
5 , -0.032208041582157385
3 , -0.13107514570328913
2 , -0.1813154306551107
3 , -0.07713218750458171
0 , -0.14938193980262118
5 , 0.02710414008701954
4 , -0.0955527259920703
1 , -0.20482030392071698
2 , -0.17148651343491708
3 , -0.0981024559564404
4 , -0.09243118510674414
1 , -0.14731253618618306
0 , -0.21268415150608808
5 , -0.034545158735520116
2 , -0.1326843240869506
4 , -0.12443449732080335
3 , -0.1668819622007556
1 , -0.18304702975382886
5 , 0.02993685629860589
0 , -0.16535499220667463
2 , -0.10011926588808481
4 , -0.09123651185482622
1 , -0.142790921220668
5 , 0.03292040640390166
0 , -0.13304814533749326
3 , -0.15201863974698562
2 , -0.12231468508946124
5 , -0.0048342692816590125
3 , -0.1389468735056641
4 , -0.13751320225806038
0 , -0.19463939695292412
1 , -0.2177055002907013
2 , -0.15225173621874272
1 , -0.1302124337842223
5 , 0.004676293062490483
4 , -0.10341496773643727
0 , -0.13627137822297739
3 , -0.14625761850602706
2 , -0.14354610401468457
5 , -0.004558923784244362
3 , -0.13726592273230676
1 , -0.19066820346515212
4 , -0.1315002409982776
0 , -0.16143887600809734
2 , -0.15049559710478055
1 , -0.15703319057279724
3 , -0.1346372819340815
0 , -0.13429712056457888
4 , -0.10858541735941563
5 , -0.023291441474160464
2 , -0.14863958702397934
5 , 0.03579191291255243
4 , -0.08740612322105058
3 , -0.14285182107191557
0 , -0.13477888894708234
1 , -0.1904972883173367
2 , -0.14661455759062778
6 , -0.2789905011124897
5 , -0.4200103054504816
0 , -0.44819985620921443
1 , -0.4786892639791587
4 , -0.43094870411204156
3 , -0.47814359860957156
2 , -0.5534310898482726
0 , -0.2822196973804047
3 , -0.24826560159328165
2 , -0.32298559481907124
5 , -0.4491695998805827
1 , -0.5161771848957587
6 , -0.4006315209977994
4 , -0.4933124438643612
3 , -0.3205936536054999
0 , -0.343477946199245
5 , -0.335355490362695
2 , -0.48951571738068883
0 , -0.3614971239646113
3 , -0.3892260711807569
6 , -0.38021795512858314
1 , -0.6002532919491128
4 , -0.5014337879766195
5 , -0.3188447807274834
3 , -0.22300384607746832
2 , -0.4485392205317076
0 , -0.4812369249558421
3 , -0.14834401470819172
5 , -0.26845594911249565
1 , -0.457678014566198
6 , -0.3930909802195834
4 , -0.5384789891067012
2 , -0.3292719387775635
0 , -0.3012261265345207
3 , -0.2895649985700265
5 , -0.3025436268985619
2 , -0.23200784831752994
7 , -0.059952480481118495
3 , -0.2845176951543367
6 , -0.3803281959429357
1 , -0.5833168312083675
0 , -0.342645835845392
4 , -0.5449103576276211
2 , -0.3564930706589337
5 , -0.49474740226496333
7 , -0.2547212045310693
3 , -0.469160736608484
0 , -0.3790275325345599
2 , -0.42210718881109105
6 , -0.3843667851113466
1 , -0.5402557923452512
4 , -0.5296825579259844
5 , -0.33291567587304505
7 , -0.23490802333415192
3 , -0.33568529242550854
2 , -0.367787956419498
0 , -0.5189880945098578
5 , -0.34385051192030386
4 , -0.45473554377620273
6 , -0.35723255101396584
7 , -0.2762027357483345
1 , -0.4920869428078603
3 , -0.43662806676649446
2 , -0.4233988276556008
0 , -0.3396915593855692
4 , -0.2608785341306786
5 , -0.3140676169449879
1 , -0.23574840539153816
6 , -0.13051462252729654
3 , -0.2903246666526989
7 , -0.21166034938648534
2 , -0.24701898564914918
0 , -0.16353091123650992
5 , -0.0961338200469485
7 , -0.017093259451646713
4 , -0.41533437587488026
0 , -0.14784838405542497
2 , -0.2754256127678247
1 , -0.4312230450686442
6 , -0.2822226592278681
5 , -0.15679868361112093
3 , -0.4557421882894802
7 , -0.06465831750535692
4 , -0.23299019129887108
0 , -0.17866719231073022
2 , -0.23255801928905057
6 , -0.06989158637825954
1 , -0.24147679735619337
5 , -0.17994270890408756
8 , -0.07185204731441981
3 , -0.2628226875345725
7 , -0.07085777936256016
0 , -0.1263046975587901
2 , -0.1858746383928727
5 , -0.1433715774370314
6 , -0.15981690993893305
4 , -0.22465007419675392
1 , -0.18179359845772308
8 , -0.03434517056594621
3 , -0.19816384364587722
7 , 0.00226417974564204
0 , -0.09820833863844822
2 , -0.1279912108515154
6 , -0.10032560826892567
1 , -0.18469281334791185
5 , -0.2275234243942737
4 , -0.22390893263866216
8 , -0.054476272384730386
3 , -0.22866905798098708
7 , -0.010492250534460568
0 , -0.10277572505178968
2 , -0.12636019021880668
6 , -0.16132874637618924
1 , -0.17212045333731663
4 , -0.21137475948977447
5 , -0.21890102340010165
8 , -0.08460240630605503
3 , -0.24912894485071005
7 , -0.1484034711321478
0 , -0.11741008458126069
2 , -0.13495445140940357
6 , -0.10782043847281347
1 , -0.17637249526102985
4 , -0.1561482065870151
5 , -0.156802333800163
3 , -0.20417235541766554
7 , -0.1284857703303943
8 , -0.05950885315295496
2 , -0.1650456775808985
0 , -0.20042765452802297
6 , -0.1653041708355573
1 , -0.24464180844454114
5 , -0.2295755497309392
4 , -0.23278035573823994
3 , -0.23250172917912942
8 , -0.04821138767194506
7 , -0.1833273282983057
2 , -0.17899200359074785
0 , -0.13464915502854188
6 , -0.09311052133418415
4 , -0.17851714856209494
5 , -0.18328710989177885
1 , -0.2150704040213674
3 , -0.20807741825714643
2 , -0.1221091521206401
8 , -0.039752974612340994
7 , -0.16093414116605972
6 , -0.07819024248745765
0 , -0.11944933114498005
4 , -0.23458238087605346
5 , -0.2379708995561545
1 , -0.23691247048807856
3 , -0.21608706592243776
2 , -0.2073786728734955
8 , -0.06695621992269175
6 , -0.13967969133014427
0 , -0.13755491143315782
7 , -0.20893675686258353
8 , -0.7707767102286595
6 , -0.8838064567070757
2 , -0.9221733190133519
0 , -0.8823329710703227
7 , -0.8778350088348889
5 , -0.9309156126569049
1 , -0.8988344528375699
4 , -0.9620795980783304
3 , -0.9768282396655674
9 , -0.0956605762689782
6 , -0.12912859745149674
0 , -0.1308593718083909
7 , -0.1475390210981831
2 , -0.19795426206516598
8 , -0.05874320172599837
5 , -0.19735792224563262
1 , -0.1736217855594558
4 , -0.2336616761242146
3 , -0.14899640361845454
6 , -0.12705455685200862
9 , -0.04701924005113025
7 , -0.12714901980584914
0 , -0.037342698911912164
2 , -0.1783982629163333
8 , -0.1583815432129245
1 , -0.15536477852022995
4 , -0.22185758307716566
5 , -0.21337295546509022
3 , -0.18460168171290936
9 , -0.039880804316353935
8 , -0.0934802029667318
0 , -0.025103543441434846
6 , -0.1762836451013075
2 , -0.20266175824530008
4 , -0.20744570885933653
5 , -0.1685176448909752
1 , -0.18488154993601583
7 , -0.24348144729101834
3 , -0.19408618329443855
8 , -0.1228338898819341
6 , -0.11960149387351969
2 , -0.1069551016282621
4 , -0.13633031518538796
0 , -0.06748429956024476
7 , -0.0721576917289765
5 , -0.14450880257326096
9 , -0.07986707048351856
3 , -0.11394540551270575
1 , -0.09560677508321709
8 , -0.136470694563413
2 , -0.14995421221226907
4 , -0.190472962409775
7 , -0.08700974638839157
6 , -0.18322534985539407
9 , 0.019918780718098775
0 , 0.003928712009771875
3 , -0.13880405749296454
5 , -0.15301196347765994
1 , -0.11638679448347068
7 , -0.12336836473211511
4 , -0.19097856859732232
2 , -0.13580883601456384
0 , -0.006978421305668576
9 , -0.01902431001947593
3 , -0.15059546273213667
8 , -0.1715584569982598
6 , -0.19148240077170514
1 , -0.2200862653432465
5 , -0.2712614424134915
8 , -0.12268268541537945
9 , -0.032606593988870204
4 , -0.22448913052175473
6 , -0.1584666827685914
2 , -0.15484579729563402
0 , -0.03550686363694034
7 , -0.1634453575680035
3 , -0.187144151431657
1 , -0.1139973708426892
5 , -0.23058500540498425
9 , -0.05467895967976534
4 , -0.23116785493730316
7 , -0.19796813772538585
8 , -0.17258741947360148
3 , -0.19605265517623865
6 , -0.2106886796899359
2 , -0.17962686882107487
0 , -0.07572017020108664
1 , -0.12028190777272957
5 , -0.23719454684351157
7 , -0.15546788766013175
3 , -0.15235757776210188
4 , -0.18723214456188872
9 , -0.019454160614578303
6 , -0.1565289712149781
1 , -0.10326347980751867
2 , -0.14295985230366726
0 , -0.03306310114555156
8 , -0.17356814385266198
5 , -0.1441569411125117
1 , -0.09400560475612606
7 , -0.14481414207452556
9 , -0.0068923400891104224
2 , -0.10046029466297689
3 , -0.1656032586376398
6 , -0.16113481305519328
8 , -0.0828643828012676
0 , 0.005885301261160981
4 , -0.22537186681251622
5 , -0.21289232477130526
8 , -0.08358016926463784
7 , -0.1440099582062345
0 , 0.041158715582919045
3 , -0.1364899898600174
2 , -0.11819664869984643
6 , -0.14951575710771156
4 , -0.15539223184462433
9 , -0.1385470989031322
1 , -0.1670584985446742
5 , -0.14889816779270607
3 , -0.12733798650546718
0 , 0.10486323195849757
7 , -0.1401808878105864
8 , -0.12204677835040735
2 , -0.10147394043105161
9 , -0.09403384052252085
4 , -0.16725573057545817
6 , -0.15740660490059874
1 , -0.11473807422807847
5 , -0.15179922530134335
2 , -0.10098148586453841
9 , -0.09078214660454821
0 , 0.08959691759834655
6 , -0.12054992142669342
3 , -0.167109163085824
1 , 0.04107220724553355
4 , -0.17886227581232633
8 , -0.14886064001627466
7 , -0.18945341561181991
5 , -0.1475563250693621
3 , -0.10795092409922734
6 , -0.12464540844613475
2 , -0.12002584430490225
0 , 0.0970044823317818
8 , -0.07674888631166561
4 , -0.1689551658976338
7 , -0.12417414211455133
9 , -0.1407118384751827
1 , -0.012076585809975388
5 , -0.1479181143059719
8 , -0.35461137699068135
6 , -0.36651331218127975
0 , -0.11391496856457752
2 , -0.34143087560837404
3 , -0.36103630749286825
7 , -0.37202302171739654
1 , -0.22794321061596368
9 , -0.3537197318012036
4 , -0.3959367497483477
5 , -0.43800709709196506
2 , -0.46919426978802514
6 , -0.5163678143866712
8 , -0.5455152446240368
0 , -0.3086633232692526
7 , -0.561651261788602
3 , -0.5473930891074931
9 , -0.5394984783924455
4 , -0.5752988201565603
1 , -0.44035323869259557
5 , -0.5817858466933451
2 , -0.4831071674621257
6 , -0.5109456128249902
7 , -0.48271420554777666
0 , -0.27453060960082537
9 , -0.46379344084033713
3 , -0.4739284045942752
1 , -0.35813705162272624
5 , -0.5405782651677785
8 , -0.5952043924045415
4 , -0.5413972326263563
6 , -0.4959672263593251
2 , -0.4691709823691761
0 , -0.2453160260870295
7 , -0.5324214249339361
1 , -0.34158024104784185
9 , -0.4818173421933613
3 , -0.48017073195885784
5 , -0.5410862893421383
8 , -0.5033070187161378
4 , -0.5002303149487523
2 , -0.34781948692741416
6 , -0.5347688623847734
0 , -0.22960301212283582
9 , -0.4464958638933149
1 , -0.34875981592022665
7 , -0.5271020331975818
5 , -0.516558023846883
3 , -0.48238181583813117
8 , -0.4930763569684627
4 , -0.4947055120324823
6 , -0.5053135571147823
2 , -0.3507238916245895
0 , -0.15506343279645587
9 , -0.4344655847024802
1 , -0.33665394213510935
3 , -0.4569401852125798
8 , -0.48659736341745957
7 , -0.509675251266471
4 , -0.5027391923164468
5 , -0.5594826116235886
6 , -0.5387930179822411
9 , -0.43496283240059097
2 , -0.38799814213789796
0 , -0.134281266609216
1 , -0.3492073545787062
8 , -0.47442169792556205
3 , -0.45482100919376794
4 , -0.47910969913084805
7 , -0.5130637266797179
5 , -0.5230891751337386
0 , -0.10645880903282737
6 , -0.5467613721745225
9 , -0.47533302582930415
1 , -0.32262921996708105
2 , -0.37198307380800133
8 , -0.48763707521687133
4 , -0.46798012233215447
3 , -0.46357912719464295
7 , -0.5202947250983678
5 , -0.5005751395668739
9 , -0.43894911625646327
0 , -0.11461868674706376
6 , -0.5386745354387363
2 , -0.34322102869137705
1 , -0.2700137471337451
8 , -0.46759399170077154
4 , -0.4654661861121108
5 , -0.4605594808986567
3 , -0.4912503529259258
7 , -0.5238456259952867
6 , -0.3117478137272
2 , -0.10606729109659499
4 , -0.25515897437137774
5 , -0.24111875763585192
9 , -0.40915027093400186
1 , -0.11585934269724349
8 , -0.3740776528771614
0 , -0.17051716950902046
7 , -0.518493531503821
3 , -0.5018890080649083
4 , -0.4294201799317684
6 , -0.477103122544718
2 , -0.3377398546513018
5 , -0.44505638468736275
9 , -0.43767732489402555
1 , -0.2568621212851573
8 , -0.4991226283334168
0 , -0.12935677977880944
3 , -0.4665935182948868
7 , -0.6034485972248252
4 , -0.4621268383248902
9 , -0.4470342919014569
5 , -0.45190711220339336
2 , -0.3493616578021991
6 , -0.5920522481908788
1 , -0.25608568838309015
8 , -0.4916916857620252
0 , 0.0020280843252026676
4 , -0.4572276195418691
3 , -0.47658854530633754
5 , -0.44187680634279264
7 , -0.5397881777103001
9 , -0.47416578673768855
2 , -0.30496273854988254
6 , -0.44226450899155023
1 , -0.22096452986247012
0 , 0.0396973360019067
8 , -0.4938253272357894
3 , -0.31214555032965097
7 , -0.3485431967054279
2 , -0.19035750290157358
4 , -0.4369492853807976
5 , -0.41770778761668037
9 , -0.4535356098337122
6 , -0.4834797161653347
1 , -0.16142809245341444
8 , -0.4128094475756863
0 , -0.03428858749105309
3 , -0.3485691374808373
7 , -0.5218583472582855
5 , -0.4527855770422937
2 , -0.24810415329872157
4 , -0.4528447093505107
6 , -0.47095863587203546
9 , -0.4763627865492034
8 , -0.45398167440847914
1 , -0.24351169245188115
0 , -9.870927641513953E-4
3 , -0.1136982742671464
5 , -0.21652705681910922
6 , -0.23716741848467146
9 , -0.183185912933009
7 , -0.5053073910544728
1 , 0.0026051220391343877
2 , -0.2095250729008204
4 , -0.43984184917907504
0 , 0.20857885151381572
5 , -0.26502549281731536
8 , -0.4807360463513519
6 , -0.3031690376267003
9 , -0.28148592957642565
3 , -0.2658306243370203
2 , 0.055403636540782376
7 , -0.259872970767272
1 , 0.1402902343856668
0 , 0.18618393825449173
4 , -0.24405963648181803
5 , -0.20356066174468487
8 , -0.2381797155010262
6 , -0.221466784692116
9 , -0.18509990994416936
3 , -0.056107379713014986
7 , -0.24145138717743886
2 , 0.017020648357141403
1 , 0.16213400024910596
0 , 0.1946362037306177
5 , -0.21886811280032575
4 , -0.2959232749865945
9 , -0.25492533999178146
6 , -0.3208904132790606
3 , -0.137137321534046
8 , -0.4139544111016181
7 , -0.3821166649795532
1 , -0.06513851430534982
2 , -0.19797993952005855
0 , -0.05973025258245506
5 , -0.3909504747127714
9 , -0.34749211734373536
3 , -0.16007643867249446
4 , -0.4075153957122855
6 , -0.4014167386988729
7 , -0.26819247808177077
8 , -0.4543222928624438
1 , 0.11377483357377378
5 , -0.1938156264169205
9 , -0.2819117129080777
3 , -0.1369221978247529
0 , -0.07026293434961006
2 , -0.19774417568791408
7 , -0.3043214413234103
6 , -0.33223002995743345
4 , -0.40624388703051356
5 , -0.25211998372026373
1 , 0.007394705986797938
3 , -0.05990080216323155
9 , -0.24177262709986508
8 , -0.46598751889571033
0 , 0.07341449173487839
7 , -0.33454501699973394
2 , -0.23961572058104916
6 , -0.47662235766528493
4 , -0.44330949591610896
5 , -0.44961212948277823
3 , -0.29928998814514207
1 , -0.1090284538697438
9 , -0.46698964123737535
8 , -0.5267412836777721
0 , -0.08394700264057847
7 , -0.47518191010796323
4 , -0.2188906042208957
2 , -0.19451303205943485
6 , -0.3808710466612919
1 , 0.22548055259578717
9 , -0.22592992264291065
5 , -0.3388180578382197
8 , -0.2555030253532546
0 , 0.07596897549861849
3 , -0.22237641810089642
7 , -0.2502525118182521
2 , 0.12444092098401208
4 , -0.22778664399072432
9 , -0.23269657780922445
1 , 0.23412972766819704
6 , -0.2834013035950525
8 , -0.2605136019877174
5 , -0.24594595116957207
0 , 0.03431703126659225
3 , -0.014466336768436379
7 , -0.26037432832162377
9 , -0.20309513132710075
4 , -0.18273139127624632
1 , 0.24817978969573554
2 , 0.1225753036022797
6 , -0.21964899324790862
5 , -0.09760715340301356
8 , -0.2583543799698564
7 , -0.17114607368607093
3 , -0.02528436305851283
0 , -0.03211322736367701
1 , 0.14683854037116853
2 , 0.06570884032246006
4 , -0.368773680286606
8 , -0.3733385496358795
5 , -0.3520342270603306
9 , -0.5070127209231422
6 , -0.44555786917615087
3 , -0.053251849933831794
7 , -0.3746608016325812
2 , 0.08877844405157877
0 , -0.14824012925325739
4 , -0.3205452107953256
1 , 0.0037293143044379497
5 , -0.35089630851039816
3 , -0.11340430567440166
8 , -0.445236528506678
7 , -0.33486348419736645
9 , -0.47388813089897625
6 , -0.46686936324999684
0 , -0.03630686389245645
2 , -0.09906509851300135
1 , 0.026106173471264402
5 , -0.36611776217683406
7 , -0.4195614039285753
4 , -0.500519025000856
3 , -0.2940504272012253
0 , -0.10923354084612502
8 , -0.5720810911862672
9 , -0.5768482661351461
6 , -0.5353375914545873
1 , -0.08655866668553229
5 , -0.39301637846996146
2 , -0.17666475698032283
7 , -0.449337281665916
4 , -0.31436378191949377
3 , -0.1740962718045397
0 , -0.22912401437970348
8 , -0.5602882492226053
9 , -0.5391324964335356
6 , -0.4999115827613177
5 , -0.37875918454349095
1 , -0.15255077371577533
7 , -0.41203667615781786
3 , -0.16252163208525522
2 , -0.10964333192483583
4 , -0.34159016998639313
0 , -0.24626549120020008
8 , -0.41685397651849293
6 , -0.35455394759911113
9 , -0.44960807135707154
2 , 0.27401984111580174
1 , -0.024020848026687067
5 , -0.3849620318779079
7 , -0.33468740370580985
4 , -0.11138901879519347
0 , -0.052191115688798674
8 , -0.22874558666188707
6 , -0.2418024881873493
3 , -0.18249155170270318
9 , -0.2987406360970724
2 , 0.02712605187156388
5 , -0.38867512337092586
1 , -0.05672123761387895
4 , -0.30996653020281434
7 , -0.49581800427122785
0 , -0.32707351425196174
6 , -0.44428258914901736
8 , -0.4715940771005362
3 , -0.09253364363678332
9 , -0.4706752571973821
2 , 0.03711474299538994
5 , -0.40306136515192353
1 , -0.0689631937958689
4 , -0.27859283652760075
7 , -0.4585179456699494
0 , -0.25948060833269115
8 , -0.3857697178262899
6 , -0.43290495190251116
3 , -0.05119006124149524
9 , -0.4755268157236372
2 , 0.0010404033310849616
1 , -0.15369236032653488
5 , -0.3243275907625568
4 , -0.30433153741571584
7 , -0.4206246959420558
8 , -0.4267394863179485
0 , -0.2946424654570371
6 , -0.40053852580146987
3 , -0.06404649738703315
9 , -0.4479263829432171
2 , 0.08102115096488383
1 , 0.054226748636619644
8 , -0.16111320600030685
6 , -0.08443039100821802
9 , -0.1766695279239686
5 , -0.2805933018294305
4 , -0.2670913177917738
7 , -0.4185683553997702
2 , 0.16283229417224898
0 , -0.2786684708913573
3 , -0.03370016158466769
1 , 0.06673296382261919
8 , -0.25589751063963406
6 , -0.21033009445584686
9 , -0.3554236218321664
2 , 0.10357901163189243
1 , 0.025962670809454805
5 , -0.2946807631372961
4 , -0.26578724678878224
7 , -0.4183483206122549
3 , -0.04496792681874419
8 , -0.3413609165835702
6 , -0.30192140344922197
0 , -0.3014249805419336
9 , -0.36635193866089577
2 , 0.008388380288204923
7 , -0.22143749345652664
1 , -0.05486863199260117
6 , -0.15795572043567457
5 , -0.18095895545719362
4 , -0.22991308030563723
0 , -0.21540198136282956
8 , -0.42094245230079985
2 , 0.2168103328149671
3 , -0.06809279649522526
7 , -0.09242178422827378
6 , -0.12127531897406207
9 , -0.36198193459631584
1 , 0.02859880917001272
8 , -0.14794112545560947
3 , 0.31154418110432647
7 , -0.09193791192213036
5 , -0.27203400049627047
2 , 0.13746119001180407
4 , -0.270465944747507
6 , -0.18588255250891106
0 , -0.21745006792312532
1 , 0.06022672077399216
8 , -0.12989790003298732
7 , -0.07649938147755764
3 , 0.2267850573723862
9 , -0.4152605574941463
6 , -0.1165105473354518
2 , 0.06260809306054653
1 , -0.0076494320155913315
5 , -0.26793986730656305
8 , -0.1566339875558248
4 , -0.12547965213907203
7 , -0.19152878921873934
3 , 0.30613772876947987
0 , -0.24418161500749247
6 , -0.10683961478568858
1 , -0.004981300745209231
9 , -0.3832963375602647
8 , -0.14053820617536425
7 , -0.10290497639919295
2 , -0.06785636093520096
3 , 0.2999125615956797
4 , -0.08397332333836503
6 , -0.1866517589808738
5 , -0.2316737678784891
8 , -0.11164380128456093
2 , 0.19110015122617963
1 , -0.11633652409181718
3 , 0.32368283536078607
9 , -0.2673078213090784
6 , -0.19728853300958055
7 , -0.34318588019988133
8 , -0.2236195333628293
2 , 0.055103465976752586
1 , -0.09917662930362266
3 , 0.11354987999005924
4 , -0.19001079572741517
5 , -0.2875627798554104
9 , -0.29295030299427016
7 , -0.39376235751933647
6 , -0.42360683216592826
8 , -0.37819002494161186
1 , -0.25733191274278205
2 , -0.14249909529417853
4 , -0.17316870973545476
3 , -0.07578101136958446
9 , -0.39948221425656116
5 , -0.28855073415538246
1 , -0.09274583163046268
3 , 0.16348117444163296
2 , 0.06419276285373463
6 , -0.34760858693550534
7 , -0.3830211460331029
9 , -0.26980220875592337
8 , -0.3886920335458014
4 , -0.17920492943587032
5 , -0.23806488031086753
1 , -0.13613088962924216
6 , -0.10713945892942979
3 , 0.10597053807025236
2 , 0.019611582627564666
9 , -0.2778206030531675
7 , -0.34508377196500306
8 , -0.31940955274198146
6 , -0.00941094906794634
2 , 0.013243175274469216
4 , -0.12717531687753572
1 , -0.08011047382730042
3 , 0.1516585381537736
5 , -0.14822208562491768
9 , -0.1523028191160405
8 , -0.2958384059028797
7 , -0.3553109127692694
3 , 0.18693857684892376
6 , -0.14146074821260327
1 , -0.11761590914709497
2 , -0.16653161498585367
9 , -0.2494609333113872
4 , -0.13141331062788408
5 , -0.19004226635750118
7 , -0.24085449660660657
8 , -0.31804847206419273
3 , -0.009580786705047972
6 , -0.1664761164255255
1 , -0.2015993382826779
2 , -0.21626785051911007
9 , -0.3712228143703637
4 , -0.1265311249957585
5 , -0.1613113545597072
8 , -0.22925954802552415
3 , 0.025103402420610984
7 , -0.3471913449475163
6 , -0.26236792505426815
4 , 0.11066837927570503
2 , -0.23174845352865342
9 , -0.38874169171808437
8 , -0.18003663661856187
5 , -0.014277501064819047
3 , 0.08308700718374215
7 , -0.04240589579224996
6 , -0.02826779118708507
4 , 0.09869758840649893
2 , -0.10113271763655853
9 , -0.27757892444999965
8 , -0.3134404651117362
5 , -0.09132205767473123
3 , -0.0442158480641245
7 , -0.19840979855368143
6 , -0.2087990720312381
4 , -0.0147774698935513
2 , -0.2242591661443681
9 , -0.363767306621426
8 , -0.3020889901182435
3 , -0.01834304491202532
5 , -0.13705869066861254
7 , -0.19831479401633204
6 , -0.22074506556835352
9 , -0.20534698471454738
8 , -0.12506946021208595
4 , 0.008639633205430946
7 , 0.03976845950317542
2 , -0.27061772789288757
3 , 0.02628894855540232
5 , 0.01419050970059809
8 , -0.186660060933138
7 , -0.036631729443742454
3 , 0.15811039825971104
6 , -0.255114682768754
5 , 0.027570128481566855
9 , -0.37660516962748614
4 , -0.035803808169541554
2 , -0.2505544176066604
7 , -0.27944520110091514
6 , -0.23075552721424247
8 , -0.45102554135993816
3 , -0.32422426417184746
9 , -0.34614610118563494
5 , -0.07826147498011747
4 , -0.010584894765472579
2 , -0.18514989454912584
7 , -0.02009668854314483
6 , 0.10173247244698903
8 , -0.07091759335187545
3 , 0.04702593686665911
5 , 0.14887492771687366
7 , 0.012723613364340683
9 , -0.33726586547359116
2 , -0.19303553101371226
3 , 0.03817716768489012
4 , 0.03547709080758998
8 , -0.09906732828811796
5 , 0.2363005649703254
6 , -0.15058737893259797
3 , 0.004023250886304918
7 , -0.09521874307976727
8 , -0.06915185279910452
9 , -0.34783951374179056
5 , 0.12156836429530568
4 , 0.07496280795509949
3 , 0.011603287317044809
7 , 0.03008279490302594
6 , -0.07725825298294338
8 , 0.025253584567604005
5 , 0.1867168180314883
3 , 0.026115147464221736
7 , 0.13195004083115033
9 , -0.34197909255788883
8 , 0.023569039734761543
4 , 0.09308944150252042
6 , -0.12140829066260718
5 , 0.1701939926220459
3 , -0.06127148534341784
7 , 0.010910333271866262
8 , -0.27633579453745594
9 , -0.46877822400140673
4 , -0.06540164736477184
6 , -0.2589293827781657
5 , -0.08499333988805571
7 , -0.26231929102313156
3 , -0.3817785656593186
8 , -0.36980654145882064
9 , -0.4719156851544003
4 , -0.054245567947926204
6 , -0.26914557188177785
5 , -0.09439432544933427
7 , -0.2924530722794346
3 , -0.3989825917118943
8 , -0.37122903877547253
9 , -0.45743588160533133
4 , -0.09236302523323835
6 , -0.17997404635555547
5 , -0.034239382314283556
3 , -0.3326790731914495
8 , -0.08971348527851879
7 , -0.27337298946069494
9 , -0.23565286577589603
4 , 0.07922450393403124
6 , -0.1263701288947831
5 , -0.053624024185096736
7 , -0.22577327389771787
4 , -0.09643111135500222
8 , -0.39111694308633765
9 , -0.4878178168514751
6 , -0.014907988989460923
5 , 0.2372790964997093
7 , 0.009812082109549052
8 , -0.08972542465251729
9 , -0.23349829968232125
4 , 0.05612833841842732
6 , 0.07180837874175562
5 , 0.1387705093195221
7 , 9.400307720707419E-4
8 , 0.03931251935509531
9 , -0.19015333167127058
4 , 0.15168170533743305
6 , 0.15221563185201484
5 , 0.13976953866077757
7 , 0.17352041169334734
8 , 0.07149980668928657
9 , -0.08200135374322969
4 , 0.1318229531362643
6 , 0.11859965501492258
5 , -0.05406553885618447
7 , -0.06875336493269679
8 , -0.20921455042106682
6 , -0.004559989767700917
4 , -0.21520918831862984
9 , -0.37931482007555817
7 , 0.1713038749172877
8 , 0.06439532609644757
6 , 0.23445564044360886
5 , -0.0062540893081094485
4 , 0.11495851386150396
8 , 0.13283913680042234
6 , 0.3290444978004422
9 , -0.15040054090385271
7 , 0.09059167072044554
8 , 0.12736592814043823
6 , 0.35194854528060215
7 , 0.2669447172994588
5 , -0.10449083655991347
8 , 0.10941030424755421
7 , 0.22968691874625954
4 , -0.21899592125416764
6 , 0.1769871439554713
9 , -0.34639393705234744
5 , -0.5690243302661764
7 , -0.43433964142519593
4 , -0.5795500074899396
9 , -0.721270741004987
8 , -0.6647047350341683
6 , -0.42575844212375125
4 , 0.12633578167172874
5 , 0.1038998945231624
9 , -0.04029320071667441
7 , 0.09463020692178045
6 , 0.08354165588574468
8 , -4.959329413623782E-4
7 , 0.2580054588542606
6 , 0.20125329208331472
8 , 0.20310642850672408
5 , -0.0733832476300659
4 , -0.08425124482718106
9 , -0.23255765807232204
7 , 0.3090325362032322
8 , 0.2342143703686733
4 , 0.17442198143448595
5 , 0.14333366437965142
6 , 0.18294301524315842
9 , -0.014041500694230567
7 , 0.30507937218706865
8 , 0.2319271870967621
5 , 0.17196431633738324
4 , -0.025213506410588348
6 , 0.22328200818107183
9 , 0.005988765247160917
7 , 0.2192997527220501
8 , 0.21879161780782772
9 , 0.04548980639771228
4 , 0.03432906281560501
5 , 0.167490574060166
6 , 0.23582005298087924
5 , 0.1789059266252149
6 , 0.25835004298675746
7 , 0.21497618384446887
9 , 0.08742418807937767
8 , 0.20011583003037936
4 , -0.0017674082549363976
6 , 0.21316681862623435
5 , 0.12126162534161392
7 , 0.19637929987367336
8 , 0.2831675699572245
9 , 0.040037011101416733
4 , -0.054598194844208844
6 , 0.13699230535363552
4 , 0.04205575073494143
5 , -0.023883559723291824
7 , 0.18306529355123818
8 , 0.26803080964678566
9 , 0.09230570900188696
5 , 0.019757127626351303
8 , 0.3129259484972797
4 , -0.028655663528569627
7 , 0.22095951323513693
6 , 0.11192123393535604
9 , 0.07306213439154792
5 , 0.030017823830125696
6 , 0.18030290185233327
4 , 0.01875300873831644
7 , 0.23981805638478015
8 , 0.3066940547742313
9 , 0.11726563978869624
4 , 0.027803458473571543
6 , 0.1780332842037238
9 , 0.1470185151006366
5 , -0.10316305753862962
8 , 0.049936675963858874
7 , -0.12431826545993722
6 , 0.14585298507513847
9 , 0.09970210176277834
4 , -0.009850161148036423
5 , -0.02265737742082036
8 , 0.2605958352633473
7 , 0.2127053313312589
6 , 0.15418847070450264
4 , 0.0014504440427725212
9 , 0.07930678571882542
5 , 0.04712433725809903
7 , 0.1703576265468356
8 , 0.20099483799759404
7 , 0.17951109248654307
6 , -0.08384117455841225
9 , -0.009428874928508843
8 , 0.2299136073601311
5 , -0.23145498626857763
9 , 0.22973843854796636
6 , 8.172420744596981E-4
5 , 0.03496597936204627
7 , -0.001949707654699611
8 , 2.3817363418362656E-5
6 , 0.03082492690070921
5 , 0.036877010216065265
9 , 0.24636187063338694
7 , 0.04656813929676272
8 , 0.17031057314732975
5 , 0.03950396467117626
6 , -0.0037811367701770585
9 , 0.21588560740760546
7 , 0.16196365912398267
8 , 0.24125434939820686
6 , 0.042898263455345566
9 , 0.2460131946042378
7 , -0.03174284324313806
8 , -0.05427251795044208
6 , -0.1965367402572308
9 , 0.034873958009563236
7 , 0.04062356660188062
9 , 0.32730673532670623
8 , 0.16756282615046791
6 , 0.011658333889380645
7 , 0.010997566915113185
6 , -0.22563568127840777
9 , 0.07031322275293392
8 , -0.09238679888849234
7 , -0.22401680782649047
6 , 0.015272552273738542
9 , 0.3159958662190962
8 , 0.16332162696438443
7 , -0.2223650445777205
9 , 0.023593800239363024
6 , -0.28021491779137225
8 , -0.13496387602322185
7 , -0.3296224745905592
7 , -0.0996552317221733
6 , -0.3971505432908634
8 , -0.22096091696860853
9 , -0.12823758995517123
7 , -0.07326388092444236
8 , -0.23693310130709014
9 , -0.14177185824933772
7 , -0.31173462456194934
8 , -0.1357410645099646
9 , 0.014019904781226066
7 , -0.07077989438355792
9 , 0.07479979053016794
8 , -0.27096588792130605
9 , 0.10276316203795823
8 , -0.059336972938465224
9 , -0.10444636044907961
8 , -0.3307898028858367
9 , 0.16658575654507332
8 , -0.09759423453232091
9 , -0.18605260566129814
8 , -0.32901027915644687
9 , 0.11694219631856677
8 , -0.0036524323565857177
8 , -0.11695112584065877
9 , 0.023884209241792045
9 , -0.17144810590988735
8 , -0.3303029126373385
8 , -0.044639934460841184
9 , 0.08949860415314119
9 , -0.1881947642269017
9 , -0.17886019847760137
9 , -0.3023647443160577
9 , -0.08573706173565515
9 , -0.30613853463044627
9 , -0.018933391104759854
9 , -0.01386578963418014
9 , -0.035151700734652874
9 , -0.0532829749178875
9 , -0.008887945514899052
9 , 0.0291255487078569
9 , -0.08884141257630566
