 Number of tacts (im units) = 10
 Number of massive (im units) = 13
 Command Line curl 10.152.183.163 > /dev/null 2>&1
cycle , cPeriod , count , procDur , procTime , lI , spb
0 , -0.21889316509100334
0 , -0.16308035479558453
0 , -0.07896339273366486
0 , -0.08791718457474453
0 , -0.10094384887729313
0 , -0.09300610473156087
0 , -0.014255849290563349
1 , 0.019928829198503306
0 , 0.026141345027207694
1 , -0.06362022886312683
0 , 0.02540905460005093
1 , 0.00629692573182326
0 , -0.009122033341499535
1 , -0.048543450747092556
0 , -0.12524624069848908
1 , -0.05270352014759934
0 , -0.13594431045256933
1 , 0.021615444560872762
0 , -0.07450092402260024
1 , 0.006096526076523426
0 , -0.17744859485853723
1 , -0.0663128776923365
0 , -0.13083176071557628
1 , -0.04417798512245974
0 , -0.13744598200202424
1 , 0.005699788225669877
0 , -0.0627063904534307
2 , -0.0562212522018661
1 , -0.11245272600764449
0 , -0.12220446822256734
2 , -0.041819308059254746
1 , -0.10508818436967488
0 , -0.17919851496829195
2 , 0.0035685834246350382
1 , -0.09007254408089528
2 , -0.15491921850552948
0 , -0.3042030467425637
1 , -0.3889537689008983
2 , -0.3529718688569005
0 , -0.48169182666925175
1 , -0.4399067465523076
0 , -0.2050744120237415
2 , -0.18621296570117546
1 , -0.20623833819072093
0 , -0.42282390322526386
2 , -0.2865603152405542
1 , -0.32523729532535894
3 , -0.012963952739116835
1 , -0.2317146003712727
0 , -0.2808522987826672
2 , -0.175461973907358
3 , -0.20839668845907167
0 , -0.19094185686366913
1 , -0.16580094433049283
2 , -0.017875721244917257
3 , -0.0715666981315254
1 , -0.11925541684708361
0 , -0.17411687889874028
2 , 7.883160264984999E-5
3 , -0.044422234125572904
1 , -0.15971471401299125
0 , -0.18215473714712632
2 , -0.1547914852958626
3 , -0.05216924046681139
0 , -0.17617408269813525
1 , -0.16926215611285864
2 , -0.1449801021023611
3 , -0.020226870914436836
0 , -0.15432102324025784
2 , -0.1470322088819176
1 , -0.17057962091769943
3 , 0.03836779046233089
0 , -0.1120203970094933
2 , -0.085770295894486
1 , -0.15339894591386755
3 , -0.04069346119954534
0 , -0.17550268959271748
2 , -0.13466273646170243
1 , -0.16750132123599562
0 , -0.184964822714041
2 , -0.13119278020770667
3 , -0.07435408042530589
1 , -0.1611020454305426
4 , -0.04300231295782426
0 , -0.16930421789773425
2 , -0.12489798592733443
1 , -0.1466694456989996
3 , -0.08847580452568204
4 , -0.052273677021616026
0 , -0.13992694666743738
2 , -0.13227375008177497
1 , -0.13696631698087006
3 , -0.12643059395795408
4 , 0.00969867023200564
2 , -0.06912166517071798
1 , -0.09942846484603939
0 , -0.1633516381331844
3 , -0.07423423004281217
4 , 0.0039515887934039075
2 , -0.12520849519794072
1 , -0.15360513587468155
0 , -0.13735460752974707
3 , -0.11161708406522607
4 , 0.015493569297079377
1 , -0.09671159760139816
0 , -0.10204485706225713
3 , -0.07720081968792819
2 , -0.20828211515600673
4 , 0.0045282888194486896
0 , -0.15194378220315397
1 , -0.17236091674157442
3 , -0.09115559967397992
2 , -0.07868184894525612
0 , -0.1278497468578311
4 , 0.02207762476278226
3 , -0.06157921415439812
1 , -0.14763399565186733
2 , -0.10663384723678343
0 , -0.18074274361366388
4 , -0.0038455822930595616
1 , -0.10735786435216035
3 , -0.1082273216845141
2 , -0.1237549969476658
4 , 0.017707550383685138
0 , -0.1874679829987736
1 , -0.12282252481813392
3 , -0.10941821837258724
2 , -0.14507825943805933
0 , -0.1691466418569514
4 , -0.01803681914829974
1 , -0.16526062574363148
3 , -0.11505458764667433
2 , -0.12663899364547915
5 , -0.026095726401799354
4 , -0.09427233903334006
0 , -0.1811612532305157
3 , -0.08151032078323647
2 , -0.12268269430484209
1 , -0.20147904032301206
5 , 0.01101997274664114
4 , -0.0682093038491715
0 , -0.1378614954188122
3 , -0.09663387808801302
2 , -0.12581692747520437
1 , -0.16047592777912353
5 , 0.020684403957005295
4 , -0.07574161203509142
0 , -0.2255276195902332
3 , -0.12199958811540094
2 , -0.1185950830578465
1 , -0.23274990762522646
4 , -0.09770955022644225
5 , 0.013454605560761616
2 , -0.11499463700338688
3 , -0.12272133203764417
0 , -0.23209531630215383
1 , -0.2170989531392598
4 , -0.0933638261332207
5 , -0.01054299174690351
2 , -0.113205810826903
3 , -0.12489389338707546
0 , -0.21452674073124733
1 , -0.18172719913220323
4 , -0.11140299673574999
5 , 0.026561459792859433
2 , -0.0933441723694822
3 , -0.09217299191620018
0 , -0.1487591610317632
1 , -0.16096406879635486
5 , 0.019720041365007913
4 , -0.11447269083924279
2 , -0.13148525934772096
3 , -0.14150363753415596
0 , -0.22072171434882984
1 , -0.19150249107732462
4 , -0.10689832455496684
5 , -0.024199423403567902
2 , -0.13737242208128428
3 , -0.1491328452554579
0 , -0.1971904657567443
1 , -0.1781419259594682
4 , -0.0935985511708948
5 , 0.030805205409751586
2 , -0.10411889253500946
3 , -0.08550815070323377
0 , -0.20431510263423552
1 , -0.183629049604969
5 , 0.030757327407471
4 , -0.11576282997043917
2 , -0.11746170238749643
3 , -0.1122897307155602
1 , -0.16344540662358015
0 , -0.17747518951949895
4 , -0.06176716587615797
2 , -0.09492749714919171
5 , -0.13251990708070593
3 , -0.15514298212483246
6 , -0.012589479706828553
0 , -0.14351770561891197
1 , -0.1976100027106596
5 , -0.07373003276658266
2 , -0.16532231589577237
4 , -0.1381246589615793
3 , -0.15379343511614876
6 , -0.005267705962440184
0 , -0.1406905239127896
1 , -0.17390281643987102
4 , -0.0638605262143187
5 , -0.1014984323083359
2 , -0.18511929898416715
6 , 0.01780812343116102
3 , -0.16130184336262682
4 , -0.1404076621602166
2 , -0.14645905596741654
0 , -0.1706500796247655
1 , -0.18152545128348732
5 , -0.12677458653132703
6 , -0.020618923518688635
3 , -0.14978383583517066
2 , -0.179000171650473
5 , -0.10632267049945897
0 , -0.15246566193839262
4 , -0.16166483510329807
1 , -0.20084070961665276
6 , 0.005083828642506805
3 , -0.13658016507799978
2 , -0.16074969447341556
5 , -0.1158817453722013
1 , -0.15792906528816836
0 , -0.15555072285320992
4 , -0.16262896317902434
6 , 0.033584020609022415
3 , -0.14161458830175128
2 , -0.16051900920639642
5 , -0.12958559786926552
0 , -0.14932774913762234
4 , -0.14462500243115725
1 , -0.19681632016049913
6 , 0.01971617839490576
3 , -0.14584083733539432
2 , -0.14687457878266535
4 , -0.11849151421161293
5 , -0.09588565751935353
6 , 0.04038871968845581
1 , -0.13431354365341952
0 , -0.13845817223974863
3 , -0.12183293592975523
2 , -0.14306940826377001
4 , -0.09056797588607776
5 , -0.08730371511735356
0 , -0.1181626420735054
1 , -0.12847685537404355
6 , 0.0014872226764458714
3 , -0.13383776173738954
2 , -0.15198556065422134
4 , -0.1240739972150982
1 , -0.09505369331646658
0 , -0.10721557662498123
5 , -0.12560799944659537
6 , 0.010483307912051713
3 , -0.1654368502616427
2 , -0.17125522937455512
4 , -0.10883885601301885
1 , -0.12051025843974544
0 , -0.12526241290496584
5 , -0.10963275975185631
6 , -0.08599290323972064
3 , -0.14743512041446058
7 , 0.008053991358182428
2 , -0.14971946149198712
4 , -0.14990788954311174
0 , -0.1009811766669701
1 , -0.14384565949418504
5 , -0.09066408219336866
6 , -0.12370328272803033
3 , -0.14870217667472355
7 , 0.04067664643904463
2 , -0.15435273405280805
0 , -0.11201612201570055
4 , -0.13829609289166253
1 , -0.13371704983032062
5 , -0.06954013713839928
6 , -0.09876295632550194
3 , -0.15601326464622697
7 , 0.030952648729919843
2 , -0.13810623811577938
0 , -0.11978869059235099
4 , -0.134495494908081
1 , -0.15077652077429748
5 , -0.15085681882205199
6 , -0.11240151793301965
7 , -0.04507465569046153
3 , -0.29254090527461335
2 , -0.5156929419667685
0 , -0.5014719449773353
4 , -0.49751248426625005
1 , -0.5176794967899645
5 , -0.5225909567750303
6 , -0.49656003103353913
7 , -0.39861661592392195
3 , -0.5695188907358336
2 , -0.5681011755932541
4 , -0.5202768152229834
0 , -0.5024879014221223
5 , -0.4891999836587405
1 , -0.5277261601981307
6 , -0.47771759039574335
3 , -0.5051104991531977
7 , -0.3803193133031888
2 , -0.48302001627899493
4 , -0.47525954935541553
6 , -0.42246057419535543
5 , -0.5133856322246725
3 , -0.4572639854262958
0 , -0.5068483342053114
1 , -0.5249372036648656
7 , -0.33574311742468715
4 , -0.23607779045152627
2 , -0.3651032404561606
6 , -0.26822186518168867
3 , -0.33040530330570356
5 , -0.3287069671483714
8 , -0.38483490392450587
0 , -0.4531886876962962
6 , -0.1463672400140567
2 , -0.2316163118355842
3 , -0.20908787212853563
4 , -0.41880554460603225
1 , -0.5268450169563648
5 , -0.2042786752664717
7 , -0.3824800131302818
8 , -0.3940343475280481
0 , -0.4923550478107844
2 , -0.48619050649133955
4 , -0.520830990669343
6 , -0.49101067833120626
1 , -0.5039863116388349
3 , -0.5746624554763484
5 , -0.5286001368423671
7 , -0.36079332475390924
0 , -0.17300585126017204
2 , -0.2126833582802414
4 , -0.2130837672524402
6 , -0.1411057024239544
8 , -0.22512852073676437
1 , -0.219976736792135
3 , -0.26967767310825413
5 , -0.24153265339609778
7 , -0.09284267200606648
2 , -0.1878751665549862
0 , -0.19761471547499868
6 , -0.16414154133751763
4 , -0.2762795435339656
8 , -0.12928072813955702
7 , -0.13826910418581884
3 , -0.22986221998723055
1 , -0.26748845465819177
5 , -0.24187641777463212
0 , -0.16657016442500963
8 , -0.10636427436347155
7 , -0.2238522746283026
2 , -0.4073019748187676
6 , -0.35630753769848866
4 , -0.38490750609374796
5 , -0.2572736323613579
3 , -0.3361621836204079
1 , -0.33337342483867505
0 , -0.23967068759828664
7 , -0.08561405515803994
8 , -0.009519774030673746
4 , -0.14249231378220875
2 , -0.1281796769843211
6 , -0.14197138721569397
3 , -0.11365907902384204
5 , -0.1397829543070065
1 , -0.14016636977430003
0 , -0.08757095047126823
9 , -0.02977831933644381
6 , -0.11671859651063275
4 , -0.17936497884008873
2 , -0.14490961737303115
8 , -0.05317121117480885
3 , -0.14389839550347472
7 , -0.20477200256507277
5 , -0.20756208816407185
1 , -0.16020827568947185
9 , 0.02306125646298387
0 , -0.09352454180266395
2 , -0.11909591876836494
6 , -0.14116464080662725
4 , -0.16483232167574172
3 , -0.11602048715319124
8 , 0.025147683201419014
7 , -0.10775603832910045
5 , -0.1640692370710419
1 , -0.10280620349920211
0 , -0.1013197618502771
9 , -0.014624647750447625
6 , -0.13034223779839016
2 , -0.14502270579460902
8 , 0.022248052206657543
4 , -0.17513784884186204
3 , -0.14637630297850437
5 , -0.1413214816403679
7 , -0.17400299210991915
1 , -0.09850315184847272
9 , 0.014961150608126396
0 , -0.1717737127516921
6 , -0.12032106083337699
4 , -0.13243269568512092
3 , -0.14815843812852653
8 , -0.05361390964910998
2 , -0.23722138976508642
7 , -0.11989996208759014
5 , -0.19947040944428157
9 , 0.03434866295811773
1 , -0.18371964153761403
0 , -0.09304554290689034
4 , -0.17567061488000424
6 , -0.14841573475568465
3 , -0.12657471570687828
8 , -0.0754303603258973
2 , -0.1050133012319092
5 , -0.21000191861928594
7 , -0.25608413080774123
1 , -0.2651034607683462
9 , -0.2689729159891862
0 , -0.263626554239655
3 , -0.4246571027475845
4 , -0.5078130904990311
2 , -0.4718674061755816
5 , -0.42463831717978767
8 , -0.4586391721113333
6 , -0.5254728191108794
1 , -0.22934043064865064
7 , -0.4043053151508217
9 , -0.08227094724337779
0 , -0.049628585816763396
3 , -0.14477480467628673
4 , -0.1473853392437581
5 , -0.16060677945532512
2 , -0.10365975558092251
8 , -0.08912548922483846
6 , -0.13609368076002545
1 , -0.09275119556954885
7 , -0.12036613039848576
9 , -0.013015628275201916
0 , -0.04469502818754872
3 , -0.15736775697298896
4 , -0.1504081868113094
5 , -0.15710773972545652
8 , -0.09307580055098905
2 , -0.10269693459234518
6 , -0.16381167014735087
1 , -0.16795410547766745
7 , -0.09782472343586023
0 , -0.025810377987662923
9 , -0.09780477958107393
8 , -0.11396480158354289
2 , -0.10797941572091826
5 , -0.18526972264735475
4 , -0.24199519438498573
3 , -0.2605720499655232
6 , -0.22291393230674536
1 , -0.12558373090212593
7 , -0.08829837825578606
0 , 0.0021509496572037455
9 , 0.004430437083122943
3 , -0.13410731742624765
5 , -0.17911943608247732
2 , -0.12743401160016862
4 , -0.15702694811631676
8 , -0.15382835568474748
6 , -0.16350634370254855
1 , -0.14920606418828042
7 , -0.12680599839347614
9 , -0.1208616345765835
0 , -0.03523372107216251
2 , -0.08127519615759984
3 , -0.14339347357676757
8 , -0.10457234502008546
5 , -0.20242898832119272
4 , -0.1863632544637027
6 , -0.14494885546764694
1 , -0.09906633714564325
7 , -0.13619940151491028
9 , -0.11724616150889387
0 , -0.01130513424135323
3 , -0.11129247821911044
2 , -0.12650869637525905
4 , -0.11259948097311258
8 , -0.11237170551565395
5 , -0.17911581334156965
6 , -0.146127306062881
1 , 0.010450875523735224
7 , -0.1366435118501099
9 , -0.09778708701876687
3 , -0.11033542404704463
0 , -0.007909904250636519
2 , -0.08116543087613654
4 , -0.12740859024098086
8 , -0.0941224007113474
5 , -0.1723198028939749
7 , -0.1232045261409575
1 , -0.00923403437930139
6 , -0.16030096645309994
9 , -0.08969140739709199
3 , -0.08903319049288606
0 , 0.006220217556270187
2 , -0.10730302939982676
8 , -0.10189721417228262
4 , -0.15834281231835123
5 , -0.16427943476622692
1 , 0.01141384483200364
6 , -0.17040326295059352
7 , -0.1741724158555175
9 , -0.08925799351385134
3 , -0.0978460417796113
2 , -0.07866399665292347
0 , 0.012822770322472291
4 , -0.1113540237962036
8 , -0.10759133843923795
5 , -0.15547708222839923
6 , -0.18926537530955523
1 , -0.02009362008024478
7 , -0.16306787500601583
9 , -0.14775642995765753
0 , 0.1014359759474915
2 , -0.13077628259300048
4 , -0.10794447493309668
8 , -0.08364103777682533
5 , -0.16035737552392715
6 , -0.13565544243692051
7 , -0.12346568755391453
1 , 0.0023956055664038794
9 , -0.09502084686975454
0 , 0.1113845651946301
2 , -0.08127617942425086
4 , -0.11933932993166287
8 , -0.0765956603797096
3 , -0.43618142242788605
5 , -0.13286866330061653
7 , -0.09512212584401598
6 , -0.16031171099042846
1 , 0.027756975035692116
9 , -0.1006180029725014
0 , 0.11307443104959643
4 , -0.1149850255349355
2 , -0.1037923451288229
3 , -0.07500437014867178
8 , -0.1270365331846824
5 , -0.1343037380066398
7 , -0.11441233948792752
6 , -0.15937737178548914
1 , 0.021444580721376134
0 , 0.14439561710332716
9 , -0.10669775158857982
2 , -0.08399350685585455
4 , -0.1355685619776867
5 , -0.12748525734149427
8 , -0.14371261231468024
3 , -0.11757265376562553
7 , -0.10963240206820991
6 , -0.14675731901910816
1 , 0.03356797388385239
0 , 0.11789837359825862
9 , -0.08757187343850834
2 , 0.029316977908398063
4 , -0.13975779039884567
5 , -0.13556219866868857
8 , -0.1237066167970272
3 , -0.11018941474488114
7 , -0.1396781464950358
6 , -0.18856035931169393
1 , -0.0012976422421853771
2 , 0.029552141119822465
0 , 0.09985366924042853
9 , -0.11309895393657997
4 , -0.10015663522275414
5 , -0.14362761893962064
3 , -0.10351289053463718
8 , -0.16980713792782876
6 , -0.13881176794609215
7 , -0.16199046871780035
1 , 0.02195513564574335
2 , 0.0357799815297501
9 , -0.09308126857501536
4 , -0.12284112882805277
0 , 0.09390853313982375
5 , -0.13401082170599332
8 , -0.15639712428303296
3 , -0.17132026232706668
7 , -0.1415773299115518
1 , 0.10867886257952687
6 , -0.19405903936991073
2 , 0.021904797655502347
0 , 0.13711884558830867
4 , -0.09836236512987231
9 , -0.13236433743051945
5 , -0.10996666231160872
8 , -0.12925164810184922
3 , -0.13959209103203016
7 , -0.11129054889718928
6 , -0.14449406260150544
1 , 0.10113608567796865
2 , 0.03008772863370112
0 , 0.2367719003848024
9 , -0.09288627110382817
4 , -0.09357670469891492
5 , -0.09600024047870698
8 , -0.24776371298564565
3 , -0.15400181097964918
7 , -0.18409941922420386
1 , 0.02179595599039287
6 , -0.27356660730919913
2 , -0.0705605533866273
0 , 0.18429499270943064
9 , -0.21151375828461286
4 , -0.221867120754618
5 , -0.24984236668829596
3 , -0.10310098543243897
8 , -0.1984787619051414
7 , -0.16963091362752164
6 , -0.14925311288964255
1 , 0.09462063776982325
2 , 0.006269959567538449
9 , -0.14108028963515512
0 , 0.17818726748525882
4 , -0.07971287991642843
5 , -0.18752890207797976
3 , -0.08143965166650026
7 , -0.15921644133057766
8 , -0.15043716312957323
6 , -0.15731362491670425
1 , 0.11517908873591907
2 , 0.029880094961516248
9 , -0.13212788457288388
4 , -0.08902693535988887
0 , 0.23446476109690625
5 , -0.10440612608532558
3 , -0.1023837705837037
7 , -0.2143575669635686
8 , -0.17324702744081802
6 , -0.18725555216238768
1 , 0.06857235807260331
2 , -0.026710990645023407
0 , 0.2462691049421665
4 , -0.11567104826096959
9 , -0.18404067993819742
5 , -0.13750933043777738
3 , -0.05792804670125737
7 , -0.889801801605854
8 , -0.8618796748226759
0 , -0.48013817509360746
5 , -0.8362616258061933
1 , -0.6263443263156793
3 , -0.6658937486217328
2 , -0.7154937008107328
4 , -0.8276526646924328
6 , -0.9166205159316329
9 , -0.85493339261943
4 , -0.26319699982903033
5 , -0.344354911786419
1 , -0.10268762167174797
3 , -0.20598133722265188
9 , -0.3344909869293365
6 , -0.33849318866377603
8 , -0.45664592577267876
7 , -0.5019016975855801
2 , -0.19956358481103165
0 , -0.017376922380589747
4 , -0.22170358239117627
8 , -0.1754015703165302
7 , -0.21083940419186786
3 , -0.14130842439128263
1 , 0.06379340097618541
9 , -0.2828399255440364
5 , -0.3544416736447367
6 , -0.31866912506731293
0 , 0.18767260106229125
2 , -0.05980192281447358
7 , -0.2019663758806548
8 , -0.18902276206537566
4 , -0.2138839445170708
1 , 0.19964598057775326
3 , -0.057768618773105254
9 , -0.20062787653667152
5 , -0.1641800701345225
6 , -0.2948778963503276
0 , 0.18851642005965177
7 , -0.22867648407001998
8 , -0.2409200433650849
1 , 0.18265983033859845
2 , -0.15571076603796133
4 , -0.21750404461003564
3 , -0.09967421985560848
9 , -0.4305973328229404
5 , -0.4253275847084583
0 , 0.07606420088491254
6 , -0.38055947283616387
2 , -0.04600863817757706
8 , -0.3953911127240383
7 , -0.41644614800369617
3 , -0.160271298036396
1 , 0.0017390483060444706
4 , -0.3146083448502768
9 , -0.20674404082009312
0 , 0.2463330392289363
6 , -0.20976200220823354
5 , -0.214340751643916
7 , -0.23852101254409158
8 , -0.2774643923548779
3 , -0.08114448165744402
1 , 0.14188042581335053
4 , -0.26423708420526926
2 , -0.20076947328056916
0 , -0.010620775370500555
9 , -0.42026935316128805
6 , -0.5210715957677274
7 , -0.4456963260504979
5 , -0.5001994586665712
3 , -0.2965378224065368
1 , -0.07935475112345033
8 , -0.48516754035912
4 , -0.27721197982033086
2 , -0.17020922127867957
0 , 0.07938123780157207
9 , -0.31403927678146387
5 , -0.11659045411358178
7 , -0.23646265728801025
6 , -0.23126179149048237
3 , -0.11701163592580666
1 , 0.19098052671586976
8 , -0.2986269331963225
0 , 0.1490111513711931
4 , -0.18881583368362542
9 , -0.21657170351006708
2 , -0.13840156076353846
5 , -0.3101273168134096
7 , -0.37998362803064506
1 , 0.16699129766255932
4 , -0.06531573433525618
6 , -0.4326023660768296
3 , -0.26698478660958674
8 , -0.5423410303958054
5 , -0.2017006810614351
7 , -0.28766601273056547
0 , -0.14987668975790208
9 , -0.5478441627205415
1 , 0.11651260135825184
2 , -0.2694129982891509
4 , -0.19751289177176468
6 , -0.5238572714703049
3 , -0.16904810493343203
8 , -0.43039729627938395
5 , -0.4187562889959186
1 , 0.036487801067214345
7 , -0.5457480233466786
9 , -0.5207023779507648
4 , -0.2781091328685972
0 , -0.16317585864795084
2 , -0.08262070502188368
5 , -0.2575558568295338
6 , -0.4372425715855444
3 , -0.17611379545925596
8 , -0.45232017964111093
9 , -0.2256536771881379
7 , -0.2298932397975088
0 , 0.1866719591965361
1 , 0.0372862070038908
2 , 0.0022496948648573815
4 , -0.2711246846963723
3 , 0.025217811778575232
7 , -0.2134414719015767
8 , -0.28564791477086654
0 , 0.09820523021858106
5 , -0.3745465836937182
6 , -0.42831020281483717
9 , -0.4904250333631474
1 , -0.08744191413694115
2 , -0.07711231511926983
4 , -0.30930958664235936
3 , -0.19956814908564594
8 , -0.45867224945430335
7 , -0.497050672513388
0 , -0.18428971018913684
6 , -0.4246510651773128
5 , -0.44424409139962867
9 , -0.4492683876883338
1 , 0.04094841552702627
8 , -0.28584528646801116
3 , -0.04141150944197909
2 , -0.058647596972787444
0 , 0.054872564716908295
7 , -0.2789211144283222
4 , -0.3416771472773912
5 , -0.3373692632961192
6 , -0.44010149671607185
9 , -0.4509475499006377
1 , -0.04852652727686459
2 , -0.04433021540082553
3 , -0.22394573361084566
4 , -0.230561261384532
7 , -0.44816010334325507
8 , -0.590334740065697
0 , -0.21986940987547718
6 , -0.32638722804593207
9 , -0.31339033219984663
5 , -0.4741738262108122
2 , 0.01881023971069915
3 , -0.10186849450431144
4 , -0.1749294162444993
1 , -0.17077327677247173
6 , -0.298275088788535
7 , -0.4695300688826435
9 , -0.42123718207965893
5 , -0.2499659590390372
0 , -0.14296553402977163
8 , -0.49777153083591963
2 , 0.19637264833543225
4 , -0.09569490288363705
1 , 0.032276087260115
3 , -0.06384883348047828
6 , -0.3808642833908478
0 , -0.09237981949971394
9 , -0.4494798619783445
7 , -0.46287323903030014
2 , 0.06926338211595087
5 , -0.3052139429514074
8 , -0.4470456012036895
4 , -0.11255631493041411
1 , 0.026717603128929103
3 , 0.059122734917928424
6 , -0.3467339124741023
0 , 0.007112292533820574
7 , -0.2740808654981492
9 , -0.39442641886011515
8 , -0.38018975988736997
2 , 0.047913726153779826
5 , -0.30028706444547365
1 , -0.10483318170601741
4 , -0.19944447978559046
3 , -0.12642701456972416
6 , -0.3983905717148798
7 , -0.42732373010190117
9 , -0.4411613442916343
0 , -0.363631945698985
8 , -0.44537139574337614
2 , -0.008810710966438054
1 , -0.034497507586866934
5 , -0.2987529589013238
3 , 0.06892384855391105
7 , -0.17656850931521384
4 , -0.23448478613632653
9 , -0.3115940441052519
8 , -0.2528688583722261
0 , -0.17161027530827494
6 , -0.39167865885060055
2 , 0.19042974795979126
1 , 0.04644209774130801
3 , 0.15195311575346246
7 , -0.22598246772853728
5 , -0.23272191037933163
4 , -0.02624149060062327
9 , -0.32257289604356054
8 , -0.2765343178999711
6 , -0.22852085160091043
0 , -0.1369649396133635
2 , 0.08543341969001736
1 , -0.03417191947280326
5 , -0.10069938142918457
3 , -0.015141430430613141
7 , -0.384712965856119
8 , -0.22015223554612492
4 , -0.10358234534026942
0 , -0.0650695018900466
6 , -0.2565887592768092
9 , -0.4133364107887747
5 , -0.06693388468856226
1 , -0.0987812197150649
2 , -0.07505663540332132
4 , 0.05121819708144574
0 , -0.018316993789853003
8 , -0.21702470564662912
3 , 0.10088878598320317
7 , -0.3261996436691465
6 , -0.13159165701686923
9 , -0.4066068446362018
1 , 0.06634531469867017
4 , 0.031068605487086884
5 , -0.22862486581886815
6 , -0.24638105394630166
2 , -0.014413304911740485
3 , 0.0816401335770967
8 , -0.43063638026299467
0 , -0.29490426783154156
7 , -0.41885109356028416
4 , 0.18533457284048746
5 , -0.05695871575016186
1 , 0.027880487132248007
6 , -0.29399614173344774
9 , -0.47664905897329485
2 , -0.062249328728496915
3 , 0.014239176043328727
8 , -0.4615360026316272
7 , -0.41368525035700776
0 , -0.33486768176465775
5 , -0.24918406825590828
1 , -0.2398242452620918
4 , -0.13140699978685577
9 , -0.49706011914069803
3 , 0.08636331763914187
6 , -0.4730227141170043
2 , -0.0391432426985851
7 , -0.35157307514767244
8 , -0.4492031955220687
0 , -0.2960245284008811
1 , -0.2993586368991298
5 , -0.30194931368907046
4 , -0.08230083965179942
9 , -0.23834362461442427
3 , 0.21385953886633563
7 , -0.12859352713511016
2 , 0.03625674828584351
6 , -0.368020183418505
8 , -0.22744358917151974
0 , -0.13097155199553767
1 , -0.1205782083274131
5 , -0.06460400742838975
4 , 0.15137763741742183
2 , 0.1840521149055138
9 , -0.31506493293030474
3 , 0.052201214699525815
6 , -0.09549219027344238
7 , -0.27616670998478454
8 , -0.24833603665386772
0 , -0.07053666757618435
1 , -0.07273544018308296
5 , 0.021934944934355202
2 , 0.14768366969965435
4 , 0.14451789802971363
9 , -0.14028781927533357
7 , -0.14393767440145167
3 , 0.0830143410420682
8 , -0.27228514472810644
6 , -0.2716023535410154
2 , -0.05383476467625712
4 , -0.006820820991264925
1 , -0.34675603565098895
9 , -0.42722566425159963
5 , -0.25186783704285304
7 , -0.42046729814890327
3 , -0.07862774995787769
8 , -0.43373814995430343
6 , -0.3533998460880067
2 , -0.14836289637532127
4 , -0.019731389158384783
1 , -0.3215793351713377
9 , -0.4678766397849324
5 , -0.22293808681932462
3 , -0.14043076042631022
7 , -0.5242510800063724
6 , -0.29212797991219686
8 , -0.5342854837841021
2 , -0.21162163850998095
1 , -0.2860206767112492
9 , -0.43353434157361703
4 , -0.10820888480298237
5 , -0.30330335163406613
3 , -0.14930470532939735
6 , -0.28763843585055093
7 , -0.49200852075013773
8 , -0.5299882731597327
9 , -0.4429579501460397
2 , -0.2277360846477103
1 , -0.3936685270741723
5 , -0.19351159384206149
4 , -0.07250387273799928
6 , -0.30538912132605706
3 , -0.13686889137349842
7 , -0.5017033138382057
8 , -0.49491194297385693
9 , -0.5218951452265403
4 , 0.012271789975295383
2 , -0.22884964767317856
5 , -0.22612187189169386
1 , -0.3814123578003983
6 , -0.28357409252446936
3 , -0.1150839061842859
8 , -0.40123111853745974
7 , -0.47783503455039267
9 , -0.5099428732415874
2 , -0.33263413114244644
4 , -0.06193327315975835
1 , -0.3589916766903688
3 , -0.1427724362437373
5 , -0.29963715360083004
6 , -0.32828037722392484
8 , -0.3892528106132563
4 , 0.08116414761928936
7 , -0.4614962743373073
6 , -0.07787244762957729
3 , -0.044274768610977434
9 , -0.5262172864790087
2 , -0.3827541586605575
8 , -0.2485309077838015
5 , -0.14991864907099384
7 , -0.291821450062524
6 , -0.15014873922402572
3 , 0.09448354658851921
4 , -0.09560281901403232
8 , -0.36247467422373525
9 , -0.45630439799408656
2 , -0.29304879901097114
5 , 0.0017176481356716807
7 , -0.338412794245327
6 , -0.27779790233531876
3 , -0.13247866706550926
4 , -0.15297296119212275
2 , -0.2739662554205723
9 , -0.45775803968242024
8 , -0.4793917825471623
7 , -0.3168277860469066
5 , -0.15120956283883352
6 , -0.18649052658306056
3 , -0.15078163382665308
2 , -0.29829466006000754
4 , -0.14922637436830927
9 , -0.4070563705694062
7 , -0.28320108061200244
8 , -0.47695958455401644
6 , -0.2077613254437754
3 , -0.143437306244017
5 , -0.16559847413165568
2 , -0.2757293662219233
7 , -0.2337287893529879
4 , -0.13099239083672712
9 , -0.46216436713250286
6 , -0.19918521962445512
3 , -0.2552441543992807
8 , -0.4280934645956856
5 , -0.12397737002793702
2 , -0.1430970584613857
7 , -0.16270664901856877
9 , -0.29806234013653904
4 , 0.004730591677423385
6 , -0.12484414565564834
3 , -0.2490484693482851
8 , -0.3499577741628406
5 , 0.004774902959685068
2 , -0.2613271872067616
9 , -0.2710273283323011
7 , -0.24054508003394878
4 , -0.04939290824518774
6 , -0.020335787818742877
8 , -0.19459267457004872
3 , -0.3142824055454582
5 , 0.06291109782720071
2 , -0.24734934819437887
9 , -0.35193612071831987
7 , -0.2313452736848427
6 , -0.07186230902832763
4 , -0.043121180459351614
8 , -0.3206714187580435
3 , -0.05511281831070639
5 , 0.21328743191739638
2 , -0.12302415890645968
9 , -0.26773929875096497
7 , -0.16006135805481106
6 , -0.09207114508964043
4 , -0.0756830362144128
8 , -0.3629848606233978
3 , -0.2923715428837319
5 , -0.03306428839679338
9 , -0.38180746687659667
7 , -0.26842023069598936
6 , -0.14532277767967694
4 , -0.09994971163283163
8 , -0.36676017304169367
5 , 0.2116888444246345
3 , -0.23331729332188206
8 , -0.09535457602327707
9 , -0.37744115007673096
7 , -0.2571399798132371
6 , -0.03319020439567592
4 , -0.09460001247381726
5 , 0.11356080100209788
3 , -0.2789255703730437
9 , -0.3777146973952497
6 , -0.049652900019195464
7 , -0.27691890549744774
4 , -0.07896360419195585
8 , -0.3107066064355192
5 , -0.016775927501936936
3 , -0.11779601073898457
9 , -0.14957958052112738
6 , 0.19547532404407916
7 , 0.058931793707343506
8 , -0.05409062964549844
4 , 0.06625904429647325
5 , 0.1473073221684265
3 , -0.1387414455384527
9 , -0.20401544461293253
6 , 0.16696825149139644
8 , -0.023430792492326658
4 , 0.005312820665711048
7 , 0.022148081934451794
5 , 0.09384228340672296
3 , -0.2003564122839176
9 , -0.36989975764200994
4 , -0.31078591656435095
6 , -0.1049685394149933
7 , -0.21568826957612683
8 , -0.34411968310660196
5 , -6.037012312531925E-4
9 , -0.27644515821843435
6 , 0.05651717007734918
4 , -0.18959237634924278
7 , -0.08388692219592428
8 , -0.22179976712251262
5 , 0.03115240783831456
9 , -0.03051455466037251
7 , 0.09129928148635792
4 , -0.22883679522893982
6 , 0.05288311982351817
5 , 0.03482288134072342
8 , -0.22143372196850775
9 , -0.1451955045713725
7 , -0.060033095457336066
6 , 0.27829974421820036
4 , -0.04911312012911494
5 , 0.12023924971930301
8 , -0.05150529647776124
9 , -0.030299254644165705
7 , -0.007418749981580675
6 , 0.27195914448149294
4 , -0.09308501149818507
5 , 0.06401267229088163
8 , -0.061172811986958876
9 , -0.04660050601445855
6 , 0.32725843127279447
7 , 0.0023146932043926387
9 , 0.030380268704037396
6 , 0.34340925382339776
5 , -0.0372650585263169
4 , -0.236801284660332
7 , 0.2520160133867147
8 , -0.24892071166846239
9 , -0.07537324535688025
6 , 0.26060670883782383
7 , 0.2598581129926573
9 , 0.04235847828545792
5 , -0.07822470718437091
4 , -0.22054195642986732
6 , 0.25951700232682723
8 , -0.10949123380138784
7 , 0.2575569437555654
9 , 0.03367895240117753
6 , 0.2613735784900117
7 , 0.2563034017092688
8 , 0.022076756572135193
4 , -0.12119259029629353
5 , 0.028498099167530044
9 , 0.04712661239557435
6 , 0.2710134685138113
7 , 0.27274706596057335
5 , 0.10636743305559805
4 , -0.07737397446170481
8 , 0.008511477040129289
9 , -0.01435699651682111
6 , 0.26959680641735767
7 , 0.2590377963862591
8 , 0.1140159689404844
9 , 0.12099550980452041
6 , 0.2633753961996872
5 , 0.07620409058496512
7 , 0.31282700289793425
8 , -0.08269376400144308
5 , -0.17237840013667716
6 , -0.21328629012473516
9 , -0.2870561454200078
7 , -0.10275738484410325
8 , -0.2987311775037287
5 , -0.4211193030763949
6 , -0.20791211186353326
9 , -0.27867783510053207
7 , -0.06713350232035303
8 , -0.2442890779645106
5 , -0.3051664969519841
9 , -0.22362885159574195
6 , -0.19667723136655474
7 , -0.06487506726557668
8 , -0.16463487713141542
5 , -0.2621852581374632
6 , -0.1278922367787586
9 , -0.25383853199805056
7 , 0.03817074232346716
8 , -0.026693161080194112
5 , -0.22915865927647358
9 , -0.0016904542321528678
5 , -0.0548476404212196
8 , 0.15681553416331617
6 , -0.15738051623440572
7 , -0.016630344901595775
9 , 9.631859195740893E-4
5 , -0.11050674876318106
8 , 0.10985404820696845
7 , 0.04365347028167424
6 , -0.12560184512281755
9 , -0.02969830402789755
8 , 0.1345980881970016
5 , -0.23673897012128509
6 , 0.07809866863001813
7 , 0.03763818679262586
9 , 0.13106233284875274
8 , 0.1389344924974742
6 , -0.13119429827865975
7 , 0.10578057229915248
9 , 0.08650693810466162
5 , -0.27645141774715093
8 , 0.04679569258920725
6 , -0.12428705590941809
7 , 0.12360636919934122
9 , 0.15853939716111817
8 , 0.2713826771472137
5 , -0.2792183444449354
6 , -0.05133863083106768
7 , 0.1396480788561598
9 , 0.1769709965180189
8 , 0.1506790661166967
9 , 0.1945173937674957
6 , -0.08948120268743676
7 , 0.08497357766412414
8 , 0.13825733304840124
6 , -0.041044833933727896
9 , 0.15899343531911264
7 , 0.11673193256558094
6 , -0.03239067622144599
8 , 0.2107067858084439
7 , 0.11998742774488305
9 , 0.19094206742635222
7 , 0.18018283232174467
6 , 0.0021972595525552676
8 , 0.31963479418862073
9 , 0.2385624471267256
7 , 0.10049253437761557
6 , -0.05176219120441692
8 , 0.15922512542301712
9 , 0.2222723932960828
8 , 0.14413167828624182
6 , -0.08881875913427319
7 , -0.01906054377926141
9 , 0.0075554670865710365
6 , -0.09672882230200364
8 , 0.04995555321544125
7 , 0.0370350199763604
8 , 0.11911266940209808
7 , -0.07599988770157064
9 , 0.016147988023247517
8 , 0.11799416419487864
7 , -0.11318782488092187
9 , -0.05077026196585839
8 , -0.07203834991413445
7 , -0.2881528515983544
9 , 0.12835700523364485
7 , -0.05048980483696865
8 , 0.09003943300317725
9 , 0.1402766649939745
7 , -0.06577094143873585
8 , 0.09508654911633177
9 , 0.020608255326284627
7 , -0.03623014338829396
8 , 0.10064804665840016
9 , 0.1911943727510384
7 , -0.026800704293716317
8 , 0.13590644891762316
9 , 0.11611566684169516
7 , -0.04118555626765451
8 , 0.08540860613799894
9 , 0.0602495958116786
7 , -0.043849475638136196
8 , 0.14698458413028032
7 , -0.025923517029963667
8 , 0.12798689611876077
9 , -0.14983968807182146
8 , -0.06628748953158241
9 , -0.10190024063212708
8 , -0.2621789652774109
9 , 0.08781520490733635
8 , -0.3585462193002085
9 , -0.19340824788987634
8 , -0.04808241022011785
9 , 0.10469238828594453
8 , -0.24661555865583984
8 , -0.04059735637830846
9 , -0.1896054442918068
9 , -0.04831386594856983
8 , -0.24362466955896767
8 , -0.10735634971756781
9 , -0.35554174132396776
9 , -0.11245273720433355
8 , -0.3161950085060212
9 , -0.06930482452455992
8 , -0.3300980442281778
9 , -0.14474670811509666
9 , -0.34560687332169787
9 , -0.11822953126444927
9 , -0.07248827125314367
9 , -0.11926922151787517
9 , -0.00842480060603628
