 Number of tacts (im units) = 10
 Number of massive (im units) = 13
 Command Line curl 10.152.183.163 > /dev/null 2>&1
cycle , cPeriod , count , procDur , procTime , lI , spb
0 , -0.21624792207575239
0 , -0.08331617718448522
0 , -0.0021822232603931698
0 , -0.0022930905180618393
0 , 0.020529204320691073
0 , 0.027857078020336858
0 , 0.02424642727146767
0 , -0.028433989066976428
1 , -0.03140410108514442
0 , -0.04656523890471968
1 , -0.010963656844924842
0 , -0.042945233748296806
1 , -0.027622699240509637
0 , -0.16363848810094622
1 , -0.05718259668437278
0 , -0.1507032339418137
1 , -0.03905828824668728
0 , -0.1233893152991553
1 , -9.98640282423652E-4
0 , -0.12485381504135232
1 , 0.02357683455617973
0 , -0.06217829906360628
1 , 0.04702448498647802
0 , -0.13850930174632192
1 , -0.030755521952743732
0 , -0.19908567038910108
1 , -0.020774246167524723
2 , -0.059225847122455155
0 , -0.14603233640284044
1 , -0.1492686461719843
2 , -0.029352523593243713
0 , -0.10370026593776421
1 , -0.06962368697568068
2 , -0.011689889868091545
0 , -0.11831713535283216
1 , -0.10272117933314123
2 , 0.011503650247036434
0 , -0.08609728786050255
1 , -0.09149868638924347
2 , 0.006369681040469772
0 , -0.13367141900136734
1 , -0.08670670048653535
2 , -0.0492085223744801
1 , -0.14237912957346185
0 , -0.15816895858626479
2 , -0.028865074674025493
1 , -0.12311347731312819
0 , -0.15459692864785396
2 , -0.02342939344265022
0 , -0.13435999799555087
1 , -0.14131522305886637
0 , -0.18483394418975213
1 , -0.12437658474779875
2 , -0.04759223429455455
0 , -0.17411757111859522
1 , -0.1435550124338411
2 , -0.025474019390632655
3 , 0.005346234585912537
2 , -0.07163312433151679
0 , -0.11640874841751365
1 , -0.08087111929535762
3 , 0.007802723202633676
2 , -0.14097080852901644
0 , -0.19281693964213906
1 , -0.19985349450513906
3 , -0.014042593934478438
0 , -0.08726226213708432
2 , -0.0874021990993558
1 , -0.07060732659603293
3 , -0.005377616864985101
0 , -0.19057905537253572
2 , -0.1651977777281541
1 , -0.1797236740689689
3 , -0.03535444060483585
0 , -0.16306754086127145
2 , -0.12165354028526897
1 , -0.16627324491270795
3 , -0.06287543805086653
2 , -0.1408916316804231
0 , -0.1959000207018704
1 , -0.1784919551018211
3 , 0.006686271048923728
2 , -0.11304590716261081
0 , -0.13369037000530798
1 , -0.13701692348990407
3 , 0.022890463882420962
2 , -0.1141202435223294
0 , -0.14232215394252923
1 , -0.1194155873274211
3 , -0.028930129278513808
0 , -0.10855842324524433
1 , -0.10525328083357187
2 , -0.1181711022666617
3 , -0.014741619850827174
0 , -0.15410980053610798
2 , -0.1359891840098961
1 , -0.1870678796926374
4 , 0.004565021821620112
3 , -0.09707141983860838
0 , -0.1909142720046778
4 , 0.03980510847712501
1 , -0.15257341969455554
2 , -0.16070950528432498
3 , -0.09964526545457847
0 , -0.17648463854118304
4 , -0.02469451394224174
1 , -0.14349306304457873
2 , -0.0908528232849998
3 , -0.1397033485671671
0 , -0.14205322356531191
4 , 0.04365063517207699
2 , -0.055959087931273924
1 , -0.19766589490374234
3 , -0.07586788027345961
2 , -0.09493775836975096
0 , -0.18925037612199005
4 , 0.0026787209631234307
1 , -0.1630011244895239
3 , -0.12948085258370534
0 , -0.29791873143260245
4 , -0.13756095341355945
2 , -0.3461042059232156
3 , -0.42455321348175307
1 , -0.48908327786133665
0 , -0.5439842236227315
4 , -0.36461361178923213
2 , -0.49298650153672846
1 , -0.5087511519604035
3 , -0.5002443734181544
0 , -0.472526453164252
2 , -0.4521522422979568
4 , -0.3586631649606584
5 , -0.26929123400534805
1 , -0.5145254510523142
3 , -0.48088983883349923
0 , -0.5366663897239425
2 , -0.4931399420450425
4 , -0.31407689603241284
5 , -0.33576687202168265
1 , -0.4952185031939467
3 , -0.42241707381461396
0 , -0.41447900827106426
2 , -0.4079307446577928
4 , -0.25706684476593905
5 , -0.09089125180449127
3 , -0.2292426969704884
1 , -0.3057003851963871
0 , -0.18538272939164832
2 , -0.20657418534814226
4 , -0.17030408145864553
5 , -0.06772953865120304
3 , -0.17709345967053147
1 , -0.2685201562262813
0 , -0.26022419506966016
2 , -0.165284603887076
4 , -0.14284999486600697
5 , -0.05452779579032438
1 , -0.1704636734856721
3 , -0.16456575110773614
0 , -0.19429336615413415
2 , -0.13351872189315758
4 , -0.0801426819434723
5 , -0.06883544402072082
1 , -0.20025876782457613
2 , -0.14763096610333037
3 , -0.21148715069555882
0 , -0.22803367661785315
4 , -0.24188417934643736
1 , -0.20996142799503337
2 , -0.14706285530973753
0 , -0.18851030690445167
5 , -0.13884212000377133
4 , -0.14776137162962688
3 , -0.28593115405624275
2 , -0.19191621240348872
6 , -0.024605595229418728
1 , -0.24391216641115016
0 , -0.16773547335426914
5 , -0.05325016723104797
4 , -0.10955695846454759
3 , -0.22970794883535656
6 , 0.023271290616401524
0 , -0.11620714712554298
2 , -0.1322926854092773
1 , -0.1827284615537178
4 , -0.08213848945665136
5 , -0.047496437365258735
3 , -0.15771713642825713
6 , 0.008429373011848708
0 , -0.13669135983810615
1 , -0.16742952689350454
2 , -0.16863266816153852
4 , -0.07601122111071497
5 , -0.024053950016950938
3 , -0.1617413017693686
1 , -0.14543838396113898
2 , -0.1565329765577791
0 , -0.1606179630216196
6 , -0.025437649546278373
4 , -0.08670101288768918
5 , -0.13302456282843475
3 , -0.16509685744646901
0 , -0.12512373054148979
2 , -0.16377083731784178
1 , -0.20706873278250182
4 , -0.08799028316770491
6 , -0.06671579522170684
5 , -0.16667460641790283
3 , -0.19005964123397465
2 , -0.1833570789953554
0 , -0.1763013170267038
1 , -0.1916527316257623
4 , -0.13624945826130666
6 , 0.001716680113429273
5 , -0.13106967646825282
3 , -0.13485435518338934
0 , -0.12218290554733156
2 , -0.1717167582487424
1 , -0.14679272328256596
4 , -0.06743682103287646
6 , 0.023491282587338864
5 , -0.09199277818308561
3 , -0.17585579314434463
0 , -0.1086511792404796
4 , -0.07034869756587091
2 , -0.18214960117547782
1 , -0.2009253332795461
6 , -0.009217963112447068
5 , -0.13784544823248995
0 , -0.14510333461706343
3 , -0.17591901555714806
2 , -0.1590248269904643
4 , -0.17574400604991816
1 , -0.2084527945737516
6 , -0.0044647532900657485
5 , -0.08680323958217147
0 , -0.09601033015924682
4 , -0.10919401284473909
2 , -0.16634049151816693
3 , -0.16177368605755202
1 , -0.1175391714658671
6 , 0.0066385539552150504
5 , -0.10522091463979329
0 , -0.12577874390959742
7 , 0.04532500390654809
2 , -0.12633310555649735
4 , -0.15257508848847479
1 , -0.1261921674501532
3 , -0.17709059263269755
6 , -0.11987155965942219
5 , -0.11506888250671135
0 , -0.13231720960279478
2 , -0.13484233633178055
7 , 0.021136930655855413
4 , -0.1161181783568441
3 , -0.12645503800306024
1 , -0.13635111626379232
6 , -0.08329215066433338
5 , -0.09409267050556017
0 , -0.1443746938781398
7 , 0.03135382475720959
2 , -0.16194902743854914
4 , -0.11147779433833502
1 , -0.1034511993741456
3 , -0.12144526673780512
6 , -0.0747925965341592
5 , -0.09100078108203799
0 , -0.13174045727760353
2 , -0.16384285411536284
7 , 0.0037110922287939426
4 , -0.11002235521432314
3 , -0.10439809416249372
1 , -0.13162259898806672
6 , -0.089603179125064
0 , -0.11916889174802735
5 , -0.1310477153348081
7 , 0.04389109692963093
2 , -0.14415324838203833
4 , -0.14826618937909178
3 , -0.1568532307355694
1 , -0.13527339321306928
6 , -0.06929839182502386
2 , -0.1574474274374741
7 , 0.01424238475824742
0 , -0.1216134757797704
5 , -0.14112418280671896
4 , -0.13717624447625595
3 , -0.15279338960107874
1 , -0.11518966653053118
6 , -0.1164429755673901
7 , 0.01370145668470186
2 , -0.17790360510259134
0 , -0.11097454893798704
5 , -0.09322468848509582
4 , -0.1176560447605383
3 , -0.14606021529289237
1 , -0.13401082170599332
6 , -0.08581644822847995
2 , -0.14523229212592792
0 , -0.07109847998202305
5 , -0.10400358221972844
7 , -0.015575465700129
4 , -0.13533991383472707
3 , -0.15005815055838495
6 , -0.061969379065010544
1 , -0.13420383634931052
0 , -0.11755813959558102
3 , -0.13655004518631608
5 , -0.14807444017284843
2 , -0.16617401755608033
7 , -0.026579551393188593
4 , -0.167720181825155
6 , -0.12083273927632919
1 , -0.1454613251243897
3 , -0.15118680471565504
0 , -0.09426543182739353
6 , -0.06798482420082749
5 , -0.1705418710230325
2 , -0.1603425371107683
4 , -0.12415376778814946
7 , 0.015701955638711632
1 , -0.1130346352492873
0 , -0.07118882316859687
3 , -0.13694074525798638
6 , -0.0854678674995274
5 , -0.13395387872618406
7 , -0.09978586131448201
4 , -0.1352993080803857
1 , -0.12339334152284397
2 , -0.15204421708001944
8 , 0.02219018438491839
0 , -0.07705006987739657
3 , -0.13821325192055292
4 , -0.11158050980334498
6 , -0.1026110420558059
7 , -0.09786190591444126
5 , -0.13561194569058052
1 , -0.13371016775426672
8 , 0.03944598670290095
2 , -0.2315378676976497
0 , -0.07117880726412872
3 , -0.1319761479443045
1 , -0.1164696662501819
7 , -0.10312894769953539
5 , -0.13401050909825074
6 , -0.11311414004802377
4 , -0.1764636806015579
8 , 0.03665703299710816
2 , -0.10330412683888833
3 , -0.14394313172256568
0 , -0.0969667047202356
6 , -0.12281253514405445
1 , -0.09592585833922862
5 , -0.1340498959019124
7 , -0.11045856590825219
4 , -0.19996072165964024
8 , 0.006364877316010251
2 , -0.11453524161852124
0 , -0.11320128674634078
3 , -0.1866240362528257
1 , -0.08591142504886054
6 , -0.11957969622753463
7 , -0.10025188495347984
5 , -0.15078481334145996
4 , -0.14710867838576613
8 , 0.0249875685114942
2 , -0.1374562558804863
3 , -0.15448996221277012
0 , -0.09686589426115183
1 , -0.08447687185924663
6 , -0.11544245415135095
5 , -0.10461499952836374
7 , -0.08523339159073075
4 , -0.14670425368156526
8 , 0.04073831876363417
2 , -0.11879511665151031
0 , -0.10136286047631092
3 , -0.16657858246439217
6 , -0.12023721800613174
1 , -0.09613635389543725
4 , -0.1447352370445372
8 , 0.0017451091931670192
2 , -0.12484253841114244
5 , -0.20779580776377177
7 , -0.17581567401213752
3 , -0.16161926476378027
0 , -0.11564392525892543
1 , -0.0767317114191101
6 , -0.1210395828709258
4 , -0.16035278226733865
8 , 0.0367083069404559
2 , -0.09872271008870676
5 , -0.1198535193314146
7 , -0.09066527353514915
0 , 0.03873898362760088
3 , -0.1623841982627539
1 , -0.09534865609068133
6 , -0.13195247676163177
4 , -0.1525091490293284
8 , 0.007896959367098152
2 , -0.13557069789267395
7 , -0.07352097330389154
5 , -0.13493230387593186
3 , -0.1139854855144648
0 , 0.01946243380660186
6 , -0.14381981301890825
1 , -0.11876898495056289
4 , -0.15747249665524532
8 , 0.01170009185888081
5 , -0.11288228707529104
7 , -0.1149690685662685
2 , -0.17113459399890685
0 , 0.03575324321800338
3 , -0.1546710302544422
6 , -0.11445130196730613
4 , -0.1374109069232796
1 , -0.11386794788937725
8 , -0.08102467156722334
5 , -0.09788314003382109
7 , -0.10154441788660959
2 , -0.12516452406920023
9 , 0.022087906099787315
0 , 0.007760896150543921
3 , -0.11341644271084582
6 , -0.11739581960412956
4 , -0.1402511891084635
1 , -0.07248142639674804
5 , -0.15540357351596654
8 , -0.10253110706725707
7 , -0.09551158437137724
2 , -0.1235994113263624
9 , 0.036774523080571914
0 , 0.04186565478097637
3 , -0.11548067185996674
4 , -0.14984266010340805
6 , -0.12857721120785384
1 , -0.12385706135338034
8 , -0.07343168611506236
5 , -0.1613007996921891
7 , -0.07938010306150206
2 , -0.07963096685345981
9 , 0.023566884720585005
0 , 0.004570156789866434
3 , -0.12527339440063354
4 , -0.14386909444940507
6 , -0.16160268816400797
1 , -0.09852700185462408
8 , -0.08779411298955171
5 , -0.15183872148116306
7 , -0.10460878735146115
2 , -0.08362757944484928
9 , 0.02131697869952657
0 , 0.022185248150418228
3 , -0.1254172673506063
4 , -0.13266491743293132
6 , -0.10299328486212149
8 , -0.08738373216827647
1 , -0.09458314047421461
5 , -0.13227558634138384
7 , -0.12291045153182817
2 , -0.08124560347193388
9 , 0.01801594863856171
0 , 0.02396175175031369
3 , -0.11107845946248247
4 , -0.15141188059855015
6 , -0.1304807497317374
8 , -0.06841572655657752
5 , -0.15530809381337507
7 , -0.10055523445045482
1 , -0.12058508414075393
2 , -0.08863254213649914
9 , -0.1776163104389911
3 , -0.3577010470892664
0 , -0.24319121594994117
4 , -0.45002420750455846
6 , -0.4692677292118262
5 , -0.49525091106477853
8 , -0.45637450139482766
7 , -0.5011905559532964
2 , -0.4562692334910239
1 , -0.3897181736061907
9 , -0.38012848263242316
3 , -0.509866684408729
0 , -0.34155614957207914
4 , -0.516218439549725
5 , -0.537976249154046
6 , -0.5587877275327563
8 , -0.4793447895507382
7 , -0.4905254863193341
2 , -0.46280871677845814
1 , -0.373424682997616
3 , -0.5181413246460269
0 , -0.27315826603904436
9 , -0.4066048599484226
4 , -0.5074967403319036
5 , -0.500156041412321
8 , -0.4545735189414919
7 , -0.5006000625169209
6 , -0.542289862965033
2 , -0.5278404611797141
1 , -0.4716576260310744
9 , -0.36097103253818164
3 , -0.5129592146080239
0 , -0.27558250924301103
4 , -0.494338968899862
5 , -0.5669299184090183
8 , -0.48016634031585703
7 , -0.49614683432172907
6 , -0.5412226638469565
2 , -0.4253686956450896
1 , -0.2512508322252676
3 , -0.32312458705426006
9 , -0.18587037215806457
0 , -0.09049142967326558
4 , -0.5034285488574237
8 , -0.42632514829697954
5 , -0.543997794631558
7 , -0.5136508850542059
6 , -0.5321766367306451
2 , -0.4702442593078028
1 , -0.3102770184236126
3 , -0.4994554736297382
0 , -0.2438147755580662
9 , -0.47069190993612614
4 , -0.31672761505544894
6 , -0.28140834506529966
8 , -0.3391177623687915
2 , -0.22904616406254527
1 , -0.15211079787263074
5 , -0.5388581809080641
7 , -0.5178862924013075
3 , -0.4938905187110186
9 , -0.47664339244036685
0 , -0.27117139363301246
4 , -0.4757647098620119
6 , -0.529346399122963
2 , -0.45830247270690283
8 , -0.4695547875162825
1 , -0.32872357929385476
5 , -0.5046402069893721
7 , -0.49335162985389186
4 , -0.4343241092169435
9 , -0.4667937074685206
3 , -0.49806414563649515
0 , -0.27863434102940715
1 , -0.21022225794177093
6 , -0.4951768234503209
8 , -0.46248356614979763
5 , -0.3458242947679219
7 , -0.2688025248279785
2 , -0.47472055556747295
4 , -0.17140903941203967
1 , -0.07218127292835402
6 , -0.2963212152059201
8 , -0.25557932130188665
7 , -0.30353300838290515
3 , -0.4732979630531339
9 , -0.4895888468937528
0 , -0.25724542732612865
4 , -0.3984322803258385
2 , -0.4619119842556796
5 , -0.5312004053688357
1 , -0.3159628763668183
8 , -0.3961378595152174
6 , -0.43395140329845966
0 , -0.04615789915071754
4 , -0.23731634620707495
9 , -0.41497130243880687
2 , -0.20220590659907364
3 , -0.42648403175721067
1 , 0.0639130810965719
8 , -0.1711694421116555
7 , -0.5491226705576512
0 , 0.20334358522727128
5 , -0.5050478283782225
4 , -0.2980576112192217
3 , -0.12282520971014614
8 , -0.12865783183583476
0 , 0.22624731742040527
6 , -0.557075497274013
7 , -0.2888896927716041
4 , -0.1371979675526569
2 , -0.30948699696208193
1 , -0.18896149450880692
9 , -0.49467493182335365
3 , -0.24752237435388075
8 , -0.28946491543156966
5 , -0.4543010537685295
0 , 0.06902137156607556
4 , -0.37033252969832964
6 , -0.5027054938436537
7 , -0.528291192028344
3 , -0.27301495357329175
2 , -0.28209363772539847
8 , -0.3172149564439733
1 , -0.19904531557738975
5 , -0.39354107769989705
9 , -0.4173206695268293
4 , -0.12458088038437741
7 , -0.1536675426574015
8 , -0.11138488740740189
1 , 0.12229664370980552
0 , -0.12922137922647903
5 , -0.11489398598155492
4 , -0.06809840580904536
6 , -0.4835233681746148
3 , -0.39291205200351265
8 , -0.11863376463820363
7 , -0.31380612095118976
2 , -0.35599264291775085
5 , -0.21220767543288188
9 , -0.4637958083562612
4 , -0.27826962351507256
1 , -0.2144775515927463
0 , -0.06240958066934659
8 , -0.24858418458378428
3 , -0.31813366977911767
2 , -0.08337417580335459
6 , -0.4688411473248956
5 , -0.2199706181486438
9 , -0.2812587762435485
7 , -0.5291545447618713
3 , -0.21242741974552776
5 , -0.2177321983612544
6 , -0.2697194735977057
8 , -0.3933546642174404
4 , -0.45677119839389846
9 , -0.08115690698446444
1 , -0.25949940358877766
0 , -0.13412167711796574
3 , -0.11568303029179307
2 , -0.36270160245665306
8 , -0.23632318883521014
5 , -0.27875579939169115
6 , -0.31517827540790283
9 , -0.2294688662063851
4 , -0.24754804569403815
7 , -0.5295921693087511
3 , -0.22644550388467877
6 , -0.10672200516166268
4 , -0.0999587502117977
9 , -0.10183170632077837
0 , -0.002498267175716053
8 , -0.2371739917969623
5 , -0.24442495746916948
1 , -0.2620924185157403
2 , -0.3515777716609483
3 , -0.16644845685750023
6 , -0.1612183781852561
5 , -0.2551996185813557
7 , -0.501948294691539
9 , -0.297759902572226
4 , -0.3034961076314625
0 , 0.1061681075418504
8 , -0.5267554122008467
0 , 0.34521721731899074
4 , -0.08465823903714849
9 , -0.12179490571555833
7 , -0.19445883924198518
1 , -0.29123168410175265
5 , -0.2902252935960647
3 , -0.49873039954985743
0 , 0.2931776668132198
4 , -0.12217007966470739
6 , -0.5792952867356345
2 , -0.4902917884566361
5 , -0.1375218228379406
9 , -0.27606571656744394
7 , -0.3071968178203121
0 , 0.2959117565271623
4 , -0.11458649599532199
8 , -0.5428990702223007
9 , -0.10735601244153145
1 , -0.09218220314853745
2 , -0.01177637805761028
3 , -0.28550384024035397
5 , -0.29204306841090427
4 , -0.10186626997685874
6 , -0.4434761409494395
9 , -0.11093201683767508
0 , 0.07336645044466021
3 , -0.019088278588613415
7 , -0.5382338050013324
4 , -0.08142401866626886
8 , -0.46255367805797415
6 , -0.26814826578020745
0 , 0.2376179204498531
2 , -0.34763274478821726
3 , 0.038966098941846536
1 , -0.14866267346503115
5 , -0.5251387946580318
4 , -0.23614432312340788
6 , -0.13315906904003513
0 , 0.242060423777229
9 , -0.5085325690784449
2 , 0.08371803452849805
7 , -0.47054297843557463
3 , -0.09650137554590157
1 , 0.1016443388298557
4 , -0.1136866040241029
0 , 0.22376371344389404
6 , -0.15582822672671612
8 , -0.5255693363832393
9 , -0.12326907590616332
7 , -0.30878945287345605
5 , -0.4497466958359713
4 , 0.018018574244623116
6 , -0.10943287547169855
0 , 0.24919303775037135
2 , -0.18965497188965533
9 , -0.26343003791892117
3 , -0.34836215498050055
6 , -0.10148540323244087
0 , 0.26411146358832355
1 , -0.14206192448273222
4 , -0.06257803607856328
2 , 0.11640069894855054
5 , -0.26152901434808307
8 , -0.5194702332583194
9 , -0.11060858513563493
1 , 0.22679882562944595
7 , -0.539146577568938
5 , -0.06827410191042929
2 , 0.12800488331606097
0 , 0.02377748979883168
9 , -0.17063944879030504
3 , -0.28633804435681703
1 , 0.22116894224528835
6 , -0.48129213022372286
4 , -0.29310678715450966
2 , 0.10900472850005008
5 , -0.10947842350179472
0 , 0.18567065333401783
8 , -0.5083376001350427
1 , 0.27291674215536527
6 , -0.1494162031902032
2 , 0.11257288577654648
7 , -0.5033289035924728
3 , -0.16072833977068884
5 , -0.24160301911437373
8 , -0.30870740918005946
9 , -0.5724432433967223
6 , -0.19624966095986354
2 , 0.04441614650752982
7 , -0.22657534651072755
0 , -0.18019813595040052
1 , 0.15820598319653206
5 , -0.24179722000007514
4 , -0.45071380112509435
3 , -0.30074237578235685
8 , -0.34327847710509096
2 , -0.08367839468705118
9 , -0.3565321302370331
1 , 0.17625579011015674
7 , -0.3616686130888997
0 , -0.002655959101311401
6 , -0.4048411424450985
5 , -0.25046245623182
4 , -0.2051969180624629
3 , -0.16361264563100983
8 , -0.30783116106330194
7 , -0.17784396105399453
9 , -0.25155340569343027
1 , 0.19584226223122667
2 , 0.09027414107838504
6 , -0.37174662489206967
0 , -0.13124152952698614
5 , -0.3491629754208796
3 , -0.1195720237342895
8 , -0.28784752857410945
4 , -0.24321795823322312
2 , 0.04052692529027089
7 , -0.4178879633420744
1 , 0.0535217714379579
6 , -0.20910021961490186
9 , -0.44053661796467664
0 , 0.04638543325753894
5 , -0.21464835234658594
8 , -0.29510347626764355
3 , -0.08070886520450028
4 , -0.13555016873204084
2 , 0.13967118918823485
7 , -0.18685725271237258
0 , 0.035831633849942465
9 , -0.2890000038587097
6 , -0.30500392427034817
1 , -0.01352808912368716
5 , -0.2882543656878192
8 , -0.3377147444962142
3 , -0.1222016397358028
4 , -0.2156505154206315
7 , -0.3751082045453065
2 , -0.03614004841618251
9 , -0.316342526773301
1 , 0.09998374173995091
5 , -0.21010758452063902
0 , -0.2591787836261492
8 , -0.331605637415382
4 , -0.01489179841099839
3 , 0.009211878440755512
6 , -0.376766983963191
7 , -0.23064169359093936
9 , -0.37290643365917875
2 , -0.0982958914920731
1 , -0.06054606982885544
5 , -0.41129891188015216
3 , -0.11767765816161935
4 , -0.22001258507871538
0 , -0.2928533029048046
8 , -0.4641490563617436
6 , -0.4092134423134211
7 , -0.4572034314459891
9 , -0.41297523138477144
1 , 0.020309925391571313
2 , -0.007540829061125243
4 , -0.09274573341122477
5 , -0.33533344892382455
0 , -0.21205833593230478
8 , -0.4012514249764385
3 , -0.1794272985507525
6 , -0.31353337372524887
7 , -0.38302778036092133
9 , -0.40178980128423114
1 , 0.005070629225309785
4 , -0.11126687002768464
2 , 0.019787603450499288
5 , -0.3895706407346168
0 , -0.2310579370558675
3 , -0.10770364464061445
6 , -0.3142030332121256
8 , -0.42434294334455325
7 , -0.2849265973681488
9 , -0.3008675934373611
4 , 0.0786997449854194
5 , -0.004913115940555831
6 , -0.1120326414462178
3 , 0.07913370556423031
1 , 0.040152800949841416
2 , 0.11871742298886015
0 , -0.1541888365513973
8 , -0.3704333339904392
9 , -0.3186264893771668
7 , -0.3417311411531896
3 , -0.03692184950859121
6 , -0.2738955044783069
5 , -0.1776887504475687
4 , -0.14992479424722144
1 , -0.06743428075457727
2 , 0.07284956063382354
0 , -0.24433383521547355
9 , -0.3348631955358202
3 , 0.1617381906019613
6 , -0.1544706134247365
8 , -0.3992684152801485
4 , 0.05692181486279321
7 , -0.3507579150258053
5 , -0.13649042521417862
1 , 0.07739077064412536
2 , 0.27063565085431257
0 , -0.015101407511278994
9 , -0.227790383082959
3 , 0.1753456859072391
8 , -0.19617187563959212
6 , -0.18479973198429653
4 , 0.03511716839390089
7 , -0.21682413499773903
5 , -0.021799736068720918
1 , 0.013673834389887394
2 , 0.16050592613527764
0 , -0.18741190797802462
7 , -0.1958656298846452
4 , 0.021905966965489233
6 , -0.19059617569550588
8 , -0.25930034100518157
3 , 0.005284860678793805
9 , -0.4304840982059425
5 , -0.24708745792901532
2 , 0.10834035988192964
1 , -0.03061991900716576
8 , -0.1307801375627735
7 , -0.15827647179424542
6 , -0.1226345851457693
4 , 0.05798535567831126
0 , -0.137664558924881
3 , 0.16403072789238693
9 , -0.2584928525249961
5 , 0.0237164313971649
2 , 0.20967813387470893
1 , 0.14614716416603216
6 , -0.13446961660164827
7 , -0.1722993004581427
8 , -0.23808519655926932
0 , -0.06558146982727943
4 , 0.1243664184074138
3 , 0.21998258846325813
9 , -0.23282251560975664
5 , -0.05771884733098317
7 , -0.145530990419216
6 , -0.04133985594365708
2 , 0.10097882494406964
1 , 0.03732211781561687
8 , -0.1435729278707966
4 , 0.23009336153235968
3 , 0.12389468046852169
9 , -0.1769917465693753
5 , -0.025617093698429353
6 , 0.0033277298765384614
7 , -0.13559548443430236
2 , 0.22502834793550178
1 , 0.13450983815350762
8 , -0.1727140910486694
4 , 0.2007768740078672
3 , 0.14087014239669982
9 , -0.34977226816013524
5 , -0.1986120059469931
6 , -0.19344065527237522
7 , -0.31634614891729623
8 , -0.3284512913048204
1 , -0.20043744848834374
4 , 0.023864911028307886
2 , -0.017829331668402705
3 , 0.2153579625572664
5 , -0.01444177899070105
9 , -0.345062980496628
6 , -0.05701851494658577
7 , -0.17804777341051936
4 , 0.11388930163989046
8 , -0.3074243970752475
2 , 0.051022771378120974
1 , -0.19798494992993254
5 , -0.16353866544715417
3 , 0.02433761706325082
7 , -0.33676909856953696
9 , -0.4544817500332978
6 , -0.2739036895352643
8 , -0.35776878630113335
4 , -0.03368935922003788
1 , -0.23869946310002016
2 , -0.09081631614759796
5 , -0.11102838869473843
3 , 0.0765359876509971
7 , -0.3001305029323616
9 , -0.3337583966181967
6 , -0.22131135133562227
4 , 0.1556573583307102
8 , -0.3499947051839646
2 , 0.03165930450552815
1 , -0.21832497629058797
5 , 0.09257565358455115
7 , -0.11017771825909092
9 , -0.1390498714888784
6 , -0.06078072604262275
4 , 0.18988935030162782
3 , 0.055237224229112605
2 , 0.030136967237141047
8 , -0.37926841307257575
1 , -0.17749751267528835
5 , -0.05380667864791203
9 , -0.35816521827944076
4 , 0.24953515248905814
7 , -0.35309546072724146
3 , 0.1476933021872387
6 , -0.21904063664259685
8 , -0.23145188035583736
1 , -0.06401901770792291
2 , -0.06043406533725072
5 , -0.11746202507867534
3 , 0.16500209550856879
9 , -0.3023943276142826
4 , 0.07589635435588371
7 , -0.3596300382573332
1 , -0.06120781794536576
8 , -0.21215270935570205
6 , -0.2575570273893949
2 , -0.10537458043817509
5 , -0.16917885589141124
3 , -0.023450412545000934
9 , -0.3914035127567969
4 , 0.08546399230327935
1 , -0.18956950135564765
7 , -0.3134774992709116
8 , -0.30210991278630217
6 , -0.20369286121561547
2 , -0.009032798961997848
3 , 0.17852744884097255
5 , -0.014875389586324055
1 , -0.004185173157974264
7 , -0.11485141982334647
4 , 0.19124743176473813
8 , -0.12626839480187355
9 , -0.24359450101508126
6 , 0.1067436224673596
2 , 0.13936415488428155
5 , 0.13135951082329034
3 , 0.15821788776521062
9 , -0.11650058691865096
4 , 0.18393530069212408
1 , -0.05497692051976037
7 , -0.1679300205534942
8 , -0.1513009147057733
6 , 0.045512270280986276
2 , 0.018546688898694326
5 , 0.2556405692683875
9 , -0.20472725856018884
4 , 0.1655909662673091
3 , 0.014157180680085077
6 , 0.05579497023389892
2 , -0.059305718124788985
7 , -0.3163713553091399
8 , -0.35426547421213633
5 , 0.1404773696577172
9 , -0.23641107468385
6 , 0.037180746732117825
2 , -0.041806370709608125
4 , 0.017699869965842257
3 , -0.05157089678908468
5 , 0.13486542477861696
7 , -0.17644434166682343
9 , -0.1542317723340404
8 , -0.32544418779984635
6 , 0.09161227398250386
2 , -0.010265305004353322
4 , 9.757041803261834E-4
5 , 0.07624793977006572
3 , -0.02666405663963366
7 , -0.17170618610449584
9 , -0.357623156615
8 , -0.32683326537091356
4 , 0.22177681903262317
6 , -0.16612185965984108
3 , 0.11785149998401777
2 , -0.29037460877001414
7 , -0.10539708316709331
5 , -0.031578788622078004
8 , -0.25147311594732125
9 , -0.424142579050865
4 , -0.0629593755717488
6 , -0.1745742800109966
7 , -0.18797677251859304
3 , -0.11064847942980072
2 , -0.2696841065674517
8 , -0.316345249635208
5 , -0.04621009264381243
9 , -0.3828496151729184
4 , -0.07249989749376315
7 , -0.19449449986022205
6 , -0.12435379986834437
3 , -0.04322147779543059
2 , -0.2258145271756242
8 , -0.30030788697745614
5 , 0.14723640465087826
9 , -0.39129896566196515
4 , -0.09680932666300127
7 , -0.23376545045236266
6 , -0.005918794863873802
3 , -0.09829871576541238
2 , -0.22709461594723623
8 , -0.27060830887067133
5 , 0.07766784216042312
7 , 0.0040011592923231585
6 , 0.22946242567424482
3 , 0.17525644024525946
9 , -0.3895864340490153
2 , -0.10321603426020821
8 , -0.19920966700900317
4 , -0.07896309726077512
5 , 0.2784328886941747
6 , 0.14830659093824944
3 , -0.06117258564615037
7 , -0.2073630707464314
8 , -0.21531259536319908
5 , 0.20205930519338727
2 , -0.15319775842972763
9 , -0.28571099140280426
4 , 0.003747002789220778
6 , 0.1686419026190725
3 , -0.045991981008359197
7 , -0.0280291443228191
8 , 0.005306841603794628
5 , 0.17335965404956324
9 , -0.2090092672513063
4 , 0.06364176817624016
6 , 0.08574441265266677
3 , -0.17758849672774984
7 , -0.2643371188003648
8 , -0.3686382701511736
5 , -0.12268017532180368
9 , -0.464896275126121
3 , -0.2621022800458904
4 , -0.24133351573445092
6 , -0.12232246662797061
7 , -0.192907731048267
8 , -0.3590705266192153
5 , -0.12828455127229477
9 , -0.46280447666381025
3 , -0.34531398399871227
4 , -0.3705401049468064
6 , -0.03932822349511652
7 , -0.16305825358916787
5 , 0.11355583662665267
3 , -0.0894827577755709
6 , 0.25058020877957576
4 , -0.1509077260014466
7 , -0.027447335465062055
8 , -0.3788867249195184
9 , -0.480445915286888
6 , -9.908625318276341E-4
5 , -0.15106426444905494
3 , -0.33805253145110403
7 , -0.17222301425347247
4 , -0.33382813787511006
8 , -0.31772833969482067
9 , -0.44119043710925443
6 , 0.1456219866857569
3 , -0.14083332780000973
7 , -0.04342981047500482
5 , -0.037379688671030635
4 , -0.20582173860708514
8 , -0.22894919407715555
9 , -0.40839941041239247
3 , -0.2253556815444296
6 , 0.05673399397970598
7 , -0.14240002923368075
5 , -0.03376137794571915
4 , -0.28674163168058187
8 , -0.2269057109411594
9 , -0.4472580397159278
6 , -0.07315892211377396
3 , -0.29955549770133366
7 , -0.18631023031978794
5 , -0.23047818008983
8 , -0.3481111400893465
4 , -0.37036888063087964
9 , -0.38387245182247925
6 , -0.07611830951169457
7 , -0.18687983868369165
8 , -0.2151591531697414
5 , -0.13057481449096311
4 , -0.267734631652059
9 , -0.2235630374158319
6 , 0.17986505873716513
7 , 0.17325386492326555
5 , -0.15303228895485824
8 , -0.3429858718048778
9 , -0.4086779815214527
6 , -0.06674405831789836
7 , -0.05129026460747372
4 , -0.3322978671473032
7 , 0.08561246731712908
6 , 0.035837860366035736
9 , -0.3094095565484203
5 , -0.14359867983507074
8 , -0.2129228204589554
4 , -0.28761565981057813
6 , 0.1936751955808548
7 , 0.12792394226591408
9 , -0.05270628971477125
8 , 0.1151229261636296
5 , 0.15102894919614632
4 , -0.19540214186516172
5 , 0.14974551448358703
8 , 0.08707615508516414
6 , -0.07164364437102566
7 , -0.00480362019759882
9 , -0.29368816453105645
8 , 0.07744596908920338
5 , 0.12755042692457022
8 , 0.07313893270861867
5 , -0.02517678687547508
7 , -0.044710984602899274
6 , -0.1491194316166987
9 , -0.3236134561104782
7 , -0.019144466725261846
8 , -0.23993557113437747
6 , -0.14620469057635438
5 , -0.3504540654452714
9 , -0.2494537208572768
7 , 0.15911469494362412
6 , -9.917204941947318E-4
9 , -0.19685206351423637
8 , -0.25454206413094854
5 , -0.3567070311295432
6 , -0.13884393941749854
7 , -0.031084865032372056
9 , -0.29295554173142213
8 , -0.22372475620253296
5 , -0.3032870768695678
7 , 0.029743525948363374
6 , -0.1372517607392736
5 , -0.063694420213099
8 , 0.15086576111407263
9 , -0.26906957416156835
8 , 0.15414067156923827
5 , -0.10503693774828589
7 , 0.12437492525836967
6 , -0.09512666809269456
9 , -0.18738826902479558
8 , 0.2187888147042097
5 , -0.09673341034127063
7 , -0.03670656786292352
8 , 0.15677365980176172
6 , -0.2504687235130034
5 , 0.011384642007762801
9 , -0.2752123655905862
5 , -0.03958562171352562
8 , 0.09076704529477572
7 , -0.05251473449455091
6 , -0.27523368145850235
9 , -0.27096418912177317
5 , -0.30572358516439047
9 , 0.008173701140718088
6 , -0.12046366563261929
8 , -0.09202822801781607
7 , -0.07853576979257278
9 , -0.0026659083891557153
6 , -0.09803365881139742
8 , 0.030719569512115606
7 , -0.04715791720235972
6 , -0.06832785653817246
9 , -0.01174757593708148
8 , 0.2578183122709832
7 , 0.19757915722530592
6 , -0.04623915560425716
9 , 0.06508849889162095
8 , 0.13742304128579172
6 , -0.08413736517563027
9 , 0.018603012512367737
7 , 0.03932897157941958
8 , 0.2574963918079798
6 , -0.12212763378026868
7 , 0.031892972881055665
9 , -0.03847550548094556
8 , 0.2441296396796218
7 , 0.12335057718001705
6 , -0.08182171158332643
9 , 0.04001933361748422
8 , 0.0500868345891036
6 , -0.08151357546830243
9 , 0.024871651032605312
7 , -0.05186851493243706
8 , 0.18149141439910327
9 , 0.08247680757477949
7 , -0.06106822356242029
9 , 0.06253229314011567
8 , -0.10842040101773194
7 , -0.22621977469675844
9 , -0.0895535469697462
8 , -0.08078737266596049
7 , 0.03437651901905648
8 , -0.021071941804589076
9 , -0.09913223824597428
7 , -0.20582597049143492
9 , 0.1257365035161681
8 , -0.14547154907666013
7 , -0.3556388374673671
9 , -0.13206530701151617
8 , -0.1350508045429088
9 , 0.15040275844641238
7 , -0.36020873929012276
8 , -0.19410440238346574
9 , -0.01790762470840392
7 , -0.3585029438962515
9 , 0.20331367349271257
8 , -0.18508218263689463
7 , -0.10571379559823212
9 , 0.2431880038844407
8 , 0.07591581967974642
7 , -0.06348602960330282
9 , 0.1920587719051491
8 , 0.03257448187720915
7 , -0.05825098065764919
9 , 0.14265702706412428
8 , 0.05153267365662655
7 , -0.07721294899249702
9 , 0.09881943695704845
8 , -0.07289652346719092
7 , -0.31882206077503783
9 , 0.012399912442396523
8 , -0.2525133721037649
7 , -0.21145281232411453
9 , -0.0028901894609375707
8 , -0.16094503311765396
7 , -0.05301371725259094
9 , -0.05111420440099692
8 , -0.09788424065199426
9 , 0.13550445813439588
8 , -0.08489517960728851
8 , -0.1815424489154914
9 , -0.20710685786756314
8 , -0.08273371850457617
9 , 0.09217770722938774
8 , -0.04708755454100145
8 , -0.1160593168927993
9 , -0.1479103314190692
9 , 0.07221253118111316
8 , -0.2261344839895163
9 , 0.0921612059986604
8 , -0.0355056630342763
9 , 0.1291637685599643
9 , 0.06596024064927379
9 , -0.07160938356599852
9 , -0.040475039159609795
9 , -0.016851983491926247
9 , -0.08718907491795609
9 , -0.05625597279143146
9 , -0.030437711647276353
9 , -0.08591658859521747
9 , -0.05381738339678695
9 , -0.05090276026806936
9 , -0.03036765848753261
