 Number of tacts (im units) = 10
 Number of massive (im units) = 13
 Command Line curl 10.152.183.176 > /dev/null 2>&1
cycle , cPeriod , count , procDur , procTime , lI , spb
1,0,0,7588681.0,1.25E7,1.6471900716343195,0.21674371592698322
0,0,0,2.8538494E7,1.25E7,0.4380048926197717,-0.35852103829521237
0,0,1,9692153.0,1.25E7,1.2897031237538243,0.1104897517304476
0,0,2,9832025.0,1.25E7,1.271355595617383,0.10426703884281537
0,0,3,7695842.0,1.25E7,1.6242537203856315,0.2106538701987422
1,0,1,3.3818387E7,1.25E7,0.3696214133453497,-0.43224287666097116
0,0,4,7814306.0,1.25E7,1.59963021668207,0.2040195992713983
1,0,2,7403323.0,1.25E7,1.6884309924070582,0.22748331535386598
0,0,5,8610823.0,1.25E7,1.451661473009026,0.16186535083695472
1,0,3,7668630.0,1.25E7,1.6300173564248113,0.21219222879622143
0,0,6,7391192.0,1.25E7,1.6912021768613237,0.22819552897367051
1,0,4,7586418.0,1.25E7,1.6476814222469682,0.2168732450219608
0,0,7,8290571.0,1.25E7,1.5077369218597851,0.17832557008030628
1,0,5,8268892.0,1.25E7,1.5116898370422542,0.1794626933616617
0,1,0,7921891.0,9090909.0,1.1475680490933289,0.05977844799533721
1,0,6,7308782.0,1.25E7,1.7102712873362484,0.23306500468941396
0,1,1,7132212.0,9090909.0,1.274626861904834,0.10538306670474118
1,0,7,7458720.0,1.25E7,1.6758907694617844,0.22424570894466136
0,1,2,7118371.0,9090909.0,1.2771052534350906,0.10622669139212287
1,1,0,7230865.0,9090909.0,1.2572367206413064,0.09941705715225202
0,1,3,7547609.0,9090909.0,1.204475351068133,0.08079791682533036
1,1,1,8356405.0,9090909.0,1.0878971280113876,0.03658783024336029
2,0,0,8629559.0,1.25E7,1.4485097094764634,0.1609214106601931
0,1,4,7842975.0,9090909.0,1.1591148766890116,0.06412647982883286
1,1,2,8335558.0,9090909.0,1.0906179286377709,0.0376726327643841
2,0,1,8304590.0,1.25E7,1.5051917072366006,0.17759181693502762
0,1,5,7687405.0,9090909.0,1.1825718821891131,0.07282754863967696
1,1,3,7950005.0,9090909.0,1.143509846849153,0.05823990870126213
2,0,2,7139525.0,1.25E7,1.7508167560166819,0.24324069433287526
0,1,6,6822197.0,9090909.0,1.3325485910184065,0.12468305441636239
1,1,4,7623712.0,9090909.0,1.1924517872658358,0.07644082884616553
2,0,3,7150786.0,1.25E7,1.748059583939444,0.2425562318081596
0,1,7,6905992.0,9090909.0,1.3163798915492517,0.11938123957804855
2,0,4,7321815.0,1.25E7,1.7072269648987306,0.2322912616248186
1,1,5,7642578.0,9090909.0,1.189508173812554,0.07536743067718729
0,1,8,8085455.0,9090909.0,1.1243534222873048,0.05090284612911407
2,0,5,7358092.0,1.25E7,1.6988099632350342,0.2301447993902858
1,1,6,7576307.0,9090909.0,1.1999129655120893,0.07914974607375522
0,1,9,7137440.0,9090909.0,1.2736932289448317,0.10506484007202745
2,0,6,7557375.0,1.25E7,1.6540134636695942,0.2185390403879987
1,1,7,7262048.0,9090909.0,1.2518381866933406,0.09754819535376084
0,1,10,6853994.0,9090909.0,1.3263666411146553,0.12266359058707016
1,1,8,7415397.0,9090909.0,1.2259504110164297,0.08847290357759545
2,0,7,7683940.0,1.25E7,1.6267695999708482,0.21132604799105126
0,2,0,7523657.0,8333333.0,1.107617346192151,0.044389748533038204
0,2,1,7177201.0,8333333.0,1.1610839657409622,0.06486362761057389
1,1,9,7767701.0,9090909.0,1.1703474425702018,0.06831481045640936
2,1,0,7955591.0,9090909.0,1.1427069340291627,0.05793486271925044
2,1,1,7136917.0,9090909.0,1.2737865663843366,0.10509666441467733
1,1,10,8730191.0,9090909.0,1.0413184545446943,0.017583565150804458
0,2,2,9206041.0,8333333.0,0.9052026815870144,-0.04325416815442999
2,1,2,7743196.0,9090909.0,1.1740512573877764,0.06968705799739101
1,2,0,6895777.0,8333333.0,1.2084690383694252,0.08223552802661435
0,2,3,7227259.0,8333333.0,1.1530419762180932,0.06184511796950813
1,2,1,7829375.0,8333333.0,1.064367590005588,0.027091641813183718
0,2,4,7543351.0,8333333.0,1.1047256053708756,0.04325442021868066
2,1,3,8129503.0,9090909.0,1.1182613500480902,0.048543314837754745
0,2,5,7659488.0,8333333.0,1.0879752014756077,0.03661899647885021
1,2,2,8031124.0,8333333.0,1.0376297265488617,0.016042405145421927
2,1,4,8127368.0,9090909.0,1.1185551091078931,0.04865738583262133
3,0,0,9658590.0,1.25E7,1.2941847619580085,0.11199628202883159
0,2,6,7675027.0,8333333.0,1.085772466989367,0.0357388246228521
1,2,3,8716990.0,8333333.0,0.9559874452075774,-0.019547811189248848
2,1,5,8559697.0,9090909.0,1.0620596733739525,0.026148918900771777
3,0,1,8809424.0,1.25E7,1.4189349950689172,0.15196249980593882
0,2,7,9064441.0,8333333.0,0.9193432887918846,-0.03652228993135031
1,2,4,8008318.0,8333333.0,1.040584677082004,0.01727742649204932
2,1,6,9800545.0,9090909.0,0.9275921900261669,-0.03264291661319908
0,2,8,7981589.0,8333333.0,1.0440694202620555,0.018729375902279223
3,0,2,8960202.0,1.25E7,1.3950578346336389,0.1445922124423077
1,2,5,8678121.0,8333333.0,0.9602692794903412,-0.017606964670762584
2,1,7,8920748.0,9090909.0,1.01907474575002,0.008206039233386692
0,2,9,8163621.0,8333333.0,1.0207888141793942,0.008935902397089773
3,0,3,9808050.0,1.25E7,1.2744633234944764,0.10532734185851819
1,2,6,9351277.0,8333333.0,0.8911438512622394,-0.050052185113771706
2,1,8,8079137.0,9090909.0,1.1252326826491492,0.051242337862204376
0,2,10,8791966.0,8333333.0,0.9478349893527795,-0.023267263348835887
2,1,9,7338604.0,9090909.0,1.2387790647921595,0.09299385722553911
1,2,7,8892234.0,8333333.0,0.9371472905458853,-0.028192146098136465
3,0,4,9624173.0,1.25E7,1.2988128954041038,0.11354659191503716
2,1,10,7683902.0,9090909.0,1.183111002717109,0.07302549323819989
0,2,11,9770044.0,8333333.0,0.8529473357540662,-0.06907778301475627
1,2,8,9099949.0,8333333.0,0.915756011379844,-0.038220221775592214
3,0,5,9170397.0,1.25E7,1.3630816637491268,0.13452187568294113
2,2,0,9128704.0,8333333.0,0.9128714218360021,-0.039590388642620225
1,2,9,7769338.0,8333333.0,1.0725924139225247,0.03043472102231542
0,3,0,9452291.0,7692307.0,0.8138034472277673,-0.08948047483069821
3,0,6,9084449.0,1.25E7,1.3759777835727847,0.13861142187213893
0,3,1,8098682.0,7692307.0,0.9498220821610233,-0.022357737839702192
2,2,1,9843531.0,8333333.0,0.8465796470798944,-0.07233217676343107
3,0,7,7646816.0,1.25E7,1.6346672915890745,0.21342937281861307
1,2,10,9910599.0,8333333.0,0.8408505883448619,-0.07528116760528056
2,2,2,8073472.0,8333333.0,1.0321870194137046,0.013758393164036478
0,3,2,8763986.0,7692307.0,0.8777178557793224,-0.05664506652030226
3,1,0,9600653.0,9090909.0,0.9469052782138881,-0.0236934626086508
1,2,11,1.1308132E7,8333333.0,0.7369327666143267,-0.1325721327926895
0,3,3,9378560.0,7692307.0,0.8202012888972294,-0.0860795525802158
2,2,3,1.0238454E7,8333333.0,0.8139249343699743,-0.0894156468210903
3,1,1,9046649.0,9090909.0,1.004892419281438,0.0021195700019967308
1,3,0,9809112.0,7692307.0,0.784200139625279,-0.10557308471053432
3,1,2,7343432.0,9090909.0,1.237964619267939,0.092708232829276
2,2,4,9398836.0,8333333.0,0.8866345790053152,-0.05225533509584131
0,3,4,9845129.0,7692307.0,0.7813312552837043,-0.10716480243336257
1,3,1,9374076.0,7692307.0,0.820593624374285,-0.0858718616194391
3,1,3,8260893.0,9090909.0,1.1004753360199677,0.04158031354046918
4,0,0,1.0531428E7,1.25E7,1.1869235587044795,0.07442275003981819
0,3,5,1.0236109E7,7692307.0,0.7514874060055438,-0.12407829325156172
2,2,5,1.0529084E7,8333333.0,0.7914584972443947,-0.10157185387846676
1,3,2,1.0392216E7,7692307.0,0.7401989142642916,-0.13065155627059194
3,1,4,1.0836878E7,9090909.0,0.8388863471564412,-0.07629687367218156
4,0,1,9831420.0,1.25E7,1.271433831531966,0.10429376337268638
0,3,6,8769853.0,7692307.0,0.8771306657021503,-0.05693570518995375
2,2,6,8703131.0,8333333.0,0.9575097743559186,-0.018856784015033563
1,3,3,9174446.0,7692307.0,0.8384492099032465,-0.07652324018590134
0,3,7,8246191.0,7692307.0,0.9328315339773235,-0.030196781194769463
2,2,7,8548106.0,8333333.0,0.97487478512784,-0.011051162373492053
3,1,5,1.0271738E7,9090909.0,0.8850409735918109,-0.05303662286950336
4,0,2,1.0707881E7,1.25E7,1.1673644860266938,0.06720647691551097
1,3,4,1.0139788E7,7692307.0,0.75862601861104,-0.1199722663716602
2,2,8,9642961.0,8333333.0,0.8641881886694346,-0.06339167372340337
0,3,8,1.0102975E7,7692307.0,0.7613902835550914,-0.11839266971410335
3,1,6,9930735.0,9090909.0,0.9154316372353104,-0.038374082470997196
1,3,5,9511489.0,7692307.0,0.8087384635570729,-0.09219190137639752
4,0,3,1.6786467E7,1.25E7,0.744647459170533,-0.12804928802220888
0,3,9,9616234.0,7692307.0,0.7999292654484074,-0.09694841423756076
3,1,7,9831399.0,9090909.0,0.9246811160853099,-0.03400801147869803
1,3,6,1.1548312E7,7692307.0,0.6660979544023403,-0.17646190006651577
2,2,9,1.9490577E7,8333333.0,0.42755701896357406,-0.36900595960253707
4,0,4,1.1232208E7,1.25E7,1.1128711291671236,0.046444875806387294
0,3,10,1.2185722E7,7692307.0,0.6312557434019913,-0.19979465748089412
3,1,8,1.1697087E7,9090909.0,0.7771942706761094,-0.1094704095942855
1,3,7,1.3253676E7,7692307.0,0.5803904516754446,-0.2362797409944261
4,0,5,1.1081974E7,1.25E7,1.1279578890908786,0.05229288610402117
0,3,11,1.1709622E7,7692307.0,0.6569218886826578,-0.1824862671690508
3,1,9,1.2076289E7,9090909.0,0.7527899506214202,-0.12332618716155785
2,2,10,1.8683448E7,8333333.0,0.4460275747816998,-0.3506382910516675
4,0,6,9607172.0,1.25E7,1.3011112947701988,0.11431444693612147
1,3,8,1.1666762E7,7692307.0,0.6593352122894082,-0.1808937298157936
0,3,12,1.0287718E7,7692307.0,0.747717521028473,-0.12626244254868038
3,1,10,1.1044509E7,9090909.0,0.823115722029834,-0.08453910293357042
2,2,11,9867326.0,8333333.0,0.8445381251212335,-0.07338074022436583
4,0,7,9740988.0,1.25E7,1.2832373882402894,0.108307004672863
1,3,9,8681856.0,7692307.0,0.8860210305261916,-0.0525559696106012
3,2,0,9581944.0,8333333.0,0.8696912651545449,-0.060634891790617325
0,4,0,1.1180429E7,8333333.0,0.7453500218998752,-0.1276397314383448
2,3,0,8654556.0,7692307.0,0.8888159022831443,-0.05118818380162068
4,1,0,1.1267162E7,9090909.0,0.8068499414493198,-0.09320722817792028
1,3,10,1.1186054E7,7692307.0,0.6876693961963709,-0.16262030292100996
0,4,1,1.1061625E7,8333333.0,0.7533552258370718,-0.12300019479073176
3,2,1,1.1412008E7,8333333.0,0.7302249525236926,-0.13654333085192283
2,3,1,1.2553473E7,7692307.0,0.6127632568294049,-0.21270728422834675
5,0,0,1.1388289E7,1.25E7,1.0976187906717154,0.04045153332548941
1,3,11,1.0122576E7,7692307.0,0.7599159541998005,-0.11923443751610646
4,1,1,1.1237799E7,9090909.0,0.8089581420703467,-0.09207394951031574
3,2,2,1.0847045E7,8333333.0,0.7682583597652632,-0.11449270529199335
0,4,2,1.0960286E7,8333333.0,0.7603207617027512,-0.11900315028684719
2,3,2,1.008412E7,7692307.0,0.7628139093941761,-0.11758139648856177
5,0,1,1.0484603E7,1.25E7,1.1922244456943196,0.07635802247693926
1,3,12,1.2016187E7,7692307.0,0.6401620580638434,-0.19371006974486146
4,1,2,1.1907323E7,9090909.0,0.7634721087183072,-0.11720682403124993
3,2,3,1.1430007E7,8333333.0,0.7290750565594579,-0.1372277597867284
2,3,3,1.0422803E7,7692307.0,0.738026709321859,-0.13192792069565984
5,0,2,9020427.0,1.25E7,1.3857437125759124,0.14168291677935996
0,4,3,1.5876812E7,8333333.0,0.5248744521255274,-0.2799445656790516
1,4,0,1.0183042E7,8333333.0,0.818353984987983,-0.08705879844011985
4,1,3,1.0237322E7,9090909.0,0.8880163191115802,-0.05157905310091853
3,2,4,9713223.0,8333333.0,0.8579369587211165,-0.06654462297345429
5,0,3,9957788.0,1.25E7,1.255298867579828,0.09874713704273103
2,3,4,1.0932698E7,7692307.0,0.7036055509811028,-0.1526707429056616
1,4,1,1.0615984E7,8333333.0,0.7849798002709876,-0.10514151872445096
4,1,4,1.0263906E7,9090909.0,0.8857163150169146,-0.05270535548415302
0,4,4,1.247912E7,8333333.0,0.6677821032252275,-0.17536522435723806
3,2,5,1.0340486E7,8333333.0,0.8058937461933607,-0.09372221437830291
5,0,4,9339510.0,1.25E7,1.3383999802987523,0.12658592156152337
2,3,5,1.0794425E7,7692307.0,0.7126185044594779,-0.14714290457790083
4,1,5,9780127.0,9090909.0,0.9295287269786987,-0.031737183863524865
1,4,2,1.0325356E7,8333333.0,0.807074642268993,-0.0930862977110593
0,4,5,1.0780745E7,8333333.0,0.7729830359590176,-0.11183003709103076
3,2,6,1.047166E7,8333333.0,0.7957986603843135,-0.09919679626300348
5,0,5,9283407.0,1.25E7,1.3464884174527736,0.12920262194509188
2,3,6,1.3778754E7,7692307.0,0.5582730484919028,-0.25315333789160355
4,1,6,1.0471991E7,9090909.0,0.8681165787862117,-0.061421949795968496
1,4,3,1.0267594E7,8333333.0,0.8116149703620926,-0.09064995093676019
0,4,6,1.0215531E7,8333333.0,0.8157513300091792,-0.08844220946141566
3,2,7,1.0810289E7,8333333.0,0.7708705104923652,-0.11301856786555116
5,0,6,1.095865E7,1.25E7,1.1406514488554704,0.05715295645662112
4,1,7,1.0602366E7,9090909.0,0.8574415371059629,-0.06679548175497978
2,3,7,1.1364876E7,7692307.0,0.6768491798766656,-0.16950809297570926
1,4,4,1.0898515E7,8333333.0,0.764630135390005,-0.11654858968648754
0,4,7,1.0781367E7,8333333.0,0.7729384409231222,-0.11185509318644653
5,0,7,1.1109511E7,1.25E7,1.1251620345846005,0.05121506969954317
3,2,8,1.4287683E7,8333333.0,0.583252931913453,-0.2341430694041049
4,1,8,9731359.0,9090909.0,0.9341869927930929,-0.02956618393060745
0,4,8,9379284.0,8333333.0,0.8884828522091878,-0.05135094969637445
1,4,5,1.0522982E7,8333333.0,0.7919174431734275,-0.10132009093959049
2,3,8,1.1935876E7,7692307.0,0.6444694130535539,-0.19079768972606684
5,1,0,9778642.0,9090909.0,0.9296698866775162,-0.0316712362257297
3,2,9,1.0642034E7,8333333.0,0.7830582950590085,-0.10620590552819796
4,1,9,1.0496841E7,9090909.0,0.8660614179065873,-0.062451308315093844
1,4,6,9385863.0,8333333.0,0.8878600721105774,-0.0516554741974092
0,4,9,1.3188705E7,8333333.0,0.6318537718449234,-0.19938341764925954
5,1,1,1.1822888E7,9090909.0,0.768924563947489,-0.11411626496883712
2,3,9,1.7416154E7,7692307.0,0.441676560737807,-0.3548956476339199
1,4,7,1.1346314E7,8333333.0,0.734452880468494,-0.1340360615605113
6,0,0,1.1032374E7,1.25E7,1.1330290289288598,0.05424103690851372
3,2,10,1.3219594E7,8333333.0,0.6303773777016147,-0.20039938072732782
0,4,10,1.1747892E7,8333333.0,0.7093470896736197,-0.14914120875913192
5,1,2,1.3470928E7,9090909.0,0.6748539521553377,-0.17079020440729323
4,1,10,2.0891377E7,9090909.0,0.43515125881841105,-0.36135975579993596
1,4,8,1.1040913E7,8333333.0,0.754768468875717,-0.12218625116650678
6,0,1,1.0861711E7,1.25E7,1.1508315770876245,0.06101176976917978
3,2,11,1.186202E7,8333333.0,0.7025222516906902,-0.15333991536105654
2,3,10,1.5404757E7,7692307.0,0.4993462084471699,-0.30159824338797875
0,4,11,1.3133856E7,8333333.0,0.6344924902481038,-0.19757351377906343
5,1,3,1.2430241E7,9090909.0,0.731354203027922,-0.13587223841276633
4,2,0,1.2384482E7,8333333.0,0.6728850669733301,-0.17205910968673424
1,4,9,1.1214874E7,8333333.0,0.7430607780345994,-0.12897566203280772
6,0,2,1.1152987E7,1.25E7,1.1207759858412818,0.049518817024017094
3,3,0,1.1113055E7,7692307.0,0.6921865319662325,-0.1597768551280664
2,3,11,1.1620418E7,7692307.0,0.6619647417158315,-0.17916514180809978
0,5,0,1.2673646E7,9090909.0,0.7173081053392213,-0.14429426175593363
5,1,4,1.1063404E7,9090909.0,0.8217099366524082,-0.08528146122253433
1,4,10,1.2401536E7,8333333.0,0.671959747566753,-0.1726567417277621
4,2,1,1.3813078E7,8333333.0,0.6032929807534569,-0.2194717276220586
2,3,12,1.0857114E7,7692307.0,0.7085038436549529,-0.1496577893493247
6,0,3,1.2596806E7,1.25E7,0.9923150360496145,-0.0033504279492705675
3,3,1,1.4325249E7,7692307.0,0.5369754480358422,-0.2700455709602498
0,5,1,1.157945E7,9090909.0,0.7850898790529774,-0.10508062129002405
5,1,5,1.1356151E7,9090909.0,0.8005273089447296,-0.09662384810232791
2,4,0,1.0542933E7,8333333.0,0.7904188521353593,-0.10214271001870759
1,4,11,1.1501859E7,8333333.0,0.7245205318548941,-0.13994930274637876
4,2,2,1.1167337E7,8333333.0,0.7462238311604638,-0.12713088558703906
3,3,2,1.223757E7,7692307.0,0.6285812461134033,-0.20163858041510085
6,0,4,1.7637803E7,1.25E7,0.708705046768013,-0.14953447456782515
5,1,6,1.1643651E7,9090909.0,0.780761034489955,-0.1074818691736732
1,5,0,9701739.0,9090909.0,0.9370391225737984,-0.028242276387332163
2,4,1,1.1819762E7,8333333.0,0.7050339084661772,-0.15178999519921604
0,5,2,1.8067329E7,9090909.0,0.5031683986050179,-0.29828664248812237
4,2,3,1.2779681E7,8333333.0,0.6520767615404485,-0.1857012767356203
3,3,3,1.1874332E7,7692307.0,0.6478096620508842,-0.1885525787956013
1,5,1,1.025615E7,9090909.0,0.8863861195477836,-0.05237705344033331
5,1,7,1.1013676E7,9090909.0,0.8254200504899545,-0.08332498577192496
6,0,5,1.3771793E7,1.25E7,0.907652329656712,-0.04208047331376238
4,2,4,1.0572204E7,8333333.0,0.7882304389888807,-0.10334679805496945
2,4,2,1.2176344E7,8333333.0,0.6843871198119895,-0.16469817249039992
0,5,3,1.1369823E7,9090909.0,0.799564689793324,-0.09714639335146996
3,3,4,1.1552742E7,7692307.0,0.6658425333137362,-0.17662846602306606
5,1,8,9950946.0,9090909.0,0.9135723377455771,-0.039257058995700554
1,5,2,1.492823E7,9090909.0,0.6089743392217296,-0.21540100715234498
2,4,3,1.133569E7,8333333.0,0.7351412221046977,-0.1336292240594549
0,5,4,1.2095772E7,9090909.0,0.7515774106853205,-0.1240262814748437
4,2,5,1.2941213E7,8333333.0,0.6439375505217324,-0.19115624875648504
6,0,6,1.8749108E7,1.25E7,0.6666983837311087,-0.17607059772806083
5,1,9,1.1177002E7,9090909.0,0.8133584479988462,-0.08971801814455867
2,4,4,1.1678936E7,8333333.0,0.7135352912285845,-0.1465845419511582
4,2,6,1.0620873E7,8333333.0,0.784618458388496,-0.10534147917618206
6,0,7,1.1183633E7,1.25E7,1.1177047744681894,0.04832710609876261
5,1,10,1.0561354E7,9090909.0,0.8607711662728094,-0.06511228923616993
4,2,7,9589116.0,8333333.0,0.869040795835612,-0.0609598357602798
3,3,5,3.0038156E7,7692307.0,0.256084527958374,-0.5916166598185049
2,4,5,1.1259758E7,8333333.0,0.7400987658882189,-0.13071031997433813
1,5,3,2.5868145E7,9090909.0,0.3514325824290841,-0.45415797615553555
0,5,5,2.5009322E7,9090909.0,0.3635008178150531,-0.43949460771508025
6,1,0,1.2079963E7,9090909.0,0.7525609970825242,-0.12345829357763724
5,2,0,1.1624357E7,8333333.0,0.7168855017099011,-0.14455020269536586
4,2,8,1.2551892E7,8333333.0,0.6639105084715515,-0.1778904572228042
7,0,0,2.556914E7,1.25E7,0.4888705681927511,-0.3108061080751638
3,3,6,1.2624218E7,7692307.0,0.60932938578849,-0.21514787689268547
2,4,6,1.5011202E7,8333333.0,0.5551409540688347,-0.25559673254919174
5,2,1,1.0753704E7,8333333.0,0.774926760119118,-0.11073934159585559
0,5,6,1.5195478E7,9090909.0,0.5982641019913951,-0.2231070556148756
1,5,4,1.6713379E7,9090909.0,0.5439300455042634,-0.2644569510463604
6,1,1,1.9055526E7,9090909.0,0.47707468164352956,-0.32141363084050734
3,3,7,1.0758323E7,7692307.0,0.7150098579490503,-0.1456879704739374
7,0,1,1.2471685E7,1.25E7,1.0022703427804662,9.848797568263712E-4
2,4,7,1.3227555E7,8333333.0,0.6299979852663625,-0.20066083941800616
5,2,2,1.2864974E7,8333333.0,0.6477535827122542,-0.18859017626130503
1,5,5,1.3755493E7,9090909.0,0.6608929974374601,-0.1798688497188902
0,5,7,1.5839216E7,9090909.0,0.5739494303253393,-0.24112637083922286
6,1,2,1.0626652E7,9090909.0,0.8554819523590309,-0.06778914810249588
3,3,8,1.3096745E7,7692307.0,0.587344947160535,-0.23110676306497221
7,0,2,1.2557088E7,1.25E7,0.9954537230287787,-0.001978924788144358
4,2,9,2.709652E7,8333333.0,0.30754255528016144,-0.5120947815320498
5,2,3,1.5436454E7,8333333.0,0.539847623035705,-0.2677288064980383
0,5,8,1.2300321E7,9090909.0,0.7390790045235405,-0.13130913481939802
3,3,9,1.1419053E7,7692307.0,0.673637910254029,-0.17157348007306522
1,5,6,1.6571966E7,9090909.0,0.5485715454641893,-0.2607667231047654
4,2,10,1.2262803E7,8333333.0,0.6795618424270536,-0.1677710148656983
6,1,3,1.7591213E7,9090909.0,0.5167869322030266,-0.2866884767155068
2,4,8,2.5796594E7,8333333.0,0.32304004939566827,-0.49074363199298016
7,0,3,1.7212369E7,1.25E7,0.7262219395830987,-0.13893063493848487
0,5,9,1.1441062E7,9090909.0,0.7945861144708419,-0.09985902858518976
5,2,4,1.3143338E7,8333333.0,0.6340347482504064,-0.19788693997336254
1,5,7,1.0508799E7,9090909.0,0.8650759235189482,-0.06294577494173358
6,1,4,1.2557702E7,9090909.0,0.723930938956825,-0.14030286233950653
7,0,4,1.123027E7,1.25E7,1.113063176575452,0.046519815241655084
3,3,10,2.1289439E7,7692307.0,0.3613203241287852,-0.44210760884789746
4,2,11,1.9601842E7,8333333.0,0.4251300974673707,-0.37147814767626686
2,4,9,1.6346173E7,8333333.0,0.5098033038069523,-0.2925973543895457
5,2,5,1.2613426E7,8333333.0,0.66067165257084,-0.18001432705905507
1,5,8,1.1009831E7,9090909.0,0.8257083146871191,-0.08317334213952038
0,5,10,1.6205405E7,9090909.0,0.5609800557283203,-0.25105257874581144
6,1,5,1.211149E7,9090909.0,0.7506020316245152,-0.12459026443383145
7,0,5,1.2399389E7,1.25E7,1.0081141901427562,0.0035097278834187403
2,4,10,1.1379252E7,8333333.0,0.7323269578703415,-0.1352949786463746
4,3,0,1.2306309E7,7692307.0,0.6250701977335366,-0.20407120701371786
0,6,0,1.0769104E7,1.25E7,1.1607279491404299,0.06473044193321742
7,0,6,1.0939794E7,1.25E7,1.1426174935286715,0.057900868844793556
3,3,11,1.9240499E7,7692307.0,0.39979768715977687,-0.39815972261573035
6,1,6,1.4836505E7,9090909.0,0.6127392536180185,-0.21272429677979487
5,2,6,2.1900563E7,8333333.0,0.38050770658270294,-0.4196365428554356
1,5,9,2.2792056E7,9090909.0,0.39886305123153437,-0.39917619279388855
4,3,1,1.1911328E7,7692307.0,0.6457975970437553,-0.18990357528754545
2,4,11,1.2792745E7,8333333.0,0.651410858263805,-0.1861450065252893
0,6,1,1.4037919E7,1.25E7,0.8904453715682502,-0.05039271915885435
7,0,7,1.3826745E7,1.25E7,0.9040450228886119,-0.04380994042598041
8,0,0,1.8556169E7,1.25E7,0.6736304244696197,-0.17157830618643535
2,5,0,1.1368661E7,9090909.0,0.799646413944439,-0.09710200603097745
3,3,12,1.7876568E7,7692307.0,0.430301107013382,-0.3662275366290765
1,5,10,1.3963644E7,9090909.0,0.6510413041180368,-0.18639145754316785
5,2,7,1.6871708E7,8333333.0,0.4939234960680922,-0.3063403138465374
0,6,2,1.0730515E7,1.25E7,1.1649021505491581,0.06628944702617903
6,1,7,1.9201641E7,9090909.0,0.473444379050728,-0.3247310352250696
8,0,1,1.2866973E7,1.25E7,0.9714794614086779,-0.012566376629989507
4,3,2,2.3438992E7,7692307.0,0.3281842068976345,-0.48388232219285887
1,6,0,1.194176E7,1.25E7,1.0467468781821105,0.019841674325336726
3,4,0,1.4436108E7,8333333.0,0.5772562106074574,-0.2386313858806199
0,6,3,1.2330235E7,1.25E7,1.0137681885219543,0.005938659183559445
5,2,8,1.2971886E7,8333333.0,0.6424149117560854,-0.19218438675456045
2,5,1,2.0293444E7,9090909.0,0.4479727048794675,-0.3487484468977499
7,1,0,2.6335267E7,9090909.0,0.3451990443081515,-0.4619304153098719
6,1,8,2.0706534E7,9090909.0,0.43903576523236576,-0.35750009932422416
1,6,1,1.1737335E7,1.25E7,1.0649776972370644,0.027340512874948836
0,6,4,1.0662741E7,1.25E7,1.172306445406486,0.06904115276801671
8,0,2,1.8941641E7,1.25E7,0.6599217037214463,-0.18050758818362722
3,4,1,1.3750796E7,8333333.0,0.6060254984511442,-0.21750910256034656
4,3,3,2.0707282E7,7692307.0,0.3714783523979632,-0.43006648932746033
7,1,1,1.1324383E7,9090909.0,0.8027730075890227,-0.09540723864122815
2,5,2,1.5844128E7,9090909.0,0.5737714943984294,-0.24126103178361055
5,2,9,2.1608289E7,8333333.0,0.3856544588051372,-0.4138016431079596
8,0,3,1.1982238E7,1.25E7,1.043210792508044,0.018372071392488455
3,4,2,1.3131351E7,8333333.0,0.6346135291029842,-0.19749067356535663
0,6,5,1.6940521E7,1.25E7,0.7378757713531952,-0.13201674977208896
6,1,9,1.9542712E7,9090909.0,0.46518154696236635,-0.3323775213970912
4,3,4,1.4299044E7,7692307.0,0.5379595307210748,-0.26925039393507866
1,6,2,2.2454107E7,1.25E7,0.5566910320682091,-0.25438577483939073
2,5,3,1.3280737E7,9090909.0,0.6845184118923521,-0.16461486590002783
7,1,2,1.5565697E7,9090909.0,0.5840348170724382,-0.2335612617716519
5,2,10,1.2858264E7,8333333.0,0.6480916086339493,-0.18836360167223756
8,0,4,1.1743182E7,1.25E7,1.0644474385221996,0.027124221224456305
3,4,3,1.0635401E7,8333333.0,0.7835466664585566,-0.10593513272200401
2,5,4,1.1696872E7,9090909.0,0.7772085562704285,-0.10946242690836118
4,3,5,1.6187477E7,7692307.0,0.47520110762165096,-0.3231225557511675
3,4,4,1.1313599E7,8333333.0,0.7365766631820696,-0.13278204493237397
5,2,11,1.3829832E7,8333333.0,0.602562128014281,-0.21999816790209803
0,6,6,2.1052505E7,1.25E7,0.5937535699433393,-0.22639376616365464
1,6,3,1.7278854E7,1.25E7,0.7234276069466181,-0.1406049220109388
6,1,10,2.2155629E7,9090909.0,0.410320510421979,-0.3868767736973452
8,0,5,1.6791663E7,1.25E7,0.7444170360017349,-0.12818369658790213
2,5,5,1.2369319E7,9090909.0,0.7349563060019715,-0.13373847945498776
4,3,6,1.2081285E7,7692307.0,0.6367126510135305,-0.1960565209375044
3,4,5,1.1172167E7,8333333.0,0.7459012204167732,-0.12731868227046392
1,6,4,1.0389874E7,1.25E7,1.2030944744854462,0.08029973219164178
5,3,0,1.6225007E7,7692307.0,0.474101921805026,-0.32412828423466816
7,1,3,3.0967092E7,9090909.0,0.2935667643574669,-0.5322931138553774
0,6,7,1.8371831E7,1.25E7,0.680389450567012,-0.16724242873973347
8,0,6,1.3299779E7,1.25E7,0.9398652413698002,-0.026934411426854217
6,2,0,1.8554653E7,8333333.0,0.44912362413891543,-0.34763410021822566
3,4,6,1.1273249E7,8333333.0,0.739213069808003,-0.13123036308757655
4,3,7,1.354686E7,7692307.0,0.5678295191653269,-0.24578203400569565
0,7,0,1.3050717E7,1.6666666E7,1.2770689916883493,0.1062143599886996
2,5,6,2.2486394E7,9090909.0,0.40428487555630305,-0.3933125054763732
7,1,4,1.7046273E7,9090909.0,0.533307720696483,-0.27302212898990075
4,3,8,9309616.0,7692307.0,0.8262754339169306,-0.08287515910718488
9,0,0,1.9706179E7,1.25E7,0.6343188093440134,-0.197692410353761
1,6,5,2.2957319E7,1.25E7,0.544488666119942,-0.26401115593170893
3,4,7,1.2947596E7,8333333.0,0.643620097506904,-0.19137040319936882
8,0,7,1.815994E7,1.25E7,0.688328265401758,-0.16220439628097677
6,2,1,1.5425931E7,8333333.0,0.5402158871318691,-0.26743264785636695
0,7,1,1.3002688E7,1.6666666E7,1.281786196823303,0.10781559048431778
4,3,9,1.1770381E7,7692307.0,0.653530841525011,-0.18473391230980604
1,6,6,1.2137071E7,1.25E7,1.0299025193145859,0.01279612050397613
3,4,8,1.2159071E7,8333333.0,0.6853593502332539,-0.16408165784738446
2,5,7,2.0897932E7,9090909.0,0.4350147660543637,-0.3614960011899817
5,3,1,3.8894941E7,7692307.0,0.1977714016843476,-0.703836508434627
4,3,10,9932864.0,7692307.0,0.7744299126616452,-0.11101788057957118
9,0,1,2.4154984E7,1.25E7,0.5174915454301274,-0.28609674114261247
3,4,9,1.1562324E7,8333333.0,0.7207316625965506,-0.14222639844990456
1,6,7,1.2544914E7,1.25E7,0.9964197442884024,-0.0015576754043533255
7,1,5,2.7234301E7,9090909.0,0.33380364709929583,-0.47650892258054
6,2,2,2.3802653E7,8333333.0,0.3501010160506058,-0.45580662883927725
0,7,2,2.2733853E7,1.6666666E7,0.7331210419984681,-0.13482431521949503
2,5,8,1.6098513E7,9090909.0,0.5647048892031208,-0.24817845213430154
8,1,0,3.2725582E7,9090909.0,0.2777921260498897,-0.5562800683951897
4,3,11,1.5091773E7,7692307.0,0.509702007842286,-0.29268365561453336
7,1,6,1.0401892E7,9090909.0,0.8739668706423793,-0.0585050298025539
9,0,2,1.3955058E7,1.25E7,0.8957325723762667,-0.047821632834694844
1,7,0,2.0336897E7,1.6666666E7,0.8195284659208334,-0.0864359568248629
3,4,10,2.0988985E7,8333333.0,0.39703363454688256,-0.4011727005936376
5,3,2,2.5381948E7,7692307.0,0.30306212115791903,-0.5184683414288412
6,2,3,1.9601656E7,8333333.0,0.4251341315243977,-0.37147402667800117
2,5,9,1.4844042E7,9090909.0,0.6124281378346949,-0.21294486398028908
4,3,12,1.4370042E7,7692307.0,0.5353016365574993,-0.27140142886240287
0,7,3,1.9521027E7,1.6666666E7,0.8537801827741952,-0.0686539298924567
9,0,3,1.7079933E7,1.25E7,0.7318529879479035,-0.13557614972740298
8,1,1,2.1701496E7,9090909.0,0.4189070191290038,-0.37788236261931285
7,1,7,1.9868432E7,9090909.0,0.4575554326581987,-0.3395562838068654
1,7,1,1.3246491E7,1.6666666E7,1.2581947928700514,0.09974788349365228
3,4,11,1.3637075E7,8333333.0,0.6110792087012794,-0.21390249242141776
5,3,3,1.5644389E7,7692307.0,0.4916975025358932,-0.30830199760293364
6,2,4,1.9163592E7,8333333.0,0.43485234918380644,-0.36165817941291956
2,5,10,1.5969254E7,9090909.0,0.569275747007343,-0.24467731814743032
9,0,4,1.2808945E7,1.25E7,0.9758805272409242,-0.010603347841488657
7,1,8,1.3756702E7,9090909.0,0.6608349152289553,-0.1799070191218738
4,4,0,2.0462793E7,8333333.0,0.40724318522891767,-0.3901461744037117
5,3,4,1.2976417E7,7692307.0,0.5927912920800865,-0.22709818463288461
0,7,4,2.3476857E7,1.6666666E7,0.7099189640248692,-0.14879122238711434
1,7,2,2.0321944E7,1.6666666E7,0.8201314795474292,-0.08611651802528285
2,6,0,1.5549538E7,1.25E7,0.8038824047376841,-0.09480747700873388
8,1,2,2.3996404E7,9090909.0,0.37884463855501016,-0.4215388545474555
3,5,0,2.3728994E7,9090909.0,0.38311396597765585,-0.41667201602403175
6,2,5,1.8418526E7,8333333.0,0.4524429913664101,-0.3444361349001778
7,1,9,1.3179069E7,9090909.0,0.6897990290512934,-0.16127742127329936
4,4,1,1.452574E7,8333333.0,0.5736942145460403,-0.24131952976441126
9,0,5,1.9290059E7,1.25E7,0.648002165260355,-0.1884235429580286
5,3,5,1.9936374E7,7692307.0,0.3858428318008079,-0.41358956367441846
8,1,3,1.5277087E7,9090909.0,0.5950682221028132,-0.22543324135659434
7,1,10,1.212815E7,9090909.0,0.7495709568235881,-0.1251872491421689
6,2,6,1.337341E7,8333333.0,0.6231270109867266,-0.20542342276508466
0,7,5,2.3137016E7,1.6666666E7,0.7203463921190183,-0.14245861466591236
4,4,2,1.3624276E7,8333333.0,0.6116532724381097,-0.21349469638208796
9,0,6,1.163942E7,1.25E7,1.073936673820517,0.030978673336398314
2,6,1,1.8960186E7,1.25E7,0.6592762328386441,-0.18093258045693467
1,7,3,2.2245982E7,1.6666666E7,0.7491989339917653,-0.12540284923836906
5,3,6,1.2188246E7,7692307.0,0.6311250199577527,-0.1998846025629786
3,5,1,2.7145274E7,9090909.0,0.33489840625664713,-0.47508691921316587
0,8,0,1.1913249E7,2.5E7,2.098503942962999,0.32190978956154936
2,6,2,1.3289124E7,1.25E7,0.9406188097876128,-0.026586340808643503
1,7,4,1.2235858E7,1.6666666E7,1.362116657450585,0.1342143039919451
8,1,4,2.118356E7,9090909.0,0.4291492553659536,-0.3673916367001372
5,3,7,1.5027188E7,7692307.0,0.5118926441859915,-0.2908211111459581
4,4,3,2.2569547E7,8333333.0,0.369229076684614,-0.4327041057326713
9,0,7,2.3944416E7,1.25E7,0.5220423834935043,-0.2822942361354322
3,5,2,1.4834967E7,9090909.0,0.612802778732167,-0.21267927407827433
6,2,7,3.0304215E7,8333333.0,0.27498923829572886,-0.5606843019524036
0,8,1,1.7173567E7,2.5E7,1.4557255344798201,0.163079499910273
1,7,5,1.9508576E7,1.6666666E7,0.8543250927181973,-0.06837683761572437
9,1,0,1.3255836E7,9090909.0,0.6858042751886791,-0.16379981189377033
8,1,5,1.9216999E7,9090909.0,0.47306600786106096,-0.32507825704283094
3,5,3,1.2311919E7,9090909.0,0.7383827817580672,-0.13171843911465458
2,6,3,2.5108122E7,1.25E7,0.49784687202013755,-0.30290421720632116
7,2,0,4.23098E7,8333333.0,0.19695987690795042,-0.7056222358293643
0,8,2,1.2621623E7,2.5E7,1.9807278350811144,0.29682480474461775
4,4,4,1.9215516E7,8333333.0,0.43367729495268303,-0.3628333146160133
6,2,8,1.9827328E7,8333333.0,0.4202953116022492,-0.37644545452615635
9,1,1,1.2343312E7,9090909.0,0.7365048375995032,-0.13282439622682202
5,3,8,2.8054898E7,7692307.0,0.2741876659113143,-0.5619520854587426
2,6,4,1.2184695E7,1.25E7,1.0258771352093754,0.011095350351063347
7,2,1,1.4101388E7,8333333.0,0.5909583510502654,-0.2284431257962781
0,8,3,1.3415175E7,2.5E7,1.8635612282359344,0.27034366628662077
3,5,4,1.7501225E7,9090909.0,0.5194441531949906,-0.28446113773722576
4,4,5,1.3808065E7,8333333.0,0.6035120054837517,-0.2193140861905157
1,8,0,2.5534521E7,2.5E7,0.9790667308777792,-0.009187706701115106
9,1,2,1.1665264E7,9090909.0,0.7793144672936677,-0.10828726138754927
2,6,5,1.2980984E7,1.25E7,0.9629470308260144,-0.016397601611355433
6,2,9,1.7371147E7,8333333.0,0.47972266886003556,-0.31900975885698496
8,1,6,2.9568927E7,9090909.0,0.3074480518011357,-0.5122282545942788
4,4,6,1.2002803E7,8333333.0,0.694282243905861,-0.1584639415737968
5,3,9,1.7272351E7,7692307.0,0.4453537911544294,-0.3512948463224725
9,1,3,1.2000284E7,9090909.0,0.7575578211315666,-0.12058421372990842
3,5,5,2.1677097E7,9090909.0,0.4193785265619285,-0.37739381048109993
7,2,2,2.4448815E7,8333333.0,0.3408481351754676,-0.4674390777406889
0,9,0,2.3303015E7,3.3333333E7,1.4304300537934684,0.15546662621383017
8,1,7,1.3493817E7,9090909.0,0.673709225491942,-0.17152750555987784
1,8,1,2.2088141E7,2.5E7,1.1318290661038428,0.05378084270623746
4,4,7,1.3769846E7,8333333.0,0.6051870877858765,-0.2181103466157466
6,2,10,1.6693553E7,8333333.0,0.49919468911141923,-0.30173004372201434
2,6,6,1.8173276E7,1.25E7,0.6878231530737772,-0.1625232093181027
5,3,10,1.7763185E7,7692307.0,0.4330477332753107,-0.36346423030826047
3,5,6,1.2314121E7,9090909.0,0.738250744815647,-0.13179610620621296
9,1,4,1.7569956E7,9090909.0,0.5174121665415667,-0.2861633634050516
7,2,3,1.5328006E7,8333333.0,0.5436671280008633,-0.26466692515428997
0,9,1,1.6735629E7,3.3333333E7,1.9917586007672612,0.29923670120233276
8,1,8,1.4602548E7,9090909.0,0.6225563511244749,-0.20582133198358266
1,8,2,1.5504026E7,2.5E7,1.6124843959885,0.20749552065993848
5,3,11,1.6978537E7,7692307.0,0.45306064945407254,-0.343843656794767
4,4,8,2.3576632E7,8333333.0,0.3534573131565187,-0.4516630282036606
2,6,7,2.5871912E7,1.25E7,0.4831494479418452,-0.3159185123596419
3,5,7,1.8661676E7,9090909.0,0.48714322336321775,-0.31234333453145
8,1,9,1.3082536E7,9090909.0,0.694888896158971,-0.15808462798872502
1,8,3,1.1955303E7,2.5E7,2.091122240900126,0.32037942114701506
6,2,11,2.6912346E7,8333333.0,0.309647215445283,-0.509132821103096
7,2,4,1.6043723E7,8333333.0,0.5194139165828281,-0.2844864185608519
0,9,2,1.4609986E7,3.3333333E7,2.2815444860795897,0.3582289411650165
5,3,12,1.7269176E7,7692307.0,0.4454356710476516,-0.351215007062099
9,1,5,2.8698287E7,9090909.0,0.31677531833171785,-0.4992486639825444
0,10,0,1.1044825E7,2.5E7,2.2635034959811495,0.35478116959961636
6,3,0,1.2006451E7,7692307.0,0.6406811638176844,-0.1933580441840287
1,9,0,1.2587569E7,3.3333333E7,2.648115215892759,0.42293687674119046
2,7,0,1.3057941E7,1.6666666E7,1.27636248318169,0.10597403025460672
3,5,8,1.4662149E7,9090909.0,0.6200256865484043,-0.20759031809021186
4,4,9,1.8565977E7,8333333.0,0.4488496888690533,-0.3478990715220871
8,1,10,1.7596715E7,9090909.0,0.5166253474014895,-0.28682428967152424
7,2,5,1.7306623E7,8333333.0,0.4815112110548661,-0.31739359671684486
9,1,6,1.1903158E7,9090909.0,0.7637392530620866,-0.11705488787039905
0,10,1,1.3315496E7,2.5E7,1.8775117351993498,0.27358266019891914
2,7,1,1.8008834E7,1.6666666E7,0.9254716879504803,-0.033636862653866964
7,2,6,1.5666812E7,8333333.0,0.5319099380269579,-0.27416189539111574
4,4,10,1.9312498E7,8333333.0,0.43149948805172694,-0.3650197152128316
6,3,1,2.1738344E7,7692307.0,0.3538589232004057,-0.4511698483904024
8,2,0,1.6491668E7,8333333.0,0.5053056488888813,-0.2964458466904116
1,9,1,2.3489832E7,3.3333333E7,1.4190536994900602,0.1519988302361543
5,4,0,2.6311048E7,8333333.0,0.31672372001297705,-0.4993194103098403
0,10,2,1.8246368E7,2.5E7,1.3701356894698167,0.1367635790322554
3,5,9,3.047485E7,9090909.0,0.29830857247861764,-0.5253342661596744
2,7,2,1.4324598E7,1.6666666E7,1.163499736606919,0.06576628930717113
7,2,7,1.140405E7,8333333.0,0.7307345197539471,-0.1362403761848952
3,5,10,2.3458974E7,9090909.0,0.3875237254621622,-0.4117017034238025
6,3,2,3.4178551E7,7692307.0,0.22506240829226493,-0.6476970382495777
0,10,3,2.4438509E7,2.5E7,1.0229756651684438,0.009865302716300038
9,1,7,4.5510452E7,9090909.0,0.19975431138324004,-0.6995038383481694
7,2,8,2.3106564E7,8333333.0,0.36064786612150557,-0.44291663309653206
1,9,2,3.2947242E7,3.3333333E7,1.011718461897357,0.005059675097279035
8,2,1,3.4107938E7,8333333.0,0.2443223920484434,-0.6120367282888249
4,4,11,3.4189944E7,8333333.0,0.24373637464863937,-0.6130796528819569
5,4,1,3.171329E7,8333333.0,0.2627710023148024,-0.5804225623600259
2,7,3,2.3516634E7,1.6666666E7,0.7087181779501267,-0.14952642785343026
3,6,0,1.1757687E7,1.25E7,1.0631342712218823,0.026588118303331923
1,10,0,1.2198631E7,2.5E7,2.0494102985818654,0.3116289142682998
9,1,8,1.3058709E7,9090909.0,0.696156794672429,-0.15729293367684885
7,2,9,1.4223371E7,8333333.0,0.5858901522009093,-0.2321838016694706
0,11,0,1.6175767E7,2.0E7,1.2364174137770407,0.09216511306388203
5,4,2,1.9373482E7,8333333.0,0.4301412105474896,-0.3663889469925488
8,2,2,2.1223957E7,8333333.0,0.3926380457706355,-0.4060076205085642
2,7,4,2.2908281E7,1.6666666E7,0.7275389192231403,-0.1381437694186872
3,6,1,1.2034084E7,1.25E7,1.038716365948584,0.01649697439079746
1,10,1,1.2915461E7,2.5E7,1.9356645496432532,0.28683009632894196
4,5,0,2.6327221E7,9090909.0,0.34530454239739167,-0.4617977085745356
6,3,3,3.2075644E7,7692307.0,0.23981769469694825,-0.6201187760923307
0,11,1,1.9679561E7,2.0E7,1.0162828327318887,0.007014589444880651
9,1,9,2.4409778E7,9090909.0,0.3724289913656732,-0.4289565191513201
8,2,3,1.6888392E7,8333333.0,0.49343555028803215,-0.3067695643360765
5,4,3,1.8485708E7,8333333.0,0.4507986926981644,-0.3460173520642554
3,6,2,1.5241731E7,1.25E7,0.8201168226889715,-0.08612427952424823
2,7,5,1.6592997E7,1.6666666E7,1.0044397645585061,0.0019238975758212285
7,2,10,2.7238436E7,8333333.0,0.3059402162444275,-0.5143634306810838
1,10,2,1.8037911E7,2.5E7,1.385969805483573,0.14175376890875388
4,5,1,1.6849005E7,9090909.0,0.5395516827254785,-0.2679669486688523
6,3,4,1.5843907E7,7692307.0,0.4855056899791194,-0.31380567592682446
4,5,2,1.1991378E7,9090909.0,0.7581204595501868,-0.12026178280924184
2,8,0,1.9646232E7,2.5E7,1.2725086418606886,0.10466074039949681
6,3,5,1.2756924E7,7692307.0,0.6029907366383934,-0.21968935959737945
0,11,2,2.382663E7,2.0E7,0.839396926883911,-0.07603262511714587
3,6,3,2.1902481E7,1.25E7,0.5707116011195261,-0.24358329925586786
1,10,3,1.8679818E7,2.5E7,1.3383428039823515,0.12656736814738287
7,2,11,2.1609922E7,8333333.0,0.38562531600067784,-0.41383446273990987
9,1,10,2.6715558E7,9090909.0,0.3402852001069938,-0.46815693909589784
5,4,4,2.6564305E7,8333333.0,0.31370416052669176,-0.503479721398519
4,5,3,1.2198005E7,9090909.0,0.7452783467460458,-0.1276814965415408
8,2,4,3.1226033E7,8333333.0,0.26687133136636343,-0.5736980777603459
7,3,0,1.0800524E7,7692307.0,0.7122160924784761,-0.1473882176939961
6,3,6,1.5166848E7,7692307.0,0.5071790130685031,-0.29483872574366704
9,2,0,1.3967643E7,8333333.0,0.5966169811184321,-0.224304389758605
1,11,0,1.6853663E7,2.0E7,1.1866856480991699,0.07433568999377346
5,4,5,1.5751681E7,8333333.0,0.5290440429818253,-0.2765081713905937
2,8,1,2.5075865E7,2.5E7,0.9969745809366896,-0.0013159144061582518
6,3,7,1.0383625E7,7692307.0,0.740811325524564,-0.13029238678073235
4,5,4,1.8271403E7,9090909.0,0.49754849148694275,-0.3031645861566017
3,6,4,2.6552546E7,1.25E7,0.470764649084875,-0.327196156881686
7,3,1,1.3757866E7,7692307.0,0.5591206514149796,-0.25249446655024593
0,11,3,2.7307969E7,2.0E7,0.732386945363824,-0.1352594055049445
8,2,5,1.8676146E7,8333333.0,0.44620196265332257,-0.3504685237706184
2,8,2,1.213619E7,2.5E7,2.0599545656421,0.31385764167569397
4,5,5,1.2516406E7,9090909.0,0.7263194402610462,-0.1388723315991575
1,11,1,2.0114959E7,2.0E7,0.9942849001084217,-0.0024891560286877507
5,4,6,2.0197408E7,8333333.0,0.41259418040176243,-0.3844769019984123
0,11,4,1.5627057E7,2.0E7,1.2798315127410107,0.10715279941100589
9,2,1,2.8382458E7,8333333.0,0.29360857329551937,-0.5322312672826188
8,2,6,2.2915431E7,8333333.0,0.3636559574201332,-0.4393092934122288
6,3,8,2.8552926E7,7692307.0,0.2694052091193736,-0.5695940111745478
2,8,3,1.832384E7,2.5E7,1.364342845167825,0.13492351772147756
6,3,9,1.0855504E7,7692307.0,0.7086089231785092,-0.14959338310249207
4,5,6,3.2630626E7,9090909.0,0.278600508614208,-0.5550180950615804
3,6,5,4.4385261E7,1.25E7,0.2816250196208151,-0.5503287650108152
9,2,2,2.8339222E7,8333333.0,0.2940565199708023,-0.5315691867569285
7,3,2,4.8176341E7,7692307.0,0.15966980555870774,-0.7967772035800892
2,9,0,2.1154965E7,3.3333333E7,1.575674221158012,0.19746642979144258
1,11,2,5.9224301E7,2.0E7,0.33769921573240685,-0.47146994796240765
0,12,0,5.5154228E7,1.25E7,0.22663720358845382,-0.6446687970897904
5,4,7,7.4334994E7,8333333.0,0.11210511431533848,-0.9503745741288009
6,3,10,5.2205581E7,7692307.0,0.14734644941505393,-0.8316603248159435
3,6,6,4.6151145E7,1.25E7,0.2708491847818727,-0.5672724672404006
7,3,3,4.29168E7,7692307.0,0.17923766450434328,-0.746570723649222
4,5,7,4.8915757E7,9090909.0,0.18584827379856353,-0.7308414683763806
9,2,3,4.7659145E7,8333333.0,0.17485275910845652,-0.7573275103028434
0,12,1,2.3917904E7,1.25E7,0.522621045723739,-0.2818131054053784
8,2,7,7.1994626E7,8333333.0,0.1157493755158892,-0.9364813433833135
3,6,7,2.1774899E7,1.25E7,0.5740554755271196,-0.24104613625858354
1,11,3,4.1575058E7,2.0E7,0.4810576572136111,-0.3178028680979877
4,5,8,2.3271513E7,9090909.0,0.3906453783215556,-0.40821730940974543
8,2,8,2.1936672E7,8333333.0,0.3798813694255902,-0.4203520050871998
2,9,1,7.2003476E7,3.3333333E7,0.46294060858950753,-0.3344747217602649
6,3,11,3.1382119E7,7692307.0,0.2451175142124724,-0.6106256562955337
9,2,4,2.7083449E7,8333333.0,0.3076909813074398,-0.5118852331182038
5,4,8,3.5364293E7,8333333.0,0.23564257314574336,-0.6277462435455501
7,3,4,3.2444949E7,7692307.0,0.23708796706692312,-0.6250904872240374
0,12,2,3.2241593E7,1.25E7,0.38769796517188215,-0.4115064783761851
1,11,4,2.4219927E7,2.0E7,0.825766320435235,-0.08314283416101438
7,3,5,1.530209E7,7692307.0,0.5026964944004381,-0.29869414335329336
9,2,5,2.0066598E7,8333333.0,0.415283796486081,-0.3816550138310493
8,2,9,2.7195647E7,8333333.0,0.30642157548228216,-0.513680658807672
6,3,12,2.5185648E7,7692307.0,0.30542422414543396,-0.5150965206670356
3,7,0,3.6279552E7,1.6666666E7,0.4593955845981781,-0.3378131832678144
4,5,9,3.3960929E7,9090909.0,0.26768728853088797,-0.5723722513456211
2,9,2,3.000877E7,3.3333333E7,1.1107863801148798,0.04563054601770929
0,12,3,2.460935E7,1.25E7,0.5079370239360244,-0.2941901299454065
1,12,0,2.0655142E7,1.25E7,0.6051761832477356,-0.21811817200314187
4,5,10,1.1318649E7,9090909.0,0.8031796904383199,-0.09518728182515648
8,2,10,1.6681178E7,8333333.0,0.4995650187294926,-0.30140798003497804
9,2,6,2.0603337E7,8333333.0,0.4044652087183741,-0.3931188295806611
7,3,6,2.5509953E7,7692307.0,0.30154140229109794,-0.5206530498518401
2,10,0,1.418579E7,2.5E7,1.7623269483053112,0.24608648221043852
3,7,1,1.7343464E7,1.6666666E7,0.9609767691160197,-0.017287110944013324
5,4,9,4.6708559E7,8333333.0,0.17841126291222129,-0.7485777325482952
0,12,4,2.1172064E7,1.25E7,0.5904006335896207,-0.22885318512077296
6,4,0,2.6818485E7,8333333.0,0.3107309380078703,-0.5076155039475126
4,6,0,1.4109553E7,1.25E7,0.8859245930753441,-0.052603242226911096
7,3,7,1.9852641E7,7692307.0,0.38747021114218505,-0.41176168059990187
2,10,1,1.9824669E7,2.5E7,1.2610551026097838,0.10073406376303011
1,12,1,3.4841241E7,1.25E7,0.35877022864943303,-0.4451836026115361
6,4,1,1.9004673E7,8333333.0,0.43848862855993365,-0.35804166482407057
9,2,7,3.1888974E7,8333333.0,0.26132333388963846,-0.5828218098399576
8,2,11,3.3290793E7,8333333.0,0.25031945018552126,-0.6015054037674896
5,4,10,2.5666188E7,8333333.0,0.32468136678497017,-0.48854263448662144
4,6,1,2.1050732E7,1.25E7,0.5938035788969239,-0.22635718920797446
0,12,5,2.4081358E7,1.25E7,0.5190737166898977,-0.28477096107593874
2,10,2,1.4749374E7,2.5E7,1.694987190642803,0.22916642050124383
3,7,2,3.8826883E7,1.6666666E7,0.4292558328722911,-0.36728379478780604
6,4,2,1.4905644E7,8333333.0,0.5590723218668043,-0.2525320079346044
7,3,8,2.9631229E7,7692307.0,0.2596013482937208,-0.5856930562668828
1,12,2,2.4082431E7,1.25E7,0.5190505892033906,-0.28479031162907564
8,3,0,2.4028825E7,7692307.0,0.3201283042346016,-0.49467592588876635
4,6,2,3.1436087E7,1.25E7,0.39763218621961444,-0.4005184690136025
3,7,3,2.3869766E7,1.6666666E7,0.6982333216002201,-0.15599942930901953
0,12,6,3.1570477E7,1.25E7,0.3959395355350507,-0.40237113071193653
7,3,9,1.7485555E7,7692307.0,0.43992352544714763,-0.3566228129749599
1,12,3,1.6771723E7,1.25E7,0.745302077788907,-0.12766766802105886
2,10,3,3.6322193E7,2.5E7,0.6882844326057075,-0.16223205306706498
5,4,11,4.279701E7,8333333.0,0.19471764499435826,-0.7105946916414339
9,2,8,4.4631612E7,8333333.0,0.18671369073561583,-0.7288238363469138
4,6,3,1.0872707E7,1.25E7,1.1496676954506362,0.06057232827776696
6,4,3,3.2253014E7,8333333.0,0.2583737755485425,-0.5877515685118112
7,3,10,1.1281577E7,7692307.0,0.681846784363569,-0.1663132033214671
8,3,1,2.4560072E7,7692307.0,0.3132037642234925,-0.5041730270366114
0,12,7,1.509148E7,1.25E7,0.8282819180093669,-0.08182181949881974
3,7,4,1.5894144E7,1.6666666E7,1.0486041903231782,0.02061158886368348
1,12,4,1.6914302E7,1.25E7,0.7390195587142763,-0.13134406751954633
2,11,0,1.5049406E7,2.0E7,1.3289561063074515,0.12351063699745717
9,2,9,1.5307694E7,8333333.0,0.5443885277560422,-0.26409103553472696
5,5,0,1.6530265E7,9090909.0,0.5499554302365993,-0.2596725053905363
7,3,11,1.2516251E7,7692307.0,0.6145855496186517,-0.21141765526522308
8,3,2,1.4638416E7,7692307.0,0.5254876620530528,-0.2794374763344652
6,4,4,2.0982313E7,8333333.0,0.3971598841367012,-0.40103462467291356
4,6,4,2.2671203E7,1.25E7,0.5513602432125018,-0.25856455265882095
3,7,5,2.0022089E7,1.6666666E7,0.8324139404234993,-0.07966065527647792
1,12,5,1.5221485E7,1.25E7,0.8212076548378822,-0.08554701103262244
5,5,1,1.1737415E7,9090909.0,0.7745239475642635,-0.1109651497133882
2,11,1,1.6026377E7,2.0E7,1.24794268848162,0.09619464091715113
8,3,3,1.4820011E7,7692307.0,0.5190486700718373,-0.28479191738736165
9,2,10,1.8718472E7,8333333.0,0.44519301575470477,-0.3514516575515805
7,3,12,1.8681763E7,7692307.0,0.4117548755971265,-0.3853612496387384
1,12,6,1.0906526E7,1.25E7,1.1461028012036096,0.059223573995341554
4,6,5,1.5227811E7,1.25E7,0.8208665053696819,-0.08572746492108327
5,5,2,1.2027674E7,9090909.0,0.755832673881916,-0.12157433790206527
6,4,5,1.8717373E7,8333333.0,0.44521915548725777,-0.35142615848052977
2,11,2,1.5550473E7,2.0E7,1.2861345117926637,0.10928639212969395
3,8,0,2.3474291E7,2.5E7,1.0649948916455028,0.027347524642840612
1,12,7,1.2020097E7,1.25E7,1.039925052185519,0.017002040649591346
9,2,11,1.6006259E7,8333333.0,0.5206296486893034,-0.28347110342709797
7,4,0,1.6601894E7,8333333.0,0.5019507412828922,-0.29933890006350106
4,6,6,1.4527582E7,1.25E7,0.8604322453660905,-0.06528332245687665
8,3,4,1.9533144E7,7692307.0,0.39380792974239065,-0.4047155431275852
6,4,6,1.2377529E7,8333333.0,0.6732630559782975,-0.1718152159567755
5,5,3,1.4598213E7,9090909.0,0.6227412218194104,-0.20569238557750222
3,8,1,1.1298238E7,2.5E7,2.2127344104452393,0.3449292896615316
2,11,3,1.7049434E7,2.0E7,1.17305946930555,0.0693200296232578
7,4,1,1.3036303E7,8333333.0,0.6392405116696045,-0.19433570954349688
9,3,0,1.4631223E7,7692307.0,0.5257460022309823,-0.2792240210013662
5,5,4,1.09831E7,9090909.0,0.8277179484844898,-0.08211762732711797
4,6,7,1.3358247E7,1.25E7,0.9357515248819699,-0.028839456495362053
8,3,5,1.26273E7,7692307.0,0.6091806641166362,-0.2152538899727603
6,4,7,1.242916E7,8333333.0,0.6704663066530643,-0.17362304212606045
3,8,2,1.1150172E7,2.5E7,2.2421178794371963,0.3506584419089575
2,11,4,1.4326884E7,2.0E7,1.3959769619130022,0.1448782510975892
6,4,8,1.0337079E7,8333333.0,0.8061593608794129,-0.09357909875388248
7,4,2,1.2797916E7,8333333.0,0.6511476556026778,-0.1863205187401935
8,3,6,1.2284765E7,7692307.0,0.6261663939033428,-0.2033102445025303
5,5,5,1.6023099E7,9090909.0,0.5673627180360054,-0.24613920552148583
4,7,0,1.523429E7,1.6666666E7,1.094023154344574,0.03902651367718096
9,3,1,1.7645476E7,7692307.0,0.43593649726422795,-0.3605767696679692
3,8,3,1.1740336E7,2.5E7,2.1294109470120786,0.32825948238584274
7,4,3,1.141171E7,8333333.0,0.7302440212728855,-0.13653199003921088
6,4,9,1.2883804E7,8333333.0,0.6468068747397896,-0.1892253727395261
2,12,0,1.4935565E7,1.25E7,0.8369284991896858,-0.07731164324183455
5,5,6,1.0554334E7,9090909.0,0.8613436906582642,-0.06482352314194817
8,3,7,1.3205606E7,7692307.0,0.5825031429833664,-0.23470172699438935
3,9,0,1.1918222E7,3.3333333E7,2.7968377330108467,0.44666727019624736
4,7,1,1.4007352E7,1.6666666E7,1.1898513009453893,0.0754926897840987
9,3,2,1.4866027E7,7692307.0,0.517442017292179,-0.2861383086360268
7,4,4,1.30002E7,8333333.0,0.6410157536037907,-0.1931312971284137
6,4,10,1.2866177E7,8333333.0,0.6476930171254445,-0.18863078511413953
2,12,1,1.5913058E7,1.25E7,0.7855184088438564,-0.10484363269196022
3,9,1,1.1863014E7,3.3333333E7,2.809853634160762,0.44868369800761687
5,5,7,1.6283676E7,9090909.0,0.558283584124371,-0.25314514203854827
9,3,3,1.1188224E7,7692307.0,0.6875360200153304,-0.16270454421171748
8,3,8,1.703186E7,7692307.0,0.45164221641089114,-0.3452054699858112
4,7,2,1.3611867E7,1.6666666E7,1.2244217490517648,0.08793103524192461
7,4,5,1.2039728E7,8333333.0,0.6921529290362706,-0.15979793892647307
6,4,11,1.2130306E7,8333333.0,0.6869845657644581,-0.1630530199690153
2,12,2,1.2843082E7,1.25E7,0.9732866301095018,-0.01175924242093123
4,7,3,1.1063338E7,1.6666666E7,1.5064771590635666,0.17796255136426845
9,3,4,1.2440464E7,7692307.0,0.6183295896358849,-0.2087799702112916
3,9,2,1.4588863E7,3.3333333E7,2.2848479007582703,0.35885729497043756
8,3,9,1.3355551E7,7692307.0,0.5759632829824842,-0.23960520148365957
7,4,6,1.1921277E7,8333333.0,0.6990302297312612,-0.15550404267835694
5,5,8,1.8124012E7,9090909.0,0.5015947352054281,-0.29964703055698594
6,5,0,1.2231166E7,9090909.0,0.7432577564559257,-0.12886054990851975
2,12,3,1.1895273E7,1.25E7,1.0508375890154014,0.021535599334811036
9,3,5,1.1914392E7,7692307.0,0.6456315185869325,-0.190015276281252
3,10,0,1.2490829E7,2.5E7,2.0014684373631244,0.30134874578406146
4,7,4,1.4673187E7,1.6666666E7,1.1358586243056807,0.055324279874312064
5,5,9,1.213968E7,9090909.0,0.7488590308805504,-0.12559992845903617
8,3,10,1.6223705E7,7692307.0,0.47413996987741086,-0.32409343222478
9,3,6,1.2111791E7,7692307.0,0.6351089611767574,-0.1971517594666238
6,5,1,1.9208442E7,9090909.0,0.47327674987903756,-0.32488483009202107
2,12,4,1.5095354E7,1.25E7,0.8280693516693944,-0.081933289077387
7,4,7,2.0916597E7,8333333.0,0.39840768553316774,-0.39967229235564045
4,7,5,1.2795658E7,1.6666666E7,1.3025251221937941,0.11478610842063774
3,10,1,1.4837475E7,2.5E7,1.684922805261677,0.22658000846145027
5,5,10,1.6020423E7,9090909.0,0.5674574884820457,-0.2460666684242045
9,3,7,1.0400651E7,7692307.0,0.7395986078179144,-0.13100391500551817
2,12,5,8973786.0,1.25E7,1.3929460764943582,0.14393430441087707
6,5,2,1.1847346E7,9090909.0,0.7673371740810135,-0.11501376164915256
4,8,0,1.1330026E7,2.5E7,2.2065262692248013,0.3437091021940266
8,3,11,2.1088708E7,7692307.0,0.3647595196443518,-0.4379933648901338
7,4,8,1.3578277E7,8333333.0,0.6137253644184751,-0.21202592755630442
3,10,2,1.268046E7,2.5E7,1.9715373101606724,0.29480500024950385
2,12,6,1.1425627E7,1.25E7,1.094031863634267,0.03902997099102719
9,3,8,1.2106787E7,7692307.0,0.6353714656085053,-0.1969722931397099
4,8,1,1.1076358E7,2.5E7,2.257059585831372,0.3535430244991965
6,5,3,1.3668719E7,9090909.0,0.665088586574938,-0.1771205049249156
7,4,9,1.1698598E7,8333333.0,0.7123360423189172,-0.14731508094784354
8,3,12,1.2882927E7,7692307.0,0.597093114010504,-0.22395793730002345
3,10,3,1.1367474E7,2.5E7,2.1992572844239624,0.3422760391240708
5,6,0,2.3279905E7,1.25E7,0.53694377189254,-0.2700711907163596
2,12,7,1.2019037E7,1.25E7,1.0400167667343065,0.017040340877138262
4,8,2,1.0621145E7,2.5E7,2.3537951887484825,0.37176867079879405
9,3,9,1.5001848E7,7692307.0,0.5127572949679267,-0.29008815223355133
3,11,0,1.0542418E7,2.0E7,1.8970979902333602,0.2780897639506171
8,4,0,1.1241981E7,8333333.0,0.7412690877168356,-0.1300241103786247
6,5,4,1.2577699E7,9090909.0,0.7227799774823678,-0.14099388681028185
7,4,10,1.5751801E7,8333333.0,0.5290400126309366,-0.27651147993520664
4,8,3,1.0375996E7,2.5E7,2.40940725112076,0.3819102130187455
5,6,1,1.4590626E7,1.25E7,0.8567144411761359,-0.06716391236815279
8,4,1,9907925.0,8333333.0,0.8410775212771594,-0.07516397386757781
9,3,10,1.102398E7,7692307.0,0.6977794771035506,-0.15628180804891745
3,11,1,1.0336396E7,2.0E7,1.9349103884951777,0.2866608563403333
6,5,5,1.1183247E7,9090909.0,0.8129042486497884,-0.0899606065978451
7,4,11,1.1955252E7,8333333.0,0.6970436925963585,-0.15673999828826096
4,9,0,1.0950866E7,3.3333333E7,3.043899267875253,0.4834302761767911
5,6,2,1.1600489E7,1.25E7,1.0775407829790624,0.03243371640824749
9,3,11,1.0225877E7,7692307.0,0.7522393433834574,-0.12364395598740613
8,4,2,1.1801842E7,8333333.0,0.7061044369175591,-0.15113105953941058
6,5,6,1.1093769E7,9090909.0,0.8194608162473908,-0.08647180804148161
3,11,2,1.5487011E7,2.0E7,1.2914047778489988,0.11106238884511657
7,5,0,1.217749E7,9090909.0,0.7465338916311982,-0.12695047110801563
4,9,1,1.0829121E7,3.3333333E7,3.0781199138877477,0.4882855345745186
5,6,3,1.0701045E7,1.25E7,1.1681102172731728,0.06748382265244213
9,3,12,1.0610894E7,7692307.0,0.7249442883888955,-0.13969536746342445
6,5,7,1.0889821E7,9090909.0,0.8348079366961129,-0.07841343065720495
8,4,3,1.2601478E7,8333333.0,0.6612980636080942,-0.17960274898141187
3,11,3,1.1314591E7,2.0E7,1.7676290729377668,0.2473911359727461
7,5,1,1.1866635E7,9090909.0,0.7660898814196274,-0.11572027382093232
9,4,0,1.0944601E7,8333333.0,0.7614103976928899,-0.11838119682843659
4,9,2,1.2686186E7,3.3333333E7,2.627529897480614,0.41954766636992086
5,6,4,1.1064168E7,1.25E7,1.1297731560113693,0.05299125146365077
6,5,8,1.1315582E7,9090909.0,0.8033973860116077,-0.09506958565212108
8,4,4,1.1254807E7,8333333.0,0.7404243360192672,-0.13051931543886855
3,11,4,1.2860077E7,2.0E7,1.5552006414891606,0.1917864267200242
7,5,2,1.1027975E7,9090909.0,0.8243498013007828,-0.08388846240694492
4,10,0,1.1249396E7,2.5E7,2.22234153727009,0.3468108036387889
5,6,5,1.1872542E7,1.25E7,1.0528495077128386,0.02236629840226522
9,4,1,1.2497845E7,8333333.0,0.6667815931466585,-0.17601639760404067
6,5,9,1.2377676E7,9090909.0,0.734460087661044,-0.13403179984586597
3,12,0,1.1429326E7,1.25E7,1.0936777899239203,0.03888939268377044
8,4,5,1.7369096E7,8333333.0,0.47977931609106195,-0.3189584789633228
7,5,3,1.176047E7,9090909.0,0.7730055856611173,-0.11181736790180881
4,10,1,1.106224E7,2.5E7,2.2599401206265637,0.3540969322332513
5,6,6,1.1618069E7,1.25E7,1.0759102911163636,0.03177606157448566
9,4,2,1.137777E7,8333333.0,0.7324223463824634,-0.13523841373879653
6,5,10,1.3826009E7,9090909.0,0.6575222828221796,-0.1820895247503954
3,12,1,1.2783561E7,1.25E7,0.9778183089985646,-0.009741835120248198
7,5,4,1.1334717E7,9090909.0,0.8020411096280569,-0.09580337083422326
4,10,2,1.121236E7,2.5E7,2.229682243524111,0.3482429752827256
8,4,6,1.2620552E7,8333333.0,0.6602986145138501,-0.18025961399402116
5,6,7,1.194964E7,1.25E7,1.0460566176052166,0.019555191269384067
9,4,3,1.1886794E7,8333333.0,0.7010580817670433,-0.15424599979941173
6,6,0,1.2655654E7,1.25E7,0.98770083316121,-0.0053745798882107185
8,4,7,9572881.0,8333333.0,0.8705146339957637,-0.06022392367337252
3,12,2,1.1707385E7,1.25E7,1.067702138436551,0.028450112546739573
5,7,0,9948531.0,1.6666666E7,1.675289145704024,0.22408977468413313
7,5,5,1.5084259E7,9090909.0,0.6026752126173384,-0.2199166702292589
4,10,3,1.7796479E7,2.5E7,1.4047722586023899,0.14760592221317861
6,6,1,1.0054415E7,1.25E7,1.2432349370898257,0.09455320606762513
8,4,8,9688620.0,8333333.0,0.8601155788956528,-0.06544318607743804
9,4,4,1.7995078E7,8333333.0,0.4630895737156571,-0.33433499686991675
3,12,3,1.0886685E7,1.25E7,1.148191575305063,0.06001435596833124
5,7,1,1.0638761E7,1.6666666E7,1.566598403705093,0.19495767967982772
7,5,6,1.2091275E7,9090909.0,0.7518569381640894,-0.12386478823363711
6,6,2,1.1366994E7,1.25E7,1.099675076805706,0.04126438225309278
4,11,0,1.2826583E7,2.0E7,1.5592617301115972,0.1929190198731303
8,4,9,1.1401628E7,8333333.0,0.730889746622149,-0.13614813062752798
9,4,5,1.1078348E7,8333333.0,0.7522180202318974,-0.12365626677438339
3,12,4,1.0693706E7,1.25E7,1.1689118814375483,0.06778177305417404
5,7,2,1.1663455E7,1.6666666E7,1.4289647450090903,0.15502151413954626
7,5,7,1.2079844E7,9090909.0,0.7525684106516607,-0.1234540153113956
6,6,3,1.1572998E7,1.25E7,1.0801004199603248,0.03346413493808117
4,11,1,1.1492104E7,2.0E7,1.7403253573061992,0.24063044809505071
9,4,6,1.1263375E7,8333333.0,0.7398610984718168,-0.13084980706563645
3,12,5,1.0771178E7,1.25E7,1.1605044499311032,0.06464681008863428
8,4,10,1.2423393E7,8333333.0,0.6707775404030123,-0.17342148727396214
7,5,8,1.2168822E7,9090909.0,0.7470656568072078,-0.12664122798912394
5,7,3,1.6800662E7,1.6666666E7,0.9920243618971681,-0.0034776624147787216
4,11,2,1.0048848E7,2.0E7,1.9902778905601917,0.2989137185760974
6,6,4,1.099407E7,1.25E7,1.1369765700964247,0.05575151518669907
3,12,6,9640894.0,1.25E7,1.2965602567562717,0.11279270511511917
8,4,11,9358596.0,8333333.0,0.8904469217391155,-0.050391963098922646
9,4,7,1.0283501E7,8333333.0,0.8103595263908663,-0.09132225805258548
8,5,0,9919497.0,9090909.0,0.9164687483649625,-0.03788233991513563
7,5,9,1.1714407E7,9090909.0,0.7760451724103491,-0.11011299838412203
5,7,4,1.1666321E7,1.6666666E7,1.4286136992116023,0.15491481032966858
6,6,5,1.0804218E7,1.25E7,1.1569555519890473,0.06331667451209028
4,11,3,1.1014697E7,2.0E7,1.81575580335982,0.25905744088967336
9,4,8,1.0658192E7,8333333.0,0.7818711653909031,-0.10686480291122402
3,12,7,1.1750014E7,1.25E7,1.0638285196936788,0.026871628943354615
8,5,1,9551258.0,9090909.0,0.9518022652094624,-0.02145326595163488
7,5,10,9591836.0,9090909.0,0.947775691744521,-0.023294434143263175
5,7,5,1.0042213E7,1.6666666E7,1.6596606743951756,0.22001930352096638
9,4,9,9721933.0,8333333.0,0.8571683223902078,-0.06693388716980266
4,11,4,1.0453929E7,2.0E7,1.9131562879372914,0.2817504494921601
6,6,6,1.0705268E7,1.25E7,1.167649422695443,0.06731246893815516
7,6,0,1.0206342E7,1.25E7,1.224728702996627,0.0880398961777961
4,12,0,8917468.0,1.25E7,1.4017431853974693,0.14666845344435456
5,8,0,1.067168E7,2.5E7,2.342648954991154,0.36970721461810047
8,5,2,1.13439E7,9090909.0,0.8013918493639753,-0.09615507891635905
6,6,7,1.0071201E7,1.25E7,1.2411627967707128,0.09382874934901396
9,4,10,1.3725265E7,8333333.0,0.6071527944997783,-0.21670200174566281
7,6,1,1.0595277E7,1.25E7,1.1797709488859989,0.0717976977376532
6,7,0,9303402.0,1.6666666E7,1.79145929628753,0.2532069450175963
5,8,1,1.0201172E7,2.5E7,2.450698802059214,0.3892899384892498
4,12,1,1.1495317E7,1.25E7,1.0873993296574596,0.03638906093886097
8,5,3,1.0588106E7,9090909.0,0.8585963344152391,-0.06621096997564924
9,4,11,1.1495675E7,8333333.0,0.7249102814754245,-0.1397157405617706
6,7,1,1.0037832E7,1.6666666E7,1.6603850313493989,0.2202088094862575
8,5,4,9924988.0,9090909.0,0.9159617119940094,-0.03812267984444011
4,12,2,1.013529E7,1.25E7,1.2333144882879523,0.09107383337834776
5,8,2,1.1877752E7,2.5E7,2.1047753817389014,0.3232057554323238
7,6,2,1.2389479E7,1.25E7,1.0089205526721503,0.0038569691164547946
9,5,0,1.1028398E7,9090909.0,0.8243181829310113,-0.08390512031945557
6,7,2,1.1218485E7,1.6666666E7,1.485643204051171,0.17191452065107568
8,5,5,1.0858812E7,9090909.0,0.8371918585569029,-0.07717500369814324
4,12,3,1.1656336E7,1.25E7,1.072378146958015,0.030347955299421706
5,8,3,1.0296734E7,2.5E7,2.427954339696451,0.3852405151032469
7,6,3,1.0159748E7,1.25E7,1.2303454770728566,0.09002707706475419
9,5,1,1.0997722E7,9090909.0,0.8266174576880557,-0.08269542690632196
8,5,6,9616851.0,9090909.0,0.9453103723869695,-0.024425576798275672
7,6,4,9042883.0,1.25E7,1.382302524537805,0.14060310118522926
5,9,0,9924019.0,3.3333333E7,3.3588542101743255,0.5261911538592631
4,12,4,1.0503381E7,1.25E7,1.1900929805364577,0.07558089362480803
6,7,3,1.1881231E7,1.6666666E7,1.4027726588263456,0.14698729254125548
9,5,2,1.0693965E7,9090909.0,0.8500971342247707,-0.07053144787669974
7,6,5,1.0500066E7,1.25E7,1.1904687075300289,0.07571798409566874
4,12,5,9218979.0,1.25E7,1.355898521951292,0.13222718731442248
8,5,7,1.1079459E7,9090909.0,0.8205192148822429,-0.08591124420306678
5,9,1,1.0441106E7,3.3333333E7,3.192509778178672,0.5041322361163572
6,7,4,1.0250437E7,1.6666666E7,1.6259468742649703,0.21110635147299778
9,5,3,1.3521905E7,9090909.0,0.6723097817947988,-0.17243056991648031
4,12,6,9382861.0,1.25E7,1.332216261116945,0.12457473037943374
8,5,8,9649791.0,9090909.0,0.942083512482291,-0.025910596779713215
5,9,2,9282602.0,3.3333333E7,3.590947128833058,0.5552090108556494
7,6,6,1.0152773E7,1.25E7,1.231190729862669,0.09032533685538632
6,7,5,1.0400846E7,1.6666666E7,1.6024336866443365,0.20478006619688507
9,5,4,9318844.0,9090909.0,0.9755404211080259,-0.010754731087015202
5,10,0,8783167.0,2.5E7,2.8463537127325487,0.4542888683212555
8,5,9,9738064.0,9090909.0,0.9335437721501934,-0.029865313968131593
7,6,7,1.0025848E7,1.25E7,1.2467773299575258,0.09578889693824769
4,12,7,1.1158987E7,1.25E7,1.120173363406553,0.049285241370493005
6,8,0,1.0456455E7,2.5E7,2.390867650652157,0.37855553588895735
5,10,1,8999539.0,2.5E7,2.7779200690168686,0.44371974533092684
9,5,5,1.0323123E7,9090909.0,0.8806355402333189,-0.05520379149089872
8,5,10,9564284.0,9090909.0,0.9505059657366929,-0.02204515299275637
7,7,0,8968230.0,1.6666666E7,1.8584119720390757,0.26914199456109866
6,8,1,8527796.0,2.5E7,2.9315898269611513,0.4671032059592858
5,10,2,9443216.0,2.5E7,2.647403172817396,0.4228200850098916
8,6,0,9516316.0,1.25E7,1.3135335144398315,0.11844115816555782
7,7,1,1.0001173E7,1.6666666E7,1.6664711229372795,0.22179779248940773
9,5,6,1.0362377E7,9090909.0,0.8772995809745197,-0.056852078073897305
6,8,2,8654865.0,2.5E7,2.8885488104089436,0.46067971060416196
7,7,2,8068117.0,1.6666666E7,2.065744212683083,0.31507654472591734
5,10,3,1.0084811E7,2.5E7,2.4789755603749044,0.39427224518386056
8,6,1,9765163.0,1.25E7,1.2800605581289324,0.10723051608467128
9,5,7,9995285.0,9090909.0,0.9095197385567295,-0.04118787136328112
6,8,3,9996282.0,2.5E7,2.5009298457166373,0.39810150938525257
8,6,2,8847123.0,1.25E7,1.4128886870907074,0.15010794777458164
5,11,0,1.0129219E7,2.0E7,1.974485890768084,0.2954540347129995
7,7,3,1.0253904E7,1.6666666E7,1.6253971170395198,0.21095948511107884
6,9,0,9318706.0,3.3333333E7,3.5770345153071683,0.5535231307374864
9,5,8,9732567.0,9090909.0,0.9340710421001982,-0.029620091629887938
5,11,1,9015644.0,2.0E7,2.218366208781092,0.34603324123817936
8,6,3,9857373.0,1.25E7,1.2680863349697733,0.10314882257139357
7,7,4,9798955.0,1.6666666E7,1.7008615714634876,0.23066896899415024
6,9,1,9228813.0,3.3333333E7,3.6118765219319102,0.5577328948086216
9,5,9,1.0577131E7,9090909.0,0.8594872276801715,-0.06576057271658828
8,6,4,9041428.0,1.25E7,1.3825249728250892,0.1406729847956729
5,11,2,9941191.0,2.0E7,2.0118313791576883,0.30359157769095646
7,7,5,9174620.0,1.6666666E7,1.8166055923842077,0.25926064682135136
6,9,2,1.0136632E7,3.3333333E7,3.288403189540668,0.5169850607711719
9,5,10,1.0608303E7,9090909.0,0.8569616648393245,-0.06703860528931023
5,11,3,8812732.0,2.0E7,2.2694438001745656,0.3559194324737678
8,6,5,1.070478E7,1.25E7,1.1677026524599292,0.06733226671788979
7,8,0,1.0797174E7,2.5E7,2.3154206832269257,0.3646299084450643
6,10,0,9293149.0,2.5E7,2.6901537896357843,0.42977710828532506
9,6,0,9636074.0,1.25E7,1.2972088010116984,0.1130098865148495
8,6,6,8881142.0,1.25E7,1.4074766510883399,0.14844119898512328
5,11,4,1.0834199E7,2.0E7,1.8460063360475472,0.2662331873214016
7,8,1,9960339.0,2.5E7,2.509954731460445,0.3996658887901137
6,10,1,1.1762196E7,2.5E7,2.1254534442377935,0.3274515966557353
9,6,1,9484585.0,1.25E7,1.3179279852518586,0.11989168001352593
8,6,7,9505943.0,1.25E7,1.3149668581012952,0.11891480717930686
5,12,0,1.0010951E7,1.25E7,1.2486326224151931,0.09643467734348966
7,8,2,9395221.0,2.5E7,2.6609272948449005,0.4250330083811395
6,10,2,8167525.0,2.5E7,3.06090278266672,0.48584953618934
9,6,2,1.0035336E7,1.25E7,1.2455985529532843,0.09537809502829706
7,8,3,7784573.0,2.5E7,3.2114799360221813,0.506705213069076
8,7,0,9506595.0,1.6666666E7,1.753168826483089,0.2438237397558545
5,12,1,9148368.0,1.25E7,1.3663639241447219,0.13556638689900694
6,10,3,9527116.0,2.5E7,2.6240889687918147,0.4189785555513073
9,6,3,9827442.0,1.25E7,1.2719484887318593,0.1044695236453401
5,12,2,9319615.0,1.25E7,1.3412571227459504,0.12751204130097757
8,7,1,9824215.0,1.6666666E7,1.6964883199319234,0.22955087393894621
6,11,0,8015002.0,2.0E7,2.495320649951179,0.39712636060340517
7,9,0,1.0897053E7,3.3333333E7,3.0589309788618997,0.4855696777569605
9,6,4,8947316.0,1.25E7,1.3970670086984744,0.14521723704479447
5,12,3,9745076.0,1.25E7,1.2826990779753795,0.10812478256088932
6,11,1,9612766.0,2.0E7,2.0805666131891694,0.31818162509284675
7,9,1,9323932.0,3.3333333E7,3.5750296119705722,0.5532796434132271
8,7,2,1.0309717E7,1.6666666E7,1.6165978173794684,0.2086019881080271
9,6,5,8665302.0,1.25E7,1.442534836062263,0.1591263098187102
8,7,3,7932336.0,1.6666666E7,2.1011043909385583,0.3224476303604097
5,12,4,9685742.0,1.25E7,1.2905567792328145,0.11077711648550134
6,11,2,9679263.0,2.0E7,2.066273020993437,0.3151877052169982
7,9,2,1.0241887E7,3.3333333E7,3.25460855016268,0.5124987610370608
9,6,6,9886933.0,1.25E7,1.264295004325406,0.10184842189114611
5,12,5,7835741.0,1.25E7,1.5952543607554155,0.2028299404747615
8,7,4,9351602.0,1.6666666E7,1.7822257619603572,0.2509627170764579
6,11,3,8574621.0,2.0E7,2.332464606890497,0.36781506242978085
7,10,0,8808315.0,2.5E7,2.838227288647148,0.4530471713373587
9,6,7,9414571.0,1.25E7,1.3277291126701365,0.12310947798915726
8,7,5,9149386.0,1.6666666E7,1.8216157892999596,0.26045678197694105
5,12,6,1.0470821E7,1.25E7,1.1937936862830527,0.0769292776720222
7,10,1,1.0576656E7,2.5E7,2.3636960491104184,0.3735916292815314
6,11,4,1.1847418E7,2.0E7,1.6881315405601456,0.2274062841816125
9,7,0,1.0474922E7,1.6666666E7,1.5911016807571454,0.20169793450559567
8,8,0,1.0955128E7,2.5E7,2.282036321255215,0.3583225524376662
5,12,7,1.0391936E7,1.25E7,1.2028557527683004,0.08021354959016258
7,10,2,1.0055345E7,2.5E7,2.4862399052444246,0.3955430327919016
6,12,0,9768301.0,1.25E7,1.279649347414663,0.10709097953386436
9,7,1,1.040334E7,1.6666666E7,1.6020495340919358,0.20467593999429723
8,8,1,1.1523869E7,2.5E7,2.1694102909361432,0.3363416959692938
7,10,3,1.0691376E7,2.5E7,2.338333251024003,0.3689064053575508
6,12,1,1.1139634E7,1.25E7,1.1221194520394475,0.05003909096671797
9,7,2,1.1188009E7,1.6666666E7,1.4896900780111992,0.17309592518427505
7,11,0,9114367.0,2.0E7,2.1943377965798394,0.3413034837210527
8,8,2,1.0020157E7,2.5E7,2.494970887182706,0.3970654823803829
6,12,2,9561670.0,1.25E7,1.3073030129674001,0.11637626210803677
9,7,3,1.0977714E7,1.6666666E7,1.5182273832238662,0.18133682023146333
8,8,3,1.0987505E7,2.5E7,2.275311820108387,0.35704092295909073
6,12,3,1.0417187E7,1.25E7,1.1999400605940933,0.07915955271147308
7,11,1,1.3792853E7,2.0E7,1.4500263288530661,0.16137588800862324
9,7,4,9610407.0,1.6666666E7,1.7342310268441286,0.23910695184853495
6,12,4,9022574.0,1.25E7,1.3854139628004158,0.14157956033028063
8,9,0,1.0533578E7,3.3333333E7,3.164483426239403,0.5003028254295507
7,11,2,1.0223246E7,2.0E7,1.9563258088477964,0.2914411843992106
9,7,5,9870774.0,1.6666666E7,1.6884862321840213,0.22749752377457827
6,12,5,2.5984551E7,1.25E7,0.481055069991396,-0.31780520382497623
7,11,3,2.3205289E7,2.0E7,0.861872480881406,-0.064556985853132
8,9,1,3.2774228E7,3.3333333E7,1.017059288169961,0.007346270301852692
9,8,0,3.2775438E7,2.5E7,0.7627663129932848,-0.11760849549518095
7,11,4,1.4263178E7,2.0E7,1.4022120455904006,0.14681369356389826
6,12,6,4.3680671E7,1.25E7,0.2861677651426188,-0.5433792881483105
9,8,1,3.3732981E7,2.5E7,0.7411144600591332,-0.13011471302843705
8,9,2,3.7342516E7,3.3333333E7,0.8926375769645516,-0.0493248348102441
9,8,2,1.2077552E7,2.5E7,2.069955898347612,0.31596109265097205
6,12,7,1.3447185E7,1.25E7,0.9295625813134868,-0.0317213667267086
7,12,0,4.2585035E7,1.25E7,0.2935303446386741,-0.5323469955137338
8,10,0,1.8564767E7,2.5E7,1.3466368848044254,0.12925050575619898
9,8,3,8021271.0,2.5E7,3.116713049590271,0.49369681937142795
7,12,1,9502366.0,1.25E7,1.3154618544476187,0.11907825900241276
8,10,1,7985343.0,2.5E7,3.1307358995098897,0.49564643324349816
9,9,0,8456766.0,3.3333333E7,3.941617043678399,0.5956744271741687
7,12,2,1.0275224E7,1.25E7,1.2165184914703562,0.08511871473210872
8,10,2,8975492.0,2.5E7,2.7853626297031964,0.44488174451041074
9,9,1,8260865.0,3.3333333E7,4.035089908865476,0.6058532160070683
7,12,3,1.0252536E7,1.25E7,1.2192105445911139,0.08607871009619084
8,10,3,7499127.0,2.5E7,3.333721378501791,0.5229293001003787
9,9,2,7564643.0,3.3333333E7,4.406464786243052,0.6440903038575627
8,11,0,6448821.0,2.0E7,3.1013420902828597,0.49154967327635996
7,12,4,7176644.0,1.25E7,1.7417611908853219,0.24098860957498902
9,10,0,7138366.0,2.5E7,3.502202044557536,0.5443411972315217
8,11,1,7299949.0,2.0E7,2.739745168082681,0.4377101696662578
7,12,5,7348468.0,1.25E7,1.7010348279396468,0.23071320569202744
9,10,1,7225883.0,2.5E7,3.459784776476453,0.5390490833893495
7,12,6,6969375.0,1.25E7,1.793561115595014,0.2537161798485929
8,11,2,7125955.0,2.0E7,2.806641355439376,0.448186920185245
9,10,2,7209719.0,2.5E7,3.467541522769473,0.5400216703225926
8,11,3,7120131.0,2.0E7,2.8089370827587303,0.4485420115701367
7,12,7,7239951.0,1.25E7,1.7265310221022214,0.23717438610671424
9,10,3,7182251.0,2.5E7,3.4808028847780452,0.5416794302141789
8,11,4,7208697.0,2.0E7,2.774426501765853,0.44317322426630795
9,11,0,7052813.0,2.0E7,2.8357479490807425,0.45266762665629384
8,12,0,8225760.0,1.25E7,1.5196164245005932,0.18173397890178464
9,11,1,7683948.0,2.0E7,2.6028286500637434,0.4154455784890927
8,12,1,8682341.0,1.25E7,1.4397038770995059,0.15827317420174972
9,11,2,7745263.0,2.0E7,2.5822234829211093,0.41199382631123704
9,11,3,7492005.0,2.0E7,2.6695123668497285,0.4264319371220621
8,12,2,7556778.0,1.25E7,1.6541441339152745,0.21857334913236978
8,12,3,7182617.0,1.25E7,1.7403127578708428,0.2406273039214427
9,11,4,7218664.0,2.0E7,2.770595777833682,0.44257316805509167
8,12,4,7277902.0,1.25E7,1.7175279359353837,0.2349038096756435
9,12,0,7217001.0,1.25E7,1.7320213756378862,0.23855324753369278
9,12,1,7421523.0,1.25E7,1.6842904077774872,0.2264169752999302
8,12,5,7605324.0,1.25E7,1.643585467233217,0.2157922925263608
8,12,6,7058345.0,1.25E7,1.7709533892151772,0.24820713088344873
9,12,2,7625791.0,1.25E7,1.639174218123733,0.21462511461309267
8,12,7,6650512.0,1.25E7,1.879554536552975,0.2740549315823658
9,12,3,6203305.0,1.25E7,2.0150548780045474,0.3042868782141074
9,12,4,6712482.0,1.25E7,1.862202386538988,0.27002687889056065
9,12,5,6663288.0,1.25E7,1.875950731830892,0.27322142829946977
9,12,6,6948381.0,1.25E7,1.7989802228749403,0.25502638894672236
9,12,7,7320462.0,1.25E7,1.7075425020989112,0.23237152242519654

0,-3.8383657246650142
1,-4.288937557210143
2,-6.193583500251232
3,-8.051306516241496
4,-8.563977815672338
5,-8.474885939467825
6,-9.921920263969023
7,-8.290614521979126
8,-6.359828029514342
9,-4.16892497686643

-68.15234484583696

