 Number of tacts (im units) = 10
 Number of massive (im units) = 13
 Command Line curl 192.168.1.108:9000 > /dev/null 2>&1
cycle , cPeriod , count , procDur , procTime , lI , spb
6,0,0,5.3753586E7,1.25E7,0.2325426251562082,-0.6334974291249468
2,0,0,4.56546289E8,1.25E7,0.027379480024642144,-1.562574803995052
3,0,0,3.56644532E8,1.25E7,0.03504890410039989,-1.4553255568867605
0,0,0,6.58244003E8,1.25E7,0.018989918545448563,-1.721476898103324
4,0,0,2.55138548E8,1.25E7,0.04899298870353374,-1.3098660666089503
1,0,0,5.57684827E8,1.25E7,0.022414093758372954,-1.6494788157406062
5,0,0,1.54173476E8,1.25E7,0.08107749999747038,-1.0910996511241002
7,0,0,1.1635457E7,1.25E7,1.074302453268488,0.0311265674841023
8,0,0,7913606.0,1.25E7,1.579558042187089,0.19853558904992438
6,0,1,1.117619E7,1.25E7,1.1184491315913563,0.04861623664762219
0,0,1,1.087255E7,1.25E7,1.1496842966921283,0.06057859945990658
5,0,1,1.1999411E7,1.25E7,1.0417177976485679,0.01775008410441417
8,0,1,1.2757005E7,1.25E7,0.9798538136498339,-0.008838712737011742
2,0,1,1.2853239E7,1.25E7,0.9725175109557987,-0.01210257011227051
3,0,1,1.3673745E7,1.25E7,0.9141606780000651,-0.03897746352674569
4,0,1,1.9998937E7,1.25E7,0.6250332205156705,-0.20409689929076574
1,0,1,2.145509E7,1.25E7,0.5826123311531203,-0.23462032764676297
7,0,1,2.1299325E7,1.25E7,0.5868730581837688,-0.23145582735930353
0,0,2,1.1438684E7,1.25E7,1.0927830509173957,0.03853395047533082
8,0,2,1.1544916E7,1.25E7,1.0827276699111539,0.03451923563959014
6,0,2,1.4364084E7,1.25E7,0.8702260443478331,-0.06036792317236528
2,0,2,1.2507749E7,1.25E7,0.9993804640627182,-2.691444198338122E-4
3,0,2,1.7659764E7,1.25E7,0.707823728561718,-0.1500748824858958
1,0,2,1.1421128E7,1.25E7,1.0944628236370348,0.03920101417850298
4,0,2,1.4194203E7,1.25E7,0.8806412026092624,-0.05520099904089141
5,0,2,2.181107E7,1.25E7,0.5731034745200487,-0.24176695856317135
7,0,2,1.4513155E7,1.25E7,0.8612875697944382,-0.06485182052868141
0,0,3,1.5357199E7,1.25E7,0.8139505127204512,-0.0894019989262356
6,0,3,1.6051374E7,1.25E7,0.7787495325945305,-0.1086022009962438
2,0,3,1.5131709E7,1.25E7,0.8260798565449547,-0.08297796771538338
8,0,3,1.8065908E7,1.25E7,0.691910973973741,-0.15994978126462964
1,0,3,1.1845567E7,1.25E7,1.0552470810388392,0.02335415950876908
5,0,3,1.0754004E7,1.25E7,1.1623577599561987,0.06533981932914644
0,0,4,1.0834031E7,1.25E7,1.1537718509389534,0.06211993908475903
7,0,3,1.489771E7,1.25E7,0.8390551299495023,-0.07620950300173326
3,0,3,2.0028646E7,1.25E7,0.6241060928432206,-0.20474157759333036
6,0,4,1.2009201E7,1.25E7,1.0408685806824285,0.017395899263284047
1,0,4,1.2210198E7,1.25E7,1.023734422652278,0.010187306507055518
8,0,4,1.6620347E7,1.25E7,0.7520901940254316,-0.12373007374521315
5,0,4,1.5602208E7,1.25E7,0.8011686551031751,-0.09627605036949861
4,0,3,2.7090361E7,1.25E7,0.46141873118634336,-0.3359047793733345
2,0,4,1.8305542E7,1.25E7,0.6828533129475216,-0.16567257921656353
3,0,4,1.0664592E7,1.25E7,1.1721029740284485,0.06896576790034281
6,0,5,1.2948728E7,1.25E7,0.9653457853157469,-0.015317095199691544
7,0,4,1.6027921E7,1.25E7,0.7798890448736302,-0.10796718016434624
1,0,5,1.1945661E7,1.25E7,1.04640505033585,0.019699827050240284
0,0,5,2.1516065E7,1.25E7,0.5809612491875257,-0.2358528346067096
5,0,5,1.7387689E7,1.25E7,0.7188994466142108,-0.14333185069433105
7,0,5,1.1276869E7,1.25E7,1.1084637056615627,0.04472147761382783
6,0,6,1.2349602E7,1.25E7,1.0121783681773713,0.005257051524844684
3,0,5,1.5749266E7,1.25E7,0.7936877820210796,-0.1003503051443664
2,0,5,1.8464841E7,1.25E7,0.6769622332518325,-0.16943555930280105
8,0,5,2.0233454E7,1.25E7,0.6177887374048939,-0.2091600133662151
9,0,0,2.064697E7,1.25E7,0.6054157099080397,-0.21794631374308845
1,0,6,1.2272663E7,1.25E7,1.0185238525656575,0.007971204093517653
4,0,4,2.7025416E7,1.25E7,0.462527570343413,-0.3348623747278918
0,0,6,1.7592853E7,1.25E7,0.7105157986598308,-0.14842626088288216
7,0,6,1.210172E7,1.25E7,1.032911024218045,0.014062912656705406
2,0,6,1.6485801E7,1.25E7,0.7582282474476065,-0.12020004016531284
5,0,6,1.8047803E7,1.25E7,0.6926050777482445,-0.15951432879874486
6,0,7,2.0781405E7,1.25E7,0.6014992730279786,-0.22076489321213014
9,0,1,1.8859722E7,1.25E7,0.6627881365377496,-0.17862527376251094
1,0,7,1.9408827E7,1.25E7,0.6440368601358547,-0.1910892759701597
3,0,6,2.2140366E7,1.25E7,0.5645796460636648,-0.2482747828691807
8,0,6,2.082133E7,1.25E7,0.6003458952910309,-0.22159845439568981
7,0,7,1.1448819E7,1.25E7,1.091815671118567,0.03814932355803123
2,0,7,1.2714984E7,1.25E7,0.9830920746734718,-0.007405805006142205
0,0,7,2.3457021E7,1.25E7,0.5328894918071652,-0.2733628436456684
1,1,0,1.0958978E7,9090909.0,0.8295398530775406,-0.08116274459333005
4,0,5,2.521903E7,1.25E7,0.49565744598424283,-0.3048183652738551
8,0,7,1.1720264E7,1.25E7,1.066528876823935,0.027972618693568162
7,1,0,1.1645484E7,9090909.0,0.7806381426482575,-0.10755023253598546
9,0,2,1.4025735E7,1.25E7,0.8912188915589807,-0.05001561614155137
6,1,0,1.5042687E7,9090909.0,0.604340767045143,-0.21871810853894155
1,1,1,1.1772682E7,9090909.0,0.7722037340344367,-0.11226810265158348
9,0,3,1.0245101E7,1.25E7,1.2200953411781885,0.086393768813892
8,1,0,1.1475455E7,9090909.0,0.7922046663944915,-0.10116260376029278
5,0,7,2.9499957E7,1.25E7,0.42372943119883194,-0.3729113699302309
4,0,6,1.6589269E7,1.25E7,0.7534991445373512,-0.12291723641228068
2,1,0,2.0441537E7,9090909.0,0.44472727270948365,-0.35190623681134897
3,0,7,2.9672777E7,1.25E7,0.42126154892749,-0.37544817973074596
6,1,1,1.6911589E7,9090909.0,0.5375549867017227,-0.26957710499426224
7,1,1,1.8821722E7,9090909.0,0.4830009177693731,-0.31605204402737874
0,1,0,2.1141672E7,9090909.0,0.4299995288925114,-0.366532020233192
9,0,4,1.2249534E7,1.25E7,1.0204469819015156,0.008790445538365404
5,1,0,1.1255513E7,9090909.0,0.8076849984536467,-0.09275798341717957
8,1,1,1.8670938E7,9090909.0,0.4869015686303495,-0.3125588263035459
3,1,0,1.4496852E7,9090909.0,0.6270953859499979,-0.2026663946700769
7,1,2,1.2972656E7,9090909.0,0.700774691011617,-0.15442159141828457
0,1,1,1.3894425E7,9090909.0,0.6542846501384548,-0.18423326835877407
1,1,2,2.5479243E7,9090909.0,0.35679666778169195,-0.4475792102678355
2,1,1,1.9578895E7,9090909.0,0.4643218629039075,-0.33318086680769166
6,1,2,2.4313828E7,9090909.0,0.37389871311090955,-0.42724602960318236
9,0,5,1.9433977E7,1.25E7,0.6432033957846096,-0.1916516714010469
5,1,1,1.8873647E7,9090909.0,0.48167209019009416,-0.3172485175377471
8,1,2,1.359677E7,9090909.0,0.6686079855730442,-0.17482844068153408
7,1,3,1.3242672E7,9090909.0,0.6864860052412384,-0.16336831189912274
4,0,7,2.8048092E7,1.25E7,0.4456631131985734,-0.35099331026486663
3,1,1,1.5779532E7,9090909.0,0.5761203183972756,-0.23948680796699467
0,1,2,1.4190154E7,9090909.0,0.6406490725893461,-0.19337979820651519
1,1,3,1.2398065E7,9090909.0,0.7332522454108766,-0.13474659842165476
2,1,2,1.3104193E7,9090909.0,0.6937404691765452,-0.1588029703016522
9,0,6,1.2250485E7,1.25E7,1.0203677650313436,0.008756730131655096
7,1,4,1.1232185E7,9090909.0,0.8093624704365179,-0.09185693740455403
1,1,4,1.1746422E7,9090909.0,0.7739300529131339,-0.11129828867958948
0,1,3,1.2684236E7,9090909.0,0.7167092286835407,-0.1446570033154009
6,1,3,1.7863077E7,9090909.0,0.5089217831843864,-0.29334895978830633
5,1,2,1.7803731E7,9090909.0,0.5106181957029119,-0.2919037133222707
2,1,3,1.1689062E7,9090909.0,0.7777278450571996,-0.10917235168367595
8,1,3,1.7189498E7,9090909.0,0.5288641355320557,-0.2766558832904132
4,1,0,1.5315949E7,9090909.0,0.5935583227653736,-0.22653660103843817
3,1,2,1.8658805E7,9090909.0,0.4872181792992638,-0.3122765154858968
7,1,5,1.3025535E7,9090909.0,0.6979297971254156,-0.15618825968970915
5,1,3,1.0655937E7,9090909.0,0.8531308884427526,-0.06898433370040245
1,1,5,1.157348E7,9090909.0,0.785494855479942,-0.1048566549830017
9,0,7,1.739387E7,1.25E7,0.7186439820465486,-0.14348620687030939
4,1,1,1.0687027E7,9090909.0,0.850649015858199,-0.07024959610656652
2,1,4,1.2440912E7,9090909.0,0.730726895262984,-0.13624490764131084
0,1,4,1.6239722E7,9090909.0,0.5597946196369618,-0.25197127999134145
3,1,3,1.0395324E7,9090909.0,0.8745190626093039,-0.0582307194090886
8,1,4,1.6876193E7,9090909.0,0.5386824504792046,-0.26866717293036146
6,1,4,1.8478184E7,9090909.0,0.49198065134539193,-0.30805197686508595
5,1,4,1.0507794E7,9090909.0,0.8651586622272953,-0.06290423957445063
9,1,0,1.3046791E7,9090909.0,0.6967927209073863,-0.15689639486357854
7,1,6,1.7640276E7,9090909.0,0.5153495897683233,-0.28789806532754303
0,1,5,1.2102551E7,9090909.0,0.7511564297477449,-0.12426961092952037
2,1,5,1.6920431E7,9090909.0,0.537274080075147,-0.2698041107655061
3,1,4,1.3737378E7,9090909.0,0.6617644939230761,-0.17929653803283965
6,1,5,1.266499E7,9090909.0,0.7177983559402732,-0.14399754071841697
4,1,2,1.9322466E7,9090909.0,0.4704838916523388,-0.3274552412829738
8,1,5,1.507623E7,9090909.0,0.6029961734465447,-0.21968544384048438
1,1,6,2.247815E7,9090909.0,0.4044331495252056,-0.3931532545008077
9,1,1,1.0952149E7,9090909.0,0.8300570965570319,-0.08089203308561556
2,1,6,1.2446124E7,9090909.0,0.7304208924802613,-0.1364268130215074
6,1,6,1.1116007E7,9090909.0,0.8178214533330179,-0.08734150109160815
4,1,3,1.2912861E7,9090909.0,0.7040197366021365,-0.15241516560611096
1,1,7,1.1216427E7,9090909.0,0.8104995467808064,-0.09124722366636065
3,1,5,1.5390463E7,9090909.0,0.5906845687488415,-0.22864437465561893
5,1,5,2.3977914E7,9090909.0,0.37913677561776227,-0.4212040877095819
8,1,6,1.4157677E7,9090909.0,0.642118689386684,-0.19238468940544223
7,1,7,2.114287E7,9090909.0,0.42997516420429205,-0.36655662897978586
0,1,6,1.9788406E7,9090909.0,0.459405825815379,-0.33780350173257057
9,1,2,1.0830392E7,9090909.0,0.8393887312666061,-0.07603686545760156
6,1,7,1.2112664E7,9090909.0,0.7505292807593771,-0.12463235975093964
4,1,4,1.1784171E7,9090909.0,0.7714508725306175,-0.11269172542481247
1,1,8,1.2018321E7,9090909.0,0.7564208844147198,-0.12123648900089998
7,1,8,1.0543664E7,9090909.0,0.8622153551175379,-0.0643842471009724
0,1,7,1.1067443E7,9090909.0,0.8214100583124756,-0.0854399834365176
5,1,6,1.5580136E7,9090909.0,0.5834935587211819,-0.23396393383846975
9,1,3,1.5364796E7,9090909.0,0.5916713114837321,-0.22791948795868527
6,1,8,1.144876E7,9090909.0,0.7940518449159559,-0.10015114086528808
7,1,9,1.0136914E7,9090909.0,0.8968122842908601,-0.04729845152459553
8,1,7,2.216073E7,9090909.0,0.410226062047595,-0.38697675195422193
4,1,5,1.2328885E7,9090909.0,0.7373666799552433,-0.13231649113798494
2,1,7,2.7623547E7,9090909.0,0.32909998849894256,-0.4826721328829156
3,1,6,2.3869699E7,9090909.0,0.3808556195032036,-0.41923963203271436
0,1,8,1.1131185E7,9090909.0,0.8167063075494657,-0.08793409027491247
5,1,7,1.2008602E7,9090909.0,0.757033083451346,-0.1208851407820846
1,1,9,2.1183285E7,9090909.0,0.42915482655310544,-0.3673859987545916
8,1,8,1.1065593E7,9090909.0,0.8215473856665432,-0.08536738202807165
7,1,10,1.1371097E7,9090909.0,0.7994751078106185,-0.09719505375487698
4,1,6,1.1546493E7,9090909.0,0.7873307505577668,-0.10384278610814825
0,1,9,1.0868308E7,9090909.0,0.8364603763529704,-0.07755462701340503
9,1,4,1.3919413E7,9090909.0,0.6531100844554293,-0.18501361039092962
3,1,7,1.3898919E7,9090909.0,0.6540730973394405,-0.18437371345373513
6,1,9,1.6393781E7,9090909.0,0.5545340028636468,-0.25607181867028933
5,1,8,1.1152774E7,9090909.0,0.8151253670163137,-0.08877559124009032
2,1,8,1.8687555E7,9090909.0,0.4864686150756479,-0.31294517335891114
8,1,9,1.0549803E7,9090909.0,0.861713626311316,-0.06463703948447963
4,1,7,1.1759572E7,9090909.0,0.7730646149366661,-0.11178420499802327
5,1,9,1.1286588E7,9090909.0,0.805461225305646,-0.09395536156520606
1,1,10,2.1550956E7,9090909.0,0.42183321241062344,-0.374859229720229
9,1,5,1.7799738E7,9090909.0,0.5107327422459814,-0.29180629933862146
3,1,8,1.6003804E7,9090909.0,0.5680467593829567,-0.24561591339785094
2,1,9,1.2524607E7,9090909.0,0.7258438528250827,-0.13915679686207855
0,1,10,2.0087413E7,9090909.0,0.45256743613525546,-0.34431669831666556
8,1,10,1.1400252E7,9090909.0,0.7974305304830104,-0.09830714092534712
7,2,0,2.2282218E7,8333333.0,0.37399028229595455,-0.4271396822916953
4,1,8,1.0877678E7,9090909.0,0.8357398518323488,-0.07792888822623507
6,1,10,2.2877858E7,9090909.0,0.39736713987821765,-0.40080804955537985
5,1,10,1.1449754E7,9090909.0,0.7939829100258399,-0.10018884538316924
9,1,6,1.1098137E7,9090909.0,0.8191382932108335,-0.08664277112337737
3,1,9,1.1135768E7,9090909.0,0.816370186591531,-0.08811286387170118
1,2,0,1.2164847E7,8333333.0,0.6850339342533449,-0.16428791450181188
0,2,0,1.1192076E7,8333333.0,0.7445743756564912,-0.12809191399793615
6,2,0,1.091545E7,8333333.0,0.7634438341983152,-0.11722290804434751
7,2,1,1.6263168E7,8333333.0,0.5124052706090227,-0.2903864117442083
4,1,9,1.6865749E7,9090909.0,0.5390160259114493,-0.26839832226884064
8,2,0,1.8230624E7,8333333.0,0.4571062954290539,-0.33998279741276516
2,1,10,2.0930767E7,9090909.0,0.43433233956500494,-0.36217783268764964
9,1,7,1.0864325E7,9090909.0,0.8367670333867958,-0.07739543830021152
5,2,0,1.4989959E7,8333333.0,0.5559276713165127,-0.2549817084025665
7,2,2,1.1420544E7,8333333.0,0.7296791641448954,-0.13686805476979552
6,2,1,1.1866062E7,8333333.0,0.7022829477884069,-0.15348787660906915
3,1,10,1.992144E7,9090909.0,0.4563379454497265,-0.3407134172359777
8,2,1,1.1456797E7,8333333.0,0.7273702239814496,-0.13824448142982565
1,2,1,2.1010134E7,8333333.0,0.3966339767276115,-0.4016100857099355
5,2,1,1.2123204E7,8333333.0,0.6873870141919578,-0.16279867661841302
4,1,10,2.1655761E7,9090909.0,0.41979171269945215,-0.37696613927535155
9,1,8,2.1495472E7,9090909.0,0.4229220460941728,-0.37373967534614155
0,2,1,3.1013001E7,8333333.0,0.2687045023472575,-0.5707250565732036
2,2,0,2.2277093E7,8333333.0,0.37407632135844654,-0.42703978132017584
7,2,3,1.4345255E7,8333333.0,0.5809121552736427,-0.23588953605081744
8,2,2,1.5574143E7,8333333.0,0.5350748994663783,-0.27158542144010883
1,2,2,1.4956945E7,8333333.0,0.557154753193249,-0.2540241600807821
5,2,2,1.4678292E7,8333333.0,0.5677317905925294,-0.2458567864292421
3,2,0,1.9831954E7,8333333.0,0.4201972735515623,-0.3765467698390456
6,2,2,2.2042841E7,8333333.0,0.3780516767325954,-0.4224488314171331
9,1,9,1.0922138E7,9090909.0,0.8323378627884028,-0.07970034899788177
4,2,0,1.3763547E7,8333333.0,0.6054640566127322,-0.217911633657323
1,2,3,1.2055919E7,8333333.0,0.691223373348809,-0.1603815848451563
7,2,4,1.5620334E7,8333333.0,0.5334926257018576,-0.27287157931191136
0,2,2,1.7260118E7,8333333.0,0.4828085763955959,-0.31622502389324697
5,2,3,1.3087124E7,8333333.0,0.6367581601580301,-0.19602548077518994
3,2,1,1.315027E7,8333333.0,0.6337005247800995,-0.19811593322665078
2,2,1,2.116523E7,8333333.0,0.39372749551977465,-0.4048042556807967
9,1,10,1.1351191E7,9090909.0,0.8008771061996931,-0.09643412086216922
4,2,1,1.4308654E7,8333333.0,0.5823981067681139,-0.2347800454764367
0,2,3,9939506.0,8333333.0,0.8384051481029339,-0.07654606363106403
7,2,5,1.126765E7,8333333.0,0.7395803916522079,-0.1310146117234286
5,2,4,1.0903333E7,8333333.0,0.7642922581562904,-0.11674053954760688
1,2,4,1.5615639E7,8333333.0,0.5336530256622863,-0.27274102390338345
2,2,2,1.0657364E7,8333333.0,0.7819319111179838,-0.1068310626858978
9,2,0,1.1444939E7,8333333.0,0.7281238458326427,-0.13779474570440958
6,2,3,2.9533374E7,8333333.0,0.2821666430662477,-0.5494943285990987
7,2,6,1.0597418E7,8333333.0,0.786355034783001,-0.10438132821754992
1,2,5,1.312456E7,8333333.0,0.6349418951949627,-0.19726601604786492
8,2,3,4.5979016E7,8333333.0,0.18124209095731844,-0.741740936086832
9,2,1,4.8977856E7,8333333.0,0.1701449120190153,-0.7691810334333161
2,2,3,5.0807923E7,8333333.0,0.16401640744102056,-0.7851127049725677
6,2,4,4.5159662E7,8333333.0,0.1845304555202384,-0.733931946183313
3,2,2,6.2516023E7,8333333.0,0.13329915436239442,-0.87517260570175
1,2,6,3.9694689E7,8333333.0,0.2099357170930348,-0.6779136671021779
7,2,7,4.6904894E7,8333333.0,0.17766446716626202,-0.7503994222604536
4,2,2,5.9509633E7,8333333.0,0.14003334552575714,-0.8537685353685154
5,2,5,5.552609E7,8333333.0,0.1500795932146492,-0.8236783561030211
0,2,4,6.2491861E7,8333333.0,0.13335069346070522,-0.8750047215161026
8,2,4,4.507438E7,8333333.0,0.1848795923537939,-0.733111025115993
6,2,5,1.4420926E7,8333333.0,0.5778639319000736,-0.2381744117208642
2,2,4,1.5891085E7,8333333.0,0.5244030221976662,-0.28033481408342636
1,2,7,1.7275976E7,8333333.0,0.482365395737989,-0.316623855468007
5,2,6,1.7535917E7,8333333.0,0.4752151256190366,-0.32310974465072656
7,2,8,1.8693166E7,8333333.0,0.44579569881313846,-0.3508641260548188
3,2,3,2.0838638E7,8333333.0,0.3998981603308239,-0.39805059376597685
4,2,3,2.0067273E7,8333333.0,0.4152698276442444,-0.38166962237829416
0,2,5,1.9490608E7,8333333.0,0.4275563389300118,-0.3690066503526484
9,2,2,3.088489E7,8333333.0,0.26981909276672184,-0.5689273223073608
2,2,5,1.6069418E7,8333333.0,0.5185833737102364,-0.2851814112489833
6,2,6,1.8877656E7,8333333.0,0.44143896890588535,-0.35512933127003493
1,2,8,2.1041675E7,8333333.0,0.39603943127151237,-0.4022615718242404
3,2,4,2.066193E7,8333333.0,0.4033182282584444,-0.39435214929622475
5,2,7,2.1637013E7,8333333.0,0.3851424870891375,-0.41437856943085577
8,2,5,3.556366E7,8333333.0,0.23432157994987018,-0.6301877130181741
0,2,6,2.0695881E7,8333333.0,0.402656596257004,-0.3950651819694102
7,2,9,2.7862428E7,8333333.0,0.29908854318080247,-0.52420022263787
4,2,4,2.6901777E7,8333333.0,0.3097688676848373,-0.5089622317417029
6,2,7,1.6225249E7,8333333.0,0.5136027804565588,-0.2893726338222404
9,2,3,2.2231193E7,8333333.0,0.37484866421698554,-0.4261440324348511
1,2,9,1.5363773E7,8333333.0,0.5424014660982038,-0.26567914525179814
5,2,8,1.6667886E7,8333333.0,0.49996340267746014,-0.30106178485785773
2,2,6,2.8398656E7,8333333.0,0.293441105100185,-0.5324790504525192
3,2,5,1.9107056E7,8333333.0,0.43613903680399535,-0.36037503988050595
0,2,7,1.8636657E7,8333333.0,0.44714741490386395,-0.3495492756938246
8,2,6,2.3262339E7,8333333.0,0.35823280711367844,-0.44583464379128324
5,2,9,1.1986949E7,8333333.0,0.695200505149392,-0.15788992099046908
7,2,10,2.4202532E7,8333333.0,0.34431657811670285,-0.46304206642900525
9,2,4,2.098471E7,8333333.0,0.39711451814201865,-0.4010842352385357
1,2,10,1.8071389E7,8333333.0,0.4611340611394066,-0.3361727979311883
2,2,7,1.5536267E7,8333333.0,0.5363793632022416,-0.27052793965675526
4,2,5,2.6955887E7,8333333.0,0.30914705199647113,-0.5098348905455673
0,2,8,1.1320647E7,8333333.0,0.7361180858302533,-0.13305251187060416
3,2,6,1.8677463E7,8333333.0,0.4461704997086596,-0.35049914816532696
6,2,8,3.4122722E7,8333333.0,0.24421653700428705,-0.6122249313553331
8,2,7,1.4532362E7,8333333.0,0.573432797779191,-0.24151747098637738
7,2,11,1.3952386E7,8333333.0,0.5972693846056151,-0.22382974615634127
5,2,10,1.718272E7,8333333.0,0.48498334373137664,-0.31427317655189785
2,2,8,1.6173655E7,8333333.0,0.5152411746139014,-0.2879894383635163
3,2,7,1.8310395E7,8333333.0,0.45511486781142624,-0.3418789766162403
9,2,5,2.7752764E7,8333333.0,0.30027038027635733,-0.522487506019374
1,2,11,2.7917836E7,8333333.0,0.29849494781758873,-0.5250630151326393
7,3,0,1.5616695E7,7692307.0,0.4925694585185918,-0.3075325198376574
0,2,9,2.8854833E7,8333333.0,0.2888019833627178,-0.5393998285521
4,2,6,2.940737E7,8333333.0,0.28337566399171366,-0.547637449247078
6,2,9,2.8358662E7,8333333.0,0.29385494280371904,-0.5318669998131984
9,2,6,1.5928753E7,8333333.0,0.523162924304244,-0.2813630413287032
5,2,11,3.0097853E7,8333333.0,0.2768746661099049,-0.5577167801591335
8,2,8,3.4252147E7,8333333.0,0.24329374155728106,-0.6138690626355465
3,2,8,2.1944731E7,8333333.0,0.3797418614974137,-0.4205115250218294
2,2,9,2.838654E7,8333333.0,0.2935663522218629,-0.5322937235577211
7,3,1,1.8933458E7,7692307.0,0.4062811452614731,-0.3911733319903583
1,3,0,2.1029285E7,7692307.0,0.36579023014810064,-0.43676789822928813
4,2,7,1.4956054E7,8333333.0,0.5571879454299911,-0.2539982879585325
6,2,10,1.392336E7,8333333.0,0.5985145108651935,-0.22292531574665103
0,2,10,2.5699275E7,8333333.0,0.3242633498415811,-0.48910213507985734
9,2,7,1.6619302E7,8333333.0,0.5014249695925858,-0.29979404316147557
8,2,9,1.5730836E7,8333333.0,0.5297450815709985,-0.2759330668144137
3,2,9,1.6781795E7,8333333.0,0.49656982462245547,-0.3040196750314119
7,3,2,1.6310497E7,7692307.0,0.4716169593115403,-0.3264105860981767
1,3,1,1.6992785E7,7692307.0,0.4526807701033115,-0.34420795395935694
6,2,11,1.3523029E7,8333333.0,0.616232724192191,-0.21025524279490754
5,3,0,2.0857933E7,7692307.0,0.3687952684477412,-0.43321465947366483
4,2,8,1.9580322E7,8333333.0,0.42559734206618255,-0.3710010929535972
9,2,8,1.1107908E7,8333333.0,0.7502162423383413,-0.12481353751726826
2,2,10,2.4679567E7,8333333.0,0.337661232062945,-0.4715187992036107
3,2,10,1.1736876E7,8333333.0,0.71001286884176,-0.14873377970864868
0,2,11,1.788918E7,8333333.0,0.46583091008084215,-0.3317716973553106
6,3,0,1.0425897E7,7692307.0,0.7378076917506474,-0.13205682150356374
8,2,10,1.4934662E7,8333333.0,0.557986046152233,-0.25337666155500127
7,3,3,1.574922E7,7692307.0,0.4884246330929405,-0.3112024410691676
5,3,1,1.6535911E7,7692307.0,0.46518797785014687,-0.3323715175480777
1,3,2,1.6914348E7,7692307.0,0.4547799891547697,-0.34219865302312685
9,2,9,1.1999267E7,8333333.0,0.6944868382377023,-0.15833598050217934
2,2,11,1.1812372E7,8333333.0,0.7054749884273879,-0.15151837890541203
3,2,11,1.0864461E7,8333333.0,0.7670268225915672,-0.11518944869791986
4,2,9,1.7950377E7,8333333.0,0.46424278442731315,-0.3332548376318103
0,3,0,1.2130053E7,7692307.0,0.6341527938913375,-0.1978060898326482
6,3,1,1.3021716E7,7692307.0,0.5907291327809637,-0.22861161066578847
8,2,11,1.567007E7,8333333.0,0.5317993474183587,-0.27425219993559075
7,3,4,1.1658987E7,7692307.0,0.6597749015416177,-0.18060420944739294
9,2,10,1.0830808E7,8333333.0,0.7694100938729594,-0.11384212049271739
3,3,0,1.0926306E7,7692307.0,0.7040171673756894,-0.1524167505089861
4,2,10,1.3326479E7,8333333.0,0.6253214371177863,-0.20389668268606947
1,3,3,1.846241E7,7692307.0,0.41664695995809864,-0.38023178263285273
5,3,2,1.957103E7,7692307.0,0.3930455883006668,-0.405557074054159
8,3,0,1.0694257E7,7692307.0,0.7192932617946249,-0.14309400807001746
7,3,5,1.0846745E7,7692307.0,0.709181141439206,-0.14924282168615802
6,3,2,1.3998035E7,7692307.0,0.5495276301280858,-0.2600104664607127
0,3,1,1.5614262E7,7692307.0,0.4926462102403559,-0.30746485374105925
2,3,0,2.2682E7,7692307.0,0.33913706904153074,-0.4696247374990647
9,2,11,1.2293117E7,8333333.0,0.6778860886136526,-0.1688432784674837
3,3,1,1.2020226E7,7692307.0,0.6399469527444825,-0.19385602458670223
4,2,11,1.155064E7,8333333.0,0.7214607155967115,-0.14178731178332216
7,3,6,9924635.0,7692307.0,0.7750720303567838,-0.11065793499970153
8,3,1,1.0556157E7,7692307.0,0.7287033529342165,-0.137449232180328
6,3,3,1.0759781E7,7692307.0,0.7149129708123242,-0.14574682336874484
2,3,1,1.3719377E7,7692307.0,0.5606892353785452,-0.2512777818015856
0,3,2,1.6867841E7,7692307.0,0.4560338812773964,-0.34100288999962075
3,3,2,1.2862007E7,7692307.0,0.5980642834357033,-0.22325213299995303
1,3,4,2.1181445E7,7692307.0,0.36316252267019555,-0.4398989757823679
5,3,3,2.0241919E7,7692307.0,0.380018663250258,-0.4201950740474906
6,3,4,9294943.0,7692307.0,0.8275797925818372,-0.08219012225635654
8,3,2,1.0165481E7,7692307.0,0.7567086102467754,-0.12107132436283072
7,3,7,1.0686608E7,7692307.0,0.7198081000070369,-0.1427832705358909
9,3,0,1.8384786E7,7692307.0,0.4184061212352431,-0.3784019704141038
4,3,0,1.2662801E7,7692307.0,0.6074727858394047,-0.21647317324324838
2,3,2,1.0772671E7,7692307.0,0.7140575443174678,-0.14626678798219792
3,3,3,1.1215904E7,7692307.0,0.68583923328873,-0.16377767478619193
6,3,5,1.0575349E7,7692307.0,0.7273809119680117,-0.1382380999485235
1,3,5,1.2110386E7,7692307.0,0.6351826440544505,-0.19710137722825122
7,3,8,1.0769058E7,7692307.0,0.7142971093664832,-0.14612110738452352
4,3,1,1.0913672E7,7692307.0,0.7048321591486348,-0.15191428873027843
2,3,3,1.0871551E7,7692307.0,0.7075629779044407,-0.15023489892857111
3,3,4,1.0358887E7,7692307.0,0.7425804529000075,-0.12925648698353945
0,3,3,2.2911383E7,7692307.0,0.3357417140641401,-0.47399469669536326
8,3,3,2.0570509E7,7692307.0,0.37394830628644143,-0.42718842947388724
9,3,1,1.9690741E7,7692307.0,0.3906560448893213,-0.40820545116557955
6,3,6,1.0819925E7,7692307.0,0.7109390314627874,-0.14816764179429628
1,3,6,1.1031156E7,7692307.0,0.6973255568138099,-0.15656441771517493
5,3,4,2.3138539E7,7692307.0,0.33244566564898503,-0.47827932490840774
2,3,4,1.2384195E7,7692307.0,0.6211390405270589,-0.20681117313309827
3,3,5,1.0721957E7,7692307.0,0.7174349794538442,-0.14421745256465093
0,3,4,1.0583091E7,7692307.0,0.7268488006008831,-0.13855592187007837
7,3,9,2.1336954E7,7692307.0,0.3605157043503023,-0.44307581232006704
5,3,5,1.0297023E7,7692307.0,0.7470418391801203,-0.12665507420038355
9,3,2,1.1311737E7,7692307.0,0.6800288054787695,-0.1674726905356514
6,3,7,1.1323503E7,7692307.0,0.6793222026788001,-0.1679241908806275
8,3,4,1.3614146E7,7692307.0,0.5650231017061225,-0.24793379512147518
4,3,2,2.2989878E7,7692307.0,0.33459538149789225,-0.47548005800549276
2,3,5,1.2823431E7,7692307.0,0.5998634062911868,-0.2219476306955617
9,3,3,1.1019946E7,7692307.0,0.6980349087010045,-0.1561228577821134
5,3,6,1.1965891E7,7692307.0,0.6428528389569987,-0.191888433830998
7,3,10,1.2313211E7,7692307.0,0.6247198232857376,-0.20431471302785828
8,3,5,1.1166732E7,7692307.0,0.6888592830919557,-0.161869484649911
3,3,6,1.4914192E7,7692307.0,0.5157709515875886,-0.287543121136562
6,3,8,1.6671468E7,7692307.0,0.4614054983040486,-0.3359172345464369
4,3,3,1.6277396E7,7692307.0,0.4725760189160477,-0.32552832061452425
1,3,7,3.1960702E7,7692307.0,0.24068016403394393,-0.6185597011898033
7,3,11,1.1127904E7,7692307.0,0.6912628829292561,-0.16035676175169375
9,3,4,1.2221888E7,7692307.0,0.6293877836223012,-0.20108169096984788
8,3,6,1.0726371E7,7692307.0,0.7171397483827475,-0.1443962055070886
3,3,7,1.1278797E7,7692307.0,0.6820148460868655,-0.16620617152617845
6,3,9,1.2623698E7,7692307.0,0.6093544855081292,-0.21512998764348001
1,3,8,2.9895498E7,7692307.0,0.25730653491706346,-0.5895491836987862
3,3,8,2.6624608E7,7692307.0,0.28891719269632066,-0.5392266136733692
9,3,5,2.7978972E7,7692307.0,0.27493172372451713,-0.5607751450470388
5,3,7,3.9276817E7,7692307.0,0.19584853324545112,-0.70807967663484
6,3,10,2.1926494E7,7692307.0,0.3508224798729792,-0.45491258585334365
4,3,4,3.2294773E7,7692307.0,0.2381904650638046,-0.6230756276267798
7,3,12,2.9243365E7,7692307.0,0.2630445230909644,-0.5799707363155371
2,3,6,4.1734974E7,7692307.0,0.18431320934811174,-0.734443538674474
0,3,5,3.6988782E7,7692307.0,0.2079632413957291,-0.6820134221034894
8,3,7,2.8940598E7,7692307.0,0.26579640821519995,-0.5754508921023103
5,3,8,1.0709898E7,7692307.0,0.7182427881199243,-0.14372872606757858
9,3,6,1.089106E7,7692307.0,0.7062955304625996,-0.15101354201666697
1,3,9,1.141076E7,7692307.0,0.6741274901934665,-0.17125796243857233
3,3,9,1.1796245E7,7692307.0,0.6520979345545976,-0.18568717536831333
4,3,5,1.1130074E7,7692307.0,0.6911281093009803,-0.16044144321096346
7,4,0,1.1158795E7,8333333.0,0.7467950616531623,-0.1267985625813852
6,3,11,1.8621045E7,7692307.0,0.41309749264877454,-0.383947441024639
1,3,10,9325901.0,7692307.0,0.8248325818599189,-0.08363419224139729
8,3,8,1.9434365E7,7692307.0,0.3958095363548024,-0.4025137464197298
5,3,9,1.0724944E7,7692307.0,0.7172351669155569,-0.1443384245993363
4,3,6,1.0080134E7,7692307.0,0.7631155498528095,-0.11740969682365825
3,3,10,1.0643953E7,7692307.0,0.7226926875757531,-0.1410463395833174
0,3,6,2.3750511E7,7692307.0,0.3238796420001237,-0.4896163494423471
9,3,7,2.0132033E7,7692307.0,0.3820929063646975,-0.4178310250052983
2,3,7,3.0038075E7,7692307.0,0.2560852185101742,-0.5916154887113149
7,4,1,1.861725E7,8333333.0,0.44761353046234004,-0.3490967940911451
1,3,11,1.0256686E7,7692307.0,0.7499797692939025,-0.12495045154499915
8,3,9,1.0272091E7,7692307.0,0.7488550286402252,-0.12560224953077534
5,3,10,1.046242E7,7692307.0,0.7352320973541494,-0.13357554161173035
4,3,7,1.0065239E7,7692307.0,0.7642448430683066,-0.11676748310175472
0,3,7,1.0528268E7,7692307.0,0.7306336616811047,-0.13630032289116248
6,3,12,2.1242952E7,7692307.0,0.3621110192218106,-0.44115825918074436
9,3,8,1.0289306E7,7692307.0,0.7476021220478816,-0.12632947455861843
1,3,12,1.062787E7,7692307.0,0.7237863278342697,-0.14038962487829387
5,3,11,1.0164211E7,7692307.0,0.7568031596353125,-0.12101706343327663
3,3,11,2.2201718E7,7692307.0,0.34647350263614735,-0.4603299734589058
2,3,8,1.6467799E7,7692307.0,0.4671120287538122,-0.33057894890973066
4,3,8,1.7285657E7,7692307.0,0.445010970656192,-0.351629282419702
8,3,10,1.8325619E7,7692307.0,0.41975700793517534,-0.3770020444879004
0,3,8,1.4138574E7,7692307.0,0.544065264290444,-0.2643490006306526
6,4,0,1.0066582E7,8333333.0,0.8278214988960503,-0.08206329896608817
7,4,2,1.9208306E7,8333333.0,0.4338400793906553,-0.3626703290987853
1,4,0,1.1603144E7,8333333.0,0.7181961199481796,-0.14375694547790302
3,3,12,1.140561E7,7692307.0,0.6744318804518128,-0.171061908761341
9,3,9,1.6031921E7,7692307.0,0.47981193270600575,-0.3189289555263143
5,3,12,1.7128721E7,7692307.0,0.44908823023038325,-0.34766832684104676
8,3,11,1.0640036E7,7692307.0,0.7229587381095327,-0.1408864887673054
6,4,1,1.0338831E7,8333333.0,0.8060227505411395,-0.093652699764345
2,3,9,1.4794934E7,7692307.0,0.5199284430738251,-0.284056423512519
0,3,9,1.2707255E7,7692307.0,0.6053476537615716,-0.21799513651025948
1,4,1,1.5104592E7,8333333.0,0.5517085797484632,-0.25829026217522993
5,4,0,1.0052289E7,8333333.0,0.8289985494846,-0.08144622934283294
8,3,12,1.0331449E7,7692307.0,0.7445525792171069,-0.12810462758601462
4,3,9,2.151809E7,7692307.0,0.35748093813159065,-0.44674711102367337
6,4,2,1.2492841E7,8333333.0,0.667048672115494,-0.17584247603850317
3,4,0,1.7716141E7,8333333.0,0.47038082390516084,-0.32755039152785065
7,4,3,2.4302163E7,8333333.0,0.34290499162564253,-0.46482619286786786
0,3,10,1.2436868E7,7692307.0,0.61850837365163,-0.2086544163160586
9,3,10,1.9366568E7,7692307.0,0.39719515610613093,-0.4009960564737502
1,4,2,1.1565133E7,8333333.0,0.7205566075202076,-0.14233189497774715
3,4,1,1.1158781E7,8333333.0,0.7467959985951871,-0.12679801770834456
7,4,4,1.0565673E7,8333333.0,0.7887176708951715,-0.10307842887564586
0,3,11,1.0551581E7,7692307.0,0.7290193763380104,-0.13726092857524028
8,4,0,1.5470625E7,8333333.0,0.5386552256292166,-0.2686891225982978
5,4,1,1.7689097E7,8333333.0,0.4710999662673567,-0.3268869268589885
9,3,11,1.0899047E7,7692307.0,0.7057779455396421,-0.15133191678943023
6,4,3,1.5973873E7,8333333.0,0.521685191812906,-0.2825914906788434
2,3,10,2.8309565E7,7692307.0,0.27172113029642103,-0.5658765875139707
4,3,10,2.4126931E7,7692307.0,0.31882658428459054,-0.4964454735784595
0,3,12,1.0879584E7,7692307.0,0.7070405449326004,-0.15055568106078993
7,4,5,1.2609434E7,8333333.0,0.6608808135242232,-0.1798768562420079
8,4,1,1.1865354E7,8333333.0,0.7023248526761191,-0.15346196323809463
1,4,3,1.8357848E7,8333333.0,0.45393844637998965,-0.34300303306772767
6,4,4,1.0530156E7,8333333.0,0.7913779245055819,-0.10161606854955674
3,4,2,1.6872197E7,8333333.0,0.493909180884979,-0.30635290100867324
9,3,12,1.6518304E7,7692307.0,0.46568382565183447,-0.3319088459241361
4,3,11,1.0752284E7,7692307.0,0.7154114418852776,-0.14544411827161513
5,4,2,1.9985258E7,8333333.0,0.4169740015365326,-0.3798910225831081
0,4,0,1.1738237E7,8333333.0,0.7099305457880941,-0.14878413727587594
2,3,11,1.8205029E7,7692307.0,0.42253747577111794,-0.37413476648038463
6,4,5,1.0354129E7,8333333.0,0.8048318694889739,-0.09429483488610006
3,4,3,1.0731782E7,8333333.0,0.7765097166528355,-0.10985310547012107
7,4,6,1.4485097E7,8333333.0,0.5753039140849384,-0.2401026712383493
1,4,4,1.6025664E7,8333333.0,0.5199992337290985,-0.28399729634110343
2,3,12,9618347.0,7692307.0,0.7997535335333608,-0.0970438324059059
8,4,2,2.0614564E7,8333333.0,0.40424493091389174,-0.3933554172840916
0,4,1,1.0527402E7,8333333.0,0.7915849513488703,-0.10150247066608127
9,4,0,1.5702998E7,8333333.0,0.5306842043793166,-0.2751638387941908
6,4,6,1.0645452E7,8333333.0,0.7828068737710714,-0.10634536948856436
5,4,3,1.4051008E7,8333333.0,0.5930772368786638,-0.22688874446725874
4,3,12,1.5641303E7,7692307.0,0.4917945135389296,-0.3082163205608212
7,4,7,1.07284E7,8333333.0,0.7767545020692741,-0.10971622089477534
3,4,4,1.0775199E7,8333333.0,0.7733808906916707,-0.11160656302283119
1,4,5,1.1493898E7,8333333.0,0.7250223553401988,-0.1396486021859618
2,4,0,1.0915655E7,8333333.0,0.7634294964434108,-0.11723106433041663
0,4,2,1.1858477E7,8333333.0,0.7027321468009762,-0.1532101790101845
9,4,1,1.1651852E7,8333333.0,0.715193859310949,-0.1455762230695476
7,4,8,1.1227474E7,8333333.0,0.7422268802403817,-0.1294633214387613
8,4,3,2.0878439E7,8333333.0,0.39913582619850074,-0.39887928844748066
6,4,7,1.9517205E7,8333333.0,0.4269736880869981,-0.36959888720146644
3,4,5,1.7782756E7,8333333.0,0.46861875628277194,-0.3291803329240935
5,4,4,2.3178599E7,8333333.0,0.3595270361250048,-0.4442684454802365
1,4,6,1.8745282E7,8333333.0,0.4445562888837842,-0.352073241659112
2,4,1,1.5587631E7,8333333.0,0.534611898369932,-0.27196137977532586
0,4,3,1.745538E7,8333333.0,0.4774077104021797,-0.32111057117325464
4,4,0,2.9284535E7,8333333.0,0.2845642930645817,-0.5458195958114727
9,4,2,1.8518929E7,8333333.0,0.44999000752149326,-0.34679713006123214
6,4,8,1.2242409E7,8333333.0,0.6806938895767981,-0.16704814793365566
7,4,9,1.9386435E7,8333333.0,0.4298538127303963,-0.36667921679026316
8,4,4,1.5550346E7,8333333.0,0.5358937350975985,-0.27092132007608677
5,4,5,1.8768494E7,8333333.0,0.4440064823528196,-0.35261068927837946
1,4,7,1.9223045E7,8333333.0,0.4335074385977872,-0.36300344602109197
7,4,10,1.2747795E7,8333333.0,0.6537077980937095,-0.1846163342954136
8,4,5,1.328066E7,8333333.0,0.6274788301183827,-0.2024009218275779
2,4,2,2.4291157E7,8333333.0,0.3430603573143922,-0.4646294643813368
0,4,4,1.9270877E7,8333333.0,0.4324314352688775,-0.3640827428695555
4,4,1,2.2014639E7,8333333.0,0.3785359823524701,-0.4218928316345077
3,4,6,3.6388786E7,8333333.0,0.22900827194399945,-0.6401488303467859
1,4,8,1.5859108E7,8333333.0,0.5254603852877476,-0.2794600200723575
9,4,3,7.8213439E7,8333333.0,0.10654605022546061,-0.9724626454062036
7,4,11,6.3521606E7,8333333.0,0.13118895325159127,-0.8821027331300186
8,4,6,6.1894456E7,8333333.0,0.1346377937306695,-0.8708330136279427
6,4,9,7.897308E7,8333333.0,0.10552118519373943,-0.9766603395218657
5,4,6,6.8532142E7,8333333.0,0.12159743963642637,-0.9150755694997829
2,4,3,6.338376E7,8333333.0,0.13147426091478323,-0.8811592619028564
3,4,7,5.6761887E7,8333333.0,0.14681212060479948,-0.8332380881904855
4,4,2,6.1702849E7,8333333.0,0.13505588696560836,-0.8694864805549721
0,4,5,6.5470258E7,8333333.0,0.1272842547832941,-0.8952253157780218
1,4,9,5.7950883E7,8333333.0,0.14379993140052758,-0.8422413211324091
6,4,10,1.1362748E7,8333333.0,0.7333906375464808,-0.13466463853665686
9,4,4,1.7296041E7,8333333.0,0.48180580746773205,-0.3171279695182703
0,4,6,1.3456039E7,8333333.0,0.6193005980437483,-0.20809850060245133
7,5,0,2.1051295E7,9090909.0,0.43184559429716796,-0.3646715067300991
4,4,3,1.7352978E7,8333333.0,0.4802249504379018,-0.3185552796059281
2,4,4,2.0202179E7,8333333.0,0.41249674106936685,-0.3845794782441938
3,4,8,1.937202E7,8333333.0,0.43017367316366595,-0.3663561721670816
8,4,7,2.3289541E7,8333333.0,0.3578143940234803,-0.4463421927814132
5,4,7,2.3723571E7,8333333.0,0.3512680700557264,-0.4543613253825691
6,4,11,1.6246553E7,8333333.0,0.5129292964482989,-0.28994249508032305
9,4,5,1.2051896E7,8333333.0,0.6914541081336911,-0.16023663875884245
1,4,10,2.3728616E7,8333333.0,0.35119338607864864,-0.45445367162867395
0,4,7,1.342711E7,8333333.0,0.6206348946273621,-0.20716381025672212
2,4,5,1.1033072E7,8333333.0,0.7553048688524828,-0.12187771574113361
4,4,4,1.4252539E7,8333333.0,0.584691120648749,-0.23307350148088332
5,4,8,1.2462897E7,8333333.0,0.6686513577059973,-0.17480026921560096
8,4,8,1.6163142E7,8333333.0,0.5155763031717472,-0.28770705182726725
9,4,6,1.1775735E7,8333333.0,0.7076698821772059,-0.15016928720183456
3,4,9,1.7819456E7,8333333.0,0.46765361411706396,-0.33007570499431294
1,4,11,1.11527E7,8333333.0,0.7472031884655733,-0.12656128355252172
2,4,6,1.1267832E7,8333333.0,0.7395684458199234,-0.13102162658077302
6,5,0,1.8349483E7,9090909.0,0.49543134267052646,-0.3050165219361334
7,5,1,2.6313746E7,9090909.0,0.34548136931929035,-0.4615753677398216
0,4,8,1.8370449E7,8333333.0,0.4536270724792845,-0.34330103463209016
4,4,5,1.5297529E7,8333333.0,0.5447502665299736,-0.2638025485943851
9,4,7,1.1110085E7,8333333.0,0.7500692388942118,-0.12489864503261668
8,4,9,1.2269016E7,8333333.0,0.6792177139552186,-0.16799099624365937
5,4,9,1.5452545E7,8333333.0,0.5392854704516311,-0.26818128041216116
1,5,0,1.3112784E7,9090909.0,0.6932859566664105,-0.15908759686462898
7,5,2,1.0917395E7,9090909.0,0.8326994672263851,-0.07951171320974
6,5,1,1.2036784E7,9090909.0,0.7552606244325727,-0.12190315668694217
2,4,7,1.4903844E7,8333333.0,0.5591398433853709,-0.25247955952835366
3,4,10,1.9685685E7,8333333.0,0.4233194323692572,-0.37333179489232055
0,4,9,1.2122606E7,8333333.0,0.6874209225310135,-0.16277725369212342
4,4,6,1.388213E7,8333333.0,0.6002921021485896,-0.22163737048029136
9,4,8,1.4638437E7,8333333.0,0.5692775123464342,-0.24467597139088695
1,5,1,1.1298033E7,9090909.0,0.8046452864848244,-0.09439552841776196
5,4,10,1.7270045E7,8333333.0,0.4825310530458954,-0.3164747326154807
8,4,10,1.9137739E7,8333333.0,0.43543978732283894,-0.3610718908087027
6,5,2,1.1925582E7,9090909.0,0.7623031731281542,-0.11787227245195485
3,4,11,1.0636823E7,8333333.0,0.7834419168204642,-0.10599319592726042
7,5,3,1.3727031E7,9090909.0,0.6622633109810854,-0.17896930395932625
2,4,8,1.274971E7,8333333.0,0.6536096115127324,-0.1846815700064691
4,4,7,1.1741544E7,8333333.0,0.7097305942046463,-0.14890647332842694
1,5,2,1.0572981E7,9090909.0,0.8598245849491265,-0.06559014126704994
9,4,9,1.1466321E7,8333333.0,0.7267660655933146,-0.13860535911528227
0,4,10,1.8559162E7,8333333.0,0.4490145083059246,-0.3477396260893082
3,5,0,1.1066884E7,9090909.0,0.8214515486021178,-0.08541804731752602
6,5,3,1.3456025E7,9090909.0,0.6756013755919746,-0.17030947483312525
5,4,11,1.6320386E7,8333333.0,0.5106088177081106,-0.291911689631828
7,5,4,1.4356441E7,9090909.0,0.6332285975333302,-0.19843947999024072
8,4,11,1.5440845E7,8333333.0,0.5396941035286605,-0.26785232682816124
4,4,8,1.209052E7,8333333.0,0.689245210296993,-0.16162624321103675
9,4,10,1.4656565E7,8333333.0,0.56857340038406,-0.24521346180463383
1,5,3,1.4768105E7,9090909.0,0.6155772186072621,-0.21071746099168018
3,5,1,1.0474187E7,9090909.0,0.8679345709600181,-0.06151301277516729
2,4,9,2.1318506E7,8333333.0,0.3908966697760153,-0.40793802950139546
0,4,11,1.3535985E7,8333333.0,0.61564289558536,-0.21067112784803793
8,5,0,1.1600812E7,9090909.0,0.7836441966303738,-0.10588107827784977
5,5,0,1.5044307E7,9090909.0,0.604275690465503,-0.21876487672464753
4,4,9,1.39899E7,8333333.0,0.5956678032008806,-0.22499587357932307
7,5,5,1.7531858E7,9090909.0,0.5185365407362985,-0.2852206339114408
0,5,0,9561491.0,9090909.0,0.9507836173249549,-0.021918310080866168
6,5,4,2.0769081E7,9090909.0,0.43771358973466373,-0.35880996959626477
9,4,11,1.2927873E7,8333333.0,0.6446020161243848,-0.19070834047691754
3,5,2,1.2832999E7,9090909.0,0.7084009747059125,-0.14972084992534507
1,5,4,1.4209498E7,9090909.0,0.6397769294875864,-0.19397142473469495
2,4,10,1.302774E7,8333333.0,0.6396606779072963,-0.19405034600397708
8,5,1,1.1083703E7,9090909.0,0.8202050343644177,-0.08607756936946007
4,4,10,1.076712E7,8333333.0,0.7739611892502359,-0.11128081672933407
6,5,5,1.0628336E7,9090909.0,0.8553464060601772,-0.0678579650699819
2,4,11,1.0537278E7,8333333.0,0.7908430431464368,-0.10190970140659499
9,5,0,1.3966315E7,9090909.0,0.6509167951603555,-0.18647452251040966
8,5,2,1.2438253E7,9090909.0,0.7308831071373126,-0.13615207582546995
3,5,3,1.6881062E7,9090909.0,0.538527078450396,-0.26879245443485883
7,5,6,1.9171954E7,9090909.0,0.47417748863783005,-0.324059067802866
4,4,11,1.0876877E7,8333333.0,0.7661512583069571,-0.11568548080721297
5,5,1,2.4543136E7,9090909.0,0.3704053548821145,-0.43132274342924165
6,5,6,1.1267911E7,9090909.0,0.8067963085615426,-0.09323609753787893
1,5,5,2.2747598E7,9090909.0,0.3996425908353049,-0.3983282342121079
0,5,1,2.8192103E7,9090909.0,0.3224629606383036,-0.4915201629332486
8,5,3,1.1356215E7,9090909.0,0.8005227974285446,-0.09662629565418947
7,5,7,1.0522684E7,9090909.0,0.8639344296569202,-0.06351921807528163
4,5,0,1.0849072E7,9090909.0,0.837943466501098,-0.07678528091009093
2,5,0,1.8686593E7,9090909.0,0.48649365884942214,-0.31292281612461736
3,5,4,1.7561094E7,9090909.0,0.5176732725193545,-0.28594425707146565
5,5,2,1.5635339E7,9090909.0,0.5814334438159607,-0.23549999140460573
6,5,7,1.5477915E7,9090909.0,0.5873471329956264,-0.23110514681823902
7,5,8,1.1409572E7,9090909.0,0.7967791429862575,-0.09866204281293638
8,5,4,1.2386456E7,9090909.0,0.7339394738898681,-0.1343397537617054
9,5,1,2.7027926E7,9090909.0,0.33635244524496627,-0.4732054106969941
0,5,2,1.670733E7,9090909.0,0.544126978996644,-0.2642997402971977
4,5,1,1.4136772E7,9090909.0,0.6430682336816353,-0.19174294318898888
2,5,1,1.8702885E7,9090909.0,0.4860698763853812,-0.3133012929863147
3,5,5,1.5003242E7,9090909.0,0.6059296384074855,-0.21757780392860132
7,5,9,1.1884529E7,9090909.0,0.7649364143921901,-0.1163746642271886
9,5,2,1.1203473E7,9090909.0,0.8114366857491423,-0.09074536136147768
6,5,8,1.5986213E7,9090909.0,0.5686718299074334,-0.24513828470505047
0,5,3,1.1314279E7,9090909.0,0.8034899086366882,-0.09501957335106934
1,5,6,3.2738702E7,9090909.0,0.2776808011508825,-0.5564541463299262
4,5,2,1.3168296E7,9090909.0,0.6903633545296977,-0.16092226965079154
8,5,5,1.7446941E7,9090909.0,0.5210603394600807,-0.2831119819265723
2,5,2,1.0754007E7,9090909.0,0.8453508538724217,-0.07296300433339765
3,5,6,1.1296978E7,9090909.0,0.8047204305434604,-0.0943549725022334
9,5,3,1.0245927E7,9090909.0,0.8872705222280034,-0.05194394679884929
5,5,3,2.7232423E7,9090909.0,0.3338266668375414,-0.4764789738346842
0,5,4,1.0902488E7,9090909.0,0.8338380193585171,-0.07891830683364141
4,5,3,1.2371736E7,9090909.0,0.7348127215129712,-0.13382333353789566
2,5,3,1.1053604E7,9090909.0,0.8224384553671363,-0.08489659124363008
3,5,7,1.1646304E7,9090909.0,0.7805831790068334,-0.10758081168047261
7,5,10,2.1859872E7,9090909.0,0.41587201425516124,-0.38104030412050643
9,5,4,1.131852E7,9090909.0,0.8031888444779,-0.09518233209065863
6,5,9,2.0465488E7,9090909.0,0.4442068031800659,-0.35241479436715617
0,5,5,1.1435135E7,9090909.0,0.7949979602339632,-0.09963398563317828
8,5,6,2.1292579E7,9090909.0,0.42695199111389937,-0.3696209567466794
1,5,7,2.4917521E7,9090909.0,0.3648400256189209,-0.4378975224492099
5,5,4,1.8528324E7,9090909.0,0.4906492891639848,-0.30922882600996704
2,5,4,1.0890735E7,9090909.0,0.8347378758182987,-0.07844988015433377
7,6,0,1.1053343E7,1.25E7,1.130879590002771,0.05341636603843138
9,5,5,1.1511167E7,9090909.0,0.7897469474641451,-0.10251204405787472
0,5,6,1.1039382E7,9090909.0,0.8234980001597916,-0.08433745116407723
3,5,8,1.7164065E7,9090909.0,0.5296477844846195,-0.27601284003017235
4,5,4,2.1211308E7,9090909.0,0.42858785511954284,-0.36796013970878705
2,5,5,1.052182E7,9090909.0,0.8640053716942506,-0.06348355741703327
5,5,5,1.1115055E7,9090909.0,0.8178914994122836,-0.08730430553639588
9,5,6,1.0346047E7,9090909.0,0.8786842936244152,-0.056167136490750724
8,5,7,1.8159212E7,9090909.0,0.5006224389031859,-0.3004896883405941
1,5,8,1.6494139E7,9090909.0,0.5511599605168842,-0.25872233964574415
0,5,7,1.0134869E7,9090909.0,0.89699324184654,-0.047210829018128786
7,6,1,1.6540664E7,1.25E7,0.7557133135646792,-0.12164292665513322
6,5,10,2.7517167E7,9090909.0,0.33037227269798525,-0.4809964090501067
4,5,5,1.1212433E7,9090909.0,0.8107882562152211,-0.09109255043026604
3,5,9,1.3079699E7,9090909.0,0.6950396182664448,-0.157990439288869
2,5,6,1.0338773E7,9090909.0,0.8793025052392581,-0.05586168948259839
5,5,6,1.0370658E7,9090909.0,0.876599054756217,-0.057199001985025984
8,5,8,1.2055779E7,9090909.0,0.7540706411423103,-0.12258796762989081
1,5,9,1.2680927E7,9090909.0,0.7168962489887372,-0.14454369196401948
9,5,7,1.5054586E7,9090909.0,0.6038631019145927,-0.21906150644807484
6,6,0,1.0745964E7,1.25E7,1.1632274219418566,0.0656646317007058
3,5,10,1.0481434E7,9090909.0,0.8673344696918379,-0.061813393492667575
5,5,7,1.0968678E7,9090909.0,0.8288062608821227,-0.08154697688420938
4,5,6,1.7050947E7,9090909.0,0.5331615305589772,-0.27314119397063114
1,5,10,1.084949E7,9090909.0,0.8379111829219622,-0.07680201336392434
2,5,7,1.8565425E7,9090909.0,0.489668779465054,-0.31009758505322876
0,5,8,2.3606837E7,9090909.0,0.3850964447291266,-0.4144304908336422
7,6,2,2.1123075E7,1.25E7,0.5917699009258832,-0.22784712804701374
6,6,1,1.033847E7,1.25E7,1.2090763913809297,0.08245374114787947
3,6,0,1.0806968E7,1.25E7,1.1566611467712313,0.0632061475070772
8,5,9,1.5490015E7,9090909.0,0.5868883277388692,-0.23144452781648137
4,5,7,1.2086647E7,9090909.0,0.7521448256079623,-0.1236985278836537
6,6,2,1.0413076E7,1.25E7,1.2004137874341838,0.07933097490026489
0,5,9,1.134112E7,9090909.0,0.8015882911035241,-0.09604863522217363
7,6,3,1.1574316E7,1.25E7,1.0799774258798533,0.03341467778484374
9,5,8,2.3483887E7,9090909.0,0.38711261896295107,-0.4121626714693352
3,6,1,1.0213177E7,1.25E7,1.2239090735429339,0.0877491544718165
8,5,10,1.0294572E7,9090909.0,0.8830778977503873,-0.05400098490377089
5,5,8,2.3266658E7,9090909.0,0.39072689339397176,-0.40812669563305487
1,6,0,1.8568921E7,1.25E7,0.673167816266761,-0.17187665554806825
2,5,8,1.9418551E7,9090909.0,0.46815588866543134,-0.3296095095024862
4,5,8,1.07512E7,9090909.0,0.8455715641044721,-0.07284963043119567
0,5,10,1.1890922E7,9090909.0,0.7645251562494481,-0.1166082198127144
8,6,0,1.1323123E7,1.25E7,1.1039357251528576,0.042943788045306075
3,6,2,1.2847444E7,1.25E7,0.9729561771197446,-0.01190672033152493
7,6,4,1.4738037E7,1.25E7,0.8481455162583728,-0.07152962948104066
6,6,3,1.6754402E7,1.25E7,0.7460725843870764,-0.1272189185523781
1,6,1,1.1038302E7,1.25E7,1.1324205480154466,0.054007741131743475
2,5,9,1.0504187E7,9090909.0,0.8654557463609511,-0.06275513414630347
9,5,9,1.812963E7,9090909.0,0.5014393012984821,-0.29978163035354505
4,5,9,1.0453682E7,9090909.0,0.8696370331525294,-0.06066197426751194
5,5,9,1.7289922E7,9090909.0,0.525792366211947,-0.27918572354744653
0,6,0,1.2223193E7,1.25E7,1.0226460467408147,0.009725343832740596
7,6,5,1.0811334E7,1.25E7,1.1561940459891444,0.06303072857419628
3,6,3,1.4090479E7,1.25E7,0.8871238515028481,-0.052015744013357845
9,5,10,1.1023287E7,9090909.0,0.8247003820185395,-0.0837038042624963
8,6,1,1.8594181E7,1.25E7,0.6722533248439391,-0.1724670411570146
5,5,10,1.0793731E7,9090909.0,0.8422397222980635,-0.07456427993303569
6,6,4,1.9779274E7,1.25E7,0.6319746619618091,-0.19930033372831615
1,6,2,1.8337658E7,1.25E7,0.6816573850379367,-0.16643385580551995
4,5,10,1.7102863E7,9090909.0,0.531543110647615,-0.27446150638602834
7,6,6,1.0912011E7,1.25E7,1.1455267044727135,0.0590052178990166
3,6,4,1.0809657E7,1.25E7,1.1563734168438462,0.0630980993850543
2,5,10,2.0914549E7,9090909.0,0.4346691386938346,-0.36184119342029786
9,6,0,1.1631403E7,1.25E7,1.0746768897956678,0.03127790976642595
0,6,1,1.8069988E7,1.25E7,0.6917547482599324,-0.160047851144712
5,6,0,1.1008147E7,1.25E7,1.1355226270143377,0.05519579261965653
8,6,2,1.1559623E7,1.25E7,1.081350144377546,0.03396634256450972
1,6,3,1.1035218E7,1.25E7,1.1327370243161485,0.05412909596694009
4,6,0,1.1156026E7,1.25E7,1.120470676565293,0.04940049525526219
7,6,7,1.0201524E7,1.25E7,1.225307120779209,0.0882449573882808
6,6,5,1.2381495E7,1.25E7,1.0095711382187693,0.004136926397390711
9,6,1,1.0535383E7,1.25E7,1.186477985660322,0.07425968457194967
3,6,5,1.4417844E7,1.25E7,0.8669812213254631,-0.061990309170907754
2,6,0,1.5001905E7,1.25E7,0.8332275134391266,-0.07923639794475518
0,6,2,1.3291359E7,1.25E7,0.9404606406312552,-0.026659375461124537
7,7,0,1.1095008E7,1.6666666E7,1.5021770151044507,0.17672111253057374
8,6,3,1.6778778E7,1.25E7,0.7449886994154163,-0.1278503149278808
5,6,1,1.9111809E7,1.25E7,0.6540458833593408,-0.18439178349409696
1,6,4,1.5497581E7,1.25E7,0.8065774910290838,-0.09335390191464188
6,6,6,1.4923627E7,1.25E7,0.837597991426615,-0.07696437277308171
2,6,1,1.0009441E7,1.25E7,1.24882098810513,0.09650018901468148
3,6,6,1.0767263E7,1.25E7,1.1609264118467246,0.06480469179561356
4,6,1,1.7178331E7,1.25E7,0.7276609118778768,-0.13807095366407177
0,6,3,1.0748248E7,1.25E7,1.1629802364069008,0.06557233442547644
9,6,2,2.0596049E7,1.25E7,0.6069125199692427,-0.21687390337710274
7,7,1,1.4297654E7,1.6666666E7,1.1656923576413305,0.06658394921575858
5,6,2,1.081217E7,1.25E7,1.1561046487430369,0.06299714750546181
1,6,5,1.1195546E7,1.25E7,1.1165154428377142,0.04786473429758
8,6,4,1.4804475E7,1.25E7,0.8443392960574421,-0.0734829979306537
4,6,2,1.0701792E7,1.25E7,1.1680286815516505,0.06745350723415318
3,6,7,1.1720994E7,1.25E7,1.0664624519046764,0.02794556937975648
0,6,4,1.0321073E7,1.25E7,1.2111143870409598,0.0831851632212061
2,6,2,1.2825208E7,1.25E7,0.9746430623191452,-0.011154404247120428
6,6,7,1.8671456E7,1.25E7,0.6694710899889115,-0.17426817254200516
9,6,3,1.1088468E7,1.25E7,1.1272972966148254,0.05203846551591213
5,6,3,1.1953377E7,1.25E7,1.0457295875466823,0.019419395985291174
1,6,6,1.1199704E7,1.25E7,1.1161009255244603,0.04770346827228419
0,6,5,9832810.0,1.25E7,1.2712540972519555,0.10423236566417188
3,7,0,1.0530235E7,1.6666666E7,1.5827439748495642,0.19941066893521303
6,7,0,1.0624905E7,1.6666666E7,1.5686414137349933,0.19552367664319034
1,6,7,1.0742417E7,1.25E7,1.1636115038170647,0.06580800616351912
4,6,3,2.1034616E7,1.25E7,0.5942585307951427,-0.226024575101399
8,6,5,2.1277496E7,1.25E7,0.5874751427517599,-0.23101050453559546
2,6,3,2.0444526E7,1.25E7,0.6114106044816103,-0.21366703301603515
3,7,1,1.0931184E7,1.6666666E7,1.5246899146515145,0.18318152758510342
0,6,6,1.130389E7,1.25E7,1.1058140162368884,0.043682090337533785
5,6,4,1.2337937E7,1.25E7,1.0131353402112524,0.005667464689836003
7,7,2,2.4621444E7,1.6666666E7,0.676916674749052,-0.1694647876278039
9,6,4,2.1634797E7,1.25E7,0.5777729275666418,-0.23824281154663413
8,6,6,1.0917048E7,1.25E7,1.1449981716669195,0.05880479319503179
1,7,0,1.2280768E7,1.6666666E7,1.3571354820805994,0.13262320520061036
6,7,1,1.6624907E7,1.6666666E7,1.0025118336000316,0.0010895077130307156
2,6,4,1.2183836E7,1.25E7,1.025949462878522,0.011125968442905568
0,6,7,1.2653842E7,1.25E7,0.9878422695652435,-0.0053123944063225995
3,7,2,1.854845E7,1.6666666E7,0.898547641447129,-0.04645889143304841
4,6,4,2.0512609E7,1.25E7,0.6093812834827593,-0.21511088881532378
9,6,5,1.2415879E7,1.25E7,1.0067752754355934,0.002932541526962928
8,6,7,1.0793185E7,1.25E7,1.1581382140674878,0.0637603918827066
0,7,0,1.9926084E7,1.6666666E7,0.8364245578810167,-0.0775732245444172
1,7,1,2.2205211E7,1.6666666E7,0.750574538562142,-0.12460617206990544
7,7,3,3.6233149E7,1.6666666E7,0.4599839224573056,-0.3372573476882062
6,7,2,2.470762E7,1.6666666E7,0.6745557038678756,-0.17098218107948154
9,6,6,2.0576695E7,1.25E7,0.6074833689278089,-0.21646560724693237
5,6,5,4.2159884E7,1.25E7,0.2964903793378559,-0.5279893942668985
8,7,0,2.2433272E7,1.6666666E7,0.7429440520312864,-0.12904388988538534
2,6,5,3.2459506E7,1.25E7,0.38509520138722997,-0.4144318930210784
0,7,1,1.1800861E7,1.6666666E7,1.4123262700916484,0.14993503731916621
3,7,3,7.0656582E7,1.6666666E7,0.23588270941269138,-0.6273038924415297
4,6,5,7.3292576E7,1.25E7,0.1705493336733041,-0.7681499730174897
0,7,2,4.8226119E7,1.6666666E7,0.345594178955184,-0.46143358120741823
5,6,6,5.0732613E7,1.25E7,0.2463898321184442,-0.6083772183662429
7,7,4,5.6688709E7,1.6666666E7,0.29400327320913233,-0.5316478344560363
8,7,1,5.1075013E7,1.6666666E7,0.32631741082474125,-0.4863597535998506
6,7,3,5.8084834E7,1.6666666E7,0.2869366210119495,-0.5422140202850064
9,6,7,5.3489923E7,1.25E7,0.2336888763141424,-0.6313619597103075
1,7,2,6.1868603E7,1.6666666E7,0.26938810950685277,-0.56962157746799
2,6,6,5.2521974E7,1.25E7,0.23799562445996414,-0.6234310273567697
8,7,2,1.1207855E7,1.6666666E7,1.4870522504083075,0.17232622855244248
9,7,0,1.0762372E7,1.6666666E7,1.5486052702879998,0.1899407329419136
3,7,4,1.8048101E7,1.6666666E7,0.9234581521900836,-0.03458278044541451
5,6,7,1.4548924E7,1.25E7,0.8591700664598977,-0.06592086222849022
0,7,3,1.5885405E7,1.6666666E7,1.0491810564477266,0.020850440558716453
4,6,6,1.7102281E7,1.25E7,0.7308966564167668,-0.1361440248489171
6,7,4,1.7531426E7,1.6666666E7,0.9506737215786097,-0.02196851064576865
7,7,5,2.2610894E7,1.6666666E7,0.737107785300307,-0.13246900177664028
2,6,7,1.856178E7,1.25E7,0.6734267941975393,-0.17170960796480247
3,7,5,9462856.0,1.6666666E7,1.7612722839700825,0.24582650093303737
8,7,3,1.1951071E7,1.6666666E7,1.3945750970770736,0.14444190574300453
9,7,1,1.2861359E7,1.6666666E7,1.2958712994482153,0.11256187135329136
1,7,3,2.4904007E7,1.6666666E7,0.6692363200829489,-0.17442049750107336
4,6,7,1.2736471E7,1.25E7,0.9814335540826026,-0.008139098073250039
6,7,5,1.0348445E7,1.6666666E7,1.6105478649207683,0.20697363642802635
5,7,0,1.8100092E7,1.6666666E7,0.9208055959052583,-0.035832050082662596
0,7,4,1.7096199E7,1.6666666E7,0.9748755264254938,-0.011050832134816266
9,7,2,1.2993156E7,1.6666666E7,1.2827265369553016,0.10813407948486942
2,7,0,1.6145589E7,1.6666666E7,1.0322736445229717,0.013794839299948108
4,7,0,1.0576948E7,1.6666666E7,1.5757537996783193,0.19748836303061312
8,7,4,1.5521648E7,1.6666666E7,1.0737690997760032,0.030910901964839966
6,8,0,1.1684789E7,2.5E7,2.1395337134457457,0.330319134217052
3,8,0,1.7491149E7,2.5E7,1.4292943248039336,0.1551216692923057
7,8,0,1.890661E7,2.5E7,1.322288871458183,0.12132634287699605
1,7,4,1.6298256E7,1.6666666E7,1.022604259007835,0.0097075971718103
5,7,1,1.3190489E7,1.6666666E7,1.2635366285510718,0.10158783616257124
9,7,3,1.1251422E7,1.6666666E7,1.4812941866370313,0.17064131844374333
4,7,1,1.1136383E7,1.6666666E7,1.4965959773474027,0.1751045735622977
0,7,5,1.837441E7,1.6666666E7,0.9070585667784707,-0.04236467059420838
6,8,1,1.076673E7,2.5E7,2.321967765514692,0.3658561863946879
1,7,5,1.0586632E7,1.6666666E7,1.5743123969927357,0.19709091533449755
7,8,1,1.28376E7,2.5E7,1.9474044992833552,0.28945616906541455
3,8,1,1.5272095E7,2.5E7,1.6369725306187528,0.21404139175110393
8,7,5,1.7348142E7,1.6666666E7,0.9607176376582576,-0.01740423608365991
2,7,1,1.7932925E7,1.6666666E7,0.9293891543069521,-0.03180239991409727
5,7,2,1.4546424E7,1.6666666E7,1.1457569228010953,0.05909248998423165
4,7,2,1.1695598E7,1.6666666E7,1.4250375226645102,0.15382629990354496
1,8,0,1.071708E7,2.5E7,2.3327249586641137,0.36786353606077227
9,7,4,1.4489726E7,1.6666666E7,1.1502402460888494,0.06078855918286698
7,8,2,1.0319988E7,2.5E7,2.4224834369962447,0.3842608163747223
6,8,2,1.7626644E7,2.5E7,1.418307421424067,0.15177037538695584
5,7,3,1.0898709E7,1.6666666E7,1.5292330495290773,0.1844736753481721
3,8,2,1.6061491E7,2.5E7,1.5565180094425854,0.19215414998242017
4,7,3,1.017858E7,1.6666666E7,1.6374254562031245,0.21416153785677075
8,8,0,1.6377756E7,2.5E7,1.5264606457685657,0.18368561207662729
2,7,2,1.677248E7,1.6666666E7,0.9936912132254742,-0.0027485504380854557
0,8,0,2.4295892E7,2.5E7,1.0289805371212548,0.012407160281597204
9,7,5,1.6394092E7,1.6666666E7,1.01662635539681,0.007161364323045649
1,8,1,1.6974768E7,2.5E7,1.4727741787104247,0.1681361613311822
7,8,3,1.7857903E7,2.5E7,1.3999404073367405,0.14610954902419954
5,7,4,1.1707607E7,1.6666666E7,1.4235757999051386,0.15338059660000758
3,8,3,1.0921989E7,2.5E7,2.28896037159532,0.3596382738687506
4,7,4,1.1121011E7,1.6666666E7,1.4986646447881402,0.17570446192634262
8,8,1,1.1511506E7,2.5E7,2.1717401702262067,0.336807864477103
2,7,3,1.0822463E7,1.6666666E7,1.5400067433817977,0.18752262252938007
0,8,1,1.0990925E7,2.5E7,2.2746038208794985,0.3569057643385617
9,8,0,1.1158121E7,2.5E7,2.240520603782662,0.3503489420307952
7,9,0,1.077011E7,3.3333333E7,3.0949853808364076,0.4906586019709759
6,8,3,2.4294063E7,2.5E7,1.0290580048302336,0.012439855294703374
4,7,5,1.0777372E7,1.6666666E7,1.5464499137637635,0.18933585868884767
2,7,4,1.052981E7,1.6666666E7,1.5828078569318915,0.19942819740249162
1,8,2,1.5673692E7,2.5E7,1.5950294289309757,0.20276870037403044
8,8,2,1.1918661E7,2.5E7,2.0975510587976283,0.32171254126911586
0,8,2,1.6029047E7,2.5E7,1.559668519282525,0.19303230633939097
9,8,1,1.041074E7,2.5E7,2.4013662813594423,0.3804584082206277
7,9,1,1.1098775E7,3.3333333E7,3.003334422042072,0.47760369369118033
6,9,0,1.1040248E7,3.3333333E7,3.019255817441782,0.47989991176325253
4,8,0,1.0509557E7,2.5E7,2.378787231469414,0.37635559868664026
5,7,5,2.365296E7,1.6666666E7,0.7046334158600023,-0.1520367651009978
2,7,5,1.0750214E7,1.6666666E7,1.5503566719695068,0.19043162258885285
3,9,0,2.4052806E7,3.3333333E7,1.3858396812413487,0.14171299248405947
1,8,3,1.1126173E7,2.5E7,2.246954096435495,0.3515942002035534
9,8,2,1.1445084E7,2.5E7,2.1843439506429134,0.339321024190737
0,8,3,1.161599E7,2.5E7,2.1522057095434826,0.33288377919228357
8,8,3,1.7271103E7,2.5E7,1.4475045398084883,0.16061993447939335
7,9,2,1.1912792E7,3.3333333E7,2.798112566726591,0.4468651819659728
2,8,0,1.0939184E7,2.5E7,2.285362418257157,0.3589550813285942
4,8,1,1.3215687E7,2.5E7,1.8916912908121992,0.2768502643935631
6,9,1,1.389129E7,3.3333333E7,2.3995851357217366,0.38013616302786885
5,8,0,1.3274504E7,2.5E7,1.8833095383450862,0.274921705968426
0,9,0,1.0920866E7,3.3333333E7,3.0522609653849795,0.48462166263194967
9,8,3,1.1653555E7,2.5E7,2.145268117754625,0.3314815784715627
3,9,1,1.9390859E7,3.3333333E7,1.7190230200735306,0.23528169252414782
7,10,0,1.061135E7,2.5E7,2.3559679022932993,0.3721693693273477
1,9,0,1.9889087E7,3.3333333E7,1.6759609428024524,0.22426389345713357
6,9,2,9846712.0,3.3333333E7,3.3852247328854546,0.5295875052256885
2,8,1,1.1475164E7,2.5E7,2.1786181007957706,0.3381811075968502
4,8,2,1.0992022E7,2.5E7,2.2743768162036067,0.3568624197363076
0,9,1,1.0978458E7,3.3333333E7,3.036249079788801,0.4823373961894055
9,9,0,1.1678832E7,3.3333333E7,2.8541666666666665,0.4554793297808195
7,10,1,1.0748492E7,2.5E7,2.325907671513362,0.3665924711198103
6,10,0,9728931.0,2.5E7,2.569655391738311,0.4098748853930333
3,9,2,1.3310579E7,3.3333333E7,2.504273705899646,0.3986817935742233
4,8,3,1.052308E7,2.5E7,2.3757302994940646,0.37579713660810493
1,9,1,1.7304923E7,3.3333333E7,1.926234112685737,0.2847090697400405
8,9,0,3.0910786E7,3.3333333E7,1.0783722225633474,0.03276869248609874
5,8,1,2.6889181E7,2.5E7,0.9297419657370747,-0.03163756586076771
0,9,2,1.0591535E7,3.3333333E7,3.147167336934637,0.4979198352472681
4,9,0,1.033722E7,3.3333333E7,3.2245935561011567,0.5084749817723704
2,8,2,2.2501501E7,2.5E7,1.1110369925988492,0.04572851925958102
3,10,0,1.1475231E7,2.5E7,2.178605380580138,0.33817857189057704
6,10,1,1.6963904E7,2.5E7,1.4737173707184383,0.16841420258232787
8,9,1,1.0112368E7,3.3333333E7,3.296293509096979,0.5180258752659651
7,10,2,1.9541688E7,2.5E7,1.2793163006184523,0.10697793355629309
0,10,0,1.0703182E7,2.5E7,2.335753984189001,0.3684270983137892
1,9,2,1.2585732E7,3.3333333E7,2.64850173196124,0.4230002612742457
5,8,2,1.102332E7,2.5E7,2.2679192838455204,0.3556275937815891
9,9,1,2.2920268E7,3.3333333E7,1.4543168954219907,0.16265904953380803
4,9,1,1.1349278E7,3.3333333E7,2.93704436528914,0.4679105067729665
3,10,1,1.0425494E7,2.5E7,2.3979679044465425,0.3798433659959231
0,10,1,1.0454075E7,2.5E7,2.3914119613643483,0.378654397168073
1,10,0,1.0343623E7,2.5E7,2.416948104160409,0.3832673254929912
2,8,3,1.8219025E7,2.5E7,1.3721919806356269,0.13741487689399756
6,10,2,1.4921415E7,2.5E7,1.6754443194562982,0.22412999937230832
9,9,2,1.0704672E7,3.3333333E7,3.1139051247903717,0.4933053762450405
8,9,2,1.5269976E7,3.3333333E7,2.18293290048393,0.33904038646615536
5,8,3,1.4142393E7,2.5E7,1.7677347815182338,0.24741710707789413
3,10,2,1.0740331E7,2.5E7,2.3276750036847096,0.3669223428337903
4,9,2,1.0970057E7,3.3333333E7,3.038574275411696,0.48266985677916696
0,10,2,1.0788408E7,2.5E7,2.317302052351005,0.36498264627141996
6,10,3,1.0402305E7,2.5E7,2.4033134963837344,0.3808104253479068
2,9,0,1.1008366E7,3.3333333E7,3.028000068311682,0.48115588062571885
5,9,0,1.0949969E7,3.3333333E7,3.0441486181376405,0.48346585127248815
9,10,0,1.2166066E7,2.5E7,2.054895970480515,0.312789840523593
4,10,0,1.0759172E7,2.5E7,2.3235988791702558,0.366161158314481
7,10,3,3.2512376E7,2.5E7,0.7689379576564936,-0.11410870016531097
1,10,1,2.1618389E7,2.5E7,1.1564228953415538,0.06311668142655735
6,11,0,8991842.0,2.0E7,2.2242383707364963,0.347181328570112
8,10,0,1.9615359E7,2.5E7,1.2745114682836036,0.1053437476827894
3,10,3,1.905753E7,2.5E7,1.3118174285964654,0.11787339657134548
2,9,1,1.1638463E7,3.3333333E7,2.864066586799305,0.45698311068307423
0,10,3,1.4110838E7,2.5E7,1.7716878331393218,0.2483872027157756
5,9,1,1.0970581E7,3.3333333E7,3.038429140626189,0.48264911259583365
9,10,1,1.1043199E7,2.5E7,2.263836774108662,0.3548451103875158
4,10,1,1.2213144E7,2.5E7,2.0469749640223682,0.3111125309607829
6,11,1,1.1060409E7,2.0E7,1.8082513946816976,0.2572588087351881
8,10,1,1.0949775E7,2.5E7,2.2831519369119455,0.3585348134468024
3,11,0,1.2713867E7,2.0E7,1.5730855136364097,0.19675233170846168
1,10,2,1.7862014E7,2.5E7,1.3996182065471452,0.14600958324751603
5,9,2,1.5846257E7,3.3333333E7,2.1035461560417708,0.32295204575369435
2,9,2,1.7266524E7,3.3333333E7,1.9305178621939192,0.28567382430576366
9,10,2,1.675606E7,2.5E7,1.4919975220905153,0.17376810186097338
4,10,2,1.5369747E7,2.5E7,1.6265719923691653,0.21127328999521053
6,11,2,1.1759711E7,2.0E7,1.7007220670644032,0.23063334676803687
8,10,2,1.0568256E7,2.5E7,2.3655747930405924,0.3739366838118972
7,11,0,2.4823539E7,2.0E7,0.8056868925901339,-0.09383370166820279
3,11,1,1.163504E7,2.0E7,1.7189455300540437,0.2352621149815492
0,11,0,2.6898768E7,2.0E7,0.7435284768432517,-0.12870239351855525
2,10,0,1.1147655E7,2.5E7,2.242624121395935,0.3507564890608699
6,11,3,1.1486381E7,2.0E7,1.7411924608804112,0.24084677805512625
3,11,2,1.0773583E7,2.0E7,1.8563926225843344,0.26866983383809306
5,10,0,1.7659342E7,2.5E7,1.4156812864261874,0.15096549125908054
7,11,1,1.4373026E7,2.0E7,1.3914954303985814,0.1434817844710397
1,10,3,2.2980264E7,2.5E7,1.0878900259805544,0.03658499506456486
8,10,3,1.9142737E7,2.5E7,1.305978345729767,0.1159359760140647
2,10,1,1.1129681E7,2.5E7,2.246245871737025,0.35145729194965014
9,10,3,2.3777992E7,2.5E7,1.0513923968012102,0.02176483207063299
0,11,1,1.6781372E7,2.0E7,1.1917976670799026,0.07620253096683757
4,10,3,2.5155974E7,2.5E7,0.9937997232784547,-0.002701128518899061
3,11,3,1.3090627E7,2.0E7,1.527810699976403,0.18406954727068697
7,11,2,1.2984368E7,2.0E7,1.5403137064507106,0.18760917999610438
5,10,1,1.4838302E7,2.5E7,1.6848288975382764,0.2265558027574765
2,10,2,1.060376E7,2.5E7,2.357654266033935,0.372480119095629
1,11,0,1.3240717E7,2.0E7,1.5104922188126217,0.17911849237961028
6,11,4,2.0270297E7,2.0E7,0.9866653655839379,-0.005830116350003066
8,11,0,1.2454857E7,2.0E7,1.6057992476348786,0.2056912500995598
0,11,2,1.0955756E7,2.0E7,1.8255244092694287,0.2613876443195165
4,11,0,1.1737328E7,2.0E7,1.7039653318029453,0.23146075453875575
3,11,4,1.0955947E7,2.0E7,1.8254925840732892,0.2613800730005692
5,10,2,1.0399995E7,2.5E7,2.403847309541976,0.3809068781687315
9,11,0,1.9444826E7,2.0E7,1.028551245457275,0.012225934402048215
1,11,1,1.0908143E7,2.0E7,1.8334926485653882,0.2632791729855299
6,12,0,1.1429864E7,1.25E7,1.0936263108642412,0.03886895010191979
8,11,1,1.2416863E7,2.0E7,1.610712786313258,0.20701810625429837
4,11,1,1.066908E7,2.0E7,1.8745758772077818,0.27290302405109446
0,11,3,1.2094968E7,2.0E7,1.653580232705039,0.21842527198979544
3,12,0,1.0689686E7,1.25E7,1.1693514664509321,0.06794506462529792
7,11,3,2.1656539E7,2.0E7,0.9235085994119374,-0.03455905619584165
5,10,3,1.1802609E7,2.5E7,2.1181757355513513,0.3259619887337578
1,11,2,1.0529566E7,2.0E7,1.89941351808802,0.27861952454397304
9,11,1,1.1230709E7,2.0E7,1.7808314684317794,0.25062282131988217
4,11,2,1.1006686E7,2.0E7,1.817077365521284,0.2593734186144149
8,11,2,1.3146145E7,2.0E7,1.5213585427515062,0.18223157749046862
2,10,3,2.7915895E7,2.5E7,0.8955471425866877,-0.04791154747394366
6,12,1,1.5218565E7,1.25E7,0.8213652207024775,-0.08546369054589217
3,12,1,1.0360766E7,1.25E7,1.2064745019818033,0.08151814782323936
1,11,3,1.0386089E7,2.0E7,1.9256526686801934,0.2845779558525385
9,11,2,1.0579644E7,2.0E7,1.890422777930902,0.27655894152216637
0,11,4,1.7252141E7,2.0E7,1.1592764051719726,0.06418699673077478
7,11,4,1.4193247E7,2.0E7,1.4091208304907257,0.1489482349584867
5,11,0,1.4812335E7,2.0E7,1.350226010956409,0.13040647004743103
4,11,3,1.0909302E7,2.0E7,1.8332978590197613,0.26323303125766034
3,12,2,1.0682745E7,1.25E7,1.1701112401353773,0.06822715121665204
8,11,3,1.4654199E7,2.0E7,1.3647965337443555,0.13506791082109515
1,11,4,1.2035434E7,2.0E7,1.6617597670345747,0.22056824003035455
7,12,0,1.1599667E7,1.25E7,1.0776171419403677,0.03246449120685431
0,12,0,1.2243889E7,1.25E7,1.0209174552301152,0.00899062926881015
2,11,0,1.9788228E7,2.0E7,1.010701918332455,0.004623090001177474
4,11,4,1.0743073E7,2.0E7,1.8616647210718944,0.2699014688582778
6,12,2,2.1733648E7,1.25E7,0.5751450469796879,-0.24022261590332764
5,11,1,1.5703488E7,2.0E7,1.2736023996706973,0.10503386867465572
8,11,4,1.1945401E7,2.0E7,1.674284521716768,0.22382926232616995
3,12,3,1.457026E7,1.25E7,0.8579119384280034,-0.06655728862863344
1,12,0,1.3306678E7,1.25E7,0.9393779574436234,-0.027159634777546935
9,11,3,2.6405558E7,2.0E7,0.7574162984929158,-0.12066535373146096
4,12,0,1.0177872E7,1.25E7,1.2281545690494045,0.08925302825533928
2,11,1,1.2587039E7,2.0E7,1.5889360476280403,0.20110641783596728
5,11,2,1.4383089E7,2.0E7,1.3905218830252666,0.14317782786565064
7,12,1,2.0458504E7,1.25E7,0.6109928663405692,-0.21396386034175435
0,12,1,2.1564953E7,1.25E7,0.579644203258871,-0.23683850294653672
3,12,4,1.4455634E7,1.25E7,0.8647147541228561,-0.06312713084804278
8,12,0,1.6431852E7,1.25E7,0.7607176598231289,-0.1187765016170561
9,11,4,1.1361792E7,2.0E7,1.7602857014104818,0.24558316126658009
1,12,1,1.4395115E7,1.25E7,0.8683501312771729,-0.06130512572087051
2,11,2,1.2967401E7,2.0E7,1.542329106657533,0.1881770546195525
7,12,2,1.1683207E7,1.25E7,1.0699117117414765,0.029347941530563647
8,12,1,1.1375976E7,1.25E7,1.0988068188610807,0.04092134585641604
6,12,3,3.2378826E7,1.25E7,0.3860547630726327,-0.4133510849310714
2,11,3,1.0792486E7,2.0E7,1.853141157653575,0.26790850170159586
1,12,2,1.1355986E7,1.25E7,1.1007410541013347,0.04168516456516446
4,12,1,2.4230515E7,1.25E7,0.5158784285022419,-0.2874526318055245
9,12,0,1.3946412E7,1.25E7,0.896287876767157,-0.047552477825247526
0,12,2,1.7680221E7,1.25E7,0.7070047371014198,-0.15057767631609267
5,11,3,1.9075666E7,2.0E7,1.0484561849636076,0.020550285992466378
7,12,3,1.0788146E7,1.25E7,1.1586791650761863,0.06396319771836882
8,12,2,1.2158471E7,1.25E7,1.0280897984623232,0.012031049750150638
3,12,5,2.4577676E7,1.25E7,0.5085916178567901,-0.2936308017469018
6,12,4,1.2263145E7,1.25E7,1.0193143765322843,0.00830814959668616
9,12,1,1.0345288E7,1.25E7,1.208279556837857,0.08216742761773074
0,12,3,1.0655711E7,1.25E7,1.1730798629955335,0.06932757978611788
1,12,3,1.2887016E7,1.25E7,0.9699685326688505,-0.013242354713086001
5,11,4,1.5021927E7,2.0E7,1.3313871116535183,0.12430434849604104
7,12,4,1.1966851E7,1.25E7,1.0445521549486996,0.0189301293722751
4,12,2,2.0881491E7,1.25E7,0.5986162578141571,-0.2228514923352947
2,11,4,2.170009E7,2.0E7,0.9216551636421785,-0.035431539402166576
1,12,4,1.0499648E7,1.25E7,1.190516101111199,0.07573527338765236
6,12,5,1.307095E7,1.25E7,0.9563191657836653,-0.019397140353990844
3,12,6,1.3389319E7,1.25E7,0.9335799677339826,-0.029848475724393274
0,12,4,1.1527069E7,1.25E7,1.0844040232603795,0.03519112019260581
8,12,3,1.4241716E7,1.25E7,0.8777032205950462,-0.05665230806463422
9,12,2,1.6545197E7,1.25E7,0.755506265655223,-0.1217619295669079
7,12,5,1.110777E7,1.25E7,1.1253383892536486,0.0512831344365865
5,12,0,1.2897723E7,1.25E7,0.9691633166567463,-0.013603032498888097
4,12,3,1.1659876E7,1.25E7,1.0720525672828767,0.03021608117872399
2,12,0,1.1844769E7,1.25E7,1.0553181746305056,0.023383417599214865
6,12,6,1.0507257E7,1.25E7,1.1896539696326072,0.0754206580878431
8,12,4,1.420298E7,1.25E7,0.8800969937294849,-0.055469462485948334
7,12,6,1.0401698E7,1.25E7,1.201726871901107,0.07980577257111807
1,12,5,1.5471858E7,1.25E7,0.8079184801204872,-0.09263245781441251
0,12,5,1.6013278E7,1.25E7,0.7806021977511413,-0.107570230316044
5,12,1,1.2067187E7,1.25E7,1.0358669340253035,0.015303970148423409
9,12,3,1.5502861E7,1.25E7,0.8063027850149724,-0.09350184012059533
2,12,1,1.0970703E7,1.25E7,1.1393982682787056,0.0566755550560887
6,12,7,1.1005988E7,1.25E7,1.1357453778797506,0.05528097805069303
4,12,4,1.2717884E7,1.25E7,0.982867904755225,-0.007504846451485888
3,12,7,2.3334897E7,1.25E7,0.5356783876097675,-0.27109587524588624
1,12,6,1.0886954E7,1.25E7,1.1481632052454709,0.0600036250826361
7,12,7,1.120482E7,1.25E7,1.1155913258758285,0.04750512881119731
8,12,5,1.1806018E7,1.25E7,1.0587820550502294,0.024806571976961848
0,12,6,1.2709689E7,1.25E7,0.9835016419363212,-0.007224910698087603
9,12,4,1.0591749E7,1.25E7,1.1801639181593144,0.07194233256713012
4,12,5,9477793.0,1.25E7,1.3188724421392195,0.12020279376173115
2,12,2,1.0708761E7,1.25E7,1.1672685570254113,0.06717078699322625
5,12,2,1.6065054E7,1.25E7,0.7780863979666672,-0.10897217669041158
1,12,7,1.046618E7,1.25E7,1.1943230481417288,0.07712181343428583
8,12,6,1.0332166E7,1.25E7,1.209814089320671,0.08271863793178083
0,12,7,1.0498722E7,1.25E7,1.1906211060736727,0.07577357699793293
2,12,3,8800172.0,1.25E7,1.4204267825674317,0.15241885245778697
4,12,6,9467402.0,1.25E7,1.3203199779622752,0.12067919470814274
9,12,5,1.0448196E7,1.25E7,1.196378781561908,0.0778687019752163
5,12,3,9790923.0,1.25E7,1.2766927081338502,0.10608637790443236
8,12,7,8128480.0,1.25E7,1.5378028856563588,0.18690067151356166
4,12,7,6954109.0,1.25E7,1.7974984286268736,0.2546685193948501
9,12,6,6991031.0,1.25E7,1.7880052312741854,0.25236878510318106
2,12,4,7866474.0,1.25E7,1.589021968419396,0.2011299014222118
5,12,4,7680684.0,1.25E7,1.6274592210797894,0.2115101153465876
9,12,7,6511284.0,1.25E7,1.91974424706402,0.2832433748039958
2,12,5,6355605.0,1.25E7,1.9667679158789761,0.2937531149779114
5,12,5,6723263.0,1.25E7,1.859216276382465,0.2693299127283888
2,12,6,6502816.0,1.25E7,1.922244147766137,0.2838085473770925
5,12,6,6397551.0,1.25E7,1.9538726615856599,0.29089625632608335
2,12,7,6460915.0,1.25E7,1.934710486053446,0.2866159855221034
5,12,7,9736068.0,1.25E7,1.2838858561793118,0.10852641451554268
