 Number of tacts (im units) = 1
 Number of massive (im units) = 100
 Command Line curl 192.168.222.3:9000 > /dev/null 2>&1
cycle , cPeriod , count , procDur , procTime , lI , spb
0,0,0,1.8999194E7,2.0E7,1.0526762345813196,0.02229481833100411
0,0,1,1.8324089E7,2.0E7,1.091459444450417,0.038007603188890494
0,0,2,1.2861946E7,2.0E7,1.5549746515807172,0.1917233137690634
0,0,3,1.2514187E7,2.0E7,1.598186122678205,0.20362735529406828
0,0,4,1.0454608E7,2.0E7,1.9130320333387918,0.28172224226242265
0,1,0,9314923.0,1.4285714E7,1.533637368768373,0.18572268206365444
0,1,1,1.1190249E7,1.4285714E7,1.2766216372843893,0.10606220095355406
0,1,2,1.1418593E7,1.4285714E7,1.2510923193426722,0.09728935789628099
0,1,3,1.0437019E7,1.4285714E7,1.3687542391175105,0.13632547722345717
0,1,4,1.0758117E7,1.4285714E7,1.3279009700303501,0.12316568815472635
0,1,5,9746737.0,1.4285714E7,1.4656919541380875,0.16604270381423158
0,1,6,1.6485913E7,1.4285714E7,0.8665406641415614,-0.06221105234081469
0,2,0,1.0317183E7,1.1111111E7,1.0769520129671055,0.032196352352865845
0,2,1,1.1741271E7,1.1111111E7,0.9463294902229921,-0.023957625890533234
0,2,2,1.2092578E7,1.1111111E7,0.9188372404957817,-0.03676141115434724
0,2,3,9737356.0,1.1111111E7,1.141080905329948,0.05731643801390674
0,2,4,1.1107994E7,1.1111111E7,1.0002806087219709,1.2184972427761705E-4
0,2,5,1.046386E7,1.1111111E7,1.0618558543405587,0.026065565791265843
0,2,6,9541420.0,1.1111111E7,1.1645133533583052,0.06614447291069672
0,2,7,1.1994783E7,1.1111111E7,0.9263286380420555,-0.03323490924951703
0,2,8,1.0808098E7,1.1111111E7,1.0280357376478266,0.012008212318275858
0,3,0,9424143.0,1.1111111E7,1.1790049238429425,0.07151561882991053
0,3,1,9170889.0,1.1111111E7,1.2115631319929834,0.083346049230296
0,3,2,9976427.0,1.1111111E7,1.1137365110775632,0.046782457157114106
0,3,3,9870250.0,1.1111111E7,1.1257172817304526,0.05142933332059069
0,3,4,1.0518332E7,1.1111111E7,1.0563567493401045,0.0238106114789842
0,3,5,1.0042426E7,1.1111111E7,1.1064170151714336,0.04391884600421971
0,3,6,1.0600539E7,1.1111111E7,1.0481647206807125,0.02042953804970967
0,3,7,9176917.0,1.1111111E7,1.210767297993433,0.0830606824424518
0,3,8,9676249.0,1.1111111E7,1.14828700666963,0.06005045063551523
0,4,0,9753851.0,1.4285714E7,1.4646229473876524,0.16572583428380314
0,4,1,1.0682335E7,1.4285714E7,1.3373212879019427,0.1262357578979521
0,4,2,1.2553851E7,1.4285714E7,1.1379547200297344,0.05612498153843689
0,4,3,1.3623592E7,1.4285714E7,1.0486011325060234,0.020610322422956337
0,4,4,1.2503083E7,1.4285714E7,1.142575315224253,0.05788483710795553
0,4,5,9554883.0,1.4285714E7,1.4951218136318363,0.17467657783299573
0,4,6,1.1133814E7,1.4285714E7,1.2830925682789385,0.10825798953356562
0,5,0,1.0421405E7,2.0E7,1.919127027497732,0.2831037217471988
0,5,1,1.0281901E7,2.0E7,1.9451655875698473,0.28895657774750594
0,5,2,9413131.0,2.0E7,2.1246915611819275,0.32729589297497125
0,5,3,9241773.0,2.0E7,2.1640869127601383,0.3352746986591918
0,5,4,1.1212005E7,2.0E7,1.7838022726532854,0.25134671290181854
0,6,0,9697687.0,3.3333333E7,3.437245706115283,0.5362105781063817
0,6,1,9338352.0,3.3333333E7,3.569509159646156,0.5526085007304382
0,6,2,9711083.0,3.3333333E7,3.4325041810475723,0.5356110749123713
0,7,0,9498569.0,1.0E8,10.527901623918298,1.0223418181022275
0,8,0,9425642.0,1.0E8,10.609356901100211,1.0256890594180037
0,9,0,9946610.0,3.3333333E7,3.3512254929066283,0.5252036510612574
0,9,1,9875981.0,3.3333333E7,3.3751920948410086,0.5282984951982649
0,9,2,1.0431256E7,3.3333333E7,3.1955243932274313,0.5045421371102465
0,10,0,1.0342497E7,2.0E7,1.9337689921495747,0.2864045920701935
0,10,1,9330988.0,2.0E7,2.1433957475885728,0.33110236475447347
0,10,2,9640317.0,2.0E7,2.074620575236271,0.31693868073550385
0,10,3,1.1160726E7,2.0E7,1.7919981191187742,0.2533375494908574
0,10,4,1.0398201E7,2.0E7,1.9234096359552966,0.2840717874570575
0,11,0,1.0961428E7,1.25E7,1.1403623688446431,0.05704287746172091
0,11,1,1.0099744E7,1.25E7,1.2376551326449463,0.09259964722505715
0,11,2,8830153.0,1.25E7,1.4156040104854355,0.15094178434780786
0,11,3,9748942.0,1.25E7,1.282190416149773,0.10795252638578484
0,11,4,1.1333198E7,1.25E7,1.1029543470430854,0.042557536703476014
0,11,5,1.0167848E7,1.25E7,1.229365348498522,0.08968096771767725
0,11,6,9887873.0,1.25E7,1.2641748129248829,0.10180713331281102
0,11,7,9817036.0,1.25E7,1.2732967465943896,0.10492962941159018
0,12,0,9277801.0,1.1111111E7,1.1976017808530275,0.07831243313832582
0,12,1,1.0541318E7,1.1111111E7,1.0540532976995856,0.02286257132397791
0,12,2,1.0264252E7,1.1111111E7,1.0825056711390173,0.034430180256746934
0,12,3,1.0648882E7,1.1111111E7,1.0434063406844023,0.018453471562012914
0,12,4,1.120842E7,1.1111111E7,0.991318223264296,-0.003786910173554706
0,12,5,9624049.0,1.1111111E7,1.1545152149578624,0.0623996607081116
0,12,6,9219198.0,1.1111111E7,1.2052144882884606,0.08106434383264235
0,12,7,1.0988798E7,1.1111111E7,1.011130698735203,0.004807296116047141
0,12,8,1.0020724E7,1.1111111E7,1.1088131955335763,0.044858385659973736
0,13,0,1.1296401E7,1.1111111E7,0.9835974307215192,-0.007182614362889415
0,13,1,9605745.0,1.1111111E7,1.156715174096335,0.06322643280952207
0,13,2,1.0086844E7,1.1111111E7,1.1015448439571387,0.04200218200126905
0,13,3,9070817.0,1.1111111E7,1.2249294633548444,0.08811108089830251
0,13,4,9890425.0,1.1111111E7,1.123420985448047,0.050542532215184253
0,13,5,1.1443309E7,1.1111111E7,0.9709701101316062,-0.012794138994885617
0,13,6,9972550.0,1.1111111E7,1.1141694952645012,0.046951263780886106
0,13,7,9860369.0,1.1111111E7,1.1268453543675698,0.05186431857213601
0,13,8,9454841.0,1.1111111E7,1.175176927882764,0.07010325641089095
0,14,0,9609640.0,1.4285714E7,1.4866024117448728,0.1721948330321401
0,14,1,9675564.0,1.4285714E7,1.4764735161691867,0.16922566133513972
0,14,2,9881892.0,1.4285714E7,1.4456456314236181,0.16006184816017258
0,14,3,1.0465244E7,1.4285714E7,1.3650626779461617,0.13515259281356287
0,14,4,1.0825327E7,1.4285714E7,1.3196565794271158,0.1204609273690784
0,14,5,1.0172384E7,1.4285714E7,1.404362438539481,0.14747920519007657
0,14,6,9035214.0,1.4285714E7,1.581115178898917,0.19896350797030918
0,15,0,9567322.0,2.0E7,2.090449135087123,0.32023960473994484
0,15,1,1.1630853E7,2.0E7,1.7195643346193095,0.23541842886259035
0,15,2,1.0077642E7,2.0E7,1.9845912367198597,0.29767106932691567
0,15,3,1.0867497E7,2.0E7,1.8403501744697974,0.2649004666891788
0,15,4,9620348.0,2.0E7,2.0789268745787575,0.3178392134654457
0,16,0,8874176.0,5.0E7,5.634325936289747,0.7508419665826136
0,16,1,9436532.0,5.0E7,5.29855671553914,0.7241575873671102
0,17,0,1.0164162E7,1.0E8,9.838489390468196,0.9929284216278284
0,18,0,1.0347128E7,1.0E8,9.664517535687198,0.9851801784040222
0,19,0,1.0411518E7,3.3333333E7,3.2015824205461683,0.5053646866467232
0,19,1,1.0236724E7,3.3333333E7,3.2562500464015636,0.5127177468322962
0,19,2,9008401.0,3.3333333E7,3.700249689151271,0.5682310308134385
0,20,0,9624508.0,1.6666666E7,1.7316901809422363,0.23847019441171935
0,20,1,1.116664E7,1.6666666E7,1.4925408180079236,0.17392621704978312
0,20,2,9927432.0,1.6666666E7,1.6788496763312002,0.2250118112884005
0,20,3,1.0001708E7,1.6666666E7,1.6663819819574817,0.22177456108110474
0,20,4,9735486.0,1.6666666E7,1.7119500762468356,0.2334910956643524
0,20,5,8996060.0,1.6666666E7,1.8526628323955154,0.2677963889067251
0,21,0,9155170.0,1.25E7,1.3653487592256615,0.13524359999279292
0,21,1,1.5295679E7,1.25E7,0.8172242631399365,-0.08765874777703352
0,21,2,1.128049E7,1.25E7,1.108107892476302,0.04458204814139005
0,21,3,9849658.0,1.25E7,1.2690795964692378,0.10348886182936747
0,21,4,9399462.0,1.25E7,1.3298633474979737,0.12380701654855969
0,21,5,9628495.0,1.25E7,1.2982298895102506,0.11335160379366963
0,21,6,1.0943077E7,1.25E7,1.1422747002511269,0.057770557900239265
0,21,7,1.0736141E7,1.25E7,1.1642917133819313,0.06606180646482392
0,22,0,1.0774222E7,1.1111111E7,1.0312680581484213,0.01337156639245261
0,22,1,1.180541E7,1.1111111E7,0.9411880654716778,-0.026323588436789707
0,22,2,9372599.0,1.1111111E7,1.1854887849144085,0.07389744977534123
0,22,3,1.0690994E7,1.1111111E7,1.0392963460647344,0.016739400405943527
0,22,4,1.0526162E7,1.1111111E7,1.0555709668918263,0.02348743659530964
0,22,5,1.0143173E7,1.1111111E7,1.0954275353481597,0.03958365342631057
0,22,6,1.0403946E7,1.1111111E7,1.0679708449082685,0.028559396823353515
0,22,7,9846036.0,1.1111111E7,1.1284857175009313,0.052496066869885755
0,22,8,1.0179215E7,1.1111111E7,1.0915489062761716,0.03804319881753296
0,23,0,9169343.0,1.1111111E7,1.211767407981139,0.08341926741757008
0,23,1,9784027.0,1.1111111E7,1.135637810484374,0.055239843708835626
0,23,2,1.5482095E7,1.1111111E7,0.717674901232682,-0.14407224179436684
0,23,3,1.1738867E7,1.1111111E7,0.9465232888318779,-0.02386869592443651
0,23,4,1.0389995E7,1.1111111E7,1.0694048457193674,0.029142147656985178
0,23,5,1.2294161E7,1.1111111E7,0.9037713919640389,-0.043941409971838395
0,23,6,1.2832946E7,1.1111111E7,0.8658269893756274,-0.06256888057620522
0,23,7,1.2006328E7,1.1111111E7,0.9254379024127943,-0.033652717423503654
0,23,8,9854632.0,1.1111111E7,1.1275013617961585,0.052117075091195425
0,24,0,1.1078106E7,1.4285714E7,1.2895448012503221,0.11043643495616474
0,24,1,1.3262336E7,1.4285714E7,1.0771642341138092,0.032281924775783774
0,24,2,9633865.0,1.4285714E7,1.4828642502256364,0.17110139507666414
0,24,3,1.0533236E7,1.4285714E7,1.3562512033339043,0.13234013652056245
0,24,4,9827513.0,1.4285714E7,1.4536448845196135,0.16245832431527887
0,24,5,1.0174439E7,1.4285714E7,1.4040787899952027,0.1473914789476705
0,24,6,9447177.0,1.4285714E7,1.5121674972322419,0.17959989903212148
0,25,0,9632299.0,2.5E7,2.595434381760782,0.4142100534423993
0,25,1,8954923.0,2.5E7,2.7917604651653622,0.44587815280511994
0,25,2,1.0732397E7,2.5E7,2.3293957538097034,0.3672432794726959
0,25,3,1.025486E7,2.5E7,2.4378684838213296,0.38701027294303
0,26,0,9530588.0,5.0E7,5.24626602262106,0.7198503086003492
0,26,1,2.9871854E7,5.0E7,1.673816429338467,0.22370782635920633
0,27,0,2.0773328E7,1.0E8,4.813865164021865,0.6824939215556776
0,28,0,1.1021536E7,1.0E8,9.07314552164054,0.9577578764607316
0,29,0,9348176.0,3.3333333E7,3.565757961767087,0.552151860590195
0,29,1,1.0397484E7,3.3333333E7,3.2059037551776948,0.5059504802069429
0,29,2,1.1894375E7,3.3333333E7,2.8024451053544217,0.4475371143356445
0,30,0,9949517.0,1.6666666E7,1.6751231240672286,0.22404673384319165
0,30,1,9317361.0,1.6666666E7,1.7887753839311367,0.25255580974365477
0,30,2,9540095.0,1.6666666E7,1.7470125821598212,0.2422960328266077
0,30,3,9777957.0,1.6666666E7,1.704514143394167,0.23160060918624084
0,30,4,9624999.0,1.6666666E7,1.7316018422443473,0.23844803918554544
0,30,5,9674189.0,1.6666666E7,1.7227972287909612,0.23623416450583895
0,31,0,1.0659136E7,1.25E7,1.1727029282673567,0.06918800959700785
0,31,1,8944497.0,1.25E7,1.3975073165098049,0.14535409026974336
0,31,2,9480751.0,1.25E7,1.3184609531460114,0.12006727248036127
0,31,3,1.0218034E7,1.25E7,1.2233273054288134,0.0875426695661161
0,31,4,1.0053856E7,1.25E7,1.2433040616456015,0.09457735241172867
0,31,5,1.0317568E7,1.25E7,1.2115258169367045,0.08333267314433573
0,31,6,1.2714124E7,1.25E7,0.983158572309032,-0.0073764297520374
0,31,7,1.47418E7,1.25E7,0.8479290181660313,-0.07164050188133769
0,32,0,1.0765739E7,1.1111111E7,1.0320806588381903,0.013713639461243536
0,32,1,9264697.0,1.1111111E7,1.199295670435849,0.07892626584180204
0,32,2,1.0591217E7,1.1111111E7,1.04908727675016,0.020811619970757818
0,32,3,9407441.0,1.1111111E7,1.181098132850368,0.07228598295208738
0,32,4,1.0344742E7,1.1111111E7,1.074082949579603,0.031037822474900965
0,32,5,8934296.0,1.1111111E7,1.243647065196855,0.0946971493381092
0,32,6,1.0415869E7,1.1111111E7,1.0667483433211382,0.028061977064936135
0,32,7,1.0176546E7,1.1111111E7,1.0918351865161322,0.03815708618129616
0,32,8,9555289.0,1.1111111E7,1.162823123403175,0.06551365937853458
0,33,0,9815109.0,1.25E7,1.2735467328992476,0.10501488606279313
0,33,1,1.0664858E7,1.25E7,1.172073739753497,0.06895493570990265
0,33,2,9722320.0,1.25E7,1.2857013552320846,0.10914010168538496
0,33,3,9378126.0,1.25E7,1.332888894860231,0.12479394959380392
0,33,4,1.1068586E7,1.25E7,1.1293222097203743,0.05281786924049563
0,33,5,9656428.0,1.25E7,1.2944745199777805,0.11209350634141525
0,33,6,1.0523039E7,1.25E7,1.1878697779225185,0.0747688330445778
0,33,7,9962069.0,1.25E7,1.2547594279862948,0.09856046755954631
0,34,0,9706920.0,1.4285714E7,1.4717041038764098,0.16782050091769316
0,34,1,1.1173652E7,1.4285714E7,1.2785178919121518,0.10670681003489846
0,34,2,9959186.0,1.4285714E7,1.434425865728384,0.15667810787162956
0,34,3,1.0242897E7,1.4285714E7,1.394694684521381,0.14447914571709528
0,34,4,1.0042055E7,1.4285714E7,1.422588703208656,0.1530793556386322
0,34,5,9798277.0,1.4285714E7,1.4579822554516473,0.16375223838090722
0,34,6,9011359.0,1.4285714E7,1.5853007298899089,0.20011165957780816
0,35,0,1.1338758E7,2.5E7,2.2048270189733303,0.3433745223062354
0,35,1,1.2012479E7,2.5E7,2.081169090909545,0.31830736722058395
0,35,2,9761920.0,2.5E7,2.5609716121418735,0.40840476442763796
0,35,3,1.1133613E7,2.5E7,2.245452576805032,0.351303887343791
0,36,0,1.0353607E7,5.0E7,4.829234874377597,0.6838783282343792
0,36,1,9090804.0,5.0E7,5.500063580734993,0.740367709967473
0,37,0,9713921.0,1.0E8,10.294504145133567,1.0126054328172325
0,38,0,1.037009E7,5.0E7,4.821558925718099,0.6831874787730378
0,38,1,1.1399652E7,5.0E7,4.386098803717868,0.6420784106124005
0,39,0,9795382.0,2.5E7,2.5522230781811266,0.40691863140844386
0,39,1,9712267.0,2.5E7,2.5740643250437825,0.4106193955841037
0,39,2,1.6659933E7,2.5E7,1.5006062749472042,0.17626675816722306
0,39,3,9990269.0,2.5E7,2.5024351196148973,0.39836282638771814
0,40,0,1.1863847E7,1.6666666E7,1.4048281303695167,0.1476231949899449
0,40,1,1.0550881E7,1.6666666E7,1.5796468560303163,0.1985600074484032
0,40,2,1.1656249E7,1.6666666E7,1.4298481441156585,0.15528991601430456
0,40,3,1.0146963E7,1.6666666E7,1.642527522767157,0.21551265548342155
0,40,4,9031628.0,1.6666666E7,1.845366748940501,0.2660826909355468
0,40,5,9395536.0,1.6666666E7,1.773891984448785,0.24892717130965428
0,41,0,1.0198796E7,1.25E7,1.2256348690570926,0.0883611080519659
0,41,1,1.0582851E7,1.25E7,1.1811561931657169,0.0723073314362882
0,41,2,1.1128877E7,1.25E7,1.123204075307868,0.05045867053404587
0,41,3,1.0052754E7,1.25E7,1.2434403547525386,0.0946249579026132
0,41,4,9076904.0,1.25E7,1.3771215383571314,0.13897227076423127
0,41,5,1.0398986E7,1.25E7,1.2020402758499722,0.07991901948565173
0,41,6,9942606.0,1.25E7,1.2572156635795484,0.09940978322987894
0,41,7,1.1328345E7,1.25E7,1.103426846551725,0.0427435462044968
0,42,0,9890349.0,1.1111111E7,1.1234296181054886,0.05054586943349785
0,42,1,1.0016426E7,1.1111111E7,1.109288981918301,0.045044699353472835
0,42,2,9023469.0,1.1111111E7,1.2313569204925512,0.09038395555752679
0,42,3,1.0410491E7,1.1111111E7,1.067299419402985,0.02828627317578714
0,42,4,1.1322829E7,1.1111111E7,0.9813016693972858,-0.008197462329907415
0,42,5,1.1137222E7,1.1111111E7,0.9976555194823269,-0.0010193903896883682
0,42,6,1.8913579E7,1.1111111E7,0.5874673957795085,-0.23101623156851833
0,42,7,1.1198951E7,1.1111111E7,0.9921564082207343,-0.003419858216059844
0,42,8,1.1532575E7,1.1111111E7,0.9634544756916821,-0.016168801426782037
0,43,0,1.1702824E7,1.25E7,1.068118259319289,0.028619339327843756
0,43,1,9882196.0,1.25E7,1.2649010402141387,0.10205654972522006
0,43,2,1.1207485E7,1.25E7,1.1153260521874444,0.047401846725777956
0,43,3,1.1789094E7,1.25E7,1.0603020045475928,0.025429582460844112
0,43,4,9054817.0,1.25E7,1.3804806877930278,0.14003033546380983
0,43,5,9859951.0,1.25E7,1.2677547789030594,0.10303525633078948
0,43,6,1.1340167E7,1.25E7,1.1022765361391944,0.04229056280351056
0,43,7,1.0620813E7,1.25E7,1.1769343834600985,0.0707522506976685
0,44,0,9467573.0,1.6666666E7,1.760394770655584,0.24561006979843023
0,44,1,9991270.0,1.6666666E7,1.6681228712666158,0.22222803691786863
0,44,2,9631046.0,1.6666666E7,1.73051462945977,0.23817527509318934
0,44,3,9602595.0,1.6666666E7,1.735641875972068,0.23946011984170879
0,44,4,9701841.0,1.6666666E7,1.7178869453745944,0.23499457939304574
0,44,5,9769437.0,1.6666666E7,1.7060006630883642,0.231979195633123
0,45,0,1.0536456E7,2.5E7,2.3727143168442977,0.37524545078073385
0,45,1,1.0797042E7,2.5E7,2.3154489905661197,0.364635217910489
0,45,2,9173488.0,2.5E7,2.7252447487803986,0.43540551148299295
0,45,3,9560071.0,2.5E7,2.6150433401592936,0.4174788909991055
0,46,0,1.1476655E7,5.0E7,4.356670127314971,0.6391546778356023
0,46,1,1.0338214E7,5.0E7,4.8364253245289754,0.684524486558786
0,47,0,1.1689236E7,1.0E8,8.554879035721411,0.9322138730834186
0,48,0,9725973.0,5.0E7,5.140873823112607,0.7110369447348789
0,48,1,9193429.0,5.0E7,5.4386671175684285,0.7354924779313039
0,49,0,9639858.0,2.5E7,2.5933991973740693,0.4138693721001863
0,49,1,1.040077E7,2.5E7,2.403668189951321,0.38087451606823847
0,49,2,1.0417455E7,2.5E7,2.3998183817448697,0.38017837554885553
0,49,3,9633538.0,2.5E7,2.595100574679832,0.4141541938538624
0,50,0,1.0543967E7,1.6666666E7,1.5806826785402497,0.19884469422646403
0,50,1,1.1072697E7,1.6666666E7,1.505203836066317,0.17759531646440307
0,50,2,1.0112798E7,1.6666666E7,1.6480766252821424,0.21697739981473077
0,50,3,1.1376552E7,1.6666666E7,1.465001522429643,0.16583807600920644
0,50,4,1.100491E7,1.6666666E7,1.5144754477774012,0.1802622370738105
0,50,5,1.2558549E7,1.6666666E7,1.3271171693481467,0.12290926781918661
0,51,0,9803498.0,1.25E7,1.2750550874799995,0.10552894843410572
0,51,1,9062866.0,1.25E7,1.3792546419642528,0.13964445427637368
0,51,2,1.0868462E7,1.25E7,1.1501167322478563,0.060741921743427164
0,51,3,1.1088077E7,1.25E7,1.127337048615373,0.052053779816894734
0,51,4,9844933.0,1.25E7,1.2696886814770603,0.10369724812856641
0,51,5,9585804.0,1.25E7,1.3040116405467919,0.11528146823844264
0,51,6,9760274.0,1.25E7,1.2807017507910126,0.10744800322889225
0,51,7,1.0762899E7,1.25E7,1.1613971291563732,0.06498074817131391
0,52,0,9854845.0,1.1111111E7,1.1274769922814616,0.05210768826427464
0,52,1,1.0129686E7,1.1111111E7,1.0968860239103166,0.04016150290886847
0,52,2,1.0812102E7,1.1111111E7,1.0276550295215492,0.011847352092614625
0,52,3,9959210.0,1.1111111E7,1.1156618848282143,0.04753259621250632
0,52,4,9622549.0,1.1111111E7,1.1546951852362612,0.06246735492858359
0,52,5,9040902.0,1.1111111E7,1.228982572756568,0.08954572453875762
0,52,6,9326906.0,1.1111111E7,1.191296556435757,0.07601988641284925
0,52,7,1.0160863E7,1.1111111E7,1.093520402745318,0.038826890452800834
0,52,8,9831679.0,1.1111111E7,1.1301336221412437,0.053129795631895675
0,53,0,1.1503758E7,1.25E7,1.086601439286188,0.036070275954130676
0,53,1,1.001158E7,1.25E7,1.2485541742661996,0.0964073909600442
0,53,2,8997246.0,1.25E7,1.3893140189786963,0.14280041801714183
0,53,3,9446852.0,1.25E7,1.3231921067462473,0.12162290151411416
0,53,4,1.0045639E7,1.25E7,1.2443210431909806,0.09493244570701853
0,53,5,1.0093765E7,1.25E7,1.2383882525499652,0.09285682360615849
0,53,6,1.0501204E7,1.25E7,1.1903396981907979,0.07567091769245694
0,53,7,1.0070043E7,1.25E7,1.2413055237202066,0.09387868797351981
0,54,0,9166458.0,1.6666666E7,1.8182231348248146,0.25964717936816106
0,54,1,9540020.0,1.6666666E7,1.747026316506674,0.24229944707082404
0,54,2,9957002.0,1.6666666E7,1.6738638799108407,0.22372013788231654
0,54,3,9361879.0,1.6666666E7,1.7802693241388827,0.25048570856700775
0,54,4,9700305.0,1.6666666E7,1.7181589651047056,0.23506334254178168
0,54,5,1.0116247E7,1.6666666E7,1.647514735454759,0.21682930763513472
0,55,0,9214831.0,2.5E7,2.713017742810476,0.43345263400467987
0,55,1,1.7088184E7,2.5E7,1.4629992280045674,0.1652440969568591
0,55,2,9812921.0,2.5E7,2.5476613946041144,0.4061417061488218
0,55,3,1.0603886E7,2.5E7,2.3576262513572854,0.37247495858844965
0,56,0,1.0524731E7,5.0E7,4.75071524393355,0.6767589997531184
0,56,1,9594563.0,5.0E7,5.211284766174343,0.7169448054636528
0,57,0,1.5848973E7,1.0E8,6.309557092437472,0.7999988744483417
0,58,0,1.1625103E7,5.0E7,4.3010371607030065,0.6335731948485677
0,58,1,1.0740507E7,5.0E7,4.655273722180899,0.6679452218453563
0,59,0,1.039156E7,2.5E7,2.4057985519017357,0.3812592591383925
0,59,1,1.1230445E7,2.5E7,2.226091664221676,0.3475430433976264
0,59,2,1.0595462E7,2.5E7,2.3595006994503875,0.3728201104212434
0,59,3,8816519.0,2.5E7,2.8355862444123354,0.4526428608982517
0,60,0,9537016.0,1.6666666E7,1.747576600479647,0.24243622100514178
0,60,1,9972918.0,1.6666666E7,1.671192523592393,0.22302648407503392
0,60,2,1.1403586E7,1.6666666E7,1.461528505156185,0.16480729010831127
0,60,3,1.1013247E7,1.6666666E7,1.5133289937109373,0.17993335275632097
0,60,4,9746139.0,1.6666666E7,1.7100788322432094,0.23301613122202783
0,60,5,8999138.0,1.6666666E7,1.8520291610151995,0.2676478205577317
0,61,0,1.0358565E7,1.25E7,1.2067308550943108,0.08161041742000041
0,61,1,1.162833E7,1.25E7,1.0749608929227155,0.03139266490576085
0,61,2,1.0170043E7,1.25E7,1.2291000146213737,0.08958722383917193
0,61,3,1.0282486E7,1.25E7,1.2156593259645576,0.08481188613507476
0,61,4,1.0836704E7,1.25E7,1.1534872595947994,0.06201280204893496
0,61,5,9120389.0,1.25E7,1.3705555760834325,0.13689665089119626
0,61,6,9843755.0,1.25E7,1.2698406248428573,0.10374921694439539
0,61,7,1.0542784E7,1.25E7,1.1856450819821407,0.0739547042012509
0,62,0,1.3235905E7,1.1111111E7,0.8394674183593793,-0.075996155155863
0,62,1,1.6784924E7,1.1111111E7,0.661969693756135,-0.1791618929406025
0,62,2,1.1588083E7,1.1111111E7,0.9588394387579032,-0.018254110972684454
0,62,3,1.1765865E7,1.1111111E7,0.9443513927790265,-0.02486637482405853
0,62,4,1.1583317E7,1.1111111E7,0.9592339569054357,-0.01807545560184451
0,62,5,1.0233234E7,1.1111111E7,1.0857868587779778,0.03574458110788507
0,62,6,1.1413486E7,1.1111111E7,0.97350721768967,-0.011660824224919653
0,62,7,9885376.0,1.1111111E7,1.1239947777403712,0.05076429343605954
0,62,8,9112088.0,1.1111111E7,1.2193814414434978,0.08613958092699116
0,63,0,9638250.0,1.25E7,1.296915933909164,0.11291182602809659
0,63,1,1.0379425E7,1.25E7,1.2043056335008924,0.08073671790062215
0,63,2,1.075212E7,1.25E7,1.1625614297459477,0.06541591028872595
0,63,3,9665203.0,1.25E7,1.2932992716241967,0.11169903298244158
0,63,4,9876489.0,1.25E7,1.2656319467373476,0.10230742863514199
0,63,5,8870490.0,1.25E7,1.4091667991283459,0.14896240237380015
0,63,6,1.0457885E7,1.25E7,1.195270362984485,0.07746615120193363
0,63,7,1.1575739E7,1.25E7,1.0798446647769098,0.033361286892379195
0,64,0,1.0199292E7,1.6666666E7,1.6341002885298312,0.21327870667531243
0,64,1,1.1007934E7,1.6666666E7,1.5140594047893092,0.1801429152341121
0,64,2,9572800.0,1.6666666E7,1.7410439996657194,0.2408097467466055
0,64,3,8952523.0,1.6666666E7,1.8616725139940997,0.2699032868097004
0,64,4,9771913.0,1.6666666E7,1.7055683979175829,0.23186914047900656
0,64,5,1.004572E7,1.6666666E7,1.6590812803860748,0.21986766315423392
0,65,0,1.0308426E7,3.3333333E7,3.233600648634428,0.5096863832872371
0,65,1,1.0666296E7,3.3333333E7,3.125108566272678,0.4948651093326203
0,65,2,1.0038107E7,3.3333333E7,3.3206791878189783,0.5212269202566371
0,66,0,9062286.0,5.0E7,5.517371665383326,0.7417322402180959
0,66,1,9397097.0,5.0E7,5.320792155279444,0.7259762945236282
0,67,0,1.1406569E7,1.0E8,8.76687810331047,0.9428449680659534
0,68,0,1.0279432E7,5.0E7,4.8640819842964085,0.6870008863772333
0,68,1,1.1412524E7,5.0E7,4.381151794291955,0.6415883004918798
0,69,0,9674229.0,2.5E7,2.584185261688554,0.4123236452537485
0,69,1,9013583.0,2.5E7,2.7735918113806686,0.44304254646005076
0,69,2,9804157.0,2.5E7,2.5499387657704786,0.4065297514114875
0,69,3,1.0494889E7,2.5E7,2.3821119022792905,0.3769621590782893
0,70,0,1.0367298E7,1.4285714E7,1.3779592329650407,0.13923636912441964
0,70,1,9695252.0,1.4285714E7,1.4734752639745723,0.16834284951100748
0,70,2,1.0130001E7,1.4285714E7,1.4102381628590166,0.1492924630674644
0,70,3,9147543.0,1.4285714E7,1.561699573317119,0.1935974916414729
0,70,4,9147031.0,1.4285714E7,1.5617869885867883,0.19362180035451454
0,70,5,1.3941046E7,1.4285714E7,1.0247232524733079,0.010606591097003723
0,70,6,1.0673006E7,1.4285714E7,1.3384902060394233,0.12661519772795998
0,71,0,1.0653308E7,1.1111111E7,1.0429728493722326,0.018273003036986778
0,71,1,9715895.0,1.1111111E7,1.1436013872113686,0.05827467349416847
0,71,2,9066177.0,1.1111111E7,1.2255563728791088,0.08833329263195518
0,71,3,1.0935795E7,1.1111111E7,1.0160313904933296,0.006907125770186188
0,71,4,9546155.0,1.1111111E7,1.1639357416677185,0.06592900453255086
0,71,5,1.0372119E7,1.1111111E7,1.071247929183998,0.029889995402823354
0,71,6,9751315.0,1.1111111E7,1.1394474488825352,0.056694300392556504
0,71,7,9658506.0,1.1111111E7,1.1503964484776423,0.06084753227999032
0,71,8,9087545.0,1.1111111E7,1.2226746607582135,0.08731091179181366
0,72,0,9734103.0,1.1111111E7,1.1414622384825803,0.0574615488618175
0,72,1,1.0691089E7,1.1111111E7,1.0392871109762531,0.01673554128933818
0,72,2,9647003.0,1.1111111E7,1.1517681709024035,0.061365072637670846
0,72,3,1.0538897E7,1.1111111E7,1.0542954352813203,0.02296232618371827
0,72,4,9836644.0,1.1111111E7,1.1295631924871938,0.05291053218493561
0,72,5,9639280.0,1.1111111E7,1.1526909686200628,0.061712890458555845
0,72,6,1.0047239E7,1.1111111E7,1.105887000398816,0.04371075299904596
0,72,7,9913868.0,1.1111111E7,1.1207644685202587,0.0495143541030317
0,72,8,9563706.0,1.1111111E7,1.1617997249183527,0.06513126931144797
0,73,0,9761664.0,1.25E7,1.280519386858634,0.10738615800319126
0,73,1,1.0314767E7,1.25E7,1.2118548097111645,0.08345059085469514
0,73,2,9137005.0,1.25E7,1.3680631673070114,0.13610615043930785
0,73,3,9765956.0,1.25E7,1.279956616638453,0.10719524974644067
0,73,4,1.0306087E7,1.25E7,1.2128754589399449,0.08381620872149766
0,73,5,1.0323663E7,1.25E7,1.2108105427308118,0.08307619377601384
0,73,6,1.0618364E7,1.25E7,1.1772058294479262,0.07085240403137767
0,73,7,1.0242395E7,1.25E7,1.2204176855120312,0.08650849253365399
0,74,0,9821909.0,1.6666666E7,1.6968866235677809,0.22965282616930652
0,74,1,1.4324545E7,1.6666666E7,1.163504041489625,0.06576789616902669
0,74,2,1.1325454E7,1.6666666E7,1.4716112925804121,0.16779311178109435
0,74,3,1.0030338E7,1.6666666E7,1.6616255603749346,0.2205331642230039
0,74,4,9828053.0,1.6666666E7,1.6958258161611461,0.22938124239893914
0,74,5,1.0377611E7,1.6666666E7,1.60602146293593,0.2057513449105045
0,75,0,1.4133221E7,3.3333333E7,2.3585092881516534,0.3726375908997479
0,75,1,1.3004175E7,3.3333333E7,2.5632793314454783,0.4087959356790568
0,75,2,9592191.0,3.3333333E7,3.475048922607984,0.540960923075522
0,76,0,1.1041721E7,1.0E8,9.056559208478461,0.9569632307234357
0,77,0,1.1438376E7,1.0E8,8.742499809413504,0.9416356315136627
0,78,0,9974509.0,5.0E7,5.012778072584826,0.7000784778056955
0,78,1,9021573.0,5.0E7,5.542270732609491,0.7436877366765574
0,79,0,1.0901528E7,2.5E7,2.293256504959672,0.3604526340837373
0,79,1,1.1375383E7,2.5E7,2.1977281995691924,0.34197398075068025
0,79,2,1.021898E7,2.5E7,2.446428117091921,0.38853245949552434
0,79,3,9644133.0,2.5E7,2.5922496091665264,0.41367681767091374
0,80,0,9496735.0,1.4285714E7,1.504276364455784,0.1773276318222123
0,80,1,9064798.0,1.4285714E7,1.5759550295549885,0.19754382058071396
0,80,2,9257389.0,1.4285714E7,1.5431688135823178,0.1884134379212303
0,80,3,1.0299881E7,1.4285714E7,1.3869785485871147,0.1420697442006904
0,80,4,1.0843754E7,1.4285714E7,1.3174140615878966,0.11972229462806892
0,80,5,1.0496624E7,1.4285714E7,1.3609817785223135,0.13385231069915693
0,80,6,1.0026691E7,1.4285714E7,1.4247685502624943,0.15374432012854455
0,81,0,8940542.0,1.1111111E7,1.2427782342502278,0.09439363850971771
0,81,1,9339013.0,1.1111111E7,1.1897521718836883,0.07545650627284614
0,81,2,9958929.0,1.1111111E7,1.1156933642161722,0.047544850042989445
0,81,3,1.0625645E7,1.1111111E7,1.0456881441079577,0.01940218406585574
0,81,4,1.339371E7,1.1111111E7,0.8295767938830989,-0.08114340515985131
0,81,5,1.4049725E7,1.1111111E7,0.7908418848055745,-0.10191033751437573
0,81,6,1.2405307E7,1.1111111E7,0.8956740046820284,-0.047850030214452506
0,81,7,1.019769E7,1.1111111E7,1.089571363710801,0.03725568052152752
0,81,8,1.1033622E7,1.1111111E7,1.0070229884619937,0.0030393848021136043
0,82,0,1.1466297E7,1.1111111E7,0.9690234781115472,-0.013665700461343147
0,82,1,9799136.0,1.1111111E7,1.133886803897813,0.054569701032797305
0,82,2,9862362.0,1.1111111E7,1.1266176398716656,0.05177654686289561
0,82,3,1.0782539E7,1.1111111E7,1.0304726001918472,0.01303644857162476
0,82,4,1.0847617E7,1.1111111E7,1.0242904962444748,0.010423143186902017
0,82,5,1.017948E7,1.1111111E7,1.0915204902411517,0.038031892784635334
0,82,6,9700987.0,1.1111111E7,1.1453588176130944,0.058941563616736456
0,82,7,9649072.0,1.1111111E7,1.151521203282554,0.06127193915985204
0,82,8,8988040.0,1.1111111E7,1.2362106755199131,0.09209248970020945
0,83,0,9306515.0,1.25E7,1.343145097815885,0.1281229313410444
0,83,1,1.0110459E7,1.25E7,1.236343473624689,0.09213914063740876
0,83,2,9652201.0,1.25E7,1.295041410762167,0.1122836558133774
0,83,3,1.0811722E7,1.25E7,1.156152553682013,0.06301514277920073
0,83,4,1.0109021E7,1.25E7,1.236519342476388,0.09220091428005729
0,83,5,1.5410498E7,1.25E7,0.811135370187258,-0.09090666043829021
0,83,6,1.0826123E7,1.25E7,1.1546146298171562,0.06243705602820145
0,83,7,1.1058464E7,1.25E7,1.1303558975279027,0.053215204542983355
0,84,0,1.0112118E7,2.0E7,1.9778250214247894,0.2961878668409938
0,84,1,1.2242397E7,2.0E7,1.6336670016500854,0.21316353684505984
0,84,2,9199013.0,2.0E7,2.1741462915641057,0.3372887630628342
0,84,3,8849204.0,2.0E7,2.2600902860867484,0.354125788689906
0,84,4,1.1737491E7,2.0E7,1.7039416686240696,0.23145472339529505
0,85,0,1.1034603E7,3.3333333E7,3.0208003858407957,0.48012202808954463
0,85,1,1.0003812E7,3.3333333E7,3.332063117539594,0.522713219427287
0,85,2,9729152.0,3.3333333E7,3.4261293276125198,0.5348037524439678
0,86,0,1.0395354E7,1.0E8,9.619682023334654,0.9831607167578267
0,87,0,8867011.0,1.0E8,11.277757521672184,1.052222752769463
0,88,0,9369595.0,5.0E7,5.336409951550734,0.7272491853870362
0,88,1,1.1291634E7,5.0E7,4.428057090762949,0.646213211584165
0,89,0,1.1961916E7,2.0E7,1.67197295149038,0.2232292473174172
0,89,1,1.1341664E7,2.0E7,1.763409672513663,0.24635321862013804
0,89,2,9597035.0,2.0E7,2.0839769783063207,0.3188929170028449
0,89,3,9110058.0,2.0E7,2.1953757045235056,0.341508853707474
0,89,4,9758184.0,2.0E7,2.049561680738957,0.31166099276790654
0,90,0,9957940.0,1.4285714E7,1.4346053501025313,0.15673244612556814
0,90,1,1.1707121E7,1.4285714E7,1.2202585076211308,0.08645184423270233
0,90,2,9514738.0,1.4285714E7,1.5014300971818666,0.17650511734427093
0,90,3,9587246.0,1.4285714E7,1.490074834837867,0.17320808018476153
0,90,4,8877912.0,1.4285714E7,1.6091299395623655,0.20659111542057762
0,90,5,9511621.0,1.4285714E7,1.501922122422666,0.1766474142400883
0,90,6,1.1936281E7,1.4285714E7,1.1968312408194814,0.07803291703311235
0,91,0,9365570.0,1.1111111E7,1.1863785119325359,0.0742232720108521
0,91,1,1.0604464E7,1.1111111E7,1.0477767664636326,0.020268764117167642
0,91,2,9577991.0,1.1111111E7,1.1600669702028328,0.06448306159760764
0,91,3,9498186.0,1.1111111E7,1.169814004484646,0.06811681623571307
0,91,4,9669239.0,1.1111111E7,1.1491194912029787,0.06036519115293078
0,91,5,9881395.0,1.1111111E7,1.1244476108889483,0.05093922603945062
0,91,6,1.0398096E7,1.1111111E7,1.068571688509127,0.02880366349545323
0,91,7,1.1215864E7,1.1111111E7,0.9906602826139832,-0.004075248320007096
0,91,8,9995926.0,1.1111111E7,1.1115639511537,0.04593445384041062
0,92,0,9243814.0,1.1111111E7,1.2020050381801277,0.07990628800718885
0,92,1,9302671.0,1.1111111E7,1.194400081438976,0.07714982432890523
0,92,2,1.034319E7,1.1111111E7,1.074244116176924,0.031102983655552335
0,92,3,9533559.0,1.1111111E7,1.1654735655383262,0.06650242760260099
0,92,4,1.0738784E7,1.1111111E7,1.034671243969522,0.01480237915480179
0,92,5,1.0078194E7,1.1111111E7,1.102490287446342,0.04237477217430805
0,92,6,9313891.0,1.1111111E7,1.1929612446613342,0.07662633511785304
0,92,7,1.0245706E7,1.1111111E7,1.0844651408111847,0.035215596556149406
0,92,8,1.0009207E7,1.1111111E7,1.1100890410199329,0.04535781524855255
0,93,0,9738541.0,1.4285714E7,1.4669254870929844,0.16640805428894379
0,93,1,9633892.0,1.4285714E7,1.4828600943419337,0.17110017791879656
0,93,2,1.0570846E7,1.4285714E7,1.3514257988433471,0.13079220538987305
0,93,3,9116342.0,1.4285714E7,1.5670445448404635,0.19508134190793222
0,93,4,1.0186133E7,1.4285714E7,1.4024668635290742,0.146892608854059
0,93,5,1.0587819E7,1.4285714E7,1.349259370603143,0.13009544292187653
0,93,6,9598360.0,1.4285714E7,1.4883494680341225,0.17270491657222978
0,94,0,1.1409812E7,2.0E7,1.7528772603790492,0.24375150707707663
0,94,1,9511405.0,2.0E7,2.102738764672517,0.3227853211369272
0,94,2,9090484.0,2.0E7,2.2001028768105195,0.3424429889069867
0,94,3,1.0462931E7,2.0E7,1.911510264188878,0.28137663438153016
0,94,4,1.9523385E7,2.0E7,1.0244125186283013,0.010474877037677353
0,95,0,1.252698E7,3.3333333E7,2.6609233031424973,0.42503235688809393
0,95,1,1.0690198E7,3.3333333E7,3.1181211985035264,0.4938929918080281
0,95,2,9534568.0,3.3333333E7,3.496050686302725,0.5435777204789582
0,96,0,1.0738623E7,1.0E8,9.3121809006611,0.9690514040965972
0,97,0,1.1598858E7,1.0E8,8.6215384307662,0.9355847684207842
0,98,0,1.002059E7,3.3333333E7,3.3264840693013085,0.5219854479290389
0,98,1,1.1729386E7,3.3333333E7,2.8418651240567923,0.45360346230789333
0,98,2,9425539.0,3.3333333E7,3.5364909104932885,0.5485725461940404
0,99,0,8894578.0,2.0E7,2.2485608648324855,0.3519046476981056
0,99,1,9625719.0,2.0E7,2.0777668660387865,0.3175968163333089
0,99,2,1.0047964E7,2.0E7,1.9904529912726598,0.29895192526502395
0,99,3,1.0729141E7,2.0E7,1.864082129221715,0.2704650429332156
0,99,4,9873403.0,2.0E7,2.025644045928238,0.30656313180863326
