 Number of tacts (im units) = 1
 Number of massive (im units) = 100
 Command Line curl 192.168.222.7:9000 > /dev/null 2>&1
cycle , cPeriod , count , procDur , procTime , lI , spb
0,0,0,3.0160488E7,2.0E7,0.6631192439591826,-0.1784083685228994
0,0,1,8482364.0,2.0E7,2.3578332644060076,0.37251309045004205
0,0,2,1.0529274E7,2.0E7,1.8994661930157768,0.2786315683211919
0,0,3,9906857.0,2.0E7,2.0188037437100386,0.3050941014267682
0,0,4,9541353.0,2.0E7,2.0961387761253567,0.3214200319902779
0,1,0,9404941.0,1.4285714E7,1.518958385810182,0.18154587586372728
0,1,1,8256347.0,1.4285714E7,1.730270542165924,0.23811401398639487
0,1,2,1.0093798E7,1.4285714E7,1.4152962046595345,0.15084734204178937
0,1,3,1.1016537E7,1.4285714E7,1.2967517832509436,0.11285685389370217
0,1,4,9457400.0,1.4285714E7,1.5105329160234313,0.17913019342365702
0,1,5,1.1002706E7,1.4285714E7,1.2983818707870591,0.11340244283780794
0,1,6,9164771.0,1.4285714E7,1.5587638796430374,0.19278033357596233
0,2,0,1.482165E7,1.1111111E7,0.749654120830002,-0.12513906735858757
0,2,1,1.0842171E7,1.1111111E7,1.0248049952357328,0.010641233635563675
0,2,2,1.0474598E7,1.1111111E7,1.0607672962723724,0.025620121856902777
0,2,3,9851143.0,1.1111111E7,1.1279006913207938,0.052270862847646864
0,2,4,1.1085547E7,1.1111111E7,1.0023060657268423,0.00100035861652388
0,2,5,9728635.0,1.1111111E7,1.1421037997622483,0.057705576427674564
0,2,6,8838537.0,1.1111111E7,1.2571210597409956,0.09937710190705638
0,2,7,9092880.0,1.1111111E7,1.2219572896596018,0.08705602653721052
0,2,8,9894696.0,1.1111111E7,1.1229360659488679,0.050355030530355394
0,3,0,9226437.0,1.1111111E7,1.204268885161195,0.08072346557977651
0,3,1,9421545.0,1.1111111E7,1.1793300355727219,0.07163535943806792
0,3,2,9779735.0,1.1111111E7,1.1361362040996,0.055430399282577945
0,3,3,8898496.0,1.1111111E7,1.2486504460978574,0.09644087666236224
0,3,4,9054248.0,1.1111111E7,1.2271710472255675,0.08890510037079485
0,3,5,1.0410508E7,1.1111111E7,1.067297676539896,0.028285563987319032
0,3,6,1.1675684E7,1.1111111E7,0.9516454025305926,-0.021524846165957068
0,3,7,9672604.0,1.1111111E7,1.148719724285208,0.06021407825781029
0,3,8,9130068.0,1.1111111E7,1.2169800925907672,0.08528347408159205
0,4,0,9402583.0,1.4285714E7,1.5193393134631197,0.18165477551406867
0,4,1,8877823.0,1.4285714E7,1.6091460710581862,0.20659546919234656
0,4,2,9071054.0,1.4285714E7,1.5748681465240975,0.1972441989928722
0,4,3,9864342.0,1.4285714E7,1.4482176307350252,0.16083383031781373
0,4,4,9303503.0,1.4285714E7,1.5355199004074056,0.18625544929170193
0,4,5,9547096.0,1.4285714E7,1.4963412958244056,0.1750306617023073
0,4,6,8990475.0,1.4285714E7,1.588983229473415,0.2011193135789406
0,5,0,1.0239261E7,2.0E7,1.9532659632369953,0.29076138230577164
0,5,1,1.0435039E7,2.0E7,1.9166195737265572,0.2825359191237309
0,5,2,1.0591289E7,2.0E7,1.8883442799077619,0.27608117705597107
0,5,3,9968581.0,2.0E7,2.006303605297484,0.30239665357393736
0,5,4,1.1497717E7,2.0E7,1.7394757585353684,0.24041838076530855
0,6,0,9828716.0,3.3333333E7,3.391422948836857,0.5303819545942878
0,6,1,9405116.0,3.3333333E7,3.544170321769556,0.5495145845545331
0,6,2,1.0668575E7,3.3333333E7,3.124440986729718,0.49477232628949597
0,7,0,1.019025E7,1.0E8,9.813301930767155,0.9918151612056803
0,8,0,1.1301405E7,1.0E8,8.84845733782658,0.9468675613116043
0,9,0,1.0233078E7,3.3333333E7,3.257410233753715,0.5128724564575055
0,9,1,1.0131027E7,3.3333333E7,3.29022250162792,0.5172252681511288
0,9,2,9301550.0,3.3333333E7,3.5836320828249053,0.5543234160010048
0,10,0,9934698.0,2.0E7,2.0131462476262487,0.30387532592192196
0,10,1,1.1743742E7,2.0E7,1.7030346886026617,0.2312234940667067
0,10,2,1.0117128E7,2.0E7,1.9768456028232517,0.29597275102315057
0,10,3,9856416.0,2.0E7,2.029135133906686,0.30731097061921825
0,10,4,1.0019252E7,2.0E7,1.9961569985463985,0.30019469572939017
0,11,0,9385114.0,1.25E7,1.33189644792807,0.12447046068891805
0,11,1,1.0001416E7,1.25E7,1.2498230250596516,0.09684852126293174
0,11,2,1.0191268E7,1.25E7,1.226540210698021,0.08868179061660274
0,11,3,1.1108498E7,1.25E7,1.1252646397379735,0.05125467183585274
0,11,4,1.0403182E7,1.25E7,1.201555447169914,0.07974381662499025
0,11,5,1.0328227E7,1.25E7,1.2102754906529456,0.08288423845883221
0,11,6,9281845.0,1.25E7,1.3467150119399753,0.129275701263631
0,11,7,9943770.0,1.25E7,1.2570684961538732,0.0993589425158632
0,12,0,1.0566848E7,1.1111111E7,1.0515066555324728,0.021812025906676018
0,12,1,1.1037951E7,1.1111111E7,1.0066280417443418,0.0028690244171725773
0,12,2,1.0185008E7,1.1111111E7,1.0909280581812013,0.03779611175690422
0,12,3,1.0106797E7,1.1111111E7,1.0993701565392082,0.04114394344810493
0,12,4,9374786.0,1.1111111E7,1.1852122277777861,0.07379612342649516
0,12,5,9780677.0,1.1111111E7,1.1360267801502901,0.055388569345430426
0,12,6,1.0321131E7,1.1111111E7,1.076540061355679,0.032030195889167466
0,12,7,1.0551711E7,1.1111111E7,1.0530150986887339,0.022434598374650828
0,12,8,9920681.0,1.1111111E7,1.119994786648215,0.04921600112091197
0,13,0,1.021761E7,1.1111111E7,1.0874471623011643,0.03640816431309541
0,13,1,9136249.0,1.1111111E7,1.2161567619271323,0.08498955886101417
0,13,2,9656401.0,1.1111111E7,1.1506472235359737,0.06094219386837135
0,13,3,1.1441082E7,1.1111111E7,0.9711591089024622,-0.012709612051236434
0,13,4,1.0014083E7,1.1111111E7,1.1095485228153192,0.04514629956500421
0,13,5,1.0810122E7,1.1111111E7,1.02784325653309,0.011926890911245982
0,13,6,9301315.0,1.1111111E7,1.1945742080555277,0.07721313369911269
0,13,7,8374966.0,1.1111111E7,1.326705206922631,0.12277443361838265
0,13,8,8962220.0,1.1111111E7,1.239772176982935,0.09334188567068613
0,14,0,9709025.0,1.4285714E7,1.4713850257878622,0.16772633193565406
0,14,1,9440979.0,1.4285714E7,1.5131602347595519,0.1798849196869117
0,14,2,9350688.0,1.4285714E7,1.527771432433635,0.18405838496091817
0,14,3,1.0049478E7,1.4285714E7,1.4215379147056195,0.1527584475142149
0,14,4,9134109.0,1.4285714E7,1.5639964445355317,0.19423576143460008
0,14,5,1.0156423E7,1.4285714E7,1.4065694191744476,0.14816117099849982
0,14,6,1.0395868E7,1.4285714E7,1.374172315385305,0.13804119482597263
0,15,0,1.2178017E7,2.0E7,1.6423035047495829,0.21545341968820703
0,15,1,1.1655243E7,2.0E7,1.7159659391056883,0.23450866311335214
0,15,2,1.1047531E7,2.0E7,1.810359255837345,0.257764766772936
0,15,3,8628727.0,2.0E7,2.317839004525233,0.3650832668844691
0,15,4,8447270.0,2.0E7,2.3676288315633336,0.3743136199096408
0,16,0,8963750.0,5.0E7,5.578022590991494,0.7464802688262445
0,16,1,1.0084351E7,5.0E7,4.958177278835296,0.6953220508391255
0,17,0,1.1222893E7,1.0E8,8.910358496690648,0.949895177662288
0,18,0,9289219.0,1.0E8,10.765167663718554,1.0320207981967324
0,19,0,9430776.0,3.3333333E7,3.53452706330847,0.5483313113334426
0,19,1,8573425.0,3.3333333E7,3.8879832738957885,0.5897243879233759
0,19,2,9546598.0,3.3333333E7,3.4916451913027027,0.5430301057986472
0,20,0,1.2015366E7,1.6666666E7,1.3871126356034431,0.14211172786125897
0,20,1,8780682.0,1.6666666E7,1.8981060924424777,0.2783204831569489
0,20,2,9908327.0,1.6666666E7,1.6820867942691031,0.22584840127141725
0,20,3,9082402.0,1.6666666E7,1.8350504635227554,0.26364801176419755
0,20,4,8955078.0,1.6666666E7,1.861141354659334,0.26977935927649344
0,20,5,9716912.0,1.6666666E7,1.7152224904372912,0.2343204626306646
0,21,0,9642513.0,1.25E7,1.2963425613219293,0.11271977995538436
0,21,1,8805075.0,1.25E7,1.4196358350156018,0.1521769534489491
0,21,2,9307456.0,1.25E7,1.3430093035089288,0.1280790211933581
0,21,3,8998465.0,1.25E7,1.3891258120134935,0.1427415812227246
0,21,4,9136859.0,1.25E7,1.368085027907293,0.13611309007663464
0,21,5,9682179.0,1.25E7,1.2910316985463706,0.11093690557762717
0,21,6,1.3546834E7,1.25E7,0.9227248226412164,-0.03492779607775575
0,21,7,1.3097808E7,1.25E7,0.9543581643584942,-0.020288606834025
0,22,0,1.0167845E7,1.1111111E7,1.0927695101567736,0.03852856906495089
0,22,1,1.1996757E7,1.1111111E7,0.9261762157889837,-0.03330637588393995
0,22,2,8801745.0,1.1111111E7,1.2623759265918293,0.10118870398320312
0,22,3,8560414.0,1.1111111E7,1.2979642106094402,0.11326271761911315
0,22,4,1.0140426E7,1.1111111E7,1.0957242821948505,0.039701286095846375
0,22,5,1.1184766E7,1.1111111E7,0.9934147035351477,-0.0028694162987965006
0,22,6,1.0092763E7,1.1111111E7,1.1008988321632045,0.041747411022616684
0,22,7,9259549.0,1.1111111E7,1.1999624387753658,0.07916765197437606
0,22,8,9500823.0,1.1111111E7,1.1694893168728646,0.06799625894178966
0,23,0,8597428.0,1.1111111E7,1.292376161800948,0.11138893874998107
0,23,1,9089263.0,1.1111111E7,1.2224435578550208,0.08722881619811741
0,23,2,1.0228234E7,1.1111111E7,1.0863176380204052,0.03595683102590051
0,23,3,9234530.0,1.1111111E7,1.2032134824403624,0.08034268970089666
0,23,4,1.0055895E7,1.1111111E7,1.1049350654516579,0.043336756261256236
0,23,5,1.2657349E7,1.1111111E7,0.8778387164642454,-0.05658526881346225
0,23,6,9656028.0,1.1111111E7,1.1506916715651612,0.0609589697842098
0,23,7,1.0217838E7,1.1111111E7,1.0874228970942776,0.03639847339348572
0,23,8,1.1669875E7,1.1111111E7,0.9521191101018649,-0.021308717976656222
0,24,0,1.0439711E7,1.4285714E7,1.3684012900357108,0.13621347493653163
0,24,1,9856090.0,1.4285714E7,1.4494301492782635,0.16119729074036834
0,24,2,1.0147326E7,1.4285714E7,1.4078303978801903,0.148550338256846
0,24,3,9268703.0,1.4285714E7,1.5412851183169856,0.18788298515449278
0,24,4,1.0674285E7,1.4285714E7,1.3383298272436983,0.1265631571535359
0,24,5,1.0647343E7,1.4285714E7,1.3417163324220889,0.12766070637997548
0,24,6,1.0614725E7,1.4285714E7,1.345839293999609,0.1289932040959596
0,25,0,1.0023057E7,2.5E7,2.4942490100575103,0.39693980852325517
0,25,1,1.1030857E7,2.5E7,2.266369693669313,0.35533075408201314
0,25,2,9264193.0,2.5E7,2.6985620873831104,0.4311324145812169
0,25,3,9822162.0,2.5E7,2.5452644743591075,0.4057329158622125
0,26,0,1.0063481E7,5.0E7,4.968459720846097,0.6962217733580576
0,26,1,1.0341366E7,5.0E7,4.834951204705452,0.6843920954543671
0,27,0,1.0396461E7,1.0E8,9.618657733626856,0.9831144712528603
0,28,0,1.0442433E7,1.0E8,9.576312340237184,0.9811983025434383
0,29,0,9260328.0,3.3333333E7,3.5995844855603387,0.5562523713108282
0,29,1,9814064.0,3.3333333E7,3.3964862059183636,0.5310298551388163
0,29,2,1.1185794E7,3.3333333E7,2.979970219369318,0.4742119239325643
0,30,0,1.0363413E7,1.6666666E7,1.6082217315859166,0.2063459263561642
0,30,1,1.0250607E7,1.6666666E7,1.6259199089380756,0.21109914890693088
0,30,2,9998778.0,1.6666666E7,1.6668702915496274,0.22190180627315453
0,30,3,9458425.0,1.6666666E7,1.7620973893645084,0.24602990776204556
0,30,4,1.0762864E7,1.6666666E7,1.548534479298447,0.18992087969755117
0,30,5,1.0349141E7,1.6666666E7,1.6104395524227566,0.20694442829143314
0,31,0,1.1234719E7,1.25E7,1.1126223984774342,0.046347798582733246
0,31,1,9735397.0,1.25E7,1.283974346397995,0.10855634668525589
0,31,2,1.0016298E7,1.25E7,1.2479660649074138,0.0962027760324396
0,31,3,9190623.0,1.25E7,1.3600819008678737,0.1335650613290531
0,31,4,9804669.0,1.25E7,1.2749028039600316,0.10547707628930876
0,31,5,1.1169622E7,1.25E7,1.1191068059420453,0.04887153694633438
0,31,6,1.0609513E7,1.25E7,1.1781879149401109,0.07121456372187154
0,31,7,1.1568821E7,1.25E7,1.0804903974225204,0.03362091155711963
0,32,0,1.0289884E7,1.1111111E7,1.0798091601421358,0.033347007319618226
0,32,1,9296721.0,1.1111111E7,1.1951645101536337,0.0774276884930105
0,32,2,9922743.0,1.1111111E7,1.1197620456359698,0.049125742985530935
0,32,3,1.1643117E7,1.1111111E7,0.9543072529460969,-0.02031177542635642
0,32,4,1.0472053E7,1.1111111E7,1.0610250922144875,0.025725654666122044
0,32,5,1.1224519E7,1.1111111E7,0.9898964044695368,-0.004410253201809205
0,32,6,1.027302E7,1.1111111E7,1.0815817549269835,0.03405935259777809
0,32,7,9312170.0,1.1111111E7,1.1931817181172595,0.07670659049825611
0,32,8,1.0571329E7,1.1111111E7,1.051060940398317,0.021627897104787512
0,33,0,1.200894E7,1.25E7,1.0408912027206398,0.017405338033735188
0,33,1,1.0314485E7,1.25E7,1.2118879420543052,0.08346246438689149
0,33,2,1.4117953E7,1.25E7,0.8853974793654575,-0.05286171874663431
0,33,3,9166462.0,1.25E7,1.363666810597153,0.13470827061704868
0,33,4,8607888.0,1.25E7,1.4521564406971839,0.1620134053942013
0,33,5,9200733.0,1.25E7,1.3585874081988902,0.1330875851000775
0,33,6,1.1121193E7,1.25E7,1.1239801341456803,0.05075863533699809
0,33,7,9648429.0,1.25E7,1.2955477000452613,0.11245340766153941
0,34,0,8862425.0,1.4285714E7,1.611941878210535,0.20734937839493262
0,34,1,9446190.0,1.4285714E7,1.5123254984284669,0.17964527460271495
0,34,2,8466234.0,1.4285714E7,1.6873752839810476,0.22721168344058437
0,34,3,9007093.0,1.4285714E7,1.5860515706898997,0.20031730435732825
0,34,4,1.4279717E7,1.4285714E7,1.000419966306055,1.8235076139666267E-4
0,34,5,1.348582E7,1.4285714E7,1.0593137087696558,0.02502459260230213
0,34,6,1.1093294E7,1.4285714E7,1.2877792655635016,0.10984142826981141
0,35,0,1.184346E7,2.5E7,2.1108696276257106,0.3244614110664417
0,35,1,8786227.0,2.5E7,2.845362406411762,0.4541375892130447
0,35,2,1.0654367E7,2.5E7,2.346455683383161,0.37041235627112207
0,35,3,1.0101386E7,2.5E7,2.474907898777455,0.3935590417354538
0,36,0,1.014633E7,5.0E7,4.927890182952851,0.6926610210985351
0,36,1,1.0354529E7,5.0E7,4.828804864035824,0.6838396555588105
0,37,0,9443178.0,1.0E8,10.589655304601903,1.024881823965306
0,38,0,8841374.0,5.0E7,5.65522960571513,0.7524502422359731
0,38,1,9869805.0,5.0E7,5.065956216966799,0.7046614320372595
0,39,0,9996968.0,2.5E7,2.5007582298953044,0.39807170672538467
0,39,1,9093020.0,2.5E7,2.7493615982368893,0.43923186235764566
0,39,2,9399926.0,2.5E7,2.6595954053255313,0.4248155739998029
0,39,3,1.0865685E7,2.5E7,2.300821347204525,0.361882898140428
0,40,0,8695956.0,1.6666666E7,1.9165996240091372,0.2825313986140787
0,40,1,9210236.0,1.6666666E7,1.8095807751288893,0.25757797368892343
0,40,2,1.1658862E7,1.6666666E7,1.4295276846059246,0.15519257043563975
0,40,3,8950222.0,1.6666666E7,1.8621511287652976,0.2700149246181328
0,40,4,9877716.0,1.6666666E7,1.687299574112072,0.22719219689464445
0,40,5,8542424.0,1.6666666E7,1.951046447706178,0.2902676085756434
0,41,0,9248290.0,1.25E7,1.3516012149273,0.13084857348165804
0,41,1,1.4910473E7,1.25E7,0.8383369192915611,-0.07658140764357327
0,41,2,1.3378334E7,1.25E7,0.93434653373133,-0.02949202122675562
0,41,3,1.1732131E7,1.25E7,1.065450087456405,0.027533109376366032
0,41,4,1.1746171E7,1.25E7,1.064176572944494,0.02701369402403361
0,41,5,9822598.0,1.25E7,1.2725757482898108,0.10468364254921535
0,41,6,8964785.0,1.25E7,1.3943446496485972,0.14437013455137995
0,41,7,1.1864941E7,1.25E7,1.0535239913961645,0.022644430036505587
0,42,0,9878241.0,1.1111111E7,1.1248066330837647,0.05107786875610355
0,42,1,1.0526715E7,1.1111111E7,1.0555155145741097,0.02346462120066806
0,42,2,9154197.0,1.1111111E7,1.213772327600116,0.08413723192890334
0,42,3,8589174.0,1.1111111E7,1.2936181057689597,0.11180608542379446
0,42,4,9136377.0,1.1111111E7,1.2161397236563245,0.08498347438320732
0,42,5,9764070.0,1.1111111E7,1.1379589658820553,0.056126601942800496
0,42,6,9817762.0,1.1111111E7,1.1317356236584264,0.05374498639638557
0,42,7,9523135.0,1.1111111E7,1.1667492900184655,0.06697754528365035
0,42,8,9025762.0,1.1111111E7,1.231044093562405,0.09027360877850203
0,43,0,9489185.0,1.25E7,1.3172891033318457,0.11968109933758272
0,43,1,9733619.0,1.25E7,1.2842088846912951,0.10863567022076179
0,43,2,1.1667457E7,1.25E7,1.0713559947124724,0.02993380402486195
0,43,3,1.099868E7,1.25E7,1.1365000163656003,0.055569446314830226
0,43,4,1.0820785E7,1.25E7,1.1551842126056473,0.06265124495452655
0,43,5,8965100.0,1.25E7,1.394295657605604,0.14435487480355524
0,43,6,8407878.0,1.25E7,1.486700925013422,0.17222361164238942
0,43,7,8948504.0,1.25E7,1.3968815346118189,0.14515957644636882
0,44,0,1.0361635E7,1.6666666E7,1.6084976936554898,0.20642044252526728
0,44,1,1.0311456E7,1.6666666E7,1.6163251823990714,0.20852873930633958
0,44,2,1.0016392E7,1.6666666E7,1.6639390710746944,0.22113741956257213
0,44,3,9805812.0,1.6666666E7,1.6996721944087854,0.23036516968005027
0,44,4,9457751.0,1.6666666E7,1.7622229640006382,0.24606085635132982
0,44,5,9580473.0,1.6666666E7,1.7396495976764403,0.24046178097199233
0,45,0,9975749.0,2.5E7,2.5060774885174038,0.3989944953553527
0,45,1,9715045.0,2.5E7,2.573328275885495,0.41049519208349067
0,45,2,1.14651E7,2.5E7,2.180530479455042,0.3385621616201409
0,45,3,1.0248267E7,2.5E7,2.439436833564153,0.38728957703336486
0,46,0,9641494.0,5.0E7,5.185918281959207,0.7148256690137792
0,46,1,1.0743605E7,5.0E7,4.653931338689388,0.6678199716777662
0,47,0,1.1829431E7,1.0E8,8.453491972690825,0.9270361445946592
0,48,0,1.0044427E7,5.0E7,4.977884751414889,0.6970448375510077
0,48,1,9969747.0,5.0E7,5.015172401064942,0.7002858668767267
0,49,0,1.0097694E7,2.5E7,2.475812794485553,0.3937178029508203
0,49,1,9357939.0,2.5E7,2.671528420948245,0.42675979876797493
0,49,2,1.0676523E7,2.5E7,2.341586301083227,0.3695101686923203
0,49,3,1.0278584E7,2.5E7,2.432241639509878,0.3860067192407582
0,50,0,1.1238934E7,1.6666666E7,1.4829401080209208,0.17112361139165264
0,50,1,1.1466872E7,1.6666666E7,1.4534622868381195,0.1624037675611511
0,50,2,1.0339548E7,1.6666666E7,1.6119337131565132,0.20734717853466778
0,50,3,9543161.0,1.6666666E7,1.74645130685734,0.2421564814950139
0,50,4,1.0102313E7,1.6666666E7,1.6497871329070877,0.21742791211229773
0,50,5,1.1467297E7,1.6666666E7,1.4534084187407024,0.16238767147719615
0,51,0,1.0442956E7,1.25E7,1.1969790928928552,0.07808656484203148
0,51,1,1.1665573E7,1.25E7,1.0715290196203822,0.03000393729136734
0,51,2,1.0326283E7,1.25E7,1.210503334065123,0.0829659899480046
0,51,3,9278153.0,1.25E7,1.3472509022000392,0.12944848309780316
0,51,4,1.0660454E7,1.25E7,1.1725579417161782,0.06913431249233767
0,51,5,1.094132E7,1.25E7,1.142458131194408,0.05784029300935314
0,51,6,1.0124185E7,1.25E7,1.2346672843295534,0.09154994055334144
0,51,7,1.0148538E7,1.25E7,1.2317045075852304,0.09050653078493497
0,52,0,1.024309E7,1.1111111E7,1.084742104189263,0.03532649759404661
0,52,1,9100471.0,1.1111111E7,1.220938015186247,0.08669361615954714
0,52,2,9641996.0,1.1111111E7,1.1523662735392133,0.0615905392385795
0,52,3,1.1290866E7,1.1111111E7,0.984079609128299,-0.0069697670090727235
0,52,4,1.0686667E7,1.1111111E7,1.039717154094911,0.016915209372963706
0,52,5,1.1178183E7,1.1111111E7,0.9939997403871452,-0.0026137290317057864
0,52,6,9937293.0,1.1111111E7,1.1181225108286532,0.04848939108342477
0,52,7,8478721.0,1.1111111E7,1.3104701758673272,0.11742714157133771
0,52,8,9197413.0,1.1111111E7,1.2080691603171456,0.0820917977655171
0,53,0,1.0132494E7,1.25E7,1.2336548139085994,0.09119365776359921
0,53,1,1.0655171E7,1.25E7,1.1731393142353135,0.06934958910701583
0,53,2,9915898.0,1.25E7,1.2606019142189644,0.10057796226453053
0,53,3,1.0255078E7,1.25E7,1.218908330097538,0.08597104505250003
0,53,4,9241406.0,1.25E7,1.352608033885753,0.13117196261164313
0,53,5,9583213.0,1.25E7,1.3043642043644443,0.11539887196440983
0,53,6,1.1573554E7,1.25E7,1.0800485313327264,0.03344327068737256
0,53,7,1.1273162E7,1.25E7,1.1088282063186885,0.044864264970432076
0,54,0,1.6553196E7,1.6666666E7,1.0068548695973878,0.002966874848166209
0,54,1,1.1645684E7,1.6666666E7,1.431145306707618,0.15568373068330318
0,54,2,1.0986245E7,1.6666666E7,1.5170484546812855,0.18099945241799859
0,54,3,1.2102905E7,1.6666666E7,1.3770798002628295,0.13895910787465768
0,54,4,1.0353255E7,1.6666666E7,1.609799623403461,0.20677182145673936
0,54,5,1.0459118E7,1.6666666E7,1.5935058768817791,0.20235366949950423
0,55,0,1.0684716E7,2.5E7,2.339790781523814,0.36917702557597665
0,55,1,9267479.0,2.5E7,2.697605249496654,0.4309783980755837
0,55,2,9855348.0,2.5E7,2.5366937829085283,0.4042680445100172
0,55,3,1.1839311E7,2.5E7,2.11160936645722,0.32461357973148947
0,56,0,1.0221746E7,5.0E7,4.891532229425384,0.6894449193592335
0,56,1,9872078.0,5.0E7,5.064789804132423,0.7045614262412847
0,57,0,9959692.0,1.0E8,10.040471131034975,1.0017540917739607
0,58,0,9305102.0,5.0E7,5.373396229294424,0.7302488662250244
0,58,1,9822922.0,5.0E7,5.090135094221455,0.7067293088389859
0,59,0,1.0301619E7,2.5E7,2.426803010284112,0.3850345249851176
0,59,1,1.1341584E7,2.5E7,2.2042776388201153,0.34326629499535877
0,59,2,1.1182273E7,2.5E7,2.235681421836151,0.3494099179103317
0,59,3,1.00092E7,2.5E7,2.4977021140550693,0.39754064142946244
0,60,0,9370838.0,1.6666666E7,1.7785672956890302,0.25007030224233867
0,60,1,9913257.0,1.6666666E7,1.68125026921021,0.22563236688789545
0,60,2,1.2855902E7,1.6666666E7,1.2964213635107051,0.11274617908523187
0,60,3,2.1915135E7,1.6666666E7,0.7605093922533446,-0.1188954180625116
0,60,4,1.1726991E7,1.6666666E7,1.4212227160402868,0.15266214039631149
0,60,5,9480149.0,1.6666666E7,1.7580594988538683,0.2450335690236754
0,61,0,1.1546771E7,1.25E7,1.0825537286571285,0.034449460203463456
0,61,1,1.0184652E7,1.25E7,1.2273369772477254,0.08896381885319257
0,61,2,9912999.0,1.25E7,1.260970570056549,0.10070495064033456
0,61,3,1.1130589E7,1.25E7,1.1230313148747115,0.05039186640186368
0,61,4,1.0275597E7,1.25E7,1.2164743323429286,0.08510294973257246
0,61,5,9242761.0,1.25E7,1.352409739903477,0.13110828984521192
0,61,6,1.0485524E7,1.25E7,1.1921197262053855,0.07631987438006882
0,61,7,9855517.0,1.25E7,1.2683251421513453,0.1032306016064102
0,62,0,9163465.0,1.1111111E7,1.2125447087973817,0.08369776082153789
0,62,1,9931754.0,1.1111111E7,1.1187460945971879,0.04873153225884987
0,62,2,1.0043049E7,1.1111111E7,1.106348380855256,0.04389190459881976
0,62,3,9240132.0,1.1111111E7,1.20248401213316,0.08007931083505457
0,62,4,9633410.0,1.1111111E7,1.1533933466965487,0.06197744187173194
0,62,5,9950315.0,1.1111111E7,1.1166592213412339,0.04792065666834909
0,62,6,9408907.0,1.1111111E7,1.180914106176201,0.0722183103397656
0,62,7,9744980.0,1.1111111E7,1.1401881789393102,0.056976534082566296
0,62,8,1.0220513E7,1.1111111E7,1.0871382874812643,0.03628479125291332
0,63,0,9242253.0,1.25E7,1.35248407504101,0.13113216016490578
0,63,1,9914085.0,1.25E7,1.260832441924797,0.10065737492947173
0,63,2,1.0316434E7,1.25E7,1.2116589899184156,0.0833804089100853
0,63,3,9353903.0,1.25E7,1.3363405628645069,0.12591715104719928
0,63,4,9992948.0,1.25E7,1.2508821220724855,0.09721638551634225
0,63,5,1.0581992E7,1.25E7,1.1812520742786425,0.0723425841390992
0,63,6,9511972.0,1.25E7,1.314133388954467,0.1186394498103093
0,63,7,1.1922625E7,1.25E7,1.0484268355332824,0.02053812861838927
0,64,0,1.0160785E7,1.6666666E7,1.640293146641721,0.21492147035981177
0,64,1,9186131.0,1.6666666E7,1.8143292317516482,0.2587160978063183
0,64,2,1.1483047E7,1.6666666E7,1.4514149423929033,0.16179158985299186
0,64,3,1.0093266E7,1.6666666E7,1.6512659034251154,0.21781701335476295
0,64,4,9347392.0,1.6666666E7,1.7830284639822531,0.2511582762385932
0,64,5,1.0957139E7,1.6666666E7,1.5210782668724017,0.18215156119059675
0,65,0,1.0953565E7,3.3333333E7,3.043149239539821,0.4833232511814749
0,65,1,9250439.0,3.3333333E7,3.603432550606517,0.5567163973060898
0,65,2,1.0974095E7,3.3333333E7,3.0374562093730737,0.48251002548218
0,66,0,1.022766E7,5.0E7,4.888703769972799,0.6891937220738373
0,66,1,9414855.0,5.0E7,5.310756246378728,0.7251563685850134
0,67,0,1.023228E7,1.0E8,9.772992920443928,0.9900275841674859
0,68,0,1.0139302E7,5.0E7,4.931305922241985,0.6929619455894196
0,68,1,9380952.0,5.0E7,5.329949455023328,0.7267230905446697
0,69,0,9301674.0,2.5E7,2.6876882591241102,0.4293788941460863
0,69,1,1.1807233E7,2.5E7,2.1173462063465673,0.3257918751252045
0,69,2,9580948.0,2.5E7,2.6093451295216297,0.4165315256060704
0,69,3,9188323.0,2.5E7,2.720844706917682,0.43470375499057906
0,70,0,1.0965327E7,1.4285714E7,1.3028078414806963,0.11488036387928592
0,70,1,9617119.0,1.4285714E7,1.4854463171351004,0.17185696136131093
0,70,2,9289741.0,1.4285714E7,1.5377946489573822,0.18689834536205813
0,70,3,1.0353673E7,1.4285714E7,1.3797725695992138,0.13980750675776143
0,70,4,1.0758062E7,1.4285714E7,1.32790775885099,0.12316790845569191
0,70,5,9426770.0,1.4285714E7,1.515441025929348,0.18053904026694922
0,70,6,1.0520079E7,1.4285714E7,1.3579474070489395,0.13288295015748983
0,71,0,1.0402982E7,1.1111111E7,1.0680698092143195,0.02859963917732848
0,71,1,9406813.0,1.1111111E7,1.1811769831078816,0.07231497553768096
0,71,2,1.1582199E7,1.1111111E7,0.9593265493020798,-0.018033536291163534
0,71,3,9813138.0,1.1111111E7,1.1322689031785755,0.053949579942423755
0,71,4,9193152.0,1.1111111E7,1.2086290969626088,0.08229304539662621
0,71,5,9677175.0,1.1111111E7,1.1481771281391522,0.06000889140645585
0,71,6,9960913.0,1.1111111E7,1.1154711420529424,0.047458339291052296
0,71,7,9244613.0,1.1111111E7,1.201901150432149,0.07986875087206578
0,71,8,9728814.0,1.1111111E7,1.1420827862471212,0.05769758579002593
0,72,0,1.0066474E7,1.1111111E7,1.103773873552944,0.0428801100535115
0,72,1,9201504.0,1.1111111E7,1.2075320512820513,0.08189866696822665
0,72,2,1.0057384E7,1.1111111E7,1.1047714793429384,0.04327245401747637
0,72,3,9363385.0,1.1111111E7,1.1866553602142815,0.07432460531506091
0,72,4,8508253.0,1.1111111E7,1.305921556399416,0.11591709068634892
0,72,5,9524464.0,1.1111111E7,1.1665864871766012,0.06691694159628944
0,72,6,1.0118318E7,1.1111111E7,1.0981183829170027,0.0406491618592537
0,72,7,8794860.0,1.1111111E7,1.2633641695262916,0.10152855563759791
0,72,8,8393268.0,1.1111111E7,1.323812250484555,0.1218263957076358
0,73,0,9066293.0,1.25E7,1.378733292647833,0.13948026274303119
0,73,1,9140134.0,1.25E7,1.3675948295725204,0.1359574502026733
0,73,2,8539038.0,1.25E7,1.463865133285506,0.16550106677159168
0,73,3,9872193.0,1.25E7,1.266182701249864,0.10249637583918181
0,73,4,1.1694758E7,1.25E7,1.0688549519365855,0.028918773639457794
0,73,5,1.0750346E7,1.25E7,1.1627532732434844,0.06548757075898502
0,73,6,1.1115456E7,1.25E7,1.1245602519590738,0.050982729129004214
0,73,7,9278589.0,1.25E7,1.347187595010405,0.12942807516260152
0,74,0,9052302.0,1.6666666E7,1.8411522284607826,0.26508969792678827
0,74,1,9337610.0,1.6666666E7,1.784896349279955,0.2516130012645892
0,74,2,9772068.0,1.6666666E7,1.7055413449845007,0.23186225184718723
0,74,3,8954493.0,1.6666666E7,1.861262943641812,0.26980773095239835
0,74,4,1.0194089E7,1.6666666E7,1.6349343232141684,0.21350031134580533
0,74,5,9488511.0,1.6666666E7,1.7565101626588198,0.24465066683734069
0,75,0,8727905.0,3.3333333E7,3.819167715505611,0.5819687304653014
0,75,1,8438579.0,3.3333333E7,3.9501120982573013,0.5966094204274187
0,75,2,9561310.0,3.3333333E7,3.4862725923539766,0.5423613416743568
0,76,0,9371339.0,1.0E8,10.670833698364769,1.0281983516133144
0,77,0,8446717.0,1.0E8,11.838919191917997,1.0733120562373
0,78,0,9744416.0,5.0E7,5.131143826371945,0.7102141881350686
0,78,1,9351412.0,5.0E7,5.3467861324043895,0.7280928129811703
0,79,0,8363356.0,2.5E7,2.98923063899229,0.4755594250350509
0,79,1,1.007336E7,2.5E7,2.4817935624260428,0.3947656537026391
0,79,2,9237684.0,2.5E7,2.7063060394791596,0.4323769067263871
0,79,3,8560021.0,2.5E7,2.920553582754061,0.4654651785541212
0,80,0,8389512.0,1.4285714E7,1.7028063134065485,0.2311652517191833
0,80,1,8932946.0,1.4285714E7,1.5992164287123196,0.20390724262985588
0,80,2,9163032.0,1.4285714E7,1.5590597086204654,0.19286274804825848
0,80,3,8572641.0,1.4285714E7,1.666430916680169,0.22178731432029603
0,80,4,1.2277359E7,1.4285714E7,1.1635820048920944,0.06579699614626923
0,80,5,1.2446189E7,1.4285714E7,1.1477982537465885,0.05986555967840985
0,80,6,1.0921824E7,1.4285714E7,1.3079970891308998,0.1166067774929928
0,81,0,1.1769917E7,1.1111111E7,0.9440262832779535,-0.025015914045492395
0,81,1,9312939.0,1.1111111E7,1.1930831931788666,0.07667072789398643
0,81,2,8809428.0,1.1111111E7,1.2612749658661153,0.10080977582025312
0,81,3,8898154.0,1.1111111E7,1.248698437900715,0.09645756842320817
0,81,4,9385747.0,1.1111111E7,1.1838280959416443,0.07328864292391057
0,81,5,8434980.0,1.1111111E7,1.3172658382118274,0.11967342903768828
0,81,6,9161537.0,1.1111111E7,1.2127998828144229,0.08378914632470988
0,81,7,9397102.0,1.1111111E7,1.1823976157755869,0.0727635453263339
0,81,8,8337922.0,1.1111111E7,1.3325995373907311,0.12469965816768143
0,82,0,8422970.0,1.1111111E7,1.3191440786325963,0.12029223234533754
0,82,1,9031914.0,1.1111111E7,1.2302055799025544,0.08997769254254374
0,82,2,9239692.0,1.1111111E7,1.2025412751853632,0.08009999172163373
0,82,3,8424210.0,1.1111111E7,1.3189499074690683,0.12022830174585056
0,82,4,9466972.0,1.1111111E7,1.1736710534265866,0.0695463935899989
0,82,5,9199120.0,1.1111111E7,1.2078449895207368,0.0820112020703678
0,82,6,8270908.0,1.1111111E7,1.3433967588564641,0.12820429616421425
0,82,7,9447512.0,1.1111111E7,1.1760885828988628,0.07044003399803801
0,82,8,1.0368188E7,1.1111111E7,1.0716540826613097,0.03005462282408612
0,83,0,8607435.0,1.25E7,1.4522328661209756,0.16203626124190712
0,83,1,8510333.0,1.25E7,1.4688026896244835,0.16696345912405317
0,83,2,1.0193105E7,1.25E7,1.226319163787678,0.08860351507038743
0,83,3,9330914.0,1.25E7,1.33963296628819,0.12698582631250513
0,83,4,8423615.0,1.25E7,1.483923469911671,0.1714115037380903
0,83,5,1.0762512E7,1.25E7,1.1614388908463005,0.06499636431583394
0,83,6,8896803.0,1.25E7,1.4049990766346068,0.14767603882285896
0,83,7,8691513.0,1.25E7,1.4381845830524558,0.1578146289235323
0,84,0,1.0142663E7,2.0E7,1.9718687291493369,0.2948779998021135
0,84,1,9819308.0,2.0E7,2.036803408142407,0.3089491130064589
0,84,2,8688902.0,2.0E7,2.3017868080454815,0.3620650967146831
0,84,3,8473047.0,2.0E7,2.3604259483040755,0.3729903802185007
0,84,4,9222483.0,2.0E7,2.1686133766795774,0.33618213230870175
0,85,0,1.2681498E7,3.3333333E7,2.628501222805066,0.41970818339262894
0,85,1,9400844.0,3.3333333E7,3.545780889460563,0.5497118949878854
0,85,2,9610173.0,3.3333333E7,3.4685466120120836,0.5401475351347056
0,86,0,9120933.0,1.0E8,10.963790656065559,1.0399607344756756
0,87,0,8769094.0,1.0E8,11.403686629428307,1.0570452744932632
0,88,0,9790650.0,5.0E7,5.106913228437335,0.7081584788206864
0,88,1,9510196.0,5.0E7,5.257515197373429,0.7207805367318024
0,89,0,1.2317146E7,2.0E7,1.623752775196462,0.210519906345275
0,89,1,9093529.0,2.0E7,2.199366164665005,0.3422975395268355
0,89,2,9073403.0,2.0E7,2.2042446477909117,0.3432597949388754
0,89,3,8670444.0,2.0E7,2.306686947058305,0.36298865807096564
0,89,4,1.0928281E7,2.0E7,1.830113995055581,0.26247814212480075
0,90,0,9394758.0,1.4285714E7,1.5206047883298324,0.1820163537306041
0,90,1,8536489.0,1.4285714E7,1.6734882455773095,0.223622666261265
0,90,2,8833143.0,1.4285714E7,1.6172854894345081,0.2087866900004764
0,90,3,1.0844078E7,1.4285714E7,1.3173746998131146,0.11970931855815586
0,90,4,8529756.0,1.4285714E7,1.6748092208030336,0.22396534327057363
0,90,5,8513382.0,1.4285714E7,1.6780304231620289,0.224799830444777
0,90,6,9156805.0,1.4285714E7,1.560119932662102,0.19315798559245287
0,91,0,9060474.0,1.1111111E7,1.2263277837340518,0.08860656776832934
0,91,1,8485966.0,1.1111111E7,1.309351345503859,0.11705619883450132
0,91,2,9734664.0,1.1111111E7,1.1413964570323125,0.05743652013715141
0,91,3,9417133.0,1.1111111E7,1.1798825608600834,0.07183878212931932
0,91,4,8756189.0,1.1111111E7,1.2689437151253815,0.10344235909031287
0,91,5,8553445.0,1.1111111E7,1.2990217391939738,0.11361641907378525
0,91,6,9358862.0,1.1111111E7,1.1872288532516027,0.07453444273253146
0,91,7,9145417.0,1.1111111E7,1.2149376020798177,0.08455397359828536
0,91,8,9201222.0,1.1111111E7,1.2075690598487896,0.08191197706629645
0,92,0,9136883.0,1.1111111E7,1.2160723739156998,0.08495942251639224
0,92,1,9005711.0,1.1111111E7,1.2337849837730748,0.09123948020186684
0,92,2,8387894.0,1.1111111E7,1.3246603974728342,0.12210455268216848
0,92,3,9017341.0,1.1111111E7,1.2321937254008692,0.09067899294082138
0,92,4,1.0312592E7,1.1111111E7,1.0774314546721135,0.032389650243834896
0,92,5,8919894.0,1.1111111E7,1.2456550492640384,0.09539779277082377
0,92,6,8559937.0,1.1111111E7,1.2980365392876139,0.11328691787854955
0,92,7,1.1959151E7,1.1111111E7,0.9290886117250297,-0.03194286324212768
0,92,8,8974608.0,1.1111111E7,1.2380608712937657,0.09274199800969839
0,93,0,8480445.0,1.4285714E7,1.6845476858820498,0.22648330942358763
0,93,1,8962065.0,1.4285714E7,1.5940203513364386,0.2024938618635394
0,93,2,9099487.0,1.4285714E7,1.569947184934711,0.19588504242373553
0,93,3,8508477.0,1.4285714E7,1.6789977806838992,0.22505012208362757
0,93,4,9521427.0,1.4285714E7,1.5003753113897738,0.1761999092407468
0,93,5,9502489.0,1.4285714E7,1.5033654866635469,0.1770645757599992
0,93,6,8505020.0,1.4285714E7,1.6796802359077345,0.22522661208384348
0,94,0,8427985.0,2.0E7,2.3730464636564967,0.3753062416779691
0,94,1,9120506.0,2.0E7,2.192860790837701,0.34101106227944106
0,94,2,9125641.0,2.0E7,2.1916268676359283,0.3407666159069056
0,94,3,1.1495917E7,2.0E7,1.7397481210067887,0.24048637611297932
0,94,4,1.1573981E7,2.0E7,1.728013895996546,0.23754723057942256
0,95,0,9561479.0,3.3333333E7,3.48621097217282,0.5423536654125476
0,95,1,8873383.0,3.3333333E7,3.756552940406156,0.574789513650754
0,95,2,8923955.0,3.3333333E7,3.735264577196994,0.5723213692965653
0,96,0,9249988.0,1.0E8,10.810824835664652,1.0338588306703904
0,97,0,8764609.0,1.0E8,11.409522090489148,1.0572674535496576
0,98,0,1.0362853E7,3.3333333E7,3.2166173736132317,0.50739940332927
0,98,1,9356657.0,3.3333333E7,3.5625259106965235,0.5517580317061387
0,98,2,8867094.0,3.3333333E7,3.759217281332531,0.5750974284955581
0,99,0,8294000.0,2.0E7,2.411381721726549,0.38226596463598206
0,99,1,9151987.0,2.0E7,2.1853177894592726,0.3395146011110412
0,99,2,9413592.0,2.0E7,2.124587511334674,0.3272746242968059
0,99,3,8626051.0,2.0E7,2.3185580516507494,0.3652179741571898
0,99,4,8695527.0,2.0E7,2.3000331089766037,0.3617340877316567
