 Number of tacts (im units) = 1
 Number of massive (im units) = 100
 Command Line curl 192.168.222.19:9000 > /dev/null 2>&1
cycle , cPeriod , count , procDur , procTime , lI , spb
0,0,0,2.4758012E7,2.0E7,0.8078193031007498,-0.09268577343642115
0,0,1,1.4443945E7,2.0E7,1.3846632620104826,0.14134416962298213
0,0,2,1.2539814E7,2.0E7,1.5949199884463996,0.2027389009055449
0,0,3,1.1010753E7,2.0E7,1.816406198558809,0.2592129752787491
0,0,4,9981061.0,2.0E7,2.0037949873264975,0.30185328584421256
0,1,0,9346362.0,1.4285714E7,1.5284785673826886,0.18425935334494015
0,1,1,8562174.0,1.4285714E7,1.6684680783174928,0.22231790200478532
0,1,2,1.0402845E7,1.4285714E7,1.3732506828660813,0.13774982365181432
0,1,3,1.2575269E7,1.4285714E7,1.136016573482444,0.055384667395657165
0,1,4,9331960.0,1.4285714E7,1.5308374660842952,0.18492908271012584
0,1,5,1.0024409E7,1.4285714E7,1.4250928907629368,0.15384317355922741
0,1,6,8762422.0,1.4285714E7,1.6303385068648828,0.2122777862447229
0,2,0,8006515.0,1.1111111E7,1.38775871899322,0.14231396459243933
0,2,1,8569374.0,1.1111111E7,1.2966070800504215,0.11280838871408122
0,2,2,9217089.0,1.1111111E7,1.2054902583668228,0.08116370517002332
0,2,3,8567244.0,1.1111111E7,1.2969294442880348,0.11291635018596764
0,2,4,8805149.0,1.1111111E7,1.2618879021808718,0.10102077675710434
0,2,5,8710454.0,1.1111111E7,1.2756064150043156,0.10571669463643606
0,2,6,8781452.0,1.1111111E7,1.2652931428652119,0.10219115442884533
0,2,7,8352543.0,1.1111111E7,1.3302668420862964,0.12393876609616936
0,2,8,9016661.0,1.1111111E7,1.2322866524537188,0.09071174443412106
0,3,0,1.1067884E7,1.1111111E7,1.0039056245981617,0.0016928874676360242
0,3,1,9557158.0,1.1111111E7,1.1625957214477358,0.06542872034490224
0,3,2,9261568.0,1.1111111E7,1.1997008497913095,0.07907296647971221
0,3,3,8831166.0,1.1111111E7,1.2581703254134278,0.09973943791369967
0,3,4,8102908.0,1.1111111E7,1.3712498031570888,0.1371165782397985
0,3,5,1.0735924E7,1.1111111E7,1.0349468755553783,0.014918057768507442
0,3,6,9092538.0,1.1111111E7,1.222003251457404,0.08707236146147002
0,3,7,8191173.0,1.1111111E7,1.356473730929624,0.13241138776014696
0,3,8,1.0602603E7,1.1111111E7,1.047960675317184,0.02034498607024556
0,4,0,1.0091683E7,1.4285714E7,1.4155928203452288,0.15093835130063107
0,4,1,9043051.0,1.4285714E7,1.5797449334301001,0.1985869711657119
0,4,2,8451111.0,1.4285714E7,1.6903947895134734,0.22798814537350798
0,4,3,1.0232542E7,1.4285714E7,1.396106070221847,0.14491841539463465
0,4,4,9310867.0,1.4285714E7,1.5343054518983033,0.1859118282364013
0,4,5,1.0292445E7,1.4285714E7,1.3879806013051321,0.14238339637459263
0,4,6,9488663.0,1.4285714E7,1.5055560514690005,0.17769692882290294
0,5,0,8809308.0,2.0E7,2.2703258871184886,0.3560882011662404
0,5,1,9475074.0,2.0E7,2.110801456537437,0.3244473851857538
0,5,2,8080223.0,2.0E7,2.4751792122568896,0.39360664895708825
0,5,3,9814097.0,2.0E7,2.037884891498423,0.3091796495433804
0,5,4,9455609.0,2.0E7,2.1151466817208706,0.32534049031771417
0,6,0,1.131154E7,3.3333333E7,2.9468430470121665,0.4693570053335518
0,6,1,9791785.0,3.3333333E7,3.4042141448162924,0.5320168719139612
0,6,2,1.0606009E7,3.3333333E7,3.1428724037477247,0.49732674962301043
0,7,0,8793488.0,1.0E8,11.372051681880956,1.0558388247349637
0,8,0,8280571.0,1.0E8,12.076461876844,1.0819397147128291
0,9,0,9594631.0,3.3333333E7,3.4741651867591363,0.5408504640801182
0,9,1,1.1308272E7,3.3333333E7,2.94769466104105,0.4694824948271633
0,9,2,8861084.0,3.3333333E7,3.7617669576318202,0.5753918874000468
0,10,0,1.1600301E7,2.0E7,1.7240931937886783,0.23656073739024644
0,10,1,8954914.0,2.0E7,2.2334106167853762,0.34896857627790223
0,10,2,8196298.0,2.0E7,2.440126017868067,0.3874122556221268
0,10,3,9843362.0,2.0E7,2.031826117946287,0.30788653862780807
0,10,4,1.0244307E7,2.0E7,1.952303850323892,0.29054741079455704
0,11,0,9532110.0,1.25E7,1.3113570867310596,0.1177209675714303
0,11,1,1.0051009E7,1.25E7,1.2436562339164157,0.09470035113847891
0,11,2,8469389.0,1.25E7,1.475903397517814,0.1690579324884257
0,11,3,9130081.0,1.25E7,1.3691006684387577,0.13643538249489784
0,11,4,9913719.0,1.25E7,1.2608789900137376,0.10067340815033621
0,11,5,9910974.0,1.25E7,1.2612282102647026,0.10079367617773445
0,11,6,1.0983697E7,1.25E7,1.1380503304124285,0.05616146920935227
0,11,7,1.4013849E7,1.25E7,0.8919747886537096,-0.049647420627588465
0,12,0,1.3847844E7,1.1111111E7,0.8023711850017953,-0.09562467622320717
0,12,1,9837179.0,1.1111111E7,1.1295017606165345,0.05288691221561135
0,12,2,8602050.0,1.1111111E7,1.2916817502804565,0.11115552362614113
0,12,3,1.0089884E7,1.1111111E7,1.1012129574532274,0.041871312889589854
0,12,4,1.0394711E7,1.1111111E7,1.0689196650104078,0.02894506689848875
0,12,5,9831998.0,1.1111111E7,1.1300969548610567,0.05311570468240136
0,12,6,8690984.0,1.1111111E7,1.2784640956651168,0.106688535824637
0,12,7,8803833.0,1.1111111E7,1.2620765296206777,0.10108569039484314
0,12,8,8234535.0,1.1111111E7,1.3493307150919875,0.13011840640787672
0,13,0,8910435.0,1.1111111E7,1.2469773922373038,0.0958585797691674
0,13,1,9580529.0,1.1111111E7,1.1597596541902853,0.06436799640452187
0,13,2,1.0544747E7,1.1111111E7,1.0537105347335503,0.022721322040000692
0,13,3,1.0170948E7,1.1111111E7,1.0924361229651356,0.03839605227422477
0,13,4,9535081.0,1.1111111E7,1.1652875313801738,0.06643309951178168
0,13,5,7974994.0,1.1111111E7,1.3932438068291964,0.1440271212305644
0,13,6,1.0250841E7,1.1111111E7,1.0839218947986804,0.034997988955100215
0,13,7,9623384.0,1.1111111E7,1.1545949948583576,0.06242967051051806
0,13,8,8062251.0,1.1111111E7,1.3781648574324963,0.13930117141110698
0,14,0,9943591.0,1.4285714E7,1.4366755430709086,0.15735869870891547
0,14,1,1.1121891E7,1.4285714E7,1.28446808191161,0.10872331683756342
0,14,2,9919106.0,1.4285714E7,1.4402219312909852,0.15842941994839888
0,14,3,8127295.0,1.4285714E7,1.757745227655696,0.2449559274831645
0,14,4,1.0072121E7,1.4285714E7,1.418342174403981,0.15178101683342093
0,14,5,9755062.0,1.4285714E7,1.4644411281035425,0.16567191732612738
0,14,6,8906481.0,1.4285714E7,1.6039683911075542,0.20519580552992164
0,15,0,1.0783995E7,2.0E7,1.8546002664133283,0.2682503178333554
0,15,1,1.0107754E7,2.0E7,1.9786789429184763,0.2963753320384445
0,15,2,8953680.0,2.0E7,2.233718426390043,0.3490284268045842
0,15,3,7976569.0,2.0E7,2.507343696268408,0.39921386932399733
0,15,4,1.0083167E7,2.0E7,1.9835037939964695,0.2974330355185914
0,16,0,9349007.0,5.0E7,5.348161574806822,0.7282045193803409
0,16,1,7998209.0,5.0E7,6.251399532070242,0.795977255906259
0,17,0,1.180528E7,1.0E8,8.470785953403901,0.927923707779424
0,18,0,1.40216E7,1.0E8,7.131853711416672,0.853202426346266
0,19,0,9649942.0,3.3333333E7,3.4542521602720515,0.5383540378687969
0,19,1,8076916.0,3.3333333E7,4.126987701741605,0.615633174699147
0,19,2,8691768.0,3.3333333E7,3.835046333496246,0.5837706152889609
0,20,0,1.0838209E7,1.6666666E7,1.5377693860673844,0.18689121071384515
0,20,1,8617494.0,1.6666666E7,1.9340502006731888,0.2864677425455371
0,20,2,9832671.0,1.6666666E7,1.695029356723112,0.22917722428095808
0,20,3,8747100.0,1.6666666E7,1.9053933303609196,0.27998464067976814
0,20,4,8535570.0,1.6666666E7,1.952613123669538,0.29061620391286874
0,20,5,7902015.0,1.6666666E7,2.1091665859910416,0.32411088249886516
0,21,0,8982426.0,1.25E7,1.3916062319912237,0.14351636496872427
0,21,1,9086149.0,1.25E7,1.3757203409277132,0.1385301586554424
0,21,2,9370359.0,1.25E7,1.3339937135813047,0.12515378298129237
0,21,3,9214625.0,1.25E7,1.356539197200103,0.13243234721797378
0,21,4,9139198.0,1.25E7,1.3677348931492677,0.13600192662395796
0,21,5,8211516.0,1.25E7,1.5222524074726274,0.1824866695725123
0,21,6,1.0182378E7,1.25E7,1.227611074741087,0.08906079771127368
0,21,7,9398099.0,1.25E7,1.330056216688077,0.12386999741930899
0,22,0,8939278.0,1.1111111E7,1.2429539611588318,0.0944550427325835
0,22,1,9814856.0,1.1111111E7,1.1320707099523417,0.05387355404575647
0,22,2,8904931.0,1.1111111E7,1.247748129659848,0.09612692754315615
0,22,3,9584682.0,1.1111111E7,1.1592571355001657,0.06417977776069114
0,22,4,8188303.0,1.1111111E7,1.3569491749389342,0.13256358129500947
0,22,5,8549733.0,1.1111111E7,1.299585729753198,0.11380493387988004
0,22,6,9040539.0,1.1111111E7,1.229031919446396,0.08956316218622741
0,22,7,1.1743665E7,1.1111111E7,0.9461365766138595,-0.024046167838723126
0,22,8,9553022.0,1.1111111E7,1.1630990695928471,0.06561670831834866
0,23,0,1.0462383E7,1.1111111E7,1.0620057591086085,0.026126871870033735
0,23,1,8885956.0,1.1111111E7,1.2504125611245431,0.09705332777478615
0,23,2,8776973.0,1.1111111E7,1.2659388379114302,0.10241272384940975
0,23,3,8838919.0,1.1111111E7,1.2570667295401168,0.09935833218225966
0,23,4,1.0871584E7,1.1111111E7,1.0220323919679046,0.009464660407293502
0,23,5,9007393.0,1.1111111E7,1.233554592322107,0.09115837443345683
0,23,6,1.0953429E7,1.1111111E7,1.0143956746330305,0.006207388716864912
0,23,7,9052265.0,1.1111111E7,1.2274398727832205,0.0890002270206426
0,23,8,8359857.0,1.1111111E7,1.3291029978144362,0.12355863756365068
0,24,0,1.0206519E7,1.4285714E7,1.3996656450646885,0.14602430293118715
0,24,1,9137517.0,1.4285714E7,1.5634131241561575,0.19407375334495441
0,24,2,7853764.0,1.4285714E7,1.8189640024833953,0.25982410440844383
0,24,3,9339518.0,1.4285714E7,1.5295986366748262,0.18457748784725506
0,24,4,1.0432465E7,1.4285714E7,1.369351730391619,0.1365150149333478
0,24,5,9032086.0,1.4285714E7,1.581662752103999,0.19911388718059142
0,24,6,7933400.0,1.4285714E7,1.800705120125041,0.2554425994448767
0,25,0,8089573.0,2.5E7,3.0903979727978226,0.4900144102535747
0,25,1,8679308.0,2.5E7,2.880413968486889,0.4594549083529002
0,25,2,8977301.0,2.5E7,2.7848013562205387,0.4447942217811705
0,25,3,8781818.0,2.5E7,2.8467909492089225,0.4543555764063736
0,26,0,1.0448428E7,5.0E7,4.7854088672477815,0.6799190499923926
0,26,1,9314993.0,5.0E7,5.36769056079806,0.7297874714658096
0,27,0,8228833.0,1.0E8,12.1523914751946,1.0846617513730283
0,28,0,7920996.0,1.0E8,12.624674977742698,1.1012202060231862
0,29,0,8883966.0,3.3333333E7,3.752077957074577,0.57427185315468
0,29,1,9159143.0,3.3333333E7,3.639350646670764,0.5610239013069821
0,29,2,1.0059861E7,3.3333333E7,3.3134983674227705,0.520286760948104
0,30,0,1.0172442E7,1.6666666E7,1.6384134704331565,0.2144235099199676
0,30,1,8876512.0,1.6666666E7,1.877614315172446,0.27360638772001056
0,30,2,7955884.0,1.6666666E7,2.094885496068067,0.32116028993485923
0,30,3,7915136.0,1.6666666E7,2.105670199476042,0.32339035081725587
0,30,4,8813587.0,1.6666666E7,1.8910196268556718,0.27669603640235374
0,30,5,1.1003239E7,1.6666666E7,1.5147054426428437,0.18032818592581573
0,31,0,9704443.0,1.25E7,1.2880698047275871,0.10993939950401882
0,31,1,1.0246364E7,1.25E7,1.219944948276286,0.08634023297042366
0,31,2,8984856.0,1.25E7,1.3912298650084096,0.14339889193107067
0,31,3,7893368.0,1.25E7,1.5836079098301257,0.19964766230661138
0,31,4,1.0134742E7,1.25E7,1.2333811753668718,0.09109731566748683
0,31,5,9684603.0,1.25E7,1.290708560794903,0.11082819057999556
0,31,6,7947725.0,1.25E7,1.5727771154638592,0.19666718137560363
0,31,7,1.1405762E7,1.25E7,1.0959372990598961,0.03978570793371058
0,32,0,1.01148E7,1.1111111E7,1.0985003163680942,0.040800186333359134
0,32,1,9401579.0,1.1111111E7,1.1818345620453756,0.0725566865119054
0,32,2,1.1123682E7,1.1111111E7,0.9988698885854522,-4.910786903854232E-4
0,32,3,1.2921507E7,1.1111111E7,0.859892812812004,-0.06555568097210394
0,32,4,1.0825318E7,1.1111111E7,1.0264004253731853,0.0113168233524419
0,32,5,8382226.0,1.1111111E7,1.3255561231586932,0.12239812019595583
0,32,6,9591289.0,1.1111111E7,1.158458576318574,0.06388050908162626
0,32,7,8385950.0,1.1111111E7,1.3249674753605734,0.12220521755977193
0,32,8,8642356.0,1.1111111E7,1.2856576378015439,0.10912533421114265
0,33,0,8581292.0,1.25E7,1.4566571094422611,0.1633573328250583
0,33,1,1.0637591E7,1.25E7,1.175078079238053,0.07006672469766256
0,33,2,1.0386255E7,1.25E7,1.2035136822656483,0.08045103195936121
0,33,3,9741223.0,1.25E7,1.2832064310610691,0.10829652750440896
0,33,4,8551042.0,1.25E7,1.461810151324248,0.16489097345217996
0,33,5,8905018.0,1.25E7,1.403702945912069,0.147275211354468
0,33,6,7861614.0,1.25E7,1.5900042917395842,0.2013982965696991
0,33,7,7909442.0,1.25E7,1.5803896153483394,0.19876416729406435
0,34,0,8921966.0,1.4285714E7,1.601184537130045,0.2044413874088846
0,34,1,1.0573961E7,1.4285714E7,1.3510276801664012,0.1306642470385941
0,34,2,9454059.0,1.4285714E7,1.511066728058287,0.17928364302044747
0,34,3,8697002.0,1.4285714E7,1.6426021288715353,0.21553238135295444
0,34,4,9160242.0,1.4285714E7,1.5595345625148331,0.19299500406471867
0,34,5,8072757.0,1.4285714E7,1.7696202177273515,0.24788007142233667
0,34,6,7949761.0,1.4285714E7,1.7969991802269276,0.25454787898821535
0,35,0,8780416.0,2.5E7,2.8472455063632522,0.45442491620277103
0,35,1,8941664.0,2.5E7,2.795900181442738,0.4465216622730543
0,35,2,8910232.0,2.5E7,2.805763082263178,0.44805099655344904
0,35,3,1.0556115E7,2.5E7,2.3682955329683315,0.3744358958249189
0,36,0,1.0418069E7,5.0E7,4.7993538917816725,0.6811827748503967
0,36,1,8163170.0,5.0E7,6.125071510209882,0.7871111634542449
0,37,0,1.0806565E7,1.0E8,9.253634249180937,0.9663123299702773
0,38,0,9406791.0,5.0E7,5.315308908213226,0.7255285093548863
0,38,1,8285259.0,5.0E7,6.0348143612649885,0.7806639151759949
0,39,0,8918939.0,2.5E7,2.803023991979315,0.4476268150416397
0,39,1,1.0603427E7,2.5E7,2.3577283080272067,0.3724937578740758
0,39,2,9670611.0,2.5E7,2.58515206536588,0.41248609451193274
0,39,3,8254216.0,2.5E7,3.0287552445925816,0.4812641791705386
0,40,0,1.4042005E7,1.6666666E7,1.1869149740368274,0.0744196089046998
0,40,1,1.1026594E7,1.6666666E7,1.5114972039416705,0.17940734813055656
0,40,2,9318478.0,1.6666666E7,1.788560964569536,0.25250374802141445
0,40,3,9721287.0,1.6666666E7,1.7144505660618805,0.23412496731853097
0,40,4,1.0323306E7,1.6666666E7,1.6144698219736973,0.20802993150072532
0,40,5,9021564.0,1.6666666E7,1.847425346647211,0.2665668978412988
0,41,0,8350218.0,1.25E7,1.496966905534682,0.17521219920574974
0,41,1,9950880.0,1.25E7,1.2561703085556253,0.09904852399653329
0,41,2,9450758.0,1.25E7,1.3226452312079096,0.12144337042309566
0,41,3,1.0100743E7,1.25E7,1.2375327240778229,0.09255669180643036
0,41,4,9480337.0,1.25E7,1.318518529457339,0.12008623741692359
0,41,5,8479258.0,1.25E7,1.4741855950131486,0.1685521631811397
0,41,6,9002905.0,1.25E7,1.3884407310751363,0.1425273455796871
0,41,7,7886991.0,1.25E7,1.584888330670087,0.19999866776369313
0,42,0,7884953.0,1.1111111E7,1.4091537387730784,0.14895837725306024
0,42,1,8813724.0,1.1111111E7,1.260660193126084,0.1005980396755257
0,42,2,1.0700329E7,1.1111111E7,1.0383896607291234,0.01636035519719975
0,42,3,9341005.0,1.1111111E7,1.1894984533248831,0.07536388167138908
0,42,4,9882572.0,1.1111111E7,1.1243136908084252,0.050887499115822
0,42,5,8997799.0,1.1111111E7,1.2348698831792086,0.09162119889583593
0,42,6,8023647.0,1.1111111E7,1.384795592328526,0.14138567255187992
0,42,7,8585529.0,1.1111111E7,1.2941673133944338,0.11199042670880006
0,42,8,9732134.0,1.1111111E7,1.1416931784950761,0.05754940619529015
0,43,0,1.0008393E7,1.25E7,1.2489517547922029,0.09654566252769495
0,43,1,9507336.0,1.25E7,1.3147741912140267,0.11885117036901509
0,43,2,8522653.0,1.25E7,1.4666794482891654,0.1663352065146614
0,43,3,9303223.0,1.25E7,1.3436203775831237,0.12827658180612225
0,43,4,7947820.0,1.25E7,1.5727583161168723,0.1966619902386176
0,43,5,7941164.0,1.25E7,1.5740765459572426,0.19702584789504612
0,43,6,8913600.0,1.25E7,1.402351462933046,0.14685687189268876
0,43,7,1.0766497E7,1.25E7,1.1610090078509288,0.06483558928618452
0,44,0,9399880.0,1.6666666E7,1.773072209432461,0.24872642286514218
0,44,1,9743993.0,1.6666666E7,1.7104554570184933,0.23311176894905095
0,44,2,9515610.0,1.6666666E7,1.7515078907185142,0.24341209819826715
0,44,3,8089490.0,1.6666666E7,2.0602863715759585,0.31392758976302415
0,44,4,9681092.0,1.6666666E7,1.7215688064941435,0.23592438497479648
0,44,5,9301195.0,1.6666666E7,1.791884376147366,0.253309982769616
0,45,0,8038213.0,2.5E7,3.110144008375991,0.4927804985429412
0,45,1,9359435.0,2.5E7,2.6711014072964874,0.4266903761506451
0,45,2,8796270.0,2.5E7,2.8421137595821864,0.453641457184005
0,45,3,9718623.0,2.5E7,2.572380881530233,0.4103352731558021
0,46,0,8226650.0,5.0E7,6.077808099287073,0.7837469835464258
0,46,1,8136221.0,5.0E7,6.145359129256691,0.7885472677427449
0,47,0,8859576.0,1.0E8,11.287221871565862,1.0525870620030786
0,48,0,1.1568237E7,5.0E7,4.322179775535373,0.6357028268459837
0,48,1,9334191.0,5.0E7,5.356650619212742,0.7288933209862221
0,49,0,1.087189E7,2.5E7,2.299508181190207,0.3616349590457128
0,49,1,8909845.0,2.5E7,2.805884950860537,0.4480698597676229
0,49,2,8154646.0,2.5E7,3.0657370044021532,0.48653489597306265
0,49,3,9783768.0,2.5E7,2.55525274107072,0.4074338628362039
0,50,0,1.0028197E7,1.6666666E7,1.6619803141083087,0.22062587532970093
0,50,1,1.3560582E7,1.6666666E7,1.2290524108773502,0.08957040304064413
0,50,2,1.0122833E7,1.6666666E7,1.6464428485583038,0.21654666004850787
0,50,3,9457281.0,1.6666666E7,1.7623105414759275,0.2460824390170675
0,50,4,1.0634678E7,1.6666666E7,1.567199871966034,0.19512438750655794
0,50,5,1.022204E7,1.6666666E7,1.630463782180465,0.2123111561785491
0,51,0,8937883.0,1.25E7,1.3985414666985458,0.14567534771246496
0,51,1,9700036.0,1.25E7,1.288655011177278,0.11013666693023054
0,51,2,1.0315319E7,1.25E7,1.2117899601553768,0.08342734998657007
0,51,3,9485788.0,1.25E7,1.317760843906695,0.11983659872836307
0,51,4,7912133.0,1.25E7,1.5798521081483337,0.19861643402957313
0,51,5,8655234.0,1.25E7,1.444212831218659,0.15963119919814522
0,51,6,1.0984313E7,1.25E7,1.1379865085781877,0.05613711330265677
0,51,7,8278466.0,1.25E7,1.509941576132583,0.1789601435487299
0,52,0,1.2043569E7,1.1111111E7,0.9225762728639658,-0.034997718919989325
0,52,1,1.037446E7,1.1111111E7,1.071006201768574,0.02979198566478889
0,52,2,8877189.0,1.1111111E7,1.2516474528141734,0.09748201988218047
0,52,3,7936044.0,1.1111111E7,1.4000818291834067,0.14615341919557093
0,52,4,8725241.0,1.1111111E7,1.2734445959716185,0.10498005476706879
0,52,5,9992494.0,1.1111111E7,1.1119457264622825,0.0460835900579344
0,52,6,1.7118501E7,1.1111111E7,0.6490703245570392,-0.18770824632371813
0,52,7,1.3154319E7,1.1111111E7,0.8446739812224411,-0.07331088333073717
0,52,8,9299997.0,1.1111111E7,1.1947435036807001,0.07727467775881194
0,53,0,8037663.0,1.25E7,1.555178414422202,0.19178021970000791
0,53,1,8627906.0,1.25E7,1.4487872260082575,0.16100460813801293
0,53,2,1.0929442E7,1.25E7,1.1436997424022197,0.05831202329138272
0,53,3,9308311.0,1.25E7,1.342885943540133,0.12803912793703526
0,53,4,1.0777726E7,1.25E7,1.1597993862527216,0.06438287459056635
0,53,5,1.0181005E7,1.25E7,1.2277766291245313,0.08911936227537937
0,53,6,9123517.0,1.25E7,1.3700856807742015,0.13674772739282864
0,53,7,1.0001149E7,1.25E7,1.2498563915006167,0.09686011543864623
0,54,0,9790264.0,1.6666666E7,1.7023714580117553,0.23105432928746983
0,54,1,9609064.0,1.6666666E7,1.7344734096890186,0.23916764628597761
0,54,2,9784218.0,1.6666666E7,1.703423411048282,0.231322611689128
0,54,3,1.106026E7,1.6666666E7,1.5068964020737305,0.17808339594153139
0,54,4,8604102.0,1.6666666E7,1.9370604858008424,0.2871431820197863
0,54,5,8605174.0,1.6666666E7,1.9368191741387217,0.28708907588711663
0,55,0,8445644.0,2.5E7,2.9601058249672847,0.471307237537925
0,55,1,1.0737345E7,2.5E7,2.328322318040447,0.36704310108820465
0,55,2,8934205.0,2.5E7,2.798234426006567,0.44688409530817236
0,55,3,1.0789729E7,2.5E7,2.317018342165962,0.36492947180030494
0,56,0,9422506.0,5.0E7,5.30644395450637,0.7248035816671689
0,56,1,9562451.0,5.0E7,5.228784963185694,0.7184007815844505
0,57,0,8015353.0,1.0E8,12.476056887326111,1.096077346350856
0,58,0,9090850.0,5.0E7,5.500035750232376,0.7403655124175507
0,58,1,1.0235517E7,5.0E7,4.884951097243061,0.6888602203979249
0,59,0,8902563.0,2.5E7,2.8081800712895824,0.4484249529805568
0,59,1,9960836.0,2.5E7,2.5098294962390706,0.3996442189480938
0,59,2,9800740.0,2.5E7,2.5508277946359152,0.40668114055264853
0,59,3,9547697.0,2.5E7,2.6184324869128126,0.41804138062848584
0,60,0,7984983.0,1.6666666E7,2.087251281561902,0.31957473638047595
0,60,1,9732496.0,1.6666666E7,1.712476018484878,0.23362449834688015
0,60,2,9087300.0,1.6666666E7,1.8340613823688003,0.2634138665455376
0,60,3,8315267.0,1.6666666E7,2.0043452603506298,0.30197253343768726
0,60,4,1.455685E7,1.6666666E7,1.14493630146632,0.05878132537354049
0,60,5,1.3313864E7,1.6666666E7,1.2518278690543931,0.09754461588784055
0,61,0,8250537.0,1.25E7,1.5150528989809997,0.18042779675546636
0,61,1,8047942.0,1.25E7,1.553192107994814,0.191225175163341
0,61,2,8619844.0,1.25E7,1.4501422531544654,0.16141060687617828
0,61,3,9651037.0,1.25E7,1.2951976041538333,0.11233603239160204
0,61,4,8837743.0,1.25E7,1.4143882663254634,0.1505686448047154
0,61,5,9085831.0,1.25E7,1.3757684905211203,0.1385453585010574
0,61,6,1.0460386E7,1.25E7,1.1949845827869068,0.07736230222661292
0,61,7,8633409.0,1.25E7,1.447863758105286,0.16072769729838313
0,62,0,8121168.0,1.1111111E7,1.3681666233231475,0.1361389915238563
0,62,1,1.0773284E7,1.1111111E7,1.0313578478020258,0.013409377564129042
0,62,2,1.038681E7,1.1111111E7,1.0697327668456436,0.02927529882586768
0,62,3,9435832.0,1.1111111E7,1.1775443861230255,0.0709772863189749
0,62,4,8802201.0,1.1111111E7,1.262310528923391,0.10116620467721885
0,62,5,9183146.0,1.1111111E7,1.2099460250332512,0.08276599713210522
0,62,6,8017719.0,1.1111111E7,1.3858194581276795,0.14170665491783507
0,62,7,7958162.0,1.1111111E7,1.3961906028050195,0.14494471061947853
0,62,8,8846411.0,1.1111111E7,1.256002123346971,0.09899037360268462
0,63,0,1.1464036E7,1.25E7,1.0903664294145623,0.037572471821071235
0,63,1,1.05046E7,1.25E7,1.1899548769110675,0.07553049325801083
0,63,2,9160099.0,1.25E7,1.3646140724024927,0.13500984557149784
0,63,3,8995823.0,1.25E7,1.3895337869586808,0.1428691112510795
0,63,4,8103915.0,1.25E7,1.5424643521063586,0.18821513584148858
0,63,5,1.086761E7,1.25E7,1.1502068992170311,0.060775968272052096
0,63,6,9242061.0,1.25E7,1.3525121723390485,0.1311411823596735
0,63,7,7906281.0,1.25E7,1.5810214688802484,0.19893776730913482
0,64,0,9316513.0,1.6666666E7,1.788938200376042,0.2525953379406264
0,64,1,8668979.0,1.6666666E7,1.9225638913186893,0.283880781340092
0,64,2,9548961.0,1.6666666E7,1.7453905194502313,0.24189261265188297
0,64,3,8782427.0,1.6666666E7,1.89772895351137,0.2782341836443267
0,64,4,8010819.0,1.6666666E7,2.080519607296083,0.3181718130395013
0,64,5,1.0344387E7,1.6666666E7,1.611179666808676,0.20714397241975097
0,65,0,1.1899757E7,3.3333333E7,2.8011776206858676,0.4473406480017211
0,65,1,9168988.0,3.3333333E7,3.6354429736411475,0.5605573365944582
0,65,2,9018249.0,3.3333333E7,3.696208986910874,0.5677565186347185
0,66,0,8800563.0,5.0E7,5.68145469784149,0.7544595480981031
0,66,1,8048188.0,5.0E7,6.212578533205238,0.7932718916926336
0,67,0,1.0758558E7,1.0E8,9.294925955690344,0.9682459344884249
0,68,0,9040388.0,5.0E7,5.530736070177519,0.7427829341877674
0,68,1,8012312.0,5.0E7,6.2403960305090465,0.7952121519271447
0,69,0,9682697.0,2.5E7,2.581925263178224,0.4119436669547811
0,69,1,1.0018987E7,2.5E7,2.495262245574328,0.39711619557895106
0,69,2,9227750.0,2.5E7,2.7092194738695783,0.43284418865427904
0,69,3,8024530.0,2.5E7,3.115447259839517,0.4935204036554428
0,70,0,7935998.0,1.4285714E7,1.8001156250291395,0.2553004016029592
0,70,1,8796566.0,1.4285714E7,1.6240103240287176,0.21058878577612414
0,70,2,9174168.0,1.4285714E7,1.5571672548398938,0.19233526250575253
0,70,3,8943682.0,1.4285714E7,1.5972967285733102,0.20338560218197388
0,70,4,1.0389616E7,1.4285714E7,1.374999230000416,0.13830245496143487
0,70,5,1.2852068E7,1.4285714E7,1.1115498299573268,0.045928936572050355
0,70,6,8140687.0,1.4285714E7,1.7548536137060669,0.24424089435668858
0,71,0,9468818.0,1.1111111E7,1.173442239569923,0.06946171715282538
0,71,1,1.0242322E7,1.1111111E7,1.0848234414032287,0.03535906107505042
0,71,2,9089451.0,1.1111111E7,1.2224182736669134,0.0872198334546075
0,71,3,1.0628126E7,1.1111111E7,1.0454440415930335,0.019300791742159772
0,71,4,9029247.0,1.1111111E7,1.230568949991068,0.09010595266841878
0,71,5,8493074.0,1.1111111E7,1.3082555267974822,0.1166925781165216
0,71,6,8615221.0,1.1111111E7,1.2897070197038474,0.11049106365022977
0,71,7,1.0829398E7,1.1111111E7,1.0260137267094624,0.011153171101622021
0,71,8,8764095.0,1.1111111E7,1.267799014045375,0.10305040968960935
0,72,0,9828680.0,1.1111111E7,1.1304784569240223,0.053262290583928784
0,72,1,9155872.0,1.1111111E7,1.2135502768059667,0.08405777365278032
0,72,2,9062956.0,1.1111111E7,1.2259919390538805,0.08848761468816489
0,72,3,8892454.0,1.1111111E7,1.2494988447508415,0.09673585892700129
0,72,4,8558074.0,1.1111111E7,1.2983191077805591,0.11338144879373364
0,72,5,1.1060449E7,1.1111111E7,1.0045804650426036,0.00198472866457205
0,72,6,1.0215115E7,1.1111111E7,1.0877127668166242,0.03651422600949022
0,72,7,9302471.0,1.1111111E7,1.1944257606392967,0.07715916141393085
0,72,8,1.2374716E7,1.1111111E7,0.8978881616353862,-0.04677775443448831
0,73,0,1.4270807E7,1.25E7,0.875914025044274,-0.0575385197237723
0,73,1,1.3032982E7,1.25E7,0.9591051380259713,-0.018133782441711602
0,73,2,1.0908109E7,1.25E7,1.145936477165749,0.05916054400047259
0,73,3,8644010.0,1.25E7,1.4460881003145531,0.16019475237409625
0,73,4,1.1151925E7,1.25E7,1.1208827175577312,0.04956017300337538
0,73,5,1.0731562E7,1.25E7,1.16478849956791,0.06624707402351827
0,73,6,8695887.0,1.25E7,1.4374611813607974,0.15759612539754042
0,73,7,9323261.0,1.25E7,1.3407326041821632,0.12734217076156
0,74,0,1.1856779E7,1.6666666E7,1.4056655690386066,0.14788200717213076
0,74,1,1.4249687E7,1.6666666E7,1.1696162870103743,0.06804340724501255
0,74,2,8675308.0,1.6666666E7,1.9211613005555537,0.28356382972392413
0,74,3,9127849.0,1.6666666E7,1.8259138598808986,0.2614802852131641
0,74,4,7883029.0,1.6666666E7,2.114246440042273,0.32515560800101156
0,74,5,1.0592228E7,1.6666666E7,1.573480669033937,0.19686141176562855
0,75,0,1.0691785E7,3.3333333E7,3.1176583704217773,0.49382852394795673
0,75,1,9717043.0,3.3333333E7,3.4303988363538167,0.5353446163570438
0,75,2,1.0313844E7,3.3333333E7,3.231901995027266,0.5094581826519927
0,76,0,9030406.0,1.0E8,11.073699233456392,1.0442927237068809
0,77,0,7952537.0,1.0E8,12.574603551042893,1.0994943016159529
0,78,0,1.0724487E7,5.0E7,4.6622276664608755,0.6685934772226344
0,78,1,9359636.0,5.0E7,5.342088089750499,0.7277110451561756
0,79,0,8077277.0,2.5E7,3.0951024707955415,0.4906750319552873
0,79,1,9589364.0,2.5E7,2.6070550664256773,0.4161502044679991
0,79,2,9901168.0,2.5E7,2.524954631615179,0.40225357912153425
0,79,3,1.0085527E7,2.5E7,2.478799570909879,0.3942414122995357
0,80,0,7988040.0,1.4285714E7,1.7883878898953935,0.25246172037212217
0,80,1,7892242.0,1.4285714E7,1.8100957877368686,0.25770155773373005
0,80,2,8821637.0,1.4285714E7,1.619394903689644,0.20935276819757143
0,80,3,9121691.0,1.4285714E7,1.5661256229793357,0.19482659500070723
0,80,4,1.0798987E7,1.4285714E7,1.3228753771071304,0.12151893293733372
0,80,5,9713770.0,1.4285714E7,1.4706662809599156,0.16751413514753707
0,80,6,9806426.0,1.4285714E7,1.4567706930129285,0.16339119583546763
0,81,0,7870658.0,1.1111111E7,1.4117130994638567,0.14974644460536018
0,81,1,1.3286644E7,1.1111111E7,0.8362616624634482,-0.07765781253269677
0,81,2,1.4539022E7,1.1111111E7,0.7642268510220288,-0.11677770749314802
0,81,3,1.0874824E7,1.1111111E7,1.0217278918720891,0.009335249229890907
0,81,4,8824339.0,1.1111111E7,1.2591437160335748,0.1000753024019401
0,81,5,9066496.0,1.1111111E7,1.2255132523082788,0.08831801193508922
0,81,6,8053035.0,1.1111111E7,1.379742047563434,0.13979789959595576
0,81,7,1.094841E7,1.1111111E7,1.0148606966673699,0.006406433558974018
0,81,8,8982411.0,1.1111111E7,1.2369853706315599,0.09236456341929276
0,82,0,1.0803312E7,1.1111111E7,1.0284911701152388,0.012200567506981163
0,82,1,8410287.0,1.1111111E7,1.3211333929507993,0.120946669921652
0,82,2,9181042.0,1.1111111E7,1.210223305807772,0.08286551207868734
0,82,3,7918319.0,1.1111111E7,1.403215884583584,0.14712449231896593
0,82,4,7909667.0,1.1111111E7,1.404750794186405,0.14759928629865182
0,82,5,8842341.0,1.1111111E7,1.2565802427207908,0.09919022699794267
0,82,6,1.0709403E7,1.1111111E7,1.0375098406512482,0.01599222463258083
0,82,7,9147174.0,1.1111111E7,1.214704235428341,0.08447054578786192
0,82,8,9192175.0,1.1111111E7,1.2087575573789664,0.08233920239010462
0,83,0,9019093.0,1.25E7,1.3859486757703907,0.1417471478498003
0,83,1,8203559.0,1.25E7,1.523728908392077,0.1829077071203962
0,83,2,8025597.0,1.25E7,1.5575165311689585,0.19243266487044164
0,83,3,8871292.0,1.25E7,1.4090394048578267,0.14892313865443713
0,83,4,1.0674564E7,1.25E7,1.171008014940938,0.06855986760243135
0,83,5,9689169.0,1.25E7,1.2901003171685828,0.11062348200377355
0,83,6,9312135.0,1.25E7,1.3423344914995325,0.12786074959720975
0,83,7,9245390.0,1.25E7,1.3520251714638323,0.13098477720183085
0,84,0,7961699.0,2.0E7,2.5120266415497494,0.4000242410431404
0,84,1,8539037.0,2.0E7,2.342184487548186,0.36962110028740336
0,84,2,1.4445158E7,2.0E7,1.3845469879941776,0.14130769917896324
0,84,3,7978315.0,2.0E7,2.5067949811457684,0.3991188165278216
0,84,4,8760367.0,2.0E7,2.283009376205358,0.3585076951196204
0,85,0,1.0735871E7,3.3333333E7,3.104855954398111,0.4920414564735741
0,85,1,9374401.0,3.3333333E7,3.5557827108100026,0.5509352139462439
0,85,2,8491048.0,3.3333333E7,3.925703046314189,0.5939174449775134
0,86,0,8052923.0,1.0E8,12.41785125723914,1.0940464535010141
0,87,0,8706585.0,1.0E8,11.485559493188202,1.0601521557248605
0,88,0,9246989.0,5.0E7,5.407165510848991,0.7329696633333992
0,88,1,8975222.0,5.0E7,5.570892842539159,0.7459248047811949
0,89,0,1.2731106E7,2.0E7,1.570955422097656,0.1961638615443133
0,89,1,8802796.0,2.0E7,2.272005394649609,0.3564093582290233
0,89,2,8088283.0,2.0E7,2.4727126882182535,0.39317365733571097
0,89,3,1.0372231E7,2.0E7,1.928225470489425,0.2851578152847376
0,89,4,9094627.0,2.0E7,2.199100633813789,0.342245103717322
0,90,0,8255852.0,1.4285714E7,1.730374284810338,0.2381400524042466
0,90,1,9269154.0,1.4285714E7,1.5412101255411228,0.18786185360607524
0,90,2,1.0952286E7,1.4285714E7,1.3043591082263557,0.11539717517683544
0,90,3,9407395.0,1.4285714E7,1.518562152434335,0.18143257162924672
0,90,4,8056989.0,1.4285714E7,1.7730834682782861,0.2487291805864939
0,90,5,8000054.0,1.4285714E7,1.7857021965101736,0.25180903283005074
0,90,6,8766725.0,1.4285714E7,1.6295382825399451,0.21206456774719235
0,91,0,9099105.0,1.1111111E7,1.2211213080846963,0.08675880957541507
0,91,1,8768343.0,1.1111111E7,1.2671848033317128,0.10283995601565629
0,91,2,9921277.0,1.1111111E7,1.1199275052999729,0.04918991100306246
0,91,3,9371452.0,1.1111111E7,1.185633880427494,0.07395060112147922
0,91,4,8429156.0,1.1111111E7,1.3181759834555202,0.11997339473568291
0,91,5,7969069.0,1.1111111E7,1.3942796831097837,0.14434989904745157
0,91,6,8892865.0,1.1111111E7,1.2494410968793521,0.09671578675038259
0,91,7,1.0581902E7,1.1111111E7,1.0500107636604459,0.021193751045535204
0,91,8,8983255.0,1.1111111E7,1.23686915266237,0.09232375841456915
0,92,0,9237758.0,1.1111111E7,1.2027930370117945,0.08019090529802753
0,92,1,9071297.0,1.1111111E7,1.2248646472494507,0.08808809996550028
0,92,2,8136649.0,1.1111111E7,1.3655635139232378,0.13531190447934088
0,92,3,7870240.0,1.1111111E7,1.41178807761898,0.14976951001032993
0,92,4,9045389.0,1.1111111E7,1.228372931224959,0.08933023763983743
0,92,5,1.0815278E7,1.1111111E7,1.027353249726914,0.011719799029373429
0,92,6,9799901.0,1.1111111E7,1.133798290411301,0.05453579780797821
0,92,7,9996058.0,1.1111111E7,1.1115492727233076,0.04592871885466713
0,92,8,9736650.0,1.1111111E7,1.1411636445800146,0.057347927364824816
0,93,0,7945623.0,1.4285714E7,1.797935039203345,0.2547739962819797
0,93,1,1.0530575E7,1.4285714E7,1.356593918185854,0.1324498657260222
0,93,2,9374779.0,1.4285714E7,1.5238454154492602,0.1829409127893548
0,93,3,8056227.0,1.4285714E7,1.773251175767515,0.24877025648288315
0,93,4,1.3413011E7,1.4285714E7,1.0650639144335303,0.02737567054744277
0,93,5,1.0532163E7,1.4285714E7,1.3563893760474464,0.13238437949734969
0,93,6,9111864.0,1.4285714E7,1.5678146644857738,0.19529472228437578
0,94,0,8336983.0,2.0E7,2.398949356139985,0.38002107973894156
0,94,1,1.0864909E7,2.0E7,1.840788542269429,0.2650039024637984
0,94,2,1.0974777E7,2.0E7,1.8223604907871933,0.2606342912284917
0,94,3,8788387.0,2.0E7,2.275730461118747,0.3571208226699594
0,94,4,9652049.0,2.0E7,2.072098888018492,0.3164104776639096
0,95,0,8634675.0,3.3333333E7,3.8604038947615282,0.5866327451095228
0,95,1,8872702.0,3.3333333E7,3.7568412643634375,0.574822845458003
0,95,2,7899258.0,3.3333333E7,4.2198055817394495,0.6252924422595929
0,96,0,8865772.0,1.0E8,11.279333598924042,1.0522834415924134
0,97,0,1.0706031E7,1.0E8,9.340529650997649,0.9703715034232161
0,98,0,9634780.0,3.3333333E7,3.459688026088816,0.539036938487368
0,98,1,9924461.0,3.3333333E7,3.3587046188201053,0.5261718115054875
0,98,2,9859366.0,3.3333333E7,3.380879967332585,0.5290297521172973
0,99,0,7958947.0,2.0E7,2.512895236015518,0.400174382994177
0,99,1,1.0183306E7,2.0E7,1.9639987249720277,0.2931412015070447
0,99,2,9313814.0,2.0E7,2.147348014465395,0.3319024349876271
0,99,3,8172632.0,2.0E7,2.4471920429061287,0.3886680518617242
0,99,4,9620680.0,2.0E7,2.0788551329012086,0.31782422614065137
