0;0;130;0.002;0.001;4.41;
1;0;130;0.003;0.001;6.01;
2;0;130;0.004;0.001;7.57;
3;0;130;0.006;0.001;8.64;
4;0;130;0.006;0.001;9.18;
5;0;130;0.007;0.001;9.27;
0;1;200;0.006;0.001;11.12;
6;0;130;0.008;0.001;10.27;
7;0;130;0.008;0.001;9.95;
8;0;130;0.009;0.001;10.53;
9;0;130;0.008;0.001;10.31;
1;1;200;0.008;0.001;11.91;
2;1;200;0.009;0.001;12.32;
3;1;200;0.008;0.001;12.20;
4;1;200;0.008;0.001;12.25;
5;1;200;0.008;0.001;12.18;
7;1;200;0.008;0.001;12.16;
6;1;200;0.008;0.001;12.28;
8;1;200;0.008;0.001;12.17;
0;2;244;0.008;0.000;12.98;
9;1;200;0.008;0.001;12.27;
1;2;244;0.008;0.000;13.11;
2;2;244;0.008;0.000;13.15;
3;2;244;0.009;0.000;13.25;
4;2;244;0.008;0.000;12.81;
5;2;244;0.008;0.000;13.10;
6;2;244;0.008;0.000;13.08;
7;2;244;0.009;0.000;13.18;
8;2;244;0.008;0.000;12.99;
9;2;244;0.008;0.000;12.88;
0;3;244;0.009;0.000;13.26;
1;3;244;0.009;0.000;13.29;
2;3;244;0.008;0.000;13.06;
3;3;244;0.008;0.000;12.86;
4;3;244;0.008;0.000;12.84;
5;3;244;0.008;0.000;12.84;
0;4;200;0.007;0.001;11.75;
6;3;244;0.008;0.000;12.74;
7;3;244;0.008;0.000;12.82;
9;3;244;0.008;0.000;12.75;
8;3;244;0.008;0.000;13.03;
1;4;200;0.008;0.001;12.07;
2;4;200;0.008;0.001;11.87;
4;4;200;0.007;0.001;11.73;
0;5;130;0.008;0.001;10.23;
3;4;200;0.008;0.001;11.98;
5;4;200;0.008;0.001;12.08;
0;6;60;0.008;0.002;6.97;
1;5;130;0.008;0.001;9.97;
6;4;200;0.008;0.001;11.96;
7;4;200;0.008;0.001;11.89;
0;7;16;0.008;0.006;1.06;
0;8;15;0.007;0.007;0.48;
9;4;200;0.008;0.001;12.02;
2;5;130;0.008;0.001;10.12;
8;4;200;0.008;0.001;11.99;
4;5;130;0.008;0.001;10.06;
3;5;130;0.008;0.001;10.05;
1;6;60;0.008;0.002;7.02;
1;7;16;0.008;0.006;1.07;
0;9;60;0.008;0.002;6.88;
1;8;15;0.007;0.007;0.48;
5;5;130;0.008;0.001;10.01;
2;6;60;0.008;0.002;6.71;
4;6;60;0.007;0.002;6.45;
2;7;16;0.007;0.006;0.22;
3;6;60;0.008;0.002;6.71;
4;7;16;0.007;0.006;0.67;
2;8;15;0.007;0.007;0.07;
6;5;130;0.008;0.001;9.93;
3;7;16;0.006;0.006;0.15;
7;5;130;0.008;0.001;10.11;
4;8;15;0.008;0.007;0.97;
1;9;60;0.006;0.002;5.90;
9;5;130;0.007;0.001;9.46;
5;6;60;0.007;0.002;6.14;
3;8;15;0.007;0.007;0.06;
5;7;16;0.006;0.006;-0.11;
8;5;130;0.007;0.001;9.79;
5;8;15;0.006;0.007;-0.31;
2;9;60;0.007;0.002;5.95;
6;6;60;0.007;0.002;6.11;
7;6;60;0.006;0.002;5.41;
4;9;60;0.006;0.002;5.73;
9;6;60;0.006;0.002;5.41;
6;7;16;0.005;0.006;-0.59;
7;7;16;0.004;0.006;-1.49;
3;9;60;0.005;0.002;5.16;
9;7;16;0.004;0.006;-2.02;
7;8;15;0.004;0.007;-1.95;
6;8;15;0.004;0.007;-1.82;
8;6;60;0.005;0.002;4.36;
9;8;15;0.004;0.007;-2.52;
8;7;16;0.003;0.006;-2.66;
5;9;60;0.005;0.002;4.40;
8;8;15;0.003;0.007;-3.34;
7;9;60;0.003;0.002;2.78;
6;9;60;0.003;0.002;2.97;
9;9;60;0.003;0.002;2.18;
8;9;60;0.002;0.002;1.31;
