0;0;30;0.004;0.003;0.61;
1;0;30;0.002;0.003;-1.59;
0;1;42;0.002;0.002;-0.01;
1;1;42;0.003;0.002;0.23;
2;0;30;0.003;0.003;-1.15;
0;2;49;0.002;0.002;0.50;
3;0;30;0.002;0.003;-1.89;
2;1;42;0.002;0.002;-0.20;
1;2;49;0.002;0.002;0.43;
3;1;42;0.002;0.002;-0.08;
4;0;30;0.002;0.003;-1.71;
0;3;50;0.002;0.002;0.78;
2;2;49;0.002;0.002;0.62;
1;3;50;0.002;0.002;0.84;
4;1;42;0.003;0.002;0.72;
5;0;30;0.003;0.003;-0.61;
0;4;42;0.003;0.002;0.80;
3;2;49;0.003;0.002;1.39;
1;4;42;0.003;0.002;1.02;
2;3;50;0.003;0.002;1.63;
0;5;30;0.003;0.003;-0.59;
6;0;30;0.003;0.003;-0.51;
5;1;42;0.003;0.002;0.79;
1;5;30;0.003;0.003;-0.67;
4;2;49;0.003;0.002;1.52;
0;6;18;0.003;0.006;-2.57;
3;3;50;0.003;0.002;1.67;
2;4;42;0.003;0.002;0.82;
1;6;18;0.003;0.006;-2.49;
0;7;11;0.003;0.009;-4.63;
7;0;30;0.003;0.003;-0.22;
1;7;11;0.003;0.009;-4.89;
0;8;10;0.003;0.010;-4.73;
6;1;42;0.003;0.002;1.21;
1;8;10;0.003;0.010;-4.96;
2;5;30;0.003;0.003;-0.33;
5;2;49;0.003;0.002;2.16;
0;9;18;0.004;0.006;-1.78;
3;4;42;0.003;0.002;1.45;
4;3;50;0.003;0.002;2.12;
1;9;18;0.003;0.006;-2.15;
8;0;30;0.003;0.003;0.02;
2;6;18;0.003;0.006;-2.07;
7;1;42;0.003;0.002;1.37;
2;7;11;0.003;0.009;-4.59;
2;8;10;0.003;0.010;-4.81;
3;5;30;0.003;0.003;-0.37;
6;2;49;0.003;0.002;2.20;
9;0;30;0.003;0.003;-0.52;
4;4;42;0.003;0.002;1.26;
5;3;50;0.003;0.002;1.95;
3;6;18;0.003;0.006;-2.29;
8;1;42;0.003;0.002;1.53;
2;9;18;0.004;0.006;-1.21;
3;7;11;0.003;0.009;-4.19;
7;2;49;0.003;0.002;2.05;
3;8;10;0.003;0.010;-5.42;
4;5;30;0.003;0.003;-0.23;
9;1;42;0.003;0.002;1.52;
6;3;50;0.003;0.002;1.99;
5;4;42;0.003;0.002;0.97;
3;9;18;0.003;0.006;-3.02;
4;6;18;0.003;0.006;-3.17;
8;2;49;0.003;0.002;1.52;
4;7;11;0.003;0.009;-5.54;
4;8;10;0.003;0.010;-5.94;
7;3;50;0.003;0.002;1.30;
5;5;30;0.003;0.003;-1.09;
6;4;42;0.003;0.002;0.62;
9;2;49;0.003;0.002;1.11;
4;9;18;0.003;0.006;-3.13;
5;6;18;0.003;0.006;-3.31;
5;7;11;0.002;0.009;-5.83;
8;3;50;0.003;0.002;1.09;
5;8;10;0.002;0.010;-6.36;
6;5;30;0.002;0.003;-1.66;
7;4;42;0.003;0.002;0.29;
5;9;18;0.002;0.006;-3.65;
6;6;18;0.002;0.006;-3.76;
9;3;50;0.002;0.002;0.48;
6;7;11;0.002;0.009;-6.47;
7;5;30;0.002;0.003;-1.95;
8;4;42;0.002;0.002;-0.53;
6;8;10;0.002;0.010;-6.71;
7;6;18;0.002;0.006;-4.25;
6;9;18;0.002;0.006;-4.37;
7;7;11;0.002;0.009;-6.65;
9;4;42;0.002;0.002;-0.62;
8;5;30;0.002;0.003;-2.02;
7;8;10;0.002;0.010;-6.57;
8;6;18;0.002;0.006;-3.86;
7;9;18;0.002;0.006;-3.79;
9;5;30;0.002;0.003;-1.57;
8;7;11;0.002;0.009;-5.85;
8;8;10;0.003;0.010;-5.53;
9;6;18;0.003;0.006;-3.05;
9;7;11;0.003;0.009;-5.30;
8;9;18;0.003;0.006;-3.07;
9;8;10;0.004;0.010;-3.88;
9;9;18;0.005;0.006;-0.72;
