001
0 , -9.663177544954944
1 , -9.767698967393217
2 , -9.627301861147728
3 , -9.593320526886387
4 , -11.400789889676204
5 , -12.33717637319175
6 , -12.493480052782147
7 , -13.17717432047733
8 , -15.383955501587142
9 , -17.63660286542582

010
0 , -12.659189206040686
1 , -14.576821225129297
2 , -17.838691891831562
3 , -15.659478997349254
4 , -18.41467273558613
5 , -19.51314951730036
6 , -21.844496107449082
7 , -22.827877438321593
8 , -24.16786145693738
9 , -24.98518040064845



020
0 , -12.911869220023686
1 , -15.989596327090782
2 , -14.705405676896023
3 , -17.867821866062286
4 , -16.03244575571199
5 , -16.647975408446808
6 , -20.44364392836668
7 , -18.262034812667515
8 , -22.030690040792024
9 , -20.558561936973742



500

0 , -17.01661841501641
1 , -17.648441877516408
2 , -15.842394837814366
3 , -17.81268240775036
4 , -17.79476244701175
5 , -16.284608442150258
6 , -20.219066826380892
7 , -20.87344355467927
8 , -20.977863597069216
9 , -21.977013031795828



