0,-0.361848156684944
0,0.08986015169326
0,0.181105886423064
0,0.074552328692448
1,0.12276334086174
0,0.119382970447942
1,0.082294456476403
0,0.059513647782663
1,0.068249663857607
0,0.061068990620114
1,0.057759425926945
0,0.051693371135431
1,0.056244688940188
0,0.018653712730994
1,0.050485822404926
0,-0.017391567981063
1,-9.56E-04
0,-0.077358793198889
1,0.058606200576564
0,-0.03781595640944
1,0.045269328491738
0,-0.083546215179079
1,0.044938411964896
0,-0.059189897779345
1,-0.118769285597378
0,-0.144099485546218
2,0.05351398513216
1,-0.102296656227416
2,0.077919353655787
0,-0.052766216371074
1,-0.02355445274147
2,0.049757904719618
0,-0.062487261577496
1,-0.059013099255117
2,0.068746254997898
0,-0.037471422428945
1,-0.065924005768953
2,0.011362261935712
0,-0.102847729169221
1,-0.109389560958822
0,-0.017459483602516
2,0.073274267288415
1,-0.036427507628847
2,0.094646191979979
0,-0.040191301787014
1,2.01E-04
0,-0.016168652064198
2,0.042141163147278
1,-0.085209078635269
0,-0.050255069566393
2,0.085339146534176
1,-0.063143145148321
0,-0.067173110995762
2,0.01325620475167
1,-0.044908001895899
0,-0.036856705195781
2,-0.007394435799711
1,-0.12444802044781
0,-0.076249753829238
2,-0.080234542678312
3,0.017929131502835
1,-0.066122014376081
0,-0.082738235751756
2,-0.117766115346876
3,-0.041955363548637
1,-0.110974118263757
0,-0.109006773349814
2,-0.047807359944443
3,0.025994096503765
1,-0.10609107136151
0,-0.159018899018138
2,-0.08374063509624
3,0.03760532727761
1,-0.053409419839542
0,-0.165308954684756
2,-0.076066383349066
3,-0.006249868119069
1,-0.145007118150905
0,-0.188514717745825
2,-0.155226620550092
3,0.013577991179743
1,-0.130736673424225
0,-0.184576958015457
2,-0.156455389035233
3,-0.024160933774702
1,-0.132868347108837
0,-0.138068699647177
2,-0.139858889411089
3,0.05368978823312
1,-0.128196016219015
0,-0.102771632753238
2,-0.018949054466607
3,0.084565443725031
1,-0.045948163911789
0,-0.090163360278194
3,0.126526753352131
1,-0.03876300738003
2,-0.121391112471308
0,-0.136584426958739
1,-0.113917903908538
3,-0.134299328207751
2,-0.108406340450206
4,-0.029221922098434
0,-0.163322877773076
3,-0.131988751312747
1,-0.225958870833126
2,-0.191428849189327
4,-0.086190707684403
0,-0.264447708721234
3,-0.176748819983473
1,-0.191847693197996
2,-0.15682000382833
4,-0.070869621378555
3,-0.096709121839439
2,-0.083304836161561
0,-0.177072090564699
1,-0.155746209059844
4,0.003013927692821
0,-0.183619659424477
3,-0.133074352018677
2,-0.200357379256515
1,-0.173779106898851
4,-0.071856721798098
3,-0.10634852570357
0,-0.181276235157291
2,-0.168553652223607
1,-0.199032069732638
4,-0.069672018121754
3,-0.175712955546177
0,-0.29354383682448
2,-0.224011672384654
1,-0.274578515669242
4,-0.061855673028387
3,-0.198301001525733
0,-0.193586418711846
1,-0.22970740011835
2,-0.245878277486783
4,-0.040290469591742
3,-0.163789213582916
0,-0.223791647873598
2,-0.120898486621535
1,-0.172077870223776
4,-0.044893558405989
3,-0.153978167464515
1,-0.22537000581448
2,-0.227937489378288
0,-0.346037071124525
4,-0.075745304732654
3,-0.10399533056186
2,-0.195202338311636
1,-0.245131327045626
0,-0.232585551496036
3,-0.171666839685132
4,-0.226867729915784
2,-0.196799565505677
1,-0.229484437777101
0,-0.260799350036728
3,-0.157307241518348
4,-0.178307360664194
2,-0.162436174863617
1,-0.228887978100598
0,-0.232915840012726
2,-0.109397855547798
3,-0.216376797515897
4,-0.139545090692024
1,-0.247047275968298
0,-0.229094102961891
3,-0.121235458537941
4,-0.086092935143371
2,-0.155172927313937
1,-0.237086249672699
0,-0.179381228484444
2,-0.120559871154742
3,-0.164033106046106
4,-0.133745657555408
1,-0.228396821498296
0,-0.238962644748471
2,-0.20059486701725
3,-0.160581375681202
4,-0.125761950500713
1,-0.154220212490575
0,-0.186137139485379
2,-0.139889703828476
4,-0.136778233614151
3,-0.369674213134533
1,-0.267398473061272
0,-0.175741856016084
2,-0.227705707166894
4,-0.199239893402562
1,-0.208055025767873
3,-0.287525228887858
0,-0.215260267260709
2,-0.209943149740468
4,-0.20403669163778
1,-0.252247308710609
2,-0.226204560729481
0,-0.246653873696053
3,-0.26979119981472
4,-0.221895031654449
1,-0.184384247785818
2,-0.239458517820083
0,-0.199575673359586
3,-0.236314896799283
4,-0.127600152953655
1,-0.180284616148914
2,-0.188725373223915
0,-0.23880673094712
3,-0.230064097325778
4,-0.207480394448029
1,-0.200595505442922
2,-0.193843555456089
0,-0.229045118737095
3,-0.208742138875981
4,-0.146347933421591
2,-0.230817549916508
1,-0.25098285286542
0,-0.215620279296449
3,-0.204159000091697
4,-0.152497504185481
2,-0.198997588225284
1,-0.167358909630983
3,-0.190480994439413
0,-0.222190233111288
4,-0.188943238532007
2,-0.244242938992801
1,-0.203648661877149
3,-0.150768356952471
0,-0.122629060039039
4,-0.150986965501005
1,-0.193894223929039
2,-0.247461497758217
0,-0.18469857549929
3,-0.218851876965287
4,-0.280689087273289
1,-0.179393816608224
2,-0.210197610252158
0,-0.192849271732243
3,-0.236384418444771
4,-0.197040422439892
2,-0.227465663792191
1,-0.240918679415855
0,-0.188030134449206
3,-0.196927811183481
4,-0.18359414496831
2,-0.224080901433233
1,-0.161215651665196
3,-0.183688501808262
0,-0.280304131570869
4,-0.209147787297643
1,-0.203671334335733
2,-0.270294222652246
3,-0.272237989212064
0,-0.186302088733118
4,-0.197120562555315
1,-0.248169335600179
2,-0.180347237297185
3,-0.22216796903418
0,-0.208033340629524
4,-0.204136543074844
2,-0.207826968411527
1,-0.208531498750282
3,-0.205558318733329
0,-0.172659241058724
4,-0.197203815369446
2,-0.120690209963977
1,-0.17127249416742
4,-0.165387025936905
0,-0.148598995587904
3,-0.334062995043786
2,-0.201600870384209
1,-0.14559644604796
4,-0.157771174401731
0,-0.139464998255068
3,-0.219655195690235
1,-0.085201515358206
2,-0.167744933615643
0,-0.082682358119955
4,-0.171668774842234
3,-0.176423888107055
2,-0.127073880293237
1,-0.133590360409379
3,-0.140761173082127
4,-0.164158572397993
0,-0.169967484854041
1,-0.180843994452059
2,-0.234105666439795
3,-0.288659675633409
4,-0.262965182991735
0,-0.209535564176164
1,-0.145564870289046
2,-0.183319003179148
4,-0.196278500931958
3,-0.223912491846247
0,-0.186964992585778
2,-0.126114225731839
1,-0.127421044260372
4,-0.217360235567448
0,-0.094141719708234
3,-0.211080478705052
2,-0.237447356938486
1,-0.224478963006133
0,-0.121174743154053
4,-0.227069145520295
2,-0.208105092116418
1,-0.168529292121852
3,-0.435347671767082
4,-0.137208331459542
0,-0.151287046733461
1,-0.07617952931323
2,-0.17408422115523
3,-0.158459698045374
4,-0.159221678716096
0,-0.110077343328003
1,-0.101205109414249
2,-0.175099371206735
3,-0.171389576552103
4,-0.165580632032656
0,-0.11755275587802
1,-0.160259064884394
3,-0.184155086865076
2,-0.195920293715988
4,-0.235719840744443
0,-0.064939302582579
1,-0.143936134211112
3,-0.148190424843747
2,-0.100078036615242
4,-0.198662641490907
0,-0.020039213462375
2,-0.163640502249743
1,-0.207645876221669
3,-0.219799554349119
4,-0.213162330384769
0,-0.021863090683875
2,-0.10017967327106
3,-0.116734582672593
1,-0.021510847450812
4,-0.146820691539299
0,0.023998192288771
1,0.095408595231156
4,-0.105515541887637
3,-0.177416222687706
2,-0.168545262914829
0,0.026218378706954
2,-0.01706703490346
1,-0.018501984052656
4,-0.151411696723071
3,-0.148410420965659
0,0.005895426435532
2,-0.103582103873102
1,-0.061464090277498
4,-0.229031403065751
3,-0.180145733580031
0,-0.049389883967756
2,-0.227600114999126
1,-0.104597514601697
3,-0.224972147065252
4,-0.277492108473098
0,-0.226296669552376
2,-0.146033667496579
3,-0.200189991997146
1,-0.058960401659621
4,-0.245817557694504
0,-0.085684654556085
2,-0.167998206574089
1,-0.020250166954681
4,-0.195531959569592
3,-0.292046047880998
0,0.012332349980364
2,-0.145684498792085
1,-0.008487879348907
4,-0.175791871971364
3,-0.14512174827968
0,0.051130599815258
2,-0.097070697440456
1,0.034082327100304
3,-0.147062378612732
4,-0.179741922915127
0,0.069237149487623
2,-0.188185401282064
1,-0.099571881258542
3,-0.152700743086417
4,-0.171146975648634
0,0.0606999666646
2,-0.090658541039259
1,0.027647323465829
3,-0.265037774203386
4,-0.292857254681118
0,-0.019417241577007
2,-0.086313515326418
1,-0.001283855342312
3,-0.135741351417253
4,-0.189495510306453
1,0.137197796132338
0,-0.041452534710011
3,-0.042365771677289
2,-0.041467337911236
4,-0.192708966562846
2,0.097043904919254
1,0.083960350103528
0,0.086847753433789
3,-0.104775276792302
4,-0.175244993991221
2,-0.041107813012618
1,0.086842703723202
0,0.057872564666921
3,-0.130993434004826
4,-0.202547166754832
2,0.019803035350816
1,0.114135290337041
3,-0.091669693871123
0,0.104093524010194
4,-0.209487002288003
1,0.071035348787864
2,-0.051009780174213
3,-0.149057641168675
0,0.182529533641206
4,-0.222407068751181
3,-0.128508995315873
0,0.194164418551298
2,-0.094890720589138
1,-0.017774414817821
4,-0.180789101927737
3,-0.076466147520818
2,-0.007090207387826
0,0.161854565537137
1,0.178288138943841
3,-0.10052874199713
4,-0.176856376163494
2,0.071409578241307
0,0.166088152967284
1,0.190142787280644
3,-0.126427555654661
4,-0.113455230721154
2,0.096062402984365
0,0.162487438934523
1,0.125227325620852
2,0.095734580213674
3,-0.194104566111996
4,-0.212014058868162
1,0.197117498995615
0,0.151231183097075
2,0.017793264480054
3,-0.156510359606005
4,-0.146962662585918
0,0.245991395538613
1,0.141911097596913
3,0.049234533123038
2,0.079236144339783
4,-0.147978388145039
0,0.271496838252579
1,0.19228851261091
3,-5.02E-04
2,0.040735046523932
4,-0.167073716516687
0,0.284375952679378
1,0.280999905929839
3,0.041645479018963
2,0.062547467700699
4,-0.141381113268692
1,0.295120891909605
0,0.244757808163466
3,-0.17212117512332
2,0.048461605745612
4,-0.162091966622154
1,0.297591782038816
0,0.25091929139242
3,-0.061586252849947
4,-0.161039440653064
2,0.023718156001407
1,0.305792472200224
0,0.229790406771115
3,-0.014292705411744
2,0.230765199437316
4,-0.134865579272949
1,0.282312566498811
0,0.234239751499965
2,0.294689356148096
4,-0.030467347835017
3,0.033568302319652
1,0.186605880960197
0,0.226400938854731
3,0.043556379364818
4,-0.094937642183208
2,0.199021554213463
1,0.165689144547397
0,0.162154212791442
3,0.010026008105971
4,-0.108331688607907
2,0.240555626725891
0,0.161316332949196
1,0.147938858122394
3,0.012570248681754
2,0.252608996514836
4,-0.153929846730139
1,0.238789878873761
3,0.083001235306266
2,0.180289980942034
0,0.11687368940832
4,-0.033360697784537
1,0.241308395442471
0,0.238927043616805
4,0.040725821421119
2,0.297517721828039
3,0.025422620009011
1,0.218987923178426
4,0.040233988467778
2,0.347094496148155
0,0.120427830974348
3,0.048700529787781
1,0.112951713707087
4,-0.034830358625415
0,0.12203106666568
2,0.234402629183785
3,0.028478380444771
1,0.130751739363269
4,-0.10099220958037
0,0.060202799313495
2,0.219941649216358
3,0.008240690006636
1,0.056454411710451
4,-0.013740081909078
2,0.291022140897345
0,0.112219394328817
3,0.033154763844091
1,0.120098248302861
2,0.209366635729598
0,0.150425119319695
4,-0.05095915080259
3,0.034368038356878
1,0.151203785539155
4,0.059948289436077
0,0.170765588894353
2,0.203227403859164
3,0.052320476227142
1,0.178403640434296
4,0.005050478841965
2,0.219427527219828
0,-0.017746416329544
3,0.212445857962244
4,0.087278499741868
1,0.175093214537088
2,0.213267763535763
0,-0.037762607399509
3,0.236895838878422
1,0.036166998936626
4,0.080912321856332
0,-0.037787887732431
2,0.144860228025854
3,0.174540524788008
4,0.056329704602754
1,-0.074776116650851
0,0.001976927961241
2,0.222280592178503
3,0.185792860764913
4,0.084203222726133
1,-0.037392390539278
2,0.17474121627099
0,-0.00717671929272
1,0.060631129159257
4,0.03956906712564
3,0.153377109677581
0,0.073050942622869
2,0.182661287426096
1,0.062914159979417
3,0.26867009864378
4,0.130172039552334
0,-0.039145685873126
2,0.067215989417537
3,0.314143524312374
1,-0.071771726672637
4,0.078229232757304
0,0.017716054985078
2,0.141047140709495
1,0.068794693614778
3,0.247821936543255
4,0.075812339057719
0,-0.006648664255526
2,0.12202257111306
4,0.101146216097451
3,0.275685537264791
1,-0.134411059764154
0,-0.031741753295142
2,0.014216267245483
4,0.177667098848096
3,0.267278230467663
1,-0.015709355862871
2,0.151009967264391
1,0.028861096250041
3,0.258101954022886
4,0.157890956339399
2,1.22E-04
4,0.218774928826938
3,0.074343222873195
2,-0.051990654311306
4,0.159436249940861
3,0.245934917632151
2,-0.026823976996667
4,0.200496623945561
3,0.233948583197564
2,0.00222183504638
4,0.271187665430687
3,0.287792021472069
2,0.015163210239286
3,0.249412234074444
4,0.278234341125581
2,0.075136309113765
3,0.300857267665492
4,0.387730610176077
2,0.040283351603123
4,0.365433562516462
3,0.194416380415771
2,0.083348847572476
3,0.256345914283599
4,0.339712527604777
2,0.106177951181299
3,0.27873164314419
4,0.463808463962397
2,0.057836671032643
3,0.194967165954547
4,0.253263759821153
4,0.306111407772659
3,0.213057571276251
3,0.236227940719122
4,0.274038082839771
4,0.341174250763237
3,0.248405560813794
3,0.052534761045314
4,0.253358498812044
4,0.219715557116352
3,-0.021669776496935
3,0.113726476373382
4,0.253602500666979
3,0.060257218136135
4,0.137603230597941
3,0.066291318899344
4,0.307232080296464
3,-0.153718242122807
4,0.002959528689175
3,0.089149436733757
4,0.2447258372898
3,0.051010021237171
4,0.185506868805198
3,0.014950766905312
4,0.167874148340984
3,0.020056569738703
4,-0.019070240322846
4,-0.031634642470658
4,-0.03395339230589
4,-0.231768600152037
4,-0.079379420065884
4,0.061993275334064
4,-0.171507701321965
4,0.092342751971424
4,-0.073935296794297
4,0.050627755874662
