 Number of tacts (im units) = 1
 Number of massive (im units) = 100
 Command Line curl 192.168.1.108:9000 > /dev/null 2>&1
cycle , cPeriod , count , procDur , procTime , lI , spb
0,0,0,4.30570558E8,2.0E7,0.04644999438164093,-1.3330143342004253
0,0,1,1.0021125E7,2.0E7,1.995783906497524,0.3001135162618609
0,0,2,8161971.0,2.0E7,2.45038851522506,0.38923494829979327
0,0,3,9328810.0,2.0E7,2.1438961668208485,0.3312037477797217
0,0,4,9290181.0,2.0E7,2.1528105857140996,0.333005820256403
0,1,0,9050292.0,1.4285714E7,1.5784810037068417,0.19823935972526663
0,1,1,7970990.0,1.4285714E7,1.7922132633462091,0.2533896870134141
0,1,2,6509318.0,1.4285714E7,2.194656030017277,0.341366462632183
0,1,3,8076654.0,1.4285714E7,1.768766372807353,0.2476704729882108
0,1,4,8593354.0,1.4285714E7,1.6624142331387721,0.2207392485403202
0,1,5,7958270.0,1.4285714E7,1.7950778247031076,0.25408328194299473
0,1,6,8552018.0,1.4285714E7,1.670449477538518,0.22283334500974372
0,2,0,8659915.0,1.1111111E7,1.2830508151638902,0.10824385692695732
0,2,1,8851841.0,1.1111111E7,1.2552316518111881,0.09872388184850121
0,2,2,1.0464419E7,1.1111111E7,1.0617991309407622,0.026042365544801105
0,2,3,7830372.0,1.1111111E7,1.4189761354888375,0.1519750915021082
0,2,4,7597714.0,1.1111111E7,1.4624281724739836,0.16507454479576128
0,2,5,8719667.0,1.1111111E7,1.2742586385466326,0.10525758647139298
0,2,6,8155654.0,1.1111111E7,1.3623813614456914,0.1342986934713845
0,2,7,7711380.0,1.1111111E7,1.4408719321314731,0.15862538147997532
0,2,8,7652484.0,1.1111111E7,1.4519613500662008,0.16195505598089313
0,3,0,6535526.0,1.1111111E7,1.7001096774766102,0.23047693948793255
0,3,1,8514212.0,1.1111111E7,1.3050075567768338,0.115613026507233
0,3,2,1.1449361E7,1.1111111E7,0.9704568665447793,-0.01302376273608389
0,3,3,9298213.0,1.1111111E7,1.1949727329326614,0.07735799560048505
0,3,4,1.1743931E7,1.1111111E7,0.9461151466233921,-0.024056004718767506
0,3,5,9609688.0,1.1111111E7,1.1562405564051612,0.06304819866135802
0,3,6,1.5098729E7,1.1111111E7,0.7358971076307151,-0.1331829040212118
0,3,7,1.208271E7,1.1111111E7,0.9195876587288778,-0.03640686578674394
0,3,8,1.1443869E7,1.1111111E7,0.9709225961953951,-0.012815391497917166
0,4,0,1.1456655E7,1.4285714E7,1.2469358639149035,0.09584411613758895
0,4,1,1.0727676E7,1.4285714E7,1.3316690399672773,0.12439630293067863
0,4,2,1.245581E7,1.4285714E7,1.1469116821788385,0.05952997638501308
0,4,3,1.3235693E7,1.4285714E7,1.0793325290938676,0.03315526609340691
0,4,4,9343524.0,1.4285714E7,1.5289428271388825,0.1843912458293688
0,4,5,1.122077E7,1.4285714E7,1.2731491689073031,0.1048792908791004
0,4,6,1.1349028E7,1.4285714E7,1.2587610145996644,0.09994328380709691
0,5,0,1.4667838E7,2.0E7,1.3635274673745374,0.13466389094581366
0,5,1,1.1717715E7,2.0E7,1.7068174127805635,0.23218706483874998
0,5,2,8638987.0,2.0E7,2.315086247959396,0.3645671751877113
0,5,3,8843824.0,2.0E7,2.2614651761500455,0.3543899045195596
0,5,4,1.3281455E7,2.0E7,1.5058591095629206,0.1777843405222482
0,6,0,1.276463E7,3.3333333E7,2.611382625269984,0.4168705102254177
0,6,1,1.179083E7,3.3333333E7,2.8270556864953527,0.4513343631762754
0,6,2,1.1119046E7,3.3333333E7,2.997859078917382,0.47681121400692605
0,7,0,8190918.0,1.0E8,12.20864376862276,1.0866674218058427
0,8,0,1.3629891E7,1.0E8,7.336815826333461,0.8655076172605437
0,9,0,1.2572929E7,3.3333333E7,2.651198698409893,0.42344227786104155
0,9,1,1.2948616E7,3.3333333E7,2.5742776679762533,0.4106553891752458
0,9,2,7623229.0,3.3333333E7,4.372600245906295,0.6407397748676676
0,10,0,1.2339949E7,2.0E7,1.620752241358534,0.20971663086662437
0,10,1,7072890.0,2.0E7,2.8276984372724585,0.4514330918250649
0,10,2,9609026.0,2.0E7,2.0813764058917106,0.318350627169533
0,10,3,1.125454E7,2.0E7,1.7770606350859297,0.24970224662013635
0,10,4,9936848.0,2.0E7,2.0127106704258733,0.3037813490225166
0,11,0,1.5548046E7,1.25E7,0.8039595457847243,-0.09476580384418856
0,11,1,1.0422063E7,1.25E7,1.1993786642817261,0.07895631891635997
0,11,2,1.1951418E7,1.25E7,1.0459009968524238,0.0194905769255129
0,11,3,1.0392721E7,1.25E7,1.2027648967002964,0.08018074451010224
0,11,4,9884632.0,1.25E7,1.264589313997729,0.10194950762789694
0,11,5,1.0354699E7,1.25E7,1.2071813965813976,0.08177253407013675
0,11,6,1.109213E7,1.25E7,1.1269251261930757,0.051895062131821296
0,11,7,7842836.0,1.25E7,1.5938112182888944,0.2024368793494519
0,12,0,1.4561053E7,1.1111111E7,0.7630705691408444,-0.11743529642093027
0,12,1,1.1805754E7,1.1111111E7,0.9411606408197223,-0.026336243238711816
0,12,2,1.18855E7,1.1111111E7,0.9348459046737622,-0.029259970159754886
0,12,3,1.3676029E7,1.1111111E7,0.8124515530056275,-0.09020252682863299
0,12,4,8563557.0,1.1111111E7,1.2974878312831923,0.11310329343275474
0,12,5,8014741.0,1.1111111E7,1.386334380611925,0.14186799372447886
0,12,6,1.2452217E7,1.1111111E7,0.8922998209877004,-0.04948919414172019
0,12,7,9847624.0,1.1111111E7,1.1283037410851593,0.052426028122516635
0,12,8,1.303581E7,1.1111111E7,0.8523529416277162,-0.06938053567717875
0,13,0,8334508.0,1.1111111E7,1.3331453998244407,0.12487751842943581
0,13,1,1.4225482E7,1.1111111E7,0.7810709682807233,-0.10730950423734958
0,13,2,8435412.0,1.1111111E7,1.3171983775066352,0.11965118708667456
0,13,3,1.26761E7,1.1111111E7,0.8765401819171512,-0.05722817040315845
0,13,4,7614774.0,1.1111111E7,1.4591517752201182,0.16410046784434365
0,13,5,8504873.0,1.1111111E7,1.3064405547266844,0.11608965337331731
0,13,6,1.3910367E7,1.1111111E7,0.7987647630001423,-0.0975811020038116
0,13,7,1.1881373E7,1.1111111E7,0.9351706237991182,-0.02910914397872305
0,13,8,1.2168119E7,1.1111111E7,0.9131329994389437,-0.039465962097973914
0,14,0,1.2227456E7,1.4285714E7,1.1683308449443612,0.06756584259464103
0,14,1,1.0732098E7,1.4285714E7,1.3311203457143235,0.12421732152797067
0,14,2,1.5474804E7,1.4285714E7,0.9231596083543288,-0.03472320576176799
0,14,3,7717927.0,1.4285714E7,1.8509781188653378,0.26740128481870107
0,14,4,9095348.0,1.4285714E7,1.5706616173454826,0.1960826309032798
0,14,5,1.1748563E7,1.4285714E7,1.2159541554145814,0.08491720123129042
0,14,6,1.1826857E7,1.4285714E7,1.207904517658411,0.08203260556575359
0,15,0,1.1269093E7,2.0E7,1.7747657242690251,0.24914103267435295
0,15,1,7566689.0,2.0E7,2.6431640047582237,0.4221241113540739
0,15,2,9715581.0,2.0E7,2.0585490461146896,0.3135612187725229
0,15,3,8383214.0,2.0E7,2.3857198444415233,0.37761944304064815
0,15,4,1.3215002E7,2.0E7,1.5134314773467306,0.17996276246875312
0,16,0,1.0416093E7,5.0E7,4.800264360158843,0.6812651554999101
0,16,1,1.2437121E7,5.0E7,4.020223008202622,0.6042501447624606
0,17,0,7821376.0,1.0E8,12.78547406492157,1.1067168356054151
0,18,0,1.1961437E7,1.0E8,8.36019953121017,0.9222166427822514
0,19,0,9364023.0,3.3333333E7,3.559723529085736,0.5514162691933681
0,19,1,1.3350807E7,3.3333333E7,2.4967279506025366,0.3973712231728066
0,19,2,9580421.0,3.3333333E7,3.479318184451393,0.5414941468943884
0,20,0,1.3282485E7,1.6666666E7,1.2547852303239944,0.09856939811421599
0,20,1,1.0599212E7,1.6666666E7,1.5724438760164434,0.196575153467804
0,20,2,1.3198769E7,1.6666666E7,1.2627439725628957,0.10131530417791568
0,20,3,8764059.0,1.6666666E7,1.9017062755967298,0.2791434396580333
0,20,4,1.0382175E7,1.6666666E7,1.6053154565396943,0.20556038725349013
0,20,5,1.5680886E7,1.6666666E7,1.0628650702517701,0.026478134735428725
0,21,0,1.1661063E7,1.25E7,1.0719434411768465,0.030171871333617536
0,21,1,1.21323E7,1.25E7,1.0303075261904173,0.01296687227169619
0,21,2,1.0818642E7,1.25E7,1.1554130361278245,0.06273726322827858
0,21,3,1.0972125E7,1.25E7,1.139250600954692,0.05661926634488605
0,21,4,1.5331618E7,1.25E7,0.8153085995228945,-0.08867797690123148
0,21,5,1.4660445E7,1.25E7,0.8526344186687376,-0.06923713997858853
0,21,6,1.2551023E7,1.25E7,0.9959347536850184,-0.0017691124224133226
0,21,7,1.1611012E7,1.25E7,1.0765642133519455,0.03203993910395659
0,22,0,1.1276543E7,1.1111111E7,0.9853295464753693,-0.006418494091608253
0,22,1,1.1003693E7,1.1111111E7,1.0097619953591943,0.004219021027332585
0,22,2,1.3410287E7,1.1111111E7,0.8285513203408696,-0.08168058627835256
0,22,3,7848783.0,1.1111111E7,1.4156476233321778,0.15095516416785318
0,22,4,1.2398735E7,1.1111111E7,0.8961487603372441,-0.04761989164253279
0,22,5,1.1226944E7,1.1111111E7,0.9896825886011367,-0.004504070172463732
0,22,6,1.0690394E7,1.1111111E7,1.0393546767312785,0.01676377456623753
0,22,7,1.1644183E7,1.1111111E7,0.9542198881621836,-0.020351535975499734
0,22,8,7084057.0,1.1111111E7,1.5684671933046275,0.19547543924939995
0,23,0,1.0962512E7,1.1111111E7,1.013555196108337,0.005847404447425283
0,23,1,1.0240093E7,1.1111111E7,1.085059579048745,0.035453585319772885
0,23,2,8973110.0,1.1111111E7,1.238267557179172,0.0928144944836681
0,23,3,1.3568845E7,1.1111111E7,0.8188693289664669,-0.08678539523162451
0,23,4,1.2739527E7,1.1111111E7,0.872176101985576,-0.059395817362183065
0,23,5,8228466.0,1.1111111E7,1.3503259295231942,0.13043860724247167
0,23,6,7799901.0,1.1111111E7,1.4245194906960998,0.15366839576142483
0,23,7,8045619.0,1.1111111E7,1.3810138163390535,0.14019802349521035
0,23,8,9397615.0,1.1111111E7,1.182333070678039,0.07273983727377091
0,24,0,1.0427159E7,1.4285714E7,1.3700485434239567,0.13673595530798524
0,24,1,7106769.0,1.4285714E7,2.0101559513190876,0.303229752032429
0,24,2,7579745.0,1.4285714E7,1.8847222432944644,0.2752473560841223
0,24,3,1.3764848E7,1.4285714E7,1.0378403016146636,0.016130531293404804
0,24,4,1.4455973E7,1.4285714E7,0.9882222386552604,-0.005145377104574147
0,24,5,8065948.0,1.4285714E7,1.7711140711544384,0.24824653345293185
0,24,6,1.0337529E7,1.4285714E7,1.3819273445327216,0.14048521040577427
0,25,0,1.158141E7,2.5E7,2.158631807353336,0.33417857208357216
0,25,1,7622122.0,2.5E7,3.2799265086546763,0.5158641128448161
0,25,2,9385466.0,2.5E7,2.663692990843502,0.4254841679209331
0,25,3,1.159236E7,2.5E7,2.156592790424038,0.33376814901207663
0,26,0,1.2162079E7,5.0E7,4.111139222167526,0.6139621842469803
0,26,1,1.2936471E7,5.0E7,3.8650417103706256,0.5871541850553934
0,27,0,9358447.0,1.0E8,10.685533614711929,1.028796214861182
0,28,0,1.4450565E7,1.0E8,6.920144644863367,0.8401151721748901
0,29,0,1.5260719E7,3.3333333E7,2.1842570458180903,0.33930374530172563
0,29,1,7871124.0,3.3333333E7,4.234888562294279,0.6268419867051139
0,29,2,8106437.0,3.3333333E7,4.111958558365408,0.6140487290504687
0,30,0,7883216.0,1.6666666E7,2.1141962874035167,0.32514530585638307
0,30,1,1.2008668E7,1.6666666E7,1.387886316783843,0.14235389406158647
0,30,2,1.434421E7,1.6666666E7,1.1619089514166343,0.06517209754951357
0,30,3,1.0494474E7,1.6666666E7,1.588137337802733,0.200888056322084
0,30,4,8649822.0,1.6666666E7,1.9268218467385803,0.2848415617986268
0,30,5,1.2866734E7,1.6666666E7,1.2953299570815717,0.11238040956565004
0,31,0,1.0021565E7,1.25E7,1.247310175606305,0.09597446534992173
0,31,1,1.6093973E7,1.25E7,0.7766882670922836,-0.109753255390805
0,31,2,1.1937227E7,1.25E7,1.047144366107807,0.020006560458078835
0,31,3,7392303.0,1.25E7,1.6909480036194404,0.2281302533172303
0,31,4,8309909.0,1.25E7,1.5042282653155408,0.1773137450620013
0,31,5,8756215.0,1.25E7,1.4275574549048875,0.1545935963196479
0,31,6,1.0260641E7,1.25E7,1.2182474759617845,0.08573552025689908
0,31,7,8448156.0,1.25E7,1.4796128291191593,0.17014808824994196
0,32,0,1.0443299E7,1.1111111E7,1.0639464598303658,0.02691977383753138
0,32,1,8014209.0,1.1111111E7,1.3864264083953888,0.14189682214611063
0,32,2,8301559.0,1.1111111E7,1.3384366719552316,0.12659782739367675
0,32,3,8180198.0,1.1111111E7,1.358293650104802,0.13299367041111151
0,32,4,1.5940093E7,1.1111111E7,0.6970543396453208,-0.15673336467354226
0,32,5,1.053512E7,1.1111111E7,1.0546734161547282,0.023117999425863973
0,32,6,1.3762855E7,1.1111111E7,0.807326023561245,-0.09295104812739415
0,32,7,7407755.0,1.1111111E7,1.4999296008034824,0.17607087592230675
0,32,8,1.1721814E7,1.1111111E7,0.947900299390521,-0.023237339562341378
0,33,0,7423343.0,1.25E7,1.6838774659880327,0.22631048515565755
0,33,1,8291729.0,1.25E7,1.5075263554802623,0.17826491347526816
0,33,2,1.1950338E7,1.25E7,1.0459955191225554,0.01952982408716701
0,33,3,8381507.0,1.25E7,1.4913785790550553,0.1735879009478763
0,33,4,1.2482752E7,1.25E7,1.0013817465892136,5.996707179424733E-4
0,33,5,8877696.0,1.25E7,1.4080229825396138,0.1486097436616862
0,33,6,1.292864E7,1.25E7,0.9668457007078858,-0.014642829617127512
0,33,7,7880965.0,1.25E7,1.5861001793562082,0.20033061423479664
0,34,0,7747459.0,1.4285714E7,1.8439225041397445,0.26574266469390534
0,34,1,1.2397283E7,1.4285714E7,1.152326199216393,0.06157543608926618
0,34,2,6968025.0,1.4285714E7,2.0501812206471706,0.311792251128236
0,34,3,1.2498415E7,1.4285714E7,1.1430020526602773,0.05804701032374298
0,34,4,1.0563722E7,1.4285714E7,1.3523371781271791,0.13108498771750401
0,34,5,1.2785831E7,1.4285714E7,1.117308214069152,0.04817299156275418
0,34,6,1.3719167E7,1.4285714E7,1.0412960203779136,0.017574208608864838
0,35,0,1.1755393E7,2.5E7,2.12668347200302,0.32770285586796133
0,35,1,1.2724097E7,2.5E7,1.9647759679920704,0.29331303745361126
0,35,2,9386627.0,2.5E7,2.6633635277080896,0.42543044818982667
0,35,3,9100542.0,2.5E7,2.7470891294166875,0.4388727503509907
0,36,0,9181710.0,5.0E7,5.445608715587837,0.7360464326767306
0,36,1,8013577.0,5.0E7,6.239410939708947,0.7951435900494543
0,37,0,1.3634914E7,1.0E8,7.334112998439154,0.8653475969554448
0,38,0,1.3867714E7,5.0E7,3.605496911747675,0.5569651279065065
0,38,1,1.3565911E7,5.0E7,3.685708980399473,0.5665210408135376
0,39,0,9075409.0,2.5E7,2.7546967855663587,0.4400738022431705
0,39,1,1.1235321E7,2.5E7,2.2251255660608185,0.34735452368038094
0,39,2,1.4722615E7,2.5E7,1.6980679043770417,0.22995505334408683
0,39,3,1.2511295E7,2.5E7,1.998194431511686,0.3006377443625942
0,40,0,7472447.0,1.6666666E7,2.2304160872603043,0.34838588885298666
0,40,1,8182272.0,1.6666666E7,2.036923974172455,0.30897481976425395
0,40,2,1.2281232E7,1.6666666E7,1.3570842078384318,0.13260679671273257
0,40,3,7844336.0,1.6666666E7,2.1246751796455428,0.32729254451799356
0,40,4,9715814.0,1.6666666E7,1.7154163305308232,0.23436954018588121
0,40,5,8303535.0,1.6666666E7,2.0071771841751738,0.3025857116569233
0,41,0,1.2975344E7,1.25E7,0.9633655955479871,-0.016208867602717246
0,41,1,1.2478701E7,1.25E7,1.001706828298875,7.406342236835879E-4
0,41,2,7384230.0,1.25E7,1.6927966761598705,0.22860479761002783
0,41,3,8055643.0,1.25E7,1.5517072938808236,0.19080980156049548
0,41,4,1.4478725E7,1.25E7,0.8633356873619742,-0.06382030646050886
0,41,5,6748327.0,1.25E7,1.8523109505511515,0.2677138942102972
0,41,6,7453875.0,1.25E7,1.6769800942462814,0.22452790756118068
0,41,7,1.2750133E7,1.25E7,0.9803819301335915,-0.008604702025825887
0,42,0,1.1206858E7,1.1111111E7,0.9914563921484505,-0.0037263828866006357
0,42,1,8336238.0,1.1111111E7,1.332868735273633,0.1247873809567169
0,42,2,1.2342704E7,1.1111111E7,0.900216921672917,-0.04565282774490569
0,42,3,8158293.0,1.1111111E7,1.361940665774078,0.1341581875413678
0,42,4,8331512.0,1.1111111E7,1.33362479703564,0.12503366204162375
0,42,5,9915227.0,1.1111111E7,1.120610854395971,0.04945482478998634
0,42,6,1.3295982E7,1.1111111E7,0.8356743413160457,-0.07796293227811434
0,42,7,7668200.0,1.1111111E7,1.4489855507159437,0.16106405470815086
0,42,8,1.2312052E7,1.1111111E7,0.9024580955311104,-0.044572954854016314
0,43,0,1.1243192E7,1.25E7,1.1117839133228358,0.04602038583343885
0,43,1,1.1456837E7,1.25E7,1.0910515703417967,0.03784527871442354
0,43,2,8164785.0,1.25E7,1.5309649917297272,0.18496525988674478
0,43,3,1.0366661E7,1.25E7,1.2057884404631347,0.08127111609664375
0,43,4,1.1294555E7,1.25E7,1.106727976445287,0.04404088840697274
0,43,5,1.4006643E7,1.25E7,0.892433683074524,-0.0494240465265494
0,43,6,7977045.0,1.25E7,1.5669963000083365,0.19506797101367013
0,43,7,8279720.0,1.25E7,1.5097128888416516,0.17889436275832835
0,44,0,1.1748011E7,1.6666666E7,1.4186798088629642,0.15188438775123117
0,44,1,1.2139426E7,1.6666666E7,1.3729369082195484,0.1376505801779994
0,44,2,7324193.0,1.6666666E7,2.2755634648076586,0.35708895235895916
0,44,3,9789406.0,1.6666666E7,1.7025206636643735,0.23109239169257795
0,44,4,1.4258948E7,1.6666666E7,1.1688566365485027,0.06776124702665186
0,44,5,8434730.0,1.6666666E7,1.9759572624138533,0.2957775470843245
0,45,0,1.206473E7,2.5E7,2.0721557796983436,0.31642240151734446
0,45,1,1.2357581E7,2.5E7,2.023049656724888,0.3060065428681535
0,45,2,1.2587944E7,2.5E7,1.9860272654533575,0.29798520647288573
0,45,3,1.352588E7,2.5E7,1.8483085758560627,0.26677447857465575
0,46,0,1.0682061E7,5.0E7,4.680744661540502,0.6703149506534943
0,46,1,1.1281629E7,5.0E7,4.431984068967345,0.6465981906256062
0,47,0,1.1987298E7,1.0E8,8.342163513412281,0.9212786981298928
0,48,0,1.0176921E7,5.0E7,4.913077344316616,0.6913536010868905
0,48,1,9699435.0,5.0E7,5.154939437194022,0.7122235673407867
0,49,0,9915595.0,2.5E7,2.5212808711933072,0.40162122886358725
0,49,1,1.0248606E7,2.5E7,2.4393561426793067,0.3872752113465229
0,49,2,1.1723298E7,2.5E7,2.1325057163948236,0.3288902040109092
0,49,3,1.1730562E7,2.5E7,2.131185189592792,0.3286211894250444
0,50,0,8983201.0,1.6666666E7,1.8553148259735033,0.26841761507336476
0,50,1,1.0394498E7,1.6666666E7,1.6034123052407148,0.2050452122273383
0,50,2,8023431.0,1.6666666E7,2.0772492466128267,0.31748861012881374
0,50,3,9871512.0,1.6666666E7,1.6883599999675836,0.22746505445184695
0,50,4,7893837.0,1.6666666E7,2.1113516785309856,0.3245605778480416
0,50,5,7798745.0,1.6666666E7,2.1370959045333575,0.3298240120447665
0,51,0,1.4837957E7,1.25E7,0.8424340358986079,-0.0744640951649893
0,51,1,1.0254147E7,1.25E7,1.2190189978747135,0.08601047395953373
0,51,2,1.1722143E7,1.25E7,1.0663579176606188,0.02790299791330924
0,51,3,8656882.0,1.25E7,1.4439378981947542,0.15954851522024924
0,51,4,1.2710105E7,1.25E7,0.9834694520619617,-0.007239125329763065
0,51,5,1.2275069E7,1.25E7,1.0183242147152085,0.007886070971907466
0,51,6,8352406.0,1.25E7,1.4965747594166279,0.17509841632566572
0,51,7,8237371.0,1.25E7,1.5174744466408032,0.18112138655037138
0,52,0,1.141325E7,1.1111111E7,0.9735273476003767,-0.011651844097604691
0,52,1,1.1654518E7,1.1111111E7,0.9533737045152789,-0.020736830740634128
0,52,2,9859888.0,1.1111111E7,1.1269003258454864,0.05188550446700921
0,52,3,8119062.0,1.1111111E7,1.3685215114750942,0.1362516283749373
0,52,4,7818914.0,1.1111111E7,1.4210555327760352,0.15261104985354354
0,52,5,1.3391553E7,1.1111111E7,0.8297104152147253,-0.08107345824915715
0,52,6,1.1788492E7,1.1111111E7,0.9425387912211333,-0.025700766887044715
0,52,7,1.3836749E7,1.1111111E7,0.8030145664996886,-0.09527657664777285
0,52,8,8936858.0,1.1111111E7,1.243290539023894,0.09457262884320897
0,53,0,9339068.0,1.25E7,1.3384633241775303,0.12660647539180286
0,53,1,1.1442483E7,1.25E7,1.0924202378102725,0.038389737135870426
0,53,2,1.1618912E7,1.25E7,1.0758322293860216,0.03174455057497974
0,53,3,1.0688735E7,1.25E7,1.169455506194138,0.06798370303105884
0,53,4,8437445.0,1.25E7,1.4814911386089036,0.17069905813482472
0,53,5,1.2332363E7,1.25E7,1.0135932586479979,0.005863713416711723
0,53,6,1.2875979E7,1.25E7,0.9707999679092363,-0.012870246696141015
0,53,7,8989815.0,1.25E7,1.3904624288708944,0.14315925846123972
0,54,0,9007518.0,1.6666666E7,1.8503061553693259,0.2672435935850954
0,54,1,1.3096266E7,1.6666666E7,1.2726273275145756,0.10470124473814262
0,54,2,1.2129983E7,1.6666666E7,1.3740057178975436,0.137988540035165
0,54,3,1.1252622E7,1.6666666E7,1.481136218740841,0.17059500202356767
0,54,4,8357573.0,1.6666666E7,1.9941992729228928,0.29976855357779053
0,54,5,9980252.0,1.6666666E7,1.6699644457875413,0.2227072249424033
0,55,0,1.4377938E7,2.5E7,1.7387750594000335,0.24024340214070924
0,55,1,8212564.0,2.5E7,3.044116307647648,0.4834612416611514
0,55,2,1.1908033E7,2.5E7,2.0994231373057164,0.32209997916207633
0,55,3,8399765.0,2.5E7,2.9762737409915636,0.47367287268526165
0,56,0,1.3925185E7,5.0E7,3.5906165699055346,0.5551690307275629
0,56,1,1.2041767E7,5.0E7,4.1522145379494555,0.6182797846863862
0,57,0,1.266262E7,1.0E8,7.897259808791546,0.8974764259285329
0,58,0,7167003.0,5.0E7,6.9764167811845486,0.8436324180772817
0,58,1,8136940.0,5.0E7,6.144816110233085,0.7885088907202732
0,59,0,8512401.0,2.5E7,2.936891718329529,0.4678879346062593
0,59,1,1.3623256E7,2.5E7,1.8350972777726557,0.26365909097508516
0,59,2,1.2029848E7,2.5E7,2.0781642461317884,0.3176798687119345
0,59,3,1.1048692E7,2.5E7,2.2627112784029095,0.3546291415835545
0,60,0,7302015.0,1.6666666E7,2.282474905899262,0.35840601149028506
0,60,1,1.2727458E7,1.6666666E7,1.3095046944959472,0.11710705968376392
0,60,2,7991242.0,1.6666666E7,2.085616478639991,0.31923444957288516
0,60,3,1.1012162E7,1.6666666E7,1.5134780981246008,0.17997614056682168
0,60,4,6702201.0,1.6666666E7,2.4867451752043843,0.39563128399422265
0,60,5,6616546.0,1.6666666E7,2.5189375242006933,0.40121739606843076
0,61,0,1.0407758E7,1.25E7,1.2010271568574136,0.07955282750280573
0,61,1,8099880.0,1.25E7,1.5432327392504581,0.18843142816939085
0,61,2,8296720.0,1.25E7,1.5066194833620998,0.17800357935963335
0,61,3,9830705.0,1.25E7,1.2715263045732732,0.10432534902832608
0,61,4,1.2248209E7,1.25E7,1.0205573729187671,0.008837424575502238
0,61,5,1.1812072E7,1.25E7,1.0582394011821126,0.02458392748276048
0,61,6,1.1440666E7,1.25E7,1.0925937353647068,0.03845870605927131
0,61,7,1.1006235E7,1.25E7,1.1357198896807128,0.055271231580558244
0,62,0,8597481.0,1.1111111E7,1.2923681948235768,0.11138626149155055
0,62,1,1.112093E7,1.1111111E7,0.9991170702450245,-3.836209005803866E-4
0,62,2,1.4877736E7,1.1111111E7,0.7468280792185048,-0.12677936182579422
0,62,3,7764904.0,1.1111111E7,1.4309399060181556,0.15562139544201184
0,62,4,1.1677488E7,1.1111111E7,0.9514983873243972,-0.021591943453375805
0,62,5,1.106427E7,1.1111111E7,1.0042335373232938,0.001834720953120392
0,62,6,1.1694307E7,1.1111111E7,0.9501299221920546,-0.022217004571020205
0,62,7,7803056.0,1.1111111E7,1.4239435164889243,0.15349276250048854
0,62,8,9336533.0,1.1111111E7,1.1900681976917984,0.0755718496551977
0,63,0,1.0730142E7,1.25E7,1.1649426447478515,0.06630454366015129
0,63,1,1.1306317E7,1.25E7,1.1055766435701386,0.04358885521486306
0,63,2,1.0539698E7,1.25E7,1.1859922362101836,0.07408184604163999
0,63,3,8956228.0,1.25E7,1.395676840741437,0.14478487206248727
0,63,4,1.2545159E7,1.25E7,0.9964002847632302,-0.001566157017624797
0,63,5,1.1293226E7,1.25E7,1.106858217483649,0.04409199368084762
0,63,6,1.1345082E7,1.25E7,1.1017989997780535,0.04210237378147647
0,63,7,9887113.0,1.25E7,1.264271987181698,0.10184051526376754
0,64,0,9243135.0,1.6666666E7,1.8031399519751685,0.2560294361021748
0,64,1,7080442.0,1.6666666E7,2.3539019174226694,0.3717883626664834
0,64,2,9223456.0,1.6666666E7,1.8069870989789512,0.25695505191773693
0,64,3,7496920.0,1.6666666E7,2.2231351008147344,0.34696585575139566
0,64,4,9790738.0,1.6666666E7,1.7022890409282732,0.23103330323533397
0,64,5,7747024.0,1.6666666E7,2.151363672037159,0.33271383084718026
0,65,0,1.0765125E7,3.3333333E7,3.096418573867001,0.4908596639079323
0,65,1,1.0379907E7,3.3333333E7,3.2113325292798867,0.5066852785201129
0,65,2,1.3726385E7,3.3333333E7,2.428413089098113,0.38532256504581486
0,66,0,9633028.0,5.0E7,5.190475933424049,0.7152071816987877
0,66,1,1.1023468E7,5.0E7,4.535777669967382,0.656651758611317
0,67,0,8616549.0,1.0E8,11.605574343046154,1.0646666379279552
0,68,0,8671755.0,5.0E7,5.765845552601521,0.7608630049354251
0,68,1,6978514.0,5.0E7,7.1648491355036334,0.8552070502381672
0,69,0,1.0907716E7,2.5E7,2.2919555294618967,0.3602061868133841
0,69,1,8240853.0,2.5E7,3.0336665391313256,0.48196784138999016
0,69,2,9984660.0,2.5E7,2.503840891928218,0.39860672791177565
0,69,3,8351408.0,2.5E7,2.9935072026178102,0.4761803074302278
0,70,0,9617486.0,1.4285714E7,1.4853896330080438,0.1718403885151435
0,70,1,1.274082E7,1.4285714E7,1.121255460794517,0.04970457118004188
0,70,2,9950085.0,1.4285714E7,1.4357378856562533,0.15707516051661188
0,70,3,7854625.0,1.4285714E7,1.8187646132055955,0.25977649576451567
0,70,4,1.3026224E7,1.4285714E7,1.09668880252635,0.04008340923458976
0,70,5,9874976.0,1.4285714E7,1.4466580982070234,0.1603659025031512
0,70,6,9800217.0,1.4285714E7,1.4576936408652992,0.16366625919315492
0,71,0,7726804.0,1.1111111E7,1.4379957094809186,0.1577575902530242
0,71,1,8637722.0,1.1111111E7,1.2863473726058792,0.10935826379368081
0,71,2,1.1476297E7,1.1111111E7,0.9681791086445393,-0.01404429279436887
0,71,3,7032008.0,1.1111111E7,1.5800765585022087,0.19867813007438698
0,71,4,7647434.0,1.1111111E7,1.452920155963425,0.1622417486564037
0,71,5,8704335.0,1.1111111E7,1.276503144697441,0.10602188903691125
0,71,6,1.1756324E7,1.1111111E7,0.9451177936232448,-0.02451406034524187
0,71,7,7349976.0,1.1111111E7,1.5117207185438428,0.17947156524028135
0,71,8,1.0171323E7,1.1111111E7,1.0923958466366666,0.038380040253665954
0,72,0,8897653.0,1.1111111E7,1.248768748342962,0.0964820215469683
0,72,1,7178164.0,1.1111111E7,1.5479043109073574,0.18974410975166098
0,72,2,1.0700038E7,1.1111111E7,1.0384179009457724,0.016372166181024606
0,72,3,8598642.0,1.1111111E7,1.2921936975629407,0.1113276185178691
0,72,4,7322366.0,1.1111111E7,1.517420871887584,0.1811060534220405
0,72,5,1.0221972E7,1.1111111E7,1.0869831183258964,0.03622279921523569
0,72,6,7604605.0,1.1111111E7,1.4611029764202086,0.16468082545863053
0,72,7,9921416.0,1.1111111E7,1.1199118150070515,0.049183826452645366
0,72,8,9827592.0,1.1111111E7,1.1306036107319066,0.05331036810308333
0,73,0,1.0407783E7,1.25E7,1.2010242719318802,0.07955178430512494
0,73,1,1.2799571E7,1.25E7,0.9765952311995457,-0.010285400744890571
0,73,2,1.0248967E7,1.25E7,1.2196351105433358,0.08622991823166956
0,73,3,8565775.0,1.25E7,1.459295860561362,0.16414335055219761
0,73,4,1.117817E7,1.25E7,1.1182510196212796,0.04853930283458369
0,73,5,7164067.0,1.25E7,1.744818969448499,0.24175037419032788
0,73,6,7693455.0,1.25E7,1.6247576673939081,0.2107885951230343
0,73,7,1.2041935E7,1.25E7,1.0380391523455326,0.016213734366914905
0,74,0,8062620.0,1.6666666E7,2.0671526129223503,0.31537254073148546
0,74,1,7701201.0,1.6666666E7,2.1641645244683265,0.33529027369548053
0,74,2,1.1458258E7,1.6666666E7,1.4545549594013332,0.16273013542411824
0,74,3,1.2844767E7,1.6666666E7,1.2975452182199958,0.11312250153493743
0,74,4,1.1808159E7,1.6666666E7,1.4114533857479392,0.14966653983558725
0,74,5,9120761.0,1.6666666E7,1.827332828916359,0.2618176566011801
0,75,0,1.2724775E7,3.3333333E7,2.6195616818372036,0.41822862907377006
0,75,1,9057940.0,3.3333333E7,3.6800125635630176,0.5658493013574246
0,75,2,1.1772116E7,3.3333333E7,2.831549825027208,0.45202420804059645
0,76,0,8104483.0,1.0E8,12.338849992035273,1.0912746843822265
0,77,0,1.1883001E7,1.0E8,8.415382612523553,0.9250738663285007
0,78,0,1.2311047E7,5.0E7,4.061392991189133,0.6086750150126127
0,78,1,7665873.0,5.0E7,6.522414342110808,0.8144083842854232
0,79,0,1.3531557E7,2.5E7,1.8475331404952142,0.26659223738086174
0,79,1,1.0684165E7,2.5E7,2.339911448391147,0.36919942228075325
0,79,2,6885095.0,2.5E7,3.6310319610695276,0.5600300716766053
0,79,3,6623435.0,2.5E7,3.774476536721505,0.576856730011106
0,80,0,7383911.0,1.4285714E7,1.934708313791973,0.28661549790304747
0,80,1,8747830.0,1.4285714E7,1.633058026962115,0.2130016166666846
0,80,2,1.0520865E7,1.4285714E7,1.3578459565824672,0.13285050337535542
0,80,3,8623721.0,1.4285714E7,1.6565603177561055,0.21920725379583603
0,80,4,7176041.0,1.4285714E7,1.9907514463755154,0.2990170399339835
0,80,5,1.1134976E7,1.4285714E7,1.2829586700501197,0.10821266599434956
0,80,6,1.043529E7,1.4285714E7,1.3689810249643277,0.13639742855006198
0,81,0,8201350.0,1.1111111E7,1.3547904918092752,0.13187214001772488
0,81,1,1.0644464E7,1.1111111E7,1.0438394079777056,0.01863368871046687
0,81,2,7741418.0,1.1111111E7,1.435281107414688,0.15693696827760698
0,81,3,9491075.0,1.1111111E7,1.1706904644626663,0.06844208094245141
0,81,4,7019597.0,1.1111111E7,1.5828702132045471,0.19944530652384249
0,81,5,7595426.0,1.1111111E7,1.4628687054550988,0.16520534932755737
0,81,6,7697366.0,1.1111111E7,1.4434952164155894,0.15941534901496893
0,81,7,1.3369544E7,1.1111111E7,0.8310762880170034,-0.08035910865375356
0,81,8,9220042.0,1.1111111E7,1.2051041632999069,0.08102458682064165
0,82,0,1.0913502E7,1.1111111E7,1.0181068368338595,0.007793353848345194
0,82,1,1.3246896E7,1.1111111E7,0.838770909049184,-0.07635664050819864
0,82,2,7902765.0,1.1111111E7,1.4059776546563134,0.1479784184529546
0,82,3,1.3140633E7,1.1111111E7,0.845553711149227,-0.07285879999428171
0,82,4,9870536.0,1.1111111E7,1.1256846639331441,0.051416749402013934
0,82,5,8802405.0,1.1111111E7,1.2622812742653855,0.10115613957558442
0,82,6,7669393.0,1.1111111E7,1.4487601561166574,0.1609964934789599
0,82,7,1.0303555E7,1.1111111E7,1.0783764438584547,0.03277039253135677
0,82,8,8081816.0,1.1111111E7,1.3748285038907098,0.138248527650612
0,83,0,1.3980461E7,1.25E7,0.8941049941057022,-0.04861147932114866
0,83,1,8080612.0,1.25E7,1.546912535832682,0.1894657588971224
0,83,2,8895565.0,1.25E7,1.405194611022459,0.14773647558647177
0,83,3,9513047.0,1.25E7,1.3139848883328338,0.1185903705879923
0,83,4,1.361404E7,1.25E7,0.9181697717944123,-0.037077009281806836
0,83,5,1.018182E7,1.25E7,1.2276783522002943,0.08908459794352074
0,83,6,8453349.0,1.25E7,1.4787038841055775,0.16988121363546324
0,83,7,9786905.0,1.25E7,1.2772168525187482,0.1062646402992993
0,84,0,7534804.0,2.0E7,2.6543490713228906,0.42395803600411536
0,84,1,1.1648504E7,2.0E7,1.7169586755518134,0.23475984251339702
0,84,2,8473752.0,2.0E7,2.360229565368446,0.3729542462430026
0,84,3,1.0232246E7,2.0E7,1.9546050788849292,0.29105902291520974
0,84,4,1.5877855E7,2.0E7,1.2596159871720707,0.10023816410848044
0,85,0,1.1521807E7,3.3333333E7,2.893064690286862,0.461358144785387
0,85,1,1.3691314E7,3.3333333E7,2.4346335932402106,0.38643361014714606
0,85,2,9576372.0,3.3333333E7,3.4807892801156846,0.5416777327778306
0,86,0,7287523.0,1.0E8,13.722083621554265,1.1374200615629713
0,87,0,1.0222035E7,1.0E8,9.782787869538698,0.9904626363644599
0,88,0,1.3183474E7,5.0E7,3.7926270420072887,0.5789401373081146
0,88,1,1.1855696E7,5.0E7,4.217382092118421,0.6250429495994806
0,89,0,1.3775721E7,2.0E7,1.4518296356321385,0.1619156572416442
0,89,1,1.1360914E7,2.0E7,1.7604217407155798,0.24561672333927517
0,89,2,7441352.0,2.0E7,2.6876836359844285,0.4293781471078936
0,89,3,1.2244296E7,2.0E7,1.63341363194748,0.21309617575037976
0,89,4,1.2451185E7,2.0E7,1.6062728166033995,0.20581930973658302
0,90,0,7677392.0,1.4285714E7,1.860750890406534,0.26968823548255855
0,90,1,1.0688042E7,1.4285714E7,1.3366072101887325,0.1260037995504563
0,90,2,8070697.0,1.4285714E7,1.7700719033312735,0.24799090850064423
0,90,3,7230162.0,1.4285714E7,1.9758497804060269,0.2957539230346639
0,90,4,7186996.0,1.4285714E7,1.987716982171689,0.2983545481543079
0,90,5,1.3711734E7,1.4285714E7,1.0418604970020569,0.017809571709989095
0,90,6,1.2612586E7,1.4285714E7,1.1326554284743826,0.054097810770596416
0,91,0,6887339.0,1.1111111E7,1.6132661685449199,0.20770602640563177
0,91,1,8380775.0,1.1111111E7,1.3257856224513842,0.12247330497877786
0,91,2,7363491.0,1.1111111E7,1.5089460963556551,0.17867372587670063
0,91,3,1.2966998E7,1.1111111E7,0.8568761250676525,-0.067081957642806
0,91,4,1.2412731E7,1.1111111E7,0.8951383059860074,-0.048109857548895324
0,91,5,7013485.0,1.1111111E7,1.5842496276815305,0.19982361373265622
0,91,6,1.212348E7,1.1111111E7,0.9164951812515878,-0.037869814129311424
0,91,7,1.0271661E7,1.1111111E7,1.0817248544320144,0.03411680846207378
0,91,8,1.020768E7,1.1111111E7,1.0885050275870718,0.03683043930111874
0,92,0,7333037.0,1.1111111E7,1.5152127283688872,0.18047360991497513
0,92,1,1.2664836E7,1.1111111E7,0.8773197694782625,-0.05684208416180289
0,92,2,1.2104331E7,1.1111111E7,0.9179450727181866,-0.037183304996012696
0,92,3,1.0663928E7,1.1111111E7,1.041934172848879,0.017840282042634287
0,92,4,1.1650965E7,1.1111111E7,0.9536644389541982,-0.020604411403420064
0,92,5,8562125.0,1.1111111E7,1.297704833788341,0.1131759223300488
0,92,6,1.0921719E7,1.1111111E7,1.0173408599873335,0.007466487642021448
0,92,7,1.5574906E7,1.1111111E7,0.7133982702688543,-0.14666794800243416
0,92,8,1.2113417E7,1.1111111E7,0.9172565428895909,-0.037509181691708686
0,93,0,7621693.0,1.4285714E7,1.8743491767511495,0.2728504997909061
0,93,1,9028099.0,1.4285714E7,1.5823612479216278,0.1993056384973667
0,93,2,1.1578364E7,1.4285714E7,1.233828371607595,0.09125475252731016
0,93,3,1.2380068E7,1.4285714E7,1.1539285567736786,0.06217892115988484
0,93,4,7832338.0,1.4285714E7,1.823939927005193,0.261010530374092
0,93,5,7329376.0,1.4285714E7,1.949103716332741,0.28983494954991423
0,93,6,1.5292536E7,1.4285714E7,0.9341625221611379,-0.029577560239314446
0,94,0,1.1891782E7,2.0E7,1.6818337234907266,0.22578305653915798
0,94,1,1.1912172E7,2.0E7,1.678954937856841,0.22503904009115114
0,94,2,8001267.0,2.0E7,2.499604125196672,0.39787123272951735
0,94,3,8425226.0,2.0E7,2.373823562715113,0.3754484363595969
0,94,4,7599731.0,2.0E7,2.631672094709668,0.42023177539413453
0,95,0,1.3843405E7,3.3333333E7,2.407885415474011,0.38163581621893444
0,95,1,1.1202381E7,3.3333333E7,2.975557874705386,0.47356840172591974
0,95,2,7849986.0,3.3333333E7,4.246292031603623,0.6280098587307603
0,96,0,7425739.0,1.0E8,13.466673148625341,1.1292603194314035
0,97,0,9459879.0,1.0E8,10.570959734262987,1.024114418563153
0,98,0,1.1400896E7,3.3333333E7,2.9237467827090082,0.46593975691981976
0,98,1,8625045.0,3.3333333E7,3.864714097143841,0.5871173713137385
0,98,2,1.0708696E7,3.3333333E7,3.1127350146086883,0.49314215100968756
0,99,0,8802887.0,2.0E7,2.271981907753672,0.35640486867893273
0,99,1,1.0215849E7,2.0E7,1.9577423276322898,0.2917555306481898
0,99,2,1.0625874E7,2.0E7,1.8821981137739823,0.2746653338577347
0,99,3,7955405.0,2.0E7,2.5140140571096,0.40036770171432357
0,99,4,7227763.0,2.0E7,2.7671078866310364,0.4420260921568946
