 


 Number of tacts (im units) = 1
 Number of massive (im units) = 100
 Trajectory File: sinus.txt
 Coef Load Impact: 10
 Command Line: ping 192.168.1.108 > /dev/null 2>&1
cycle , cPeriod , count , procDur , procTime , spb
0,0,0,9.2256738E7,5000000.0,12.660280904880949
0,0,1,2337112.0,5000000.0,-3.302904790141991
0,0,2,2096326.0,5000000.0,-3.7751118356633113
0,0,3,1907445.0,5000000.0,-4.185179801420618
0,0,4,1885374.0,5000000.0,-4.235724906297505
0,0,5,2030223.0,5000000.0,-3.9142626083148158
0,0,6,1874247.0,5000000.0,-4.261431799676558
0,0,7,1819887.0,5000000.0,-4.389255816256742
0,0,8,1949148.0,5000000.0,-4.091251877206972
0,0,9,1916100.0,5000000.0,-4.165518334583714
0,0,10,1952353.0,5000000.0,-4.084116602205886
0,0,11,1860396.0,5000000.0,-4.293646072633617
0,0,12,1884873.0,5000000.0,-4.236879109386662
0,0,13,1880719.0,5000000.0,-4.246460922868487
0,0,14,1800530.0,5000000.0,-4.435696424576984
0,0,15,1950185.0,5000000.0,-4.08894192630844
0,0,16,1830704.0,5000000.0,-4.36351873883898
0,0,17,1788312.0,5000000.0,-4.465267135575562
0,0,18,1882835.0,5000000.0,-4.241577415308675
0,0,19,3235049.0,5000000.0,-1.890891411957666
0,1,0,5989178.0,4347826.0,1.390950653296872
0,1,1,3502832.0,4347826.0,-0.9385284676060959
0,1,2,5838299.0,4347826.0,1.2801417768588053
0,1,3,5982134.0,4347826.0,1.3858398171853787
0,1,4,5774161.0,4347826.0,1.2321673378001208
0,1,5,2416954.0,4347826.0,-2.5500377039828974
0,1,6,2327286.0,4347826.0,-2.7142239831423867
0,1,7,2313866.0,4347826.0,-2.7393395070051123
0,1,8,3227261.0,4347826.0,-1.2943806554302737
0,1,9,3914098.0,4347826.0,-0.45640460104731967
0,1,10,5067571.0,4347826.0,0.6652768686225469
0,1,11,4395334.0,4347826.0,0.0471972726355755
0,1,12,3219533.0,4347826.0,-1.30479274355887
0,1,13,3488699.0,4347826.0,-0.9560865454378421
0,1,14,2657276.0,4347826.0,-2.1383549021561867
0,1,15,2638238.0,4347826.0,-2.16958183864671
0,1,16,2699440.0,4347826.0,-2.0699847637256847
0,1,17,2695791.0,4347826.0,-2.075859362259474
0,1,18,4715086.0,4347826.0,0.3521746308856434
0,1,19,5932047.0,4347826.0,1.3493242801730967
0,1,20,5543693.0,4347826.0,1.0552701650607443
0,1,21,4600108.0,4347826.0,0.24495872744501085
0,1,22,2795081.0,4347826.0,-1.918777572625149
0,2,0,2548524.0,4000000.0,-1.9577126353920282
0,2,1,4512595.0,4000000.0,0.5236636653123504
0,2,2,5926565.0,4000000.0,1.707430605892074
0,2,3,3061758.0,4000000.0,-1.160891300532482
0,2,4,2478353.0,4000000.0,-2.0789682688531204
0,2,5,3249152.0,4000000.0,-0.9028996258773819
0,2,6,3596704.0,4000000.0,-0.4615529341943811
0,2,7,5706358.0,4000000.0,1.5429902319732278
0,2,8,2902911.0,4000000.0,-1.39226270274587
0,2,9,3400512.0,4000000.0,-0.7051567956979334
0,2,10,2848527.0,4000000.0,-1.4743965101939969
0,2,11,2811971.0,4000000.0,-1.5304915385816997
0,2,12,5398141.0,4000000.0,1.3018423285737468
0,2,13,3371806.0,4000000.0,-0.7419741219412895
0,2,14,4472899.0,4000000.0,0.4852910039758982
0,2,15,3218069.0,4000000.0,-0.9446463957054873
0,2,16,2934345.0,4000000.0,-1.3454881747583494
0,2,17,2888514.0,4000000.0,-1.4138551451440073
0,2,18,3672841.0,4000000.0,-0.3705786350466016
0,2,19,3055201.0,4000000.0,-1.1702020381344371
0,2,20,2936850.0,4000000.0,-1.3417822588649706
0,2,21,3153622.0,4000000.0,-1.0325035469787243
0,2,22,5930168.0,4000000.0,1.7100700565172366
0,2,23,6043566.0,4000000.0,1.7923327794381116
0,2,24,5074631.0,4000000.0,1.0334447683559125
0,3,0,2868745.0,4000000.0,-1.4436804538755905
0,3,1,5430899.0,4000000.0,1.3281173483963422
0,3,2,5560984.0,4000000.0,1.4309165420358518
0,3,3,2688326.0,4000000.0,-1.7257805900852592
0,3,4,2896788.0,4000000.0,-1.4014327858852433
0,3,5,2759808.0,4000000.0,-1.6118112210368374
0,3,6,2592459.0,4000000.0,-1.8834809462351245
0,3,7,3002567.0,4000000.0,-1.2456728419368877
0,3,8,5645275.0,4000000.0,1.4962511136766325
0,3,9,6025549.0,4000000.0,1.779366311734532
0,3,10,2469372.0,4000000.0,-2.0947347191944408
0,3,11,5984930.0,4000000.0,1.7499908391713779
0,3,12,3741404.0,4000000.0,-0.29025385108517243
0,3,13,2376866.0,4000000.0,-2.26055293024679
0,3,14,3207659.0,4000000.0,-0.9587179826504632
0,3,15,2827375.0,4000000.0,-1.5067657773409353
0,3,16,3221309.0,4000000.0,-0.9402760536006742
0,3,17,4799202.0,4000000.0,0.7910903858759699
0,3,18,3012711.0,4000000.0,-1.2310251817602
0,3,19,4591744.0,4000000.0,0.5991767584798274
0,3,20,3119713.0,4000000.0,-1.0794534867151144
0,3,21,3670099.0,4000000.0,-0.3738221193314514
0,3,22,3186809.0,4000000.0,-0.9870395632356993
0,3,23,3723719.0,4000000.0,-0.3108309059596117
0,3,24,2768633.0,4000000.0,-1.5979460027657832
0,4,0,4477402.0,4347826.0,0.12753933624327768
0,4,1,3810790.0,4347826.0,-0.5725713839369396
0,4,2,2906721.0,4347826.0,-1.7486880704015717
0,4,3,2926291.0,4347826.0,-1.7195464368828506
0,4,4,4224063.0,4347826.0,-0.12541768415571275
0,4,5,4047240.0,4347826.0,-0.31113196621488043
0,4,6,4430135.0,4347826.0,0.08144805432586547
0,4,7,5935332.0,4347826.0,1.3517286146255323
0,4,8,2743287.0,4347826.0,-2.000009098516344
0,4,9,3438232.0,4347826.0,-1.0193697726765332
0,4,10,3417374.0,4347826.0,-1.0457964437955505
0,4,11,5019110.0,4347826.0,0.6235455859026362
0,4,12,5901265.0,4347826.0,1.3267296204602612
0,4,13,2938278.0,4347826.0,-1.7017927189051734
0,4,14,3270289.0,4347826.0,-1.2368602173124326
0,4,15,5460906.0,4347826.0,0.9899254567911915
0,4,16,2716251.0,4347826.0,-2.0430225608044377
0,4,17,4501000.0,4347826.0,0.15036857641961482
0,4,18,5292926.0,4347826.0,0.8542366689873346
0,4,19,2968123.0,4347826.0,-1.6579026100946581
0,4,20,3047702.0,4347826.0,-1.5429965525449305
0,4,21,2628697.0,4347826.0,-2.185316257940869
0,4,22,6052455.0,4347826.0,1.4365941384999363
0,5,0,3185131.0,5000000.0,-1.9584270537040873
0,5,1,4930813.0,5000000.0,-0.06051472015404358
0,5,2,5957694.0,5000000.0,0.7610818881553573
0,5,3,4404856.0,5000000.0,-0.5503828896084892
0,5,4,5019610.0,5000000.0,0.016999714887644835
0,5,5,3159480.0,5000000.0,-1.9935439377895527
0,5,6,2697906.0,5000000.0,-2.679431903539053
0,5,7,2398547.0,5000000.0,-3.1902177136497167
0,5,8,2941912.0,5000000.0,-2.303403265923657
0,5,9,2371166.0,5000000.0,-3.24008045313374
0,5,10,2923868.0,5000000.0,-2.3301224212599005
0,5,11,3597332.0,5000000.0,-1.4298948336090773
0,5,12,2891821.0,5000000.0,-2.3779859715134517
0,5,13,5046468.0,5000000.0,0.04017519370851166
0,5,14,5496696.0,5000000.0,0.4113171422452167
0,5,15,3889620.0,5000000.0,-1.0906282973636057
0,5,16,4649728.0,5000000.0,-0.3154245608136417
0,5,17,2895520.0,5000000.0,-2.3724343528778293
0,5,18,3110744.0,5000000.0,-2.0610573220578514
0,5,19,3937174.0,5000000.0,-1.037853958526188
0,6,0,2751112.0,5882352.0,-3.3004273790455168
0,6,1,5896520.0,5882352.0,0.010447667972015184
0,6,2,2280050.0,5882352.0,-4.116066382367817
0,6,3,3418780.0,5882352.0,-2.3567985448019284
0,6,4,2298169.0,5882352.0,-4.081690469804525
0,6,5,2919979.0,5882352.0,-3.0417128104814246
0,6,6,2869361.0,5882352.0,-3.11765818000793
0,6,7,5502270.0,5882352.0,-0.29009111442795044
0,6,8,2874567.0,5882352.0,-3.1097857356044347
0,6,9,2890895.0,5882352.0,-3.0851869115772756
0,6,10,3885590.0,5882352.0,-1.800940363735581
0,6,11,2927712.0,5882352.0,-3.030226563392704
0,6,12,5939047.0,5882352.0,0.04165753044233728
0,6,13,3617397.0,5882352.0,-2.1115483505699713
0,6,14,3664976.0,5882352.0,-2.0547987411426245
0,6,15,3656235.0,5882352.0,-2.065169074329539
0,6,16,5955132.0,5882352.0,0.053403832561929175
0,7,0,6089240.0,6666666.0,-0.3934560593340098
0,7,1,2142481.0,6666666.0,-4.92991718323014
0,7,2,5093487.0,6666666.0,-1.168934954597787
0,7,3,5908331.0,6666666.0,-0.5244387989209089
0,7,4,2581785.0,6666666.0,-4.119886242635397
0,7,5,5838184.0,6666666.0,-0.5763091914012426
0,7,6,3007079.0,6666666.0,-3.4576385976573394
0,7,7,4822711.0,6666666.0,-1.4061745982392269
0,7,8,2786547.0,6666666.0,-3.7884232492311316
0,7,9,5998381.0,6666666.0,-0.4587465007226635
0,7,10,3396521.0,6666666.0,-2.9287439342518256
0,7,11,5534210.0,6666666.0,-0.8085306274773528
0,7,12,3154290.0,6666666.0,-3.250070783983405
0,7,13,5416685.0,6666666.0,-0.9017511700234031
0,7,14,6143556.0,6666666.0,-0.3548887618764873
0,8,0,2313556.0,6666666.0,-4.596286813830185
0,8,1,5006080.0,6666666.0,-1.2441091191486935
0,8,2,6027686.0,6666666.0,-0.4375807696769132
0,8,3,3867710.0,6666666.0,-2.364547941828372
0,8,4,5797584.0,6666666.0,-0.6066164775599523
0,8,5,5696344.0,6666666.0,-0.6831248921916859
0,8,6,6079721.0,6666666.0,-0.40025047673157776
0,8,7,2918400.0,6666666.0,-3.5876388086654627
0,8,8,6119551.0,6666666.0,-0.3718913899281135
0,8,9,4991009.0,6666666.0,-1.257203445097332
0,8,10,2322955.0,6666666.0,-4.5786790073270405
0,8,11,4134124.0,6666666.0,-2.075251986855935
0,8,12,2471848.0,6666666.0,-4.308869361105704
0,8,13,2790357.0,6666666.0,-3.7824892678196638
0,8,14,5011807.0,6666666.0,-1.2391435914504632
0,9,0,6069513.0,5882352.0,0.13602836817493064
0,9,1,5363336.0,5882352.0,-0.40116003822669993
0,9,2,2027282.0,5882352.0,-4.626368447901456
0,9,3,2134013.0,5882352.0,-4.403539483989789
0,9,4,5466938.0,5882352.0,-0.31806860505632917
0,9,5,2766746.0,5882352.0,-3.2758171839327836
0,9,6,2905191.0,5882352.0,-3.0637631904535296
0,9,7,5632437.0,5882352.0,-0.18854666387270444
0,9,8,3455487.0,5882352.0,-2.3104174569993408
0,9,9,3133329.0,5882352.0,-2.7354501087501064
0,9,10,2909521.0,5882352.0,-3.0572951299400124
0,9,11,2377034.0,5882352.0,-3.9351561541366706
0,9,12,2366714.0,5882352.0,-3.9540522933241022
0,9,13,3052222.0,5882352.0,-2.849348907729148
0,9,14,2600253.0,5882352.0,-3.545354030259571
0,9,15,2550281.0,5882352.0,-3.6296297378852156
0,9,16,5696024.0,5882352.0,-0.13979198617178626
0,10,0,5992306.0,5000000.0,0.7862397837913181
0,10,1,6055139.0,5000000.0,0.8315411279459586
0,10,2,5832098.0,5000000.0,0.6685480872795249
0,10,3,2533663.0,5000000.0,-2.9522115502513357
0,10,4,3933693.0,5000000.0,-1.0416954138323744
0,10,5,5984868.0,5000000.0,0.7808457187611884
0,10,6,4249599.0,5000000.0,-0.7062205318068159
0,10,7,4317405.0,5000000.0,-0.6374721418909839
0,10,8,2002349.0,5000000.0,-3.974302291125217
0,10,9,6042582.0,5000000.0,0.8225254831518427
0,10,10,6085886.0,5000000.0,0.8535380861635669
0,10,11,2472953.0,5000000.0,-3.057541419312998
0,10,12,2760445.0,5000000.0,-2.5799090579754007
0,10,13,2483274.0,5000000.0,-3.0394536286326708
0,10,14,2650338.0,5000000.0,-2.756687408994914
0,10,15,4138545.0,5000000.0,-0.8212232252365188
0,10,16,6052581.0,5000000.0,0.8297060585832093
0,10,17,2439054.0,5000000.0,-3.117485887527468
0,10,18,6006693.0,5000000.0,0.796654315379103
0,10,19,5928616.0,5000000.0,0.7398331740685339
0,11,0,4430534.0,4347826.0,0.08183918393108297
0,11,1,4629546.0,4347826.0,0.27266248386172887
0,11,2,6041151.0,4347826.0,1.4284753586204781
0,11,3,2654531.0,4347826.0,-2.1428435383545525
0,11,4,4503202.0,4347826.0,0.15249273238194316
0,11,5,5529188.0,4347826.0,1.0438920150322821
0,11,6,6067143.0,4347826.0,1.447120759058171
0,11,7,2595306.0,4347826.0,-2.2408358452756945
0,11,8,3808971.0,4347826.0,-0.5746448916954862
0,11,9,6016505.0,4347826.0,1.410721266602002
0,11,10,3337445.0,4347826.0,-1.1485803789566762
0,11,11,5964056.0,4347826.0,1.372695573477539
0,11,12,3057102.0,4347826.0,-1.5296222612288346
0,11,13,5998439.0,4347826.0,1.3976609143888898
0,11,14,2365229.0,4347826.0,-2.6439896006552397
0,11,15,3849102.0,4347826.0,-0.5291273538139987
0,11,16,4522082.0,4347826.0,0.1706627795046883
0,11,17,2970192.0,4347826.0,-1.6548763128388964
0,11,18,3596857.0,4347826.0,-0.8234898335107559
0,11,19,2542497.0,4347826.0,-2.3301170614390405
0,11,20,6007168.0,4347826.0,1.403976225560665
0,11,21,5866076.0,4347826.0,1.3007553003857353
0,11,22,2230944.0,4347826.0,-2.897834863108528
0,12,0,5647852.0,4000000.0,1.4982331632883845
0,12,1,4207864.0,4000000.0,0.22001703457450167
0,12,2,6178834.0,4000000.0,1.888465363267506
0,12,3,2606938.0,4000000.0,-1.8592928872812788
0,12,4,2822639.0,4000000.0,-1.5140465350453192
0,12,5,4395205.0,4000000.0,0.40919144803669544
0,12,6,5723640.0,4000000.0,1.5561231878244708
0,12,7,4339612.0,4000000.0,0.35390910121936575
0,12,8,2918113.0,4000000.0,-1.3695788597537681
0,12,9,2826654.0,4000000.0,-1.507873399262045
0,12,10,4077610.0,4000000.0,0.08345694325156784
0,12,11,3578505.0,4000000.0,-0.4835836296763599
0,12,12,2832231.0,4000000.0,-1.499313193109305
0,12,13,3329822.0,4000000.0,-0.7963897298198679
0,12,14,3107205.0,4000000.0,-1.0969008424878277
0,12,15,5916109.0,4000000.0,1.6997617563016487
0,12,16,3180600.0,4000000.0,-0.9955093671789222
0,12,17,4461165.0,4000000.0,0.4738829496326662
0,12,18,5900971.0,4000000.0,1.688634889997467
0,12,19,2649641.0,4000000.0,-1.7887295598767148
0,12,20,2436454.0,4000000.0,-2.1530177496823297
0,12,21,3183972.0,4000000.0,-0.9909075145170348
0,12,22,6070128.0,4000000.0,1.8113785775513263
0,12,23,4410739.0,4000000.0,0.42451368374405835
0,12,24,3827415.0,4000000.0,-0.19154436749529735
0,13,0,3169785.0,4000000.0,-1.0103018541311233
0,13,1,3182513.0,4000000.0,-0.9928980498287153
0,13,2,6089822.0,4000000.0,1.8254460745474268
0,13,3,5918812.0,4000000.0,1.7017455431051196
0,13,4,2698694.0,4000000.0,-1.7090634784054106
0,13,5,3912163.0,4000000.0,-0.09643049985967184
0,13,6,2971370.0,4000000.0,-1.2910325707621388
0,13,7,6100776.0,4000000.0,1.8332508812273391
0,13,8,5197373.0,4000000.0,1.1372389463647388
0,13,9,4803186.0,4000000.0,0.794694133850292
0,13,10,3293802.0,4000000.0,-0.8436250241163079
0,13,11,3565145.0,4000000.0,-0.49982793347859333
0,13,12,2732777.0,4000000.0,-1.6545579747680828
0,13,13,2564864.0,4000000.0,-1.929956494105073
0,13,14,5887836.0,4000000.0,1.6789571331551454
0,13,15,2523112.0,4000000.0,-2.001234622125362
0,13,16,3786228.0,4000000.0,-0.2385322846182347
0,13,17,2507989.0,4000000.0,-2.0273436397382003
0,13,18,2733987.0,4000000.0,-1.6526354614432557
0,13,19,5796333.0,4000000.0,1.6109333645602182
0,13,20,3562929.0,4000000.0,-0.5025282326138218
0,13,21,3576657.0,4000000.0,-0.4858269785212993
0,13,22,2737557.0,4000000.0,-1.6469682072992429
0,13,23,5868564.0,4000000.0,1.6647185384282293
0,13,24,2295600.0,4000000.0,-2.4116377525304173
0,14,0,5455281.0,4347826.0,0.9854497059142192
0,14,1,5706323.0,4347826.0,1.1808419547134448
0,14,2,3057384.0,4347826.0,-1.5292216681324282
0,14,3,3384974.0,4347826.0,-1.0871681808034541
0,14,4,6001489.0,4347826.0,1.3998685912988322
0,14,5,3407031.0,4347826.0,-1.0589607013847582
0,14,6,2972728.0,4347826.0,-1.651169815450548
0,14,7,5969392.0,4347826.0,1.3765794392468993
0,14,8,3616945.0,4347826.0,-0.7993025045475195
0,14,9,3626749.0,4347826.0,-0.7875465532319084
0,14,10,5949740.0,4347826.0,1.3622583244338489
0,14,11,2574496.0,4347826.0,-2.27579933897015
0,14,12,4403525.0,4347826.0,0.05528310996712783
0,14,13,5967600.0,4347826.0,1.3752754998333236
0,14,14,6003294.0,4347826.0,1.4011745733323977
0,14,15,2457846.0,4347826.0,-2.477174872609091
0,14,16,2422720.0,4347826.0,-2.539689307923653
0,14,17,5726618.0,4347826.0,1.1962605871863714
0,14,18,3026529.0,4347826.0,-1.57327315647109
0,14,19,5061053.0,4347826.0,0.6596873002393177
0,14,20,5247333.0,4347826.0,0.8166647045576167
0,14,21,5837697.0,4347826.0,1.2796939430665746
0,14,22,5976086.0,4347826.0,1.381446833529771
0,15,0,6050117.0,5000000.0,0.827937689880306
0,15,1,4643116.0,5000000.0,-0.32160470458647
0,15,2,2506519.0,5000000.0,-2.998990033207657
0,15,3,3193525.0,5000000.0,-1.9469968402377489
0,15,4,5553583.0,5000000.0,0.4560326258021662
0,15,5,3276503.0,5000000.0,-1.8355943439916447
0,15,6,4060640.0,5000000.0,-0.9037551594024057
0,15,7,3247621.0,5000000.0,-1.8740466332741215
0,15,8,5906855.0,5000000.0,0.7238630570022997
0,15,9,6006762.0,5000000.0,0.7967042033076828
0,15,10,2292895.0,5000000.0,-3.385858370743311
0,15,11,5439821.0,5000000.0,0.36614604922590893
0,15,12,6088994.0,5000000.0,0.8557554177168568
0,15,13,5733584.0,5000000.0,0.5945617519554225
0,15,14,2766103.0,5000000.0,-2.571016566542715
0,15,15,5153242.0,5000000.0,0.131105333893317
0,15,16,2806504.0,5000000.0,-2.5080433879700688
0,15,17,6032856.0,5000000.0,0.8155295480240414
0,15,18,5930724.0,5000000.0,0.7413770926634878
0,15,19,6003660.0,5000000.0,0.7944608491394125
0,16,0,2586410.0,5882352.0,-3.5685363838772943
0,16,1,2797725.0,5882352.0,-3.2274598548773477
0,16,2,2645098.0,5882352.0,-3.4710924199939734
0,16,3,2788471.0,5882352.0,-3.241848769308236
0,16,4,3908826.0,5882352.0,-1.775046707365724
0,16,5,5997572.0,5882352.0,0.0842446118013018
0,16,6,2860839.0,5882352.0,-3.1305759151775043
0,16,7,3170130.0,5882352.0,-2.684739370982345
0,16,8,3101522.0,5882352.0,-2.7797614304528495
0,16,9,5886866.0,5882352.0,0.003331411462409372
0,16,10,6027592.0,5882352.0,0.10592838664355073
0,16,11,5917643.0,5882352.0,0.025977523309922194
0,16,12,2495860.0,5882352.0,-3.7233078827353303
0,16,13,6032549.0,5882352.0,0.1094984906216481
0,16,14,2297809.0,5882352.0,-4.082370829953356
0,16,15,5718367.0,5882352.0,-0.12278984562420567
0,16,16,6076345.0,5882352.0,0.1409141493413089
0,17,0,2688767.0,6666666.0,-3.9435552824009235
0,17,1,3129148.0,6666666.0,-3.284825929614301
0,17,2,3972173.0,6666666.0,-2.2488054245758384
0,17,3,3464158.0,6666666.0,-2.8431100557739026
0,17,4,2882991.0,6666666.0,-3.6406541088678477
0,17,5,5378226.0,6666666.0,-0.9326964962931955
0,17,6,6024850.0,6666666.0,-0.43962458713310476
0,17,7,2696338.0,6666666.0,-3.931343651656969
0,17,8,4999102.0,6666666.0,-1.2501669947297434
0,17,9,3185261.0,6666666.0,-3.207636733346545
0,17,10,5519184.0,6666666.0,-0.8203382458520513
0,17,11,3607769.0,6666666.0,-2.666699749745055
0,17,12,5977685.0,6666666.0,-0.47375671784208434
0,17,13,5455385.0,6666666.0,-0.8708329227420777
0,17,14,3412859.0,6666666.0,-2.907903514533064
0,18,0,2613278.0,6666666.0,-4.067230851683622
0,18,1,3241623.0,6666666.0,-3.1314619241265356
0,18,2,6028455.0,6666666.0,-0.43702674089268373
0,18,3,6032303.0,6666666.0,-0.43425549679166064
0,18,4,2517626.0,6666666.0,-4.229174825452687
0,18,5,2451396.0,6666666.0,-4.344952244010364
0,18,6,3768647.0,6666666.0,-2.477232374682312
0,18,7,6129764.0,6666666.0,-0.36464943301630826
0,18,8,2416063.0,6666666.0,-4.4080044298148735
0,18,9,4476296.0,6666666.0,-1.7298990050836471
0,18,10,4514589.0,6666666.0,-1.6929047844823368
0,18,11,3407221.0,6666666.0,-2.915083937187186
0,18,12,4320453.0,6666666.0,-1.8837941248558667
0,18,13,5988457.0,6666666.0,-0.4659376205544842
0,18,14,4003050.0,6666666.0,-2.2151768283107702
0,19,0,3724080.0,5555555.0,-1.737084496237355
0,19,1,2659189.0,5555555.0,-3.1997824586186594
0,19,2,2504423.0,5555555.0,-3.4601976788298745
0,19,3,5449522.0,5555555.0,-0.08369041276195839
0,19,4,3695051.0,5555555.0,-1.7710701445609507
0,19,5,2355099.0,5555555.0,-3.7271828342058164
0,19,6,3580632.0,5555555.0,-1.9076776284345578
0,19,7,3577136.0,5555555.0,-1.911919994572901
0,19,8,5836971.0,5555555.0,0.21460084129833928
0,19,9,2898509.0,5555555.0,-2.825527982545815
0,19,10,5941015.0,5555555.0,0.291331974266972
0,19,11,3420894.0,5555555.0,-2.105878341451741
0,19,12,3322321.0,5555555.0,-2.2328586013883243
0,19,13,3186690.0,5555555.0,-2.4138763394193203
0,19,14,5839608.0,5555555.0,0.21656243393304664
0,19,15,2633523.0,5555555.0,-3.241903358253995
0,19,16,4441434.0,5555555.0,-0.9720423861874515
0,19,17,6113801.0,5555555.0,0.41583847167443094
0,20,0,2634742.0,4761904.0,-2.570425412634666
0,20,1,2335437.0,4761904.0,-3.0941247938589567
0,20,2,5958925.0,4761904.0,0.9738728357918652
0,20,3,2212498.0,4761904.0,-3.32897748991855
0,20,4,4071162.0,4761904.0,-0.6806225157537537
0,20,5,5747753.0,4761904.0,0.8171746101066796
0,20,6,3323605.0,4761904.0,-1.5617123213313564
0,20,7,2967110.0,4761904.0,-2.0544698851588676
0,20,8,3365241.0,4761904.0,-1.5076446432972457
0,20,9,2293325.0,4761904.0,-3.1731503037092517
0,20,10,1771832.0,4761904.0,-4.293580948260348
0,20,11,3232169.0,4761904.0,-1.682865751836525
0,20,12,2726295.0,4761904.0,-2.422077887042068
0,20,13,2620954.0,4761904.0,-2.59321237007664
0,20,14,3557602.0,4761904.0,-1.2662327518788883
0,20,15,2579064.0,4761904.0,-2.6631851640101605
0,20,16,2588376.0,4761904.0,-2.6475327148549037
0,20,17,5790693.0,4761904.0,0.8494990516198655
0,20,18,5928494.0,4761904.0,0.9516374889125576
0,20,19,2456563.0,4761904.0,-2.8745272942840323
0,20,20,2378076.0,4761904.0,-3.0155490582715156
0,21,0,5192288.0,4166666.0,0.9557008461775836
0,21,1,3006277.0,4166666.0,-1.4175969457663518
0,21,2,5352077.0,4166666.0,1.0873366417122914
0,21,3,3159792.0,4166666.0,-1.2013019359595591
0,21,4,3146725.0,4166666.0,-1.2192989828749632
0,21,5,5346606.0,4166666.0,1.0828949261897294
0,21,6,3580612.0,4166666.0,-0.6583142598217284
0,21,7,4725185.0,4166666.0,0.5463012783370603
0,21,8,5876615.0,4166666.0,1.4933855051743474
0,21,9,5708231.0,4166666.0,1.3671285097339523
0,21,10,2668482.0,4166666.0,-1.9352441114528491
0,21,11,3021763.0,4166666.0,-1.3952828962833494
0,21,12,5183946.0,4166666.0,0.9487178013685027
0,21,13,3357224.0,4166666.0,-0.9380836968061637
0,21,14,2969011.0,4166666.0,-1.4717688216836198
0,21,15,5287939.0,4166666.0,1.0349774782075334
0,21,16,5906764.0,4166666.0,1.5156093051677269
0,21,17,2652215.0,4166666.0,-1.9617996185553246
0,21,18,6022203.0,4166666.0,1.5996670207887418
0,21,19,2449266.0,4166666.0,-2.3075273501225855
0,21,20,3602949.0,4166666.0,-0.631305741045526
0,21,21,5924000.0,4166666.0,1.5282636104789953
0,21,22,5848809.0,4166666.0,1.4727875037698523
0,21,23,3639845.0,4166666.0,-0.5870579885495354
0,22,0,2415680.0,4000000.0,-2.190205876365724
0,22,1,4084866.0,4000000.0,0.09117823172029554
0,22,2,5426150.0,4000000.0,1.3243180386095021
0,22,3,2798262.0,4000000.0,-1.5517161647334508
0,22,4,3771589.0,4000000.0,-0.25535630899269224
0,22,5,5853257.0,4000000.0,1.653376018502011
0,22,6,5676354.0,4000000.0,1.5200948063234496
0,22,7,2290549.0,4000000.0,-2.421204045797572
0,22,8,5434457.0,4000000.0,1.3309616543203155
0,22,9,3076532.0,4000000.0,-1.1399855464366953
0,22,10,3155329.0,4000000.0,-1.0301534234837109
0,22,11,3194079.0,4000000.0,-0.9771433787246859
0,22,12,3226065.0,4000000.0,-0.9338687785439472
0,22,13,2143394.0,4000000.0,-2.7095798066973273
0,22,14,4952860.0,4000000.0,0.9279606084452454
0,22,15,5928775.0,4000000.0,1.7090497763521766
0,22,16,2388889.0,4000000.0,-2.2386402065193907
0,22,17,3182841.0,4000000.0,-0.9924504750663683
0,22,18,2579724.0,4000000.0,-1.9048674725963963
0,22,19,5890191.0,4000000.0,1.680693864644234
0,22,20,5981519.0,4000000.0,1.747514952602365
0,22,21,2278782.0,4000000.0,-2.4435721100301304
0,22,22,4435836.0,4000000.0,0.4491548987962573
0,22,23,5980667.0,4000000.0,1.7468963049752393
0,22,24,2536416.0,4000000.0,-1.9783950722551529
0,23,0,3149038.0,4000000.0,-1.0388208995126655
0,23,1,4465615.0,4000000.0,0.47821286614131825
0,23,2,2677271.0,4000000.0,-1.7436765755314567
0,23,3,5977364.0,4000000.0,1.7444971228520152
0,23,4,4279638.0,4000000.0,0.29347043747970103
0,23,5,5950831.0,4000000.0,1.7251762541143645
0,23,6,4498349.0,4000000.0,0.5099315539067607
0,23,7,5900864.0,4000000.0,1.6885561403630842
0,23,8,5832342.0,4000000.0,1.6378299112152586
0,23,9,2361244.0,4000000.0,-2.289191239534782
0,23,10,4387600.0,4000000.0,0.4016703648284695
0,23,11,4820542.0,4000000.0,0.8103587976892347
0,23,12,4354342.0,4000000.0,0.36862545200669733
0,23,13,3736061.0,4000000.0,-0.2964603283116922
0,23,14,3688665.0,4000000.0,-0.35190776398742984
0,23,15,5938437.0,4000000.0,1.7161216213842458
0,23,16,5843533.0,4000000.0,1.6461550963260643
0,23,17,2411377.0,4000000.0,-2.197948770848379
0,23,18,5270081.0,4000000.0,1.1975729894771419
0,23,19,5938945.0,4000000.0,1.716493120081419
0,23,20,3991640.0,4000000.0,-0.009086253117218357
0,23,21,4543349.0,4000000.0,0.553161073516457
0,23,22,2681220.0,4000000.0,-1.7372754106530603
0,23,23,3100228.0,4000000.0,-1.1066635700959184
0,23,24,2708699.0,4000000.0,-1.6929924391825655
0,24,0,2498064.0,4545454.0,-2.5997370632666232
0,24,1,3545816.0,4545454.0,-1.0786107168531183
0,24,2,2537966.0,4545454.0,-2.530914673145199
0,24,3,2738177.0,4545454.0,-2.201157488894847
0,24,4,3176482.0,4545454.0,-1.5563086837742217
0,24,5,4813280.0,4545454.0,0.24863859297621593
0,24,6,3948496.0,4545454.0,-0.6114556467254719
0,24,7,2451418.0,4545454.0,-2.6815989639974305
0,24,8,5362664.0,4545454.0,0.718033198470527
0,24,9,2828491.0,4545454.0,-2.060224658691981
0,24,10,5079424.0,4545454.0,0.48237199590642427
0,24,11,5522497.0,4545454.0,0.8455822155819498
0,24,12,4199053.0,4545454.0,-0.3442591077119631
0,24,13,3185173.0,4545454.0,-1.5444424140994046
0,24,14,4874091.0,4545454.0,0.303163662041684
0,24,15,2893524.0,4545454.0,-1.9615017814262128
0,24,16,2988047.0,4545454.0,-1.821898427008466
0,24,17,3653427.0,4545454.0,-0.9487683303659239
0,24,18,3466236.0,4545454.0,-1.17719138572467
0,24,19,2713914.0,4545454.0,-2.2398118568317464
0,24,20,2599703.0,4545454.0,-2.4265353171807353
0,24,21,3178026.0,4545454.0,-1.554198211356044
0,25,0,2859785.0,5263157.0,-2.6491294132702707
0,25,1,2333405.0,5263157.0,-3.532562010825526
0,25,2,2813722.0,5263157.0,-2.7196513895210632
0,25,3,2323851.0,5263157.0,-3.550380465729422
0,25,4,3831170.0,5263157.0,-1.3791490191482034
0,25,5,2291915.0,5263157.0,-3.610478182548592
0,25,6,2741858.0,5263157.0,-2.832013661616153
0,25,7,3326622.0,5263157.0,-1.9924286989701634
0,25,8,2665749.0,5263157.0,-2.9542707025432158
0,25,9,5775050.0,5263157.0,0.40309423456185983
0,25,10,4724974.0,5263157.0,-0.46846902146973796
0,25,11,5404577.0,5263157.0,0.11515383478380263
0,25,12,4862512.0,5263157.0,-0.3438563910393467
0,25,13,5877623.0,5263157.0,0.4795540108048375
0,25,14,2626462.0,5263157.0,-3.0187520346259253
0,25,15,5890133.0,5263157.0,0.4887877610887162
0,25,16,4098955.0,5263157.0,-1.085731747364055
0,25,17,2254488.0,5263157.0,-3.6819839719467424
0,25,18,4058897.0,5263157.0,-1.1283829456973686
0,26,0,2760396.0,6250000.0,-3.549086279316568
0,26,1,3908563.0,6250000.0,-2.0386290083810645
0,26,2,3343804.0,6250000.0,-2.7163920438246314
0,26,3,2275364.0,6250000.0,-4.38829134792216
0,26,4,5971586.0,6250000.0,-0.19790326152424853
0,26,5,4478063.0,6250000.0,-1.4478981815021583
0,26,6,5933110.0,6250000.0,-0.2259761710199374
0,26,7,3151939.0,6250000.0,-2.973022134186089
0,26,8,3058708.0,6250000.0,-3.103419983658304
0,26,9,5817841.0,6250000.0,-0.3111816942000826
0,26,10,2244077.0,6250000.0,-4.448422627539877
0,26,11,2398277.0,6250000.0,-4.159806748514937
0,26,12,2265718.0,6250000.0,-4.4067416241916355
0,26,13,2352706.0,6250000.0,-4.243123572972991
0,26,14,4838850.0,6250000.0,-1.1113785776530876
0,26,15,5892519.0,6250000.0,-0.255790257944083
0,27,0,4483064.0,6666666.0,-1.7233375863827083
0,27,1,5888248.0,6666666.0,-0.5392260427589282
0,27,2,5868868.0,6666666.0,-0.5535435585208583
0,27,3,5924489.0,6666666.0,-0.512578000564756
0,27,4,2343070.0,6666666.0,-4.54123434031173
0,27,5,5922849.0,6666666.0,-0.5137803684804356
0,27,6,2296795.0,6666666.0,-4.627864634612731
0,27,7,3068625.0,6666666.0,-3.369648786110526
0,27,8,5527159.0,6666666.0,-0.8140673938697593
0,27,9,3216510.0,6666666.0,-3.165237915723357
0,27,10,5991640.0,6666666.0,-0.4636298606616791
0,27,11,6040324.0,6666666.0,-0.4284846292714323
0,27,12,5201301.0,6666666.0,-1.0779671033174723
0,27,13,5999243.0,6666666.0,-0.4581224407520481
0,27,14,3187905.0,6666666.0,-3.20403326632237
0,28,0,5810673.0,6250000.0,-0.31653581466735126
0,28,1,6071286.0,6250000.0,-0.12599325684066368
0,28,2,2600665.0,6250000.0,-3.807956044105882
0,28,3,5946915.0,6250000.0,-0.21588286225792588
0,28,4,5937159.0,6250000.0,-0.22301337645238953
0,28,5,2396478.0,6250000.0,-4.163065708814709
0,28,6,5975925.0,6250000.0,-0.19474879053891084
0,28,7,6020198.0,6250000.0,-0.16269242216928137
0,28,8,4641555.0,6250000.0,-1.2921651636170606
0,28,9,5967071.0,6250000.0,-0.20118811957700047
0,28,10,2208227.0,6250000.0,-4.518363016473826
0,28,11,3431743.0,6250000.0,-2.6036526085419833
0,28,12,2760493.0,6250000.0,-3.5489336714132067
0,28,13,5893526.0,6250000.0,-0.2550481352993098
0,28,14,2525003.0,6250000.0,-3.9361811889625775
0,28,15,3372752.0,6250000.0,-2.6789560885312906
0,29,0,2544267.0,5555555.0,-3.391647664475867
0,29,1,2679097.0,5555555.0,-3.1673901340882438
0,29,2,5869543.0,5555555.0,0.2387683712201953
0,29,3,6067592.0,5555555.0,0.3828891858648958
0,29,4,2566680.0,5555555.0,-3.353557249450534
0,29,5,2422459.0,5555555.0,-3.6047101609508694
0,29,6,6048001.0,5555555.0,0.368844028338507
0,29,7,3129832.0,5555555.0,-2.492064249211469
0,29,8,6070663.0,5555555.0,0.38508673136444577
0,29,9,6035749.0,5555555.0,0.3600371963274607
0,29,10,2271576.0,5555555.0,-3.884001799056491
0,29,11,6047787.0,5555555.0,0.3686903566320627
0,29,12,5917036.0,5555555.0,0.27376760120700705
0,29,13,6002763.0,5555555.0,0.336237454911503
0,29,14,4490642.0,5555555.0,-0.9241901756279891
0,29,15,2892466.0,5555555.0,-2.834591888042755
0,29,16,6002384.0,5555555.0,0.33596324317765885
0,29,17,3266135.0,5555555.0,-2.3069331988981503
0,30,0,3387924.0,4761904.0,-1.4784697637260034
0,30,1,5882298.0,4761904.0,0.9176638651336394
0,30,2,3810142.0,4761904.0,-0.9683947410144077
0,30,3,4707420.0,4761904.0,-0.04997687622124854
0,30,4,2861193.0,4761904.0,-2.2123348192057763
0,30,5,5447269.0,4761904.0,0.5839818659001053
0,30,6,5804360.0,4761904.0,0.8597370478290011
0,30,7,3509490.0,4761904.0,-1.3253662651498497
0,30,8,6130959.0,4761904.0,1.0974777606948058
0,30,9,2342953.0,4761904.0,-3.0801705910917434
0,30,10,5312677.0,4761904.0,0.4753277670863521
0,30,11,2358253.0,4761904.0,-3.05190240189616
0,30,12,3058780.0,4761904.0,-1.9223239391095897
0,30,13,3272906.0,4761904.0,-1.6284710351328027
0,30,14,5995745.0,4761904.0,1.0006251817582692
0,30,15,4636014.0,4761904.0,-0.11635896987493247
0,30,16,5864677.0,4761904.0,0.9046346234684405
0,30,17,6098974.0,4761904.0,1.0747614618005503
0,30,18,2347522.0,4761904.0,-3.07170964794449
0,30,19,5994793.0,4761904.0,0.9999355574100698
0,30,20,6032277.0,4761904.0,1.0270064018776426
0,31,0,2692675.0,4166666.0,-1.8960475062342792
0,31,1,5737221.0,4166666.0,1.3891289059692722
0,31,2,3359703.0,4166666.0,-0.9348780163825999
0,31,3,3362790.0,4166666.0,-0.9308894152494475
0,31,4,3222583.0,4166666.0,-1.1158457705735354
0,31,5,3411805.0,4166666.0,-0.8680448747930833
0,31,6,2633361.0,4166666.0,-1.9927828941370227
0,31,7,3281326.0,4166666.0,-1.0373930908030276
0,31,8,3349925.0,4166666.0,-0.9475360488405625
0,31,9,5891125.0,4166666.0,1.5040954904833517
0,31,10,3034424.0,4166666.0,-1.3771242415190161
0,31,11,4044407.0,4166666.0,-0.12933835413460837
0,31,12,3184897.0,4166666.0,-1.1669329704511495
0,31,13,5899261.0,4166666.0,1.510089222097577
0,31,14,3203264.0,4166666.0,-1.1419595587630536
0,31,15,2383867.0,4166666.0,-2.42506667085992
0,31,16,4166701.0,4166666.0,3.648058909874778E-5
0,31,17,3304334.0,4166666.0,-1.0070474972141727
0,31,18,3168659.0,4166666.0,-1.1891318434960914
0,31,19,3222964.0,4166666.0,-1.1153323426277058
0,31,20,2267060.0,4166666.0,-2.643256744868006
0,31,21,4145945.0,4166666.0,-0.02165152344669207
0,31,22,3465876.0,4166666.0,-0.7997566806881334
0,31,23,2708384.0,4166666.0,-1.8707844929847917
0,32,0,2745424.0,4000000.0,-1.6345056544154284
0,32,1,5336375.0,4000000.0,1.2518634957833399
0,32,2,2959821.0,4000000.0,-1.307945441416255
0,32,3,3751299.0,4000000.0,-0.27878310041836785
0,32,4,2936131.0,4000000.0,-1.3428456293545006
0,32,5,2682480.0,4000000.0,-1.735234986851342
0,32,6,5292492.0,4000000.0,1.216002188951866
0,32,7,2845769.0,4000000.0,-1.4786034719492391
0,32,8,5365666.0,4000000.0,1.2756364404643952
0,32,9,5946741.0,4000000.0,1.7221903263957428
0,32,10,2382054.0,4000000.0,-2.251083888259563
0,32,11,6097905.0,4000000.0,1.8312066282780803
0,32,12,5885946.0,4000000.0,1.677562820643078
0,32,13,5683274.0,4000000.0,1.5253860327377697
0,32,14,2700995.0,4000000.0,-1.7053621109253647
0,32,15,3019267.0,4000000.0,-1.2215847105101392
0,32,16,5964073.0,4000000.0,1.7348295923152461
0,32,17,5850758.0,4000000.0,1.651521437955474
0,32,18,2544148.0,4000000.0,-1.9651761952700173
0,32,19,2804104.0,4000000.0,-1.542658744054788
0,32,20,3861883.0,4000000.0,-0.15260879115058903
0,32,21,3347353.0,4000000.0,-0.7735847739615593
0,32,22,3146832.0,4000000.0,-1.04186433486405
0,32,23,4937126.0,4000000.0,0.9141421962793648
0,32,24,3041020.0,4000000.0,-1.190407149322434
0,33,0,2608724.0,4166666.0,-2.0336055512749205
0,33,1,2793723.0,4166666.0,-1.7360534555395728
0,33,2,3602675.0,4166666.0,-0.6316360294094452
0,33,3,5895021.0,4166666.0,1.5069666773210557
0,33,4,3908566.0,4166666.0,-0.2777123895464881
0,33,5,4116721.0,4166666.0,-0.05237253979225091
0,33,6,3906664.0,4166666.0,-0.2798262828570842
0,33,7,3252084.0,4166666.0,-1.0762693408547241
0,33,8,2485272.0,4166666.0,-2.244147618749421
0,33,9,3125810.0,4166666.0,-1.248261125779067
0,33,10,3600076.0,4166666.0,-0.6347701969169828
0,33,11,5905608.0,4166666.0,1.5147592736538478
0,33,12,3063792.0,4166666.0,-1.335294109733801
0,33,13,5398330.0,4166666.0,1.1247074065939846
0,33,14,3264356.0,4166666.0,-1.0599117339938529
0,33,15,3336289.0,4166666.0,-0.9652502523214492
0,33,16,5404587.0,4166666.0,1.1297382346141065
0,33,17,3170795.0,4166666.0,-1.186205241146899
0,33,18,6064982.0,4166666.0,1.6304082747926363
0,33,19,3608110.0,4166666.0,-0.6250891944777891
0,33,20,5917509.0,4166666.0,1.5235023832327357
0,33,21,2900607.0,4166666.0,-1.5729979808662282
0,33,22,5767596.0,4166666.0,1.4120614316052609
0,33,23,3901127.0,4166666.0,-0.2859859993490204
0,34,0,3826039.0,4545454.0,-0.7482787445050942
0,34,1,3860046.0,4545454.0,-0.7098478689144103
0,34,2,5933889.0,4545454.0,1.15762151032565
0,34,3,5992795.0,4545454.0,1.2005215465346533
0,34,4,6040307.0,4545454.0,1.2348174523710012
0,34,5,2623933.0,4545454.0,-2.386245255744467
0,34,6,5954309.0,4545454.0,1.172541016279573
0,34,7,3135530.0,4545454.0,-1.612663067056278
0,34,8,3419335.0,4545454.0,-1.2363561536668346
0,34,9,5129569.0,4545454.0,0.5250360900741438
0,34,10,4541448.0,4545454.0,-0.0038292122160331456
0,34,11,2931104.0,4545454.0,-1.9054603892602395
0,34,12,3349492.0,4545454.0,-1.3259832221254042
0,34,13,2863145.0,4545454.0,-2.007339242433458
0,34,14,2314598.0,4545454.0,-2.9310169354085764
0,34,15,2710922.0,4545454.0,-2.244602450396646
0,34,16,2918925.0,4545454.0,-1.9235433086326998
0,34,17,2359603.0,4545454.0,-2.847383274028502
0,34,18,2841230.0,4545454.0,-2.040708754064898
0,34,19,3036148.0,4545454.0,-1.7525432921427089
0,34,20,2759793.0,4545454.0,-2.1670075830489215
0,34,21,2958816.0,4545454.0,-1.8645930854910178
0,35,0,2481211.0,5263157.0,-3.26582627353905
0,35,1,5602625.0,5263157.0,0.27145229629378004
0,35,2,3169470.0,5263157.0,-2.202596798193521
0,35,3,5874523.0,5263157.0,0.4772628327933909
0,35,4,3646063.0,5263157.0,-1.5942215669738335
0,35,5,5831402.0,5263157.0,0.44526656242330676
0,35,6,2900209.0,5263157.0,-2.5881702929190076
0,35,7,4446050.0,5263157.0,-0.732719827781091
0,35,8,2808992.0,5263157.0,-2.72695822883023
0,35,9,2576510.0,5263157.0,-3.102144928246702
0,35,10,2555831.0,5263157.0,-3.137141917690711
0,35,11,5938301.0,5263157.0,0.5241588207558873
0,35,12,2455001.0,5263157.0,-3.3119465185612236
0,35,13,2327480.0,5263157.0,-3.5436036743352144
0,35,14,2580670.0,5263157.0,-3.0951385199516013
0,35,15,3234509.0,5263157.0,-2.1143796131737753
0,35,16,5571028.0,5263157.0,0.24689016012926035
0,35,17,3114357.0,5263157.0,-2.278779307796797
0,35,18,2407476.0,5263157.0,-3.3968435885750643
0,36,0,4783927.0,6250000.0,-1.1609547339947877
0,36,1,5392264.0,6250000.0,-0.6410887066093109
0,36,2,5902417.0,6250000.0,-0.2485012861498616
0,36,3,6062277.0,6250000.0,-0.13244240900881996
0,36,4,2444195.0,6250000.0,-4.07744166000374
0,36,5,6031540.0,6250000.0,-0.15451805019409293
0,36,6,6025449.0,6250000.0,-0.15890602452882638
0,36,7,2273081.0,6250000.0,-4.392651054966869
0,36,8,5981964.0,6250000.0,-0.19036222264354877
0,36,9,6153131.0,6250000.0,-0.06783856039322259
0,36,10,2641985.0,6250000.0,-3.7394966978688453
0,36,11,6050020.0,6250000.0,-0.14123207009741684
0,36,12,3636815.0,6250000.0,-2.3515880771708573
0,36,13,3573129.0,6250000.0,-2.4283132160711483
0,36,14,4913950.0,6250000.0,-1.0444928417326698
0,36,15,2509835.0,6250000.0,-3.9623484604029984
0,37,0,2604811.0,6666666.0,-4.0813248029577425
0,37,1,2648017.0,6666666.0,-4.009879286118235
0,37,2,2613275.0,6666666.0,-4.067235837315436
0,37,3,2903204.0,6666666.0,-3.6103114395617553
0,37,4,2650162.0,6666666.0,-4.006362750664905
0,37,5,5792501.0,6666666.0,-0.6104258007755192
0,37,6,3659409.0,6666666.0,-2.604977456624862
0,37,7,3794162.0,6666666.0,-2.447928274187212
0,37,8,3191772.0,6666666.0,-3.1987683697854505
0,37,9,4733321.0,6666666.0,-1.4874273946533103
0,37,10,5930721.0,6666666.0,-0.5080120359626549
0,37,11,2447676.0,6666666.0,-4.351547679975306
0,37,12,2394321.0,6666666.0,-4.447263228800591
0,37,13,2839473.0,6666666.0,-3.7067095409805324
0,37,14,5859614.0,6666666.0,-0.5603968954992274
0,38,0,5260922.0,6250000.0,-0.7481815447881263
0,38,1,4600993.0,6250000.0,-1.3302844481904996
0,38,2,4986781.0,6250000.0,-0.980597212291707
0,38,3,1.2402504E7,6250000.0,2.9762935843088028
0,38,4,5365502.0,6250000.0,-0.6626965625538717
0,38,5,4865724.0,6250000.0,-1.0873254667375545
0,38,6,2451054.0,6250000.0,-4.065271378979204
0,38,7,2492342.0,6250000.0,-3.992723812342445
0,38,8,3016520.0,6250000.0,-3.16373808241679
0,38,9,2461429.0,6250000.0,-4.04692704293163
0,38,10,3495599.0,6250000.0,-2.523584109091264
0,38,11,5946457.0,6250000.0,-0.21621734582206542
0,38,12,2997038.0,6250000.0,-3.191877678633326
0,38,13,5863861.0,6250000.0,-0.27696350330455155
0,38,14,3142938.0,6250000.0,-2.985442034672716
0,38,15,2223725.0,6250000.0,-4.487989387357716
0,39,0,3228590.0,5555555.0,-2.3571455418718497
0,39,1,3532898.0,5555555.0,-1.9659635257658796
0,39,2,2728896.0,5555555.0,-3.08740466726908
0,39,3,3539606.0,5555555.0,-1.9577252886205245
0,39,4,3306362.0,5555555.0,-2.2537705050896424
0,39,5,5831664.0,5555555.0,0.21065042040613105
0,39,6,2960954.0,5555555.0,-2.732957910219996
0,39,7,5843434.0,5555555.0,0.21940691698320014
0,39,8,4706773.0,5555555.0,-0.720041979714894
0,39,9,2728698.0,5555555.0,-3.0877197889415764
0,39,10,5981997.0,5555555.0,0.32118739427358267
0,39,11,3107631.0,5555555.0,-2.522980063891271
0,39,12,2306805.0,5555555.0,-3.817165673940435
0,39,13,5939765.0,5555555.0,0.2904181149001931
0,39,14,3589099.0,5555555.0,-1.8974201359632639
0,39,15,2267091.0,5555555.0,-3.8925849860818578
0,39,16,3521955.0,5555555.0,-1.979436487787842
0,39,17,4273261.0,5555555.0,-1.1396803222877065
0,40,0,2166672.0,4761904.0,-3.419874648245098
0,40,1,2713317.0,4761904.0,-2.4428009992068023
0,40,2,3179838.0,4761904.0,-1.7537564079396204
0,40,3,2924925.0,4761904.0,-2.116659012594736
0,40,4,5982881.0,4761904.0,0.9912972899567852
0,40,5,6073270.0,4761904.0,1.0564195324802923
0,40,6,3827370.0,4761904.0,-0.9488018735352275
0,40,7,2721878.0,4761904.0,-2.4291198042016426
0,40,8,5354416.0,4761904.0,0.5093147397185112
0,40,9,5059022.0,4761904.0,0.2628593223562381
0,40,10,5258189.0,4761904.0,0.43055556524267746
0,40,11,3844430.0,4761904.0,-0.9294867817084479
0,40,12,5386708.0,4761904.0,0.5354279838481963
0,40,13,4809552.0,4761904.0,0.04323988829961291
0,40,14,2434427.0,4761904.0,-2.9138387968304325
0,40,15,2922079.0,4761904.0,-2.120886826336981
0,40,16,3399666.0,4761904.0,-1.4634438387851207
0,40,17,2948107.0,4761904.0,-2.0823739381505812
0,40,18,5844957.0,4761904.0,0.8900068472635778
0,40,19,3712282.0,4761904.0,-1.0813967620840508
0,40,20,4120077.0,4761904.0,-0.6287530315295484
0,41,0,6006959.0,4166666.0,1.5886597891526577
0,41,1,2472923.0,4166666.0,-2.2657809496149697
0,41,2,2414117.0,4166666.0,-2.3703037448026736
0,41,3,3218922.0,4166666.0,-1.1207823568819877
0,41,4,5918300.0,4166666.0,1.5240828706936214
0,41,5,4751020.0,4166666.0,0.5699816983754178
0,41,6,2127983.0,4166666.0,-2.918205346499163
0,41,7,6063696.0,4166666.0,1.6294873125808924
0,41,8,5885305.0,4166666.0,1.499802858352124
0,41,9,2445336.0,4166666.0,-2.314501472556483
0,41,10,3627915.0,4166666.0,-0.6013158556850791
0,41,11,3585022.0,4166666.0,-0.6529686367910217
0,41,12,2382211.0,4166666.0,-2.4280846310820285
0,41,13,4575443.0,4166666.0,0.4064446056105275
0,41,14,3286340.0,4166666.0,-1.0307619589661918
0,41,15,3290071.0,4166666.0,-1.02583418639898
0,41,16,2568785.0,4166666.0,-2.1006093222703903
0,41,17,5392561.0,4166666.0,1.1200637768792583
0,41,18,2700476.0,4166666.0,-1.8834836688184906
0,41,19,2876657.0,4166666.0,-1.609006071986716
0,41,20,5878830.0,4166666.0,1.4950221293749624
0,41,21,4785434.0,4166666.0,0.6013264208022479
0,41,22,4138625.0,4166666.0,-0.029326119556857086
0,41,23,1756541.0,4166666.0,-3.7513039754487645
0,42,0,2798814.0,4000000.0,-1.5508595368985312
0,42,1,2015167.0,4000000.0,-2.9774894870533775
0,42,2,4454642.0,4000000.0,0.46752816108483897
0,42,3,5983244.0,4000000.0,1.7487672264442689
0,42,4,2448461.0,4000000.0,-2.1316680052311767
0,42,5,4237117.0,4000000.0,0.2501046506217781
0,42,6,5971298.0,4000000.0,1.7400875403338225
0,42,7,5893962.0,4000000.0,1.6834734017856146
0,42,8,2286340.0,4000000.0,-2.429191768417149
0,42,9,4508849.0,4000000.0,0.5200569983027002
0,42,10,2975829.0,4000000.0,-1.284520195919204
0,42,11,4561069.0,4000000.0,0.5700665098370259
0,42,12,3010156.0,4000000.0,-1.2347098803192926
0,42,13,3083333.0,4000000.0,-1.1303956025934954
0,42,14,2985129.0,4000000.0,-1.2709688776286532
0,42,15,2347157.0,4000000.0,-2.315178510462826
0,42,16,5230228.0,4000000.0,1.1646063004095326
0,42,17,5869229.0,4000000.0,1.6652106340560437
0,42,18,2652549.0,4000000.0,-1.7839657604655113
0,42,19,4731885.0,4000000.0,0.7297419000571734
0,42,20,4512844.0,4000000.0,0.5239032975917807
0,42,21,2694161.0,4000000.0,-1.7163644622075331
0,42,22,5233072.0,4000000.0,1.1669671875807874
0,42,23,3009727.0,4000000.0,-1.2353288702001655
0,42,24,4472466.0,4000000.0,0.48487056386906957
0,43,0,3162106.0,4166666.0,-1.198122645575549
0,43,1,5912750.0,4166666.0,1.5200082795941534
0,43,2,4994474.0,4166666.0,0.787010678395607
0,43,3,3672005.0,4166666.0,-0.5488542491288046
0,43,4,3949401.0,4166666.0,-0.23257457003007354
0,43,5,3160497.0,4166666.0,-1.200333063773456
0,43,6,5929992.0,4166666.0,1.5326541866784813
0,43,7,3372726.0,4166666.0,-0.9180762822919155
0,43,8,4880867.0,4166666.0,0.687082848144672
0,43,9,3156411.0,4166666.0,-1.2059514058501237
0,43,10,3495244.0,4166666.0,-0.76311189934239
0,43,11,3158785.0,4166666.0,-1.2026862177273663
0,43,12,5929073.0,4166666.0,1.5319810870206787
0,43,13,3916107.0,4166666.0,-0.26934139256812195
0,43,14,4565410.0,4166666.0,0.3969109695555318
0,43,15,3074502.0,4166666.0,-1.3201390890680313
0,43,16,3203558.0,4166666.0,-1.1415609755722949
0,43,17,3119350.0,4166666.0,-1.2572458222599436
0,43,18,5867148.0,4166666.0,1.4863835471975315
0,43,19,2462950.0,4166666.0,-2.2833309342360026
0,43,20,3632184.0,4166666.0,-0.5962084780668915
0,43,21,3577740.0,4166666.0,-0.6617991228710767
0,43,22,5895966.0,4166666.0,1.5076628163063286
0,43,23,5596909.0,4166666.0,1.2815955698001005
0,44,0,3552370.0,4545454.0,-1.0705907330339253
0,44,1,3083646.0,4545454.0,-1.6851275146786628
0,44,2,6011130.0,4545454.0,1.2137885329880147
0,44,3,3153789.0,4545454.0,-1.5874463298428316
0,44,4,3842937.0,4545454.0,-0.7291400223813249
0,44,5,3161099.0,4545454.0,-1.5773916967892008
0,44,6,2333503.0,4545454.0,-2.8956890350289872
0,44,7,4901090.0,4545454.0,0.32715410586779764
0,44,8,5873904.0,4545454.0,1.113495773015573
0,44,9,5992225.0,4545454.0,1.2001084510957276
0,44,10,6045646.0,4545454.0,1.2386544661169738
0,44,11,2597217.0,4545454.0,-2.4306903019192476
0,44,12,2761447.0,4545454.0,-2.164405547656307
0,44,13,2505530.0,4545454.0,-2.5867765992151215
0,44,14,2609024.0,4545454.0,-2.4109919293746187
0,44,15,3822639.0,4545454.0,-0.7521398073861029
0,44,16,5912692.0,4545454.0,1.1420798954796618
0,44,17,2926203.0,4545454.0,-1.9127281583989895
0,44,18,4133048.0,4545454.0,-0.4130681798348341
0,44,19,3175643.0,4545454.0,-1.5574559315769199
0,44,20,3053520.0,4545454.0,-1.7277649817147476
0,44,21,3339230.0,4545454.0,-1.339309335754024
0,45,0,3540390.0,5263157.0,-1.721952198244627
0,45,1,2530057.0,5263157.0,-3.1811601965131873
0,45,2,4011064.0,5263157.0,-1.1798673363558188
0,45,3,3299113.0,5263157.0,-2.0284913412280736
0,45,4,3783067.0,5263157.0,-1.4340229228475572
0,45,5,2444783.0,5263157.0,-3.3300600821346595
0,45,6,3578683.0,5263157.0,-1.6752309496011124
0,45,7,2422388.0,5263157.0,-3.370026187951968
0,45,8,2741190.0,5263157.0,-2.833071863971291
0,45,9,3448650.0,5263157.0,-1.8359720472089913
0,45,10,2660012.0,5263157.0,-2.963627293672286
0,45,11,2586880.0,5263157.0,-3.0847004205393054
0,45,12,5909875.0,5263157.0,0.5033196998152218
0,45,13,3338868.0,5263157.0,-1.9764707537650474
0,45,14,5977008.0,5263157.0,0.55237511903768
0,45,15,3266570.0,5263157.0,-2.0715435600582826
0,45,16,5995840.0,5263157.0,0.5660370989238884
0,45,17,2995000.0,5263157.0,-2.448494984917726
0,45,18,3126031.0,5263157.0,-2.262530447322125
0,46,0,2263906.0,6250000.0,-4.4102162686353505
0,46,1,2970782.0,6250000.0,-3.2300923348746724
0,46,2,2398479.0,6250000.0,-4.159440970120555
0,46,3,3983850.0,6250000.0,-1.9557703934910964
0,46,4,5681698.0,6250000.0,-0.41401871452260824
0,46,5,2955619.0,6250000.0,-3.252315676152056
0,46,6,3367761.0,6250000.0,-2.6853875401294447
0,46,7,2864450.0,6250000.0,-3.3883877145790735
0,46,8,4585402.0,6250000.0,-1.3450260127946407
0,46,9,3405396.0,6250000.0,-2.637123957751614
0,46,10,3390517.0,6250000.0,-2.656140910797467
0,46,11,3369249.0,6250000.0,-2.6834690920357636
0,46,12,5934946.0,6250000.0,-0.22463245529238202
0,46,13,5991336.0,6250000.0,-0.18356341410179586
0,46,14,2335835.0,6250000.0,-4.274378557531928
0,46,15,5520893.0,6250000.0,-0.5387068715011909
0,47,0,4859045.0,6666666.0,-1.3735777639769675
0,47,1,3239741.0,6666666.0,-3.1339840544617963
0,47,2,2665027.0,6666666.0,-3.982070841929482
0,47,3,2670111.0,6666666.0,-3.9737938158644677
0,47,4,3203516.0,6666666.0,-3.182818000924494
0,47,5,2853980.0,6666666.0,-3.6845777215602733
0,47,6,2759405.0,6666666.0,-3.8309325062146122
0,47,7,5778555.0,6666666.0,-0.6208944628878011
0,47,8,3150261.0,6666666.0,-3.2556216081603866
0,47,9,4245195.0,6666666.0,-1.9601105346989969
0,47,10,3034887.0,6666666.0,-3.4176617218269256
0,47,11,2238579.0,6666666.0,-4.739362721665584
0,47,12,5520490.0,6666666.0,-0.8193106999371779
0,47,13,2757369.0,6666666.0,-3.8341380883366982
0,47,14,3231737.0,6666666.0,-3.144726870262511
0,48,0,4365492.0,6250000.0,-1.558468206555324
0,48,1,6066276.0,6250000.0,-0.12957851634814183
0,48,2,5933597.0,6250000.0,-0.2256197091762165
0,48,3,5454236.0,6250000.0,-0.5914609179121527
0,48,4,2582086.0,6250000.0,-3.839093143852264
0,48,5,5036501.0,6250000.0,-0.9375109282778133
0,48,6,2454917.0,6250000.0,-4.058432040017278
0,48,7,3573358.0,6250000.0,-2.4280348878900715
0,48,8,5581463.0,6250000.0,-0.4913196723292485
0,48,9,3572084.0,6250000.0,-2.4295835427551107
0,48,10,2704333.0,6250000.0,-3.638198496165774
0,48,11,3696534.0,6250000.0,-2.280853122360829
0,48,12,2526913.0,6250000.0,-3.9328972764828043
0,48,13,2158786.0,6250000.0,-4.6167042439636035
0,48,14,2212827.0,6250000.0,-4.509325554648334
0,48,15,2157360.0,6250000.0,-4.619573952049139
0,49,0,2153236.0,5555555.0,-4.116358192839081
0,49,1,2557266.0,5555555.0,-3.3695154693570073
0,49,2,5937826.0,5555555.0,0.28900015563910836
0,49,3,2661166.0,5555555.0,-3.196554853580118
0,49,4,4547710.0,5555555.0,-0.8693468881463617
0,49,5,3097062.0,5555555.0,-2.5377755189400277
0,49,6,5837707.0,5555555.0,0.21514842083604369
0,49,7,6009912.0,5555555.0,0.34140661434962105
0,49,8,3812363.0,5555555.0,-1.635332055158284
0,49,9,5792034.0,5555555.0,0.1810365109495561
0,49,10,5956624.0,5555555.0,0.3027273552451467
0,49,11,5321649.0,5555555.0,-0.18681225068144305
0,49,12,3203710.0,5555555.0,-2.3907425463552796
0,49,13,3208916.0,5555555.0,-2.383691027774593
0,49,14,3132657.0,5555555.0,-2.488146056318529
0,49,15,2712379.0,5555555.0,-3.113770781791074
0,49,16,5884595.0,5555555.0,0.24989126958138042
0,49,17,2534632.0,5555555.0,-3.4081253788500403
0,50,0,4418756.0,4545454.0,-0.12277246215085585
0,50,1,3562659.0,4545454.0,-1.0580301122997031
0,50,2,3123996.0,4545454.0,-1.6286679793242693
0,50,3,2951442.0,4545454.0,-1.8754301392077348
0,50,4,6038699.0,4545454.0,1.2336611560151158
0,50,5,3144249.0,4545454.0,-1.6006033559712285
0,50,6,3129986.0,4545454.0,-1.6203487205157758
0,50,7,5999895.0,4545454.0,1.2056638310125538
0,50,8,3103383.0,4545454.0,-1.6574189027875428
0,50,9,3821018.0,4545454.0,-0.7539818350064398
0,50,10,5934295.0,4545454.0,1.1579186468710918
0,50,11,6138286.0,4545454.0,1.3046985250552015
0,50,12,2714107.0,4545454.0,-2.2395030192828767
0,50,13,2388561.0,4545454.0,-2.7944093012002713
0,50,14,5360886.0,4545454.0,0.7165930492738525
0,50,15,3797598.0,4545454.0,-0.7806827707270757
0,50,16,3861452.0,4545454.0,-0.7082662637691274
0,50,17,5911188.0,4545454.0,1.1409750485016723
0,50,18,2889025.0,4545454.0,-1.9682596706142974
0,50,19,2154607.0,4545454.0,-3.24209200591799
0,50,20,5883454.0,4545454.0,1.1205509519329793
0,50,21,5914653.0,4545454.0,1.1435200352351458
0,51,0,5937545.0,4166666.0,1.5381822531419944
0,51,1,2501934.0,4166666.0,-2.2151283980432863
0,51,2,5926759.0,4166666.0,1.5302857906570242
0,51,3,2971893.0,4166666.0,-1.4675551976458339
0,51,4,2638008.0,4166666.0,-1.9851258055127845
0,51,5,5993135.0,4166666.0,1.5786537182441631
0,51,6,3591517.0,4166666.0,-0.645107623480557
0,51,7,3860279.0,4166666.0,-0.3316999454877614
0,51,8,3277720.0,4166666.0,-1.0421683769026395
0,51,9,3613335.0,4166666.0,-0.6188046099827883
0,51,10,5924580.0,4166666.0,1.5286887935806077
0,51,11,2970949.0,4166666.0,-1.4689349213348188
0,51,12,6062697.0,4166666.0,1.6287717491179523
0,51,13,3849320.0,4166666.0,-0.3440467262549665
0,51,14,6035284.0,4166666.0,1.6090902253861574
0,51,15,2855686.0,4166666.0,-1.6407823638491918
0,51,16,3716693.0,4166666.0,-0.49631999083612854
0,51,17,2983739.0,4166666.0,-1.4502785787505925
0,51,18,6033414.0,4166666.0,1.6077443789863912
0,51,19,3855562.0,4166666.0,-0.33700997540244126
0,51,20,4490160.0,4166666.0,0.32473127898946297
0,51,21,4114304.0,4166666.0,-0.05492310862889255
0,51,22,6100510.0,4166666.0,1.655774545582286
0,51,23,5979529.0,4166666.0,1.568782877027006
0,52,0,6193294.0,4000000.0,1.8986170543391647
0,52,1,6109289.0,4000000.0,1.8393067859641432
0,52,2,3634728.0,4000000.0,-0.4158807476260217
0,52,3,5991003.0,4000000.0,1.7543954573579932
0,52,4,3330861.0,4000000.0,-0.7950348178075191
0,52,5,5916793.0,4000000.0,1.700263843492015
0,52,6,5933169.0,4000000.0,1.71226727601457
0,52,7,3888218.0,4000000.0,-0.12309384882648015
0,52,8,3099834.0,4000000.0,-1.1072155388539735
0,52,9,5912774.0,4000000.0,1.6973128824130093
0,52,10,2654077.0,4000000.0,-1.7814647287866703
0,52,11,3535094.0,4000000.0,-0.5365902492388929
0,52,12,4399179.0,4000000.0,0.41311642194858306
0,52,13,5793171.0,4000000.0,1.6085635665328795
0,52,14,3364602.0,4000000.0,-0.7512629258270437
0,52,15,5223815.0,4000000.0,1.1592779678939504
0,52,16,3677290.0,4000000.0,-0.3653211059332851
0,52,17,5946924.0,4000000.0,1.7223239704662532
0,52,18,5831659.0,4000000.0,1.6373212982076315
0,52,19,5373811.0,4000000.0,1.2822239665298105
0,52,20,6042787.0,4000000.0,1.7917729490213243
0,52,21,4740230.0,4000000.0,0.7373942319580196
0,52,22,5820085.0,4000000.0,1.6286933606443397
0,52,23,2775241.0,4000000.0,-1.5875928840062214
0,52,24,3630537.0,4000000.0,-0.42089124173888826
0,53,0,2756415.0,4166666.0,-1.7944408418628577
0,53,1,4453948.0,4166666.0,0.28956453522951764
0,53,2,2887895.0,4166666.0,-1.592072899831657
0,53,3,2951825.0,4166666.0,-1.496980821906392
0,53,4,6045058.0,4166666.0,1.616117833035608
0,53,5,2245882.0,4166666.0,-2.6840175437142832
0,53,6,6146755.0,4166666.0,1.688572143686264
0,53,7,3662393.0,4166666.0,-0.5602374354514795
0,53,8,3227819.0,4166666.0,-1.1087951513820757
0,53,9,4528134.0,4166666.0,0.361305815431408
0,53,10,5926068.0,4166666.0,1.529779417810554
0,53,11,6001006.0,4166666.0,1.5843537218671968
0,53,12,2477277.0,4166666.0,-2.2581411828910865
0,53,13,2260239.0,4166666.0,-2.656343244798822
0,53,14,4178925.0,4166666.0,0.012758880426584983
0,53,15,4831959.0,4166666.0,0.6433455176434927
0,53,16,4574389.0,4166666.0,0.40544404869112066
0,53,17,5964553.0,4166666.0,1.5578921320215002
0,53,18,2545195.0,4166666.0,-2.140676274016857
0,53,19,2581762.0,4166666.0,-2.0787248450788334
0,53,20,2527045.0,4166666.0,-2.1717571317432145
0,53,21,2193840.0,4166666.0,-2.785837381473293
0,53,22,1853291.0,4166666.0,-3.5184507208800104
0,53,23,1884378.0,4166666.0,-3.4462066356747583
0,54,0,1858479.0,4761904.0,-4.086229776572197
0,54,1,1911389.0,4761904.0,-3.964315534538439
0,54,2,1870517.0,4761904.0,-4.058189761863849
0,54,3,1944292.0,4761904.0,-3.8901914655414807
0,54,4,1839066.0,4761904.0,-4.131833203954397
0,54,5,1864745.0,4761904.0,-4.071611844410188
0,54,6,1892259.0,4761904.0,-4.008000562646936
0,54,7,1907013.0,4761904.0,-3.974269821618874
0,54,8,1864486.0,4761904.0,-4.072215090875713
0,54,9,1851254.0,4761904.0,-4.103146258696523
0,54,10,1835972.0,4761904.0,-4.139145821916317
0,54,11,1882395.0,4761904.0,-4.030698751784037
0,54,12,1880297.0,4761904.0,-4.035541826462788
0,54,13,1897594.0,4761904.0,-3.9957733728777587
0,54,14,1834961.0,4761904.0,-4.141537975258834
0,54,15,1865889.0,4761904.0,-4.068948313745586
0,54,16,1779494.0,4761904.0,-4.274841077668733
0,54,17,1867369.0,4761904.0,-4.06550490926141
0,54,18,1871209.0,4761904.0,-4.0565833813597525
0,54,19,1860764.0,4761904.0,-4.0808934056171084
0,54,20,1890232.0,4761904.0,-4.012655246552791
0,55,0,1894402.0,5555555.0,-4.67255307921195
0,55,1,2055346.0,5555555.0,-4.318425093222908
0,55,2,2171407.0,5555555.0,-4.079862179309716
0,55,3,2606556.0,5555555.0,-3.286603915962139
0,55,4,2342051.0,5555555.0,-3.7513110352448624
0,55,5,5684427.0,5555555.0,0.0995924213346689
0,55,6,2950533.0,5555555.0,-2.748269751332164
0,55,7,5345012.0,5555555.0,-0.16778766893834468
0,55,8,5776051.0,5555555.0,0.1690356774129098
0,55,9,2304474.0,5555555.0,-3.8215563886360515
0,55,10,6077567.0,5555555.0,0.3900230380130099
0,55,11,4572834.0,5555555.0,-0.8454201527189167
0,55,12,5478272.0,5555555.0,-0.06083859992079724
0,55,13,5299983.0,5555555.0,-0.20452974888724934
0,55,14,3213343.0,5555555.0,-2.3777036579849113
0,55,15,3134923.0,5555555.0,-2.485005733135189
0,55,16,4781156.0,5555555.0,-0.651945373397685
0,55,17,5939791.0,5555555.0,0.29043712513345277
0,56,0,2673824.0,6250000.0,-3.6874720018639318
0,56,1,5399276.0,6250000.0,-0.6354448905540012
0,56,2,3070575.0,6250000.0,-3.086603076830951
0,56,3,4200772.0,6250000.0,-1.7255090681988803
0,56,4,5936696.0,6250000.0,-0.22335206737496363
0,56,5,2248402.0,6250000.0,-4.44006054409095
0,56,6,5348796.0,6250000.0,-0.6762398287470566
0,56,7,6054695.0,6250000.0,-0.1378774652118889
0,56,8,6245971.0,6250000.0,-0.0028005387147936604
0,56,9,2755032.0,6250000.0,-3.557533697487539
0,56,10,5005282.0,6250000.0,-0.9645146647902889
0,56,11,5943371.0,6250000.0,-0.218471764979767
0,56,12,5391934.0,6250000.0,-0.6413544976844985
0,56,13,2728437.0,6250000.0,-3.599660870307514
0,56,14,4457513.0,6250000.0,-1.4678739890778076
0,56,15,2690256.0,6250000.0,-3.660864086809302
0,57,0,2785849.0,6666666.0,-3.789511246386947
0,57,1,5324650.0,6666666.0,-0.976176315194529
0,57,2,6033464.0,6666666.0,-0.4334197175245059
0,57,3,2339205.0,6666666.0,-4.548404139410654
0,57,4,5191342.0,6666666.0,-1.0862905684248263
0,57,5,5974680.0,6666666.0,-0.47594047803618234
0,57,6,5713370.0,6666666.0,-0.6701634746883833
0,57,7,2260240.0,6666666.0,-4.697541410481417
0,57,8,6075149.0,6666666.0,-0.4035176354340663
0,57,9,4185795.0,6666666.0,-2.021307426352043
0,57,10,5907117.0,6666666.0,-0.5253312466772463
0,57,11,6184449.0,6666666.0,-0.3260768504838615
0,57,12,2420205.0,6666666.0,-4.400565436839873
0,57,13,3556131.0,6666666.0,-2.7293094647394254
0,57,14,3027420.0,6666666.0,-3.428360218410172
0,58,0,6010374.0,6250000.0,-0.16978520202802683
0,58,1,3206464.0,6250000.0,-2.8985364902692066
0,58,2,5928800.0,6250000.0,-0.2291321708536506
0,58,3,6068617.0,6250000.0,-0.12790287999148403
0,58,4,2247224.0,6250000.0,-4.442336529288077
0,58,5,6075335.0,6250000.0,-0.1230978698480864
0,58,6,4565127.0,6250000.0,-1.3642715340760323
0,58,7,6017427.0,6250000.0,-0.16469186978558506
0,58,8,4183161.0,6250000.0,-1.7437543747154585
0,58,9,4441079.0,6250000.0,-1.483915186673788
0,58,10,5857680.0,6250000.0,-0.2815437448298857
0,58,11,6107274.0,6250000.0,-0.10032612491711147
0,58,12,5985925.0,6250000.0,-0.187487462515625
0,58,13,6126107.0,6250000.0,-0.08695439319532158
0,58,14,2354510.0,6250000.0,-4.2397947803970375
0,58,15,2303679.0,6250000.0,-4.334580539822213
0,59,0,3785044.0,5263157.0,-1.4317539280871658
0,59,1,5138175.0,5263157.0,-0.10437433492291565
0,59,2,6031222.0,5263157.0,0.5915898925957818
0,59,3,2401228.0,5263157.0,-3.408129263259559
0,59,4,2486577.0,5263157.0,-3.256444129630216
0,59,5,6087600.0,5263157.0,0.6319978314792614
0,59,6,2984476.0,5263157.0,-2.4637823440337345
0,59,7,2260376.0,5263157.0,-3.670656377763864
0,59,8,3043495.0,5263157.0,-2.378737326073571
0,59,9,2261676.0,5263157.0,-3.6681593571987428
0,59,10,3163783.0,5263157.0,-2.2103963709641565
0,59,11,5572815.0,5263157.0,0.24828300862113725
0,59,12,3149898.0,5263157.0,-2.229498345241296
0,59,13,2379348.0,5263157.0,-3.447883592509555
0,59,14,3213737.0,5263157.0,-2.14235992342439
0,59,15,5997826.0,5263157.0,0.5674753728410425
0,59,16,2395524.0,5263157.0,-3.418457989415975
0,59,17,5857033.0,5263157.0,0.4643134574231158
0,59,18,3538613.0,5263157.0,-1.7241325654815167
0,60,0,3628686.0,4545454.0,-0.9782787791048086
0,60,1,2766369.0,4545454.0,-2.1566715782013177
0,60,2,6023540.0,4545454.0,1.2227453160668322
0,60,3,5852749.0,4545454.0,1.0978263237167103
0,60,4,6054862.0,4545454.0,1.245269822627821
0,60,5,2241827.0,4545454.0,-3.069751716689175
0,60,6,6045900.0,4545454.0,1.2388369254954845
0,60,7,5893841.0,4545454.0,1.1282114851082847
0,60,8,4396205.0,4545454.0,-0.14499331197040635
0,60,9,2773212.0,4545454.0,-2.1459419629062007
0,60,10,5978429.0,4545454.0,1.1900980885457255
0,60,11,3373896.0,4545454.0,-1.2944557568612145
0,60,12,2373945.0,4545454.0,-2.8210661414278624
0,60,13,3403321.0,4545454.0,-1.256743535370215
0,60,14,6003710.0,4545454.0,1.2084243908681087
0,60,15,6012110.0,4545454.0,1.2144965095287934
0,60,16,2728728.0,4545454.0,-2.2161701977159436
0,60,17,6004805.0,4545454.0,1.2092164162917383
0,60,18,5722849.0,4545454.0,1.0003501993768558
0,60,19,5969106.0,4545454.0,1.183320241439024
0,60,20,3082025.0,4545454.0,-1.6874110986434419
0,60,21,6103603.0,4545454.0,1.2800901074865159
0,61,0,3874698.0,4166666.0,-0.315508302285396
0,61,1,5945855.0,4166666.0,1.5442562517163032
0,61,2,5942488.0,4166666.0,1.541796246045764
0,61,3,2352874.0,4166666.0,-2.481900181360418
0,61,4,2288605.0,4166666.0,-2.6021784637725354
0,61,5,2372897.0,4166666.0,-2.4450980153313875
0,61,6,6031088.0,4166666.0,1.6060697653514096
0,61,7,3212599.0,4166666.0,-1.1293216896270524
0,61,8,5866739.0,4166666.0,1.486080789137614
0,61,9,3013420.0,4166666.0,-1.4072902245469368
0,61,10,3352996.0,4166666.0,-0.9435565346936859
0,61,11,3627784.0,4166666.0,-0.6014726774527284
0,61,12,3006610.0,4166666.0,-1.417115912071151
0,61,13,4618729.0,4166666.0,0.44733792333060596
0,61,14,3181501.0,4166666.0,-1.171566247228476
0,61,15,2930944.0,4166666.0,-1.5278116811900246
0,61,16,4637752.0,4166666.0,0.4651883257892493
0,61,17,6202452.0,4166666.0,1.7277472320532217
0,61,18,6002969.0,4166666.0,1.5857741181535523
0,61,19,5937801.0,4166666.0,1.5383694971808368
0,61,20,6106964.0,4166666.0,1.6603667107548006
0,61,21,2749006.0,4166666.0,-1.8061300106255085
0,61,22,5949405.0,4166666.0,1.5468484530747073
0,61,23,2413635.0,4166666.0,-2.3711709390619187
0,62,0,3839775.0,4000000.0,-0.1775421464827562
0,62,1,2338125.0,4000000.0,-2.3319226578568215
0,62,2,2884194.0,4000000.0,-1.4203552227923262
0,62,3,5923966.0,4000000.0,1.7055256593937886
0,62,4,3558494.0,4000000.0,-0.5079375343116631
0,62,5,2263550.0,4000000.0,-2.4726989917472846
0,62,6,3615539.0,4000000.0,-0.43886940796624185
0,62,7,2487039.0,4000000.0,-2.0637739570338516
0,62,8,2263810.0,4000000.0,-2.472200173162418
0,62,9,5944318.0,4000000.0,1.7204204326558903
0,62,10,2978029.0,4000000.0,-1.281310687383154
0,62,11,2342018.0,4000000.0,-2.3246976273054485
0,62,12,3114184.0,4000000.0,-1.0871572226609307
0,62,13,2310140.0,4000000.0,-2.384216913556971
0,62,14,5848212.0,4000000.0,1.6496311625408322
0,62,15,2696007.0,4000000.0,-1.7133897584694036
0,62,16,5921368.0,4000000.0,1.7036206103979958
0,62,17,4122263.0,4000000.0,0.13075704947125902
0,62,18,3585929.0,4000000.0,-0.47458304878561497
0,62,19,6023173.0,4000000.0,1.7776534600273088
0,62,20,5958555.0,4000000.0,1.7308096109449513
0,62,21,2357368.0,4000000.0,-2.296326074060112
0,62,22,3706400.0,4000000.0,-0.33107704132863597
0,62,23,2716798.0,4000000.0,-1.680026424745291
0,62,24,3582914.0,4000000.0,-0.47823607324197426
0,63,0,2444566.0,4166666.0,-2.3158692167518864
0,63,1,4273900.0,4166666.0,0.1103566759573954
0,63,2,6047500.0,4166666.0,1.61787188232646
0,63,3,2341837.0,4166666.0,-2.5023202541937115
0,63,4,3416837.0,4166666.0,-0.8616442750003256
0,63,5,2373782.0,4166666.0,-2.4434785646757278
0,63,6,2751072.0,4166666.0,-1.8028673207443373
0,63,7,5954183.0,4166666.0,1.5503348962311319
0,63,8,3660679.0,4166666.0,-0.5622704094699648
0,63,9,2267167.0,4166666.0,-2.6430517727324156
0,63,10,5927455.0,4166666.0,1.5307957678849569
0,63,11,3597317.0,4166666.0,-0.6380997873235688
0,63,12,5986420.0,4166666.0,1.5737849434834708
0,63,13,6011663.0,4166666.0,1.5920593824624232
0,63,14,6113122.0,4166666.0,1.6647437432011156
0,63,15,5964640.0,4166666.0,1.5579554785025675
0,63,16,4078240.0,4166666.0,-0.09315908847952076
0,63,17,5730822.0,4166666.0,1.3842823062868055
0,63,18,3387134.0,4166666.0,-0.8995631048867204
0,63,19,5930459.0,4166666.0,1.5329961897324187
0,63,20,2999081.0,4166666.0,-1.428004933391822
0,63,21,3998919.0,4166666.0,-0.17846081419263485
0,63,22,3218117.0,4166666.0,-1.1218685925246636
0,63,23,5906023.0,4166666.0,1.515064451169238
0,64,0,3237242.0,4761904.0,-1.676054694822931
0,64,1,3568363.0,4761904.0,-1.2531160821443006
0,64,2,3264267.0,4761904.0,-1.6399496122280381
0,64,3,5858775.0,4761904.0,0.9002618393281738
0,64,4,2685646.0,4761904.0,-2.48731868838124
0,64,5,3742630.0,4761904.0,-1.046037413124055
0,64,6,3659534.0,4761904.0,-1.1435484932266022
0,64,7,5986413.0,4761904.0,0.9938603954408777
0,64,8,3349529.0,4761904.0,-1.5279689354273196
0,64,9,3075048.0,4761904.0,-1.8992873648949602
0,64,10,3277901.0,4761904.0,-1.6218480301884544
0,64,11,5895209.0,4761904.0,0.927185707577868
0,64,12,3008296.0,4761904.0,-1.9946006953685766
0,64,13,3064476.0,4761904.0,-1.9142441133357049
0,64,14,2768887.0,4761904.0,-2.3547540349955827
0,64,15,5622196.0,4761904.0,0.7212534605359626
0,64,16,3388802.0,4761904.0,-1.4773444103997968
0,64,17,4929139.0,4761904.0,0.1499042950131153
0,64,18,2413379.0,4761904.0,-2.951551063759081
0,64,19,5893544.0,4761904.0,0.9259589445484335
0,64,20,5732154.0,4761904.0,0.8053721385489525
0,65,0,2246376.0,5555555.0,-3.9324500094062924
0,65,1,4953000.0,5555555.0,-0.4985912348478748
0,65,2,4498236.0,5555555.0,-0.9168521450524226
0,65,3,5955546.0,5555555.0,0.3019413196986933
0,65,4,2652208.0,5555555.0,-3.2111987075790904
0,65,5,6106137.0,5555555.0,0.41039092628473495
0,65,6,5981124.0,5555555.0,0.3205535478327179
0,65,7,6046044.0,5555555.0,0.3674385195802659
0,65,8,2278910.0,5555555.0,-3.870002773510077
0,65,9,2265244.0,5555555.0,-3.896124627138748
0,65,10,2248259.0,5555555.0,-3.9288111085510833
0,65,11,3186298.0,5555555.0,-2.4144106050953913
0,65,12,5905033.0,5555555.0,0.26494877523417315
0,65,13,3164942.0,5555555.0,-2.443616958218487
0,65,14,5945642.0,5555555.0,0.2947130437623919
0,65,15,6089595.0,5555555.0,0.398609585525013
0,65,16,4080295.0,5555555.0,-1.3403588831836641
0,65,17,2732338.0,5555555.0,-3.081930293511639
0,66,0,5257205.0,6250000.0,-0.7512510507114402
0,66,1,5496279.0,6250000.0,-0.5581124724362686
0,66,2,3881377.0,6250000.0,-2.0689418932503916
0,66,3,6157182.0,6250000.0,-0.06498026262338417
0,66,4,2246556.0,6250000.0,-4.4436276860249375
0,66,5,5409408.0,6250000.0,-0.6273027837452606
0,66,6,5968320.0,6250000.0,-0.20027916936351006
0,66,7,4373598.0,6250000.0,-1.550411550587916
0,66,8,2292585.0,6250000.0,-4.355545707788446
0,66,9,5894548.0,6250000.0,-0.2542950878352082
0,66,10,3610888.0,6250000.0,-2.3826599935101243
0,66,11,2279611.0,6250000.0,-4.380192733992857
0,66,12,3380620.0,6250000.0,-2.6688366088709525
0,66,13,5899788.0,6250000.0,-0.25043611139956407
0,66,14,5916164.0,6250000.0,-0.2383981292053365
0,66,15,2347975.0,6250000.0,-4.251865488825738
0,67,0,2750902.0,6666666.0,-3.844335784510031
0,67,1,2360849.0,6666666.0,-4.508404870409374
0,67,2,2752904.0,6666666.0,-3.841176306900838
0,67,3,2846437.0,6666666.0,-3.696071214716907
0,67,4,5974835.0,6666666.0,-0.47582781129665586
0,67,5,5451807.0,6666666.0,-0.8736822458528999
0,67,6,5921868.0,6666666.0,-0.5144997489227394
0,67,7,6081848.0,6666666.0,-0.39873135634106427
0,67,8,5989345.0,6666666.0,-0.46529367352541073
0,67,9,2257352.0,6666666.0,-4.70309411481858
0,67,10,2366296.0,6666666.0,-4.498396279219955
0,67,11,2250492.0,6666666.0,-4.716312240582025
0,67,12,3893422.0,6666666.0,-2.335772189601403
0,67,13,2998702.0,6666666.0,-3.469753882028319
0,67,14,3181205.0,6666666.0,-3.213170411393108
0,68,0,3068252.0,6250000.0,-3.089889913647222
0,68,1,5944923.0,6250000.0,-0.21733783434221232
0,68,2,2333338.0,6250000.0,-4.279023634613856
0,68,3,4434840.0,6250000.0,-1.490020613545862
0,68,4,5861967.0,6250000.0,-0.27836648099768896
0,68,5,5915520.0,6250000.0,-0.23887090323584992
0,68,6,2838635.0,6250000.0,-3.4277046408443113
0,68,7,6070583.0,6250000.0,-0.12649615968225925
0,68,8,5509251.0,6250000.0,-0.5478745817973292
0,68,9,2189301.0,6250000.0,-4.555745419103044
0,68,10,5329769.0,6250000.0,-0.6917163086897388
0,68,11,4136827.0,6250000.0,-1.7921265804304167
0,68,12,2562895.0,6250000.0,-3.871492035338873
0,68,13,3850983.0,6250000.0,-2.103084158915566
0,68,14,3287600.0,6250000.0,-2.7900104556863967
0,68,15,4925401.0,6250000.0,-1.0343842312003217
0,69,0,3205609.0,5263157.0,-2.153357764747498
0,69,1,5124615.0,5263157.0,-0.11585081763685397
0,69,2,3149150.0,5263157.0,-2.2305297781625586
0,69,3,5356794.0,5263157.0,0.07658620318819988
0,69,4,5848092.0,5263157.0,0.45767870945090805
0,69,5,6171169.0,5263157.0,0.6912111469306159
0,69,6,2252754.0,5263157.0,-3.6853255571945405
0,69,7,2366373.0,5263157.0,-3.471631237780732
0,69,8,5934322.0,5263157.0,0.5212478249158083
0,69,9,4712469.0,5263157.0,-0.4799781891003789
0,69,10,4804710.0,5263157.0,-0.39579145325035325
0,69,11,6054073.0,5263157.0,0.608013281570089
0,69,12,5327930.0,5263157.0,0.053121850867636475
0,69,13,3834178.0,5263157.0,-1.3757405427982181
0,69,14,3196580.0,5263157.0,-2.1656074733294166
0,69,15,3033867.0,5263157.0,-2.392497871421836
0,69,16,2443816.0,5263157.0,-3.3317782135235414
0,69,17,3920041.0,5263157.0,-1.2795571585464556
0,69,18,3615014.0,5263157.0,-1.6313634167480406
0,70,0,4107784.0,4545454.0,-0.4396966808521492
0,70,1,3057161.0,4545454.0,-1.722589563800636
0,70,2,3645946.0,4545454.0,-0.9576703501878185
0,70,3,3022763.0,4545454.0,-1.7717316944703632
0,70,4,3600485.0,4545454.0,-1.012162611183499
0,70,5,2870599.0,4545454.0,-1.9960473783676265
0,70,6,3666940.0,4545454.0,-0.9327346315096277
0,70,7,2409636.0,4545454.0,-2.756258241269403
0,70,8,3167869.0,4545454.0,-1.5681005303181652
0,70,9,5942262.0,4545454.0,1.1637452928532936
0,70,10,3260623.0,4545454.0,-1.4427667938334567
0,70,11,4113779.0,4545454.0,-0.4333631019926135
0,70,12,5976342.0,4545454.0,1.1885817523600473
0,70,13,2144262.0,4545454.0,-3.2629941785027117
0,70,14,4377582.0,4545454.0,-0.16342977112457538
0,70,15,2846072.0,4545454.0,-2.03331384382645
0,70,16,4653187.0,4545454.0,0.10173239035443524
0,70,17,3005263.0,4545454.0,-1.796947825870078
0,70,18,3383998.0,4545454.0,-1.2814716937076842
0,70,19,5076669.0,4545454.0,0.48001581163951934
0,70,20,6098467.0,4545454.0,1.2764341104453893
0,70,21,3372532.0,4545454.0,-1.296211879305233
0,71,0,6082743.0,4166666.0,1.643107788140944
0,71,1,6075308.0,4166666.0,1.637796114624421
0,71,2,5949321.0,4166666.0,1.5467871343478443
0,71,3,2345349.0,4166666.0,-2.4958121168768814
0,71,4,5975874.0,4166666.0,1.566127430981716
0,71,5,6022955.0,4166666.0,1.6002092958685967
0,71,6,2393572.0,4166666.0,-2.4074219296308477
0,71,7,2247110.0,4166666.0,-2.681643563804874
0,71,8,2396089.0,4166666.0,-2.402857434099432
0,71,9,4008851.0,4166666.0,-0.167687740025704
0,71,10,3006145.0,4166666.0,-1.4177876405366796
0,71,11,5270708.0,4166666.0,1.020802679370343
0,71,12,5968831.0,4166666.0,1.5610059375827254
0,71,13,5398793.0,4166666.0,1.1250798731209373
0,71,14,5982259.0,4166666.0,1.5707652294247936
0,71,15,5588330.0,4166666.0,1.2749335519552372
0,71,16,5863972.0,4166666.0,1.484031991151349
0,71,17,2688893.0,4166666.0,-1.9021516825671256
0,71,18,3977710.0,4166666.0,-0.20155571649542614
0,71,19,5882956.0,4166666.0,1.4980691140860185
0,71,20,5985033.0,4166666.0,1.5727786054072244
0,71,21,2391493.0,4166666.0,-2.411195747895345
0,71,22,2718255.0,4166666.0,-1.8549849324871994
0,71,23,2422602.0,4166666.0,-2.3550661737997918
0,72,0,5967078.0,4000000.0,1.7370172353108204
0,72,1,5959264.0,4000000.0,1.7313263410413438
0,72,2,2426552.0,4000000.0,-2.170703888268407
0,72,3,2418506.0,4000000.0,-2.1851282217381747
0,72,4,5860181.0,4000000.0,1.6585103869819362
0,72,5,2985777.0,4000000.0,-1.2700262306488543
0,72,6,4850694.0,4000000.0,0.8374388723479378
0,72,7,5288095.0,4000000.0,1.212392572686043
0,72,8,2463873.0,4000000.0,-2.1044167290889684
0,72,9,5857146.0,4000000.0,1.656260584135172
0,72,10,4600515.0,4000000.0,0.6074645973163859
0,72,11,2289874.0,4000000.0,-2.422484053244075
0,72,12,4255397.0,4000000.0,0.2688009174516797
0,72,13,4793174.0,4000000.0,0.7856320354494954
0,72,14,3590551.0,4000000.0,-0.4689889152468895
0,72,15,4115152.0,4000000.0,0.12325889907346581
0,72,16,2408052.0,4000000.0,-2.203941303911693
0,72,17,3372250.0,4000000.0,-0.7414022798621496
0,72,18,2442335.0,4000000.0,-2.142547581428941
0,72,19,2729289.0,4000000.0,-1.6601046648256146
0,72,20,3181451.0,4000000.0,-0.9943475261113046
0,72,21,5862303.0,4000000.0,1.6600827037377786
0,72,22,5990931.0,4000000.0,1.7543432634422236
0,72,23,6117031.0,4000000.0,1.844806901008233
0,72,24,6060761.0,4000000.0,1.8046716705464285
0,73,0,2789853.0,4166666.0,-1.7420736831288497
0,73,1,2413344.0,4166666.0,-2.3716945779440723
0,73,2,5212837.0,4166666.0,0.9728545640057922
0,73,3,3873644.0,4166666.0,-0.31668983605545764
0,73,4,2410580.0,4166666.0,-2.376671397974175
0,73,5,6036977.0,4166666.0,1.6103083245685432
0,73,6,3354337.0,4166666.0,-0.9418199609825194
0,73,7,5904168.0,4166666.0,1.5137001781095463
0,73,8,6133172.0,4166666.0,1.6789645550524093
0,73,9,2331818.0,4166666.0,-2.520940383747801
0,73,10,6053250.0,4166666.0,1.6219992189938457
0,73,11,2336283.0,4166666.0,-2.512632399610133
0,73,12,3185597.0,4166666.0,-1.1659785510966827
0,73,13,2414171.0,4166666.0,-2.3702066010447878
0,73,14,5972071.0,4166666.0,1.5633627346754393
0,73,15,3578838.0,4166666.0,-0.660466487790815
0,73,16,2307023.0,4166666.0,-2.5673676453449437
0,73,17,3379135.0,4166666.0,-0.9098314615810594
0,73,18,5879136.0,4166666.0,1.495248178865993
0,73,19,6048508.0,4166666.0,1.6185957059859213
0,73,20,2251127.0,4166666.0,-2.6738869187123386
0,73,21,2458281.0,4166666.0,-2.2915716428896045
0,73,22,2578228.0,4166666.0,-2.0846736819526286
0,73,23,5933868.0,4166666.0,1.535491923252831
0,74,0,4041369.0,4761904.0,-0.7125212996696629
0,74,1,3163868.0,4761904.0,-1.775622798115569
0,74,2,4498410.0,4761904.0,-0.24721599836567712
0,74,3,5732335.0,4761904.0,0.8055092703499962
0,74,4,3138639.0,4761904.0,-1.8103926889188178
0,74,5,3060111.0,4761904.0,-1.9204345576366064
0,74,6,3200473.0,4761904.0,-1.7256646804982738
0,74,7,2498831.0,4761904.0,-2.800437507006566
0,74,8,5442894.0,4761904.0,0.5804924076421435
0,74,9,2907510.0,4761904.0,-2.1425941867688976
0,74,10,4179217.0,4761904.0,-0.5668571391605934
0,74,11,6132712.0,4761904.0,1.0987193436302278
0,74,12,4658977.0,4761904.0,-0.09490069309646659
0,74,13,6001415.0,4761904.0,1.00473023644743
0,74,14,6004060.0,4761904.0,1.0066438782204044
0,74,15,2320625.0,4761904.0,-3.1217566920872395
0,74,16,6041079.0,4761904.0,1.0333387931480826
0,74,17,2346915.0,4761904.0,-3.0728327506807047
0,74,18,5927250.0,4761904.0,0.950726095519667
0,74,19,3558645.0,4761904.0,-1.2649596955955167
0,74,20,5925467.0,4761904.0,0.949419480222812
0,75,0,3795487.0,5555555.0,-1.6545994321381983
0,75,1,5140065.0,5555555.0,-0.3375884045585236
0,75,2,5903009.0,5555555.0,0.2634599389986973
0,75,3,3395604.0,5555555.0,-2.138104149609209
0,75,4,5823504.0,5555555.0,0.20456926644703882
0,75,5,4968805.0,5555555.0,-0.4847549820847307
0,75,6,2796792.0,5555555.0,-2.980672827758151
0,75,7,5987131.0,5555555.0,0.3249130925981972
0,75,8,2971085.0,5555555.0,-2.718123747215047
0,75,9,2311966.0,5555555.0,-3.8074600844927087
0,75,10,5889955.0,5555555.0,0.2538452526784752
0,75,11,3603217.0,5555555.0,-1.8803703362313589
0,75,12,2398562.0,5555555.0,-3.6477650251987463
0,75,13,3526260.0,5555555.0,-1.974131207012229
0,75,14,5920247.0,5555555.0,0.2761237493460619
0,75,15,4102684.0,5555555.0,-1.3165938376704633
0,75,16,5929763.0,5555555.0,0.2830988441825245
0,75,17,4708867.0,5555555.0,-0.7181102731923455
0,76,0,4933129.0,6250000.0,-1.0275754504924537
0,76,1,5992648.0,6250000.0,-0.1826124876610839
0,76,2,3012533.0,6250000.0,-3.169482043704763
0,76,3,5401551.0,6250000.0,-0.633615364053963
0,76,4,5994574.0,6250000.0,-0.18121691631128592
0,76,5,5984275.0,6250000.0,-0.18868474560141968
0,76,6,2772620.0,6250000.0,-3.529896656932917
0,76,7,2715562.0,6250000.0,-3.62020294564354
0,76,8,2338912.0,6250000.0,-4.268661352670129
0,76,9,5954357.0,6250000.0,-0.21045147651095825
0,76,10,6050373.0,6250000.0,-0.14097868005933228
0,76,11,2413804.0,6250000.0,-4.131780147038242
0,76,12,2307999.0,6250000.0,-4.3264440102960835
0,76,13,4094731.0,6250000.0,-1.836546409308898
0,76,14,6004855.0,6250000.0,-0.1737749244281478
0,76,15,2971056.0,6250000.0,-3.229691796562703
0,77,0,2337125.0,6666666.0,-4.552267564711824
0,77,1,3020186.0,6666666.0,-3.438750074430893
0,77,2,2440587.0,6666666.0,-4.364144038806655
0,77,3,4140548.0,6666666.0,-2.068508738755587
0,77,4,5900280.0,6666666.0,-0.5303607577619163
0,77,5,2538520.0,6666666.0,-4.19328108125467
0,77,6,5937762.0,6666666.0,-0.502859114892932
0,77,7,3014773.0,6666666.0,-3.44654080394856
0,77,8,5935741.0,6666666.0,-0.5043375482691693
0,77,9,6131549.0,6666666.0,-0.36338494257279064
0,77,10,2437172.0,6666666.0,-4.370225175238458
0,77,11,5954903.0,6666666.0,-0.49034005903938527
0,77,12,6000438.0,6666666.0,-0.4572574479116714
0,77,13,2331902.0,6666666.0,-4.561984026086555
0,77,14,5511683.0,6666666.0,-0.8262446599369444
0,78,0,5902944.0,5882352.0,0.015176540448586996
0,78,1,5998661.0,5882352.0,0.08503310380890478
0,78,2,2751635.0,5882352.0,-3.2996018422192037
0,78,3,2303054.0,5882352.0,-4.072468880930468
0,78,4,2767043.0,5882352.0,-3.2753510098114025
0,78,5,2332382.0,5882352.0,-4.01751328010892
0,78,6,3012607.0,5882352.0,-2.9060852826227923
0,78,7,5766861.0,5882352.0,-0.08611525499065495
0,78,8,3353999.0,5882352.0,-2.4398808035009005
0,78,9,3366859.0,5882352.0,-2.4232608009553926
0,78,10,2378427.0,5882352.0,-3.9326118278112334
0,78,11,3870289.0,5882352.0,-1.818076135164396
0,78,12,2185136.0,5882352.0,-4.300725370677664
0,78,13,3785047.0,5882352.0,-1.9147973250751602
0,78,14,2261053.0,5882352.0,-4.152402666310095
0,78,15,3838991.0,5882352.0,-1.8533391516122526
0,78,16,6063724.0,5882352.0,0.1318841633819111
0,79,0,2271288.0,5263157.0,-3.6497411883507596
0,79,1,5651649.0,5263157.0,0.30928856604734944
0,79,2,6153190.0,5263157.0,0.6785400034997229
0,79,3,6186501.0,5263157.0,0.7019876224524285
0,79,4,2749839.0,5263157.0,-2.8193905809900635
0,79,5,6020866.0,5263157.0,0.5841263646801106
0,79,6,6035323.0,5263157.0,0.5945419252428407
0,79,7,2233061.0,5263157.0,-3.723457384638219
0,79,8,4464949.0,5263157.0,-0.714298226073356
0,79,9,4916618.0,5263157.0,-0.2957985842313743
0,79,10,5961706.0,5263157.0,0.5412422988676427
0,79,11,2756565.0,5263157.0,-2.808780875861072
0,79,12,5999660.0,5263157.0,0.5688031444858935
0,79,13,3442962.0,5263157.0,-1.8431409579775746
0,79,14,5708629.0,5263157.0,0.3528549419730131
0,79,15,3374520.0,5263157.0,-1.9303431876906283
0,79,16,6005387.0,5263157.0,0.5729467429016865
0,79,17,3247692.0,5263157.0,-2.096714896981573
0,79,18,5390738.0,5263157.0,0.10401899596267261
0,80,0,3440108.0,4545454.0,-1.2100518987819588
0,80,1,5807919.0,4545454.0,1.0644328379447145
0,80,2,3341961.0,4545454.0,-1.335758896031121
0,80,3,2369400.0,4545454.0,-2.82938882942265
0,80,4,3375220.0,4545454.0,-1.2927518125182336
0,80,5,2423809.0,4545454.0,-2.730788733150125
0,80,6,4091798.0,4545454.0,-0.456630813309159
0,80,7,5916576.0,4545454.0,1.1449318045383254
0,80,8,2719407.0,4545454.0,-2.2310305593459074
0,80,9,3928463.0,4545454.0,-0.6335459993956467
0,80,10,2788929.0,4545454.0,-2.121398088382481
0,80,11,5939399.0,4545454.0,1.1616523445260298
0,80,12,5939395.0,4545454.0,1.1616494196871492
0,80,13,2221160.0,4545454.0,-3.109974232306327
0,80,14,4995807.0,4545454.0,0.41028385126825323
0,80,15,4213326.0,4545454.0,-0.329522037287013
0,80,16,4207028.0,4545454.0,-0.3360186457599442
0,80,17,5430851.0,4545454.0,0.7729062065643498
0,80,18,5967141.0,4545454.0,1.1818903302372046
0,80,19,6007413.0,4545454.0,1.2111022295971587
0,80,20,2542395.0,4545454.0,-2.52334241303359
0,80,21,6095515.0,4545454.0,1.2743313726594496
0,81,0,5584696.0,4000000.0,1.4493954617455116
0,81,1,2152960.0,4000000.0,-2.690240302182006
0,81,2,4861992.0,4000000.0,0.8475424858480217
0,81,3,4140748.0,4000000.0,0.1501880943772887
0,81,4,4077376.0,4000000.0,0.08320770944836282
0,81,5,2040935.0,4000000.0,-2.922308178665914
0,81,6,6133757.0,4000000.0,1.8566657528923671
0,81,7,5944451.0,4000000.0,1.7205176019525525
0,81,8,2634944.0,4000000.0,-1.8128860166532652
0,81,9,4839155.0,4000000.0,0.827095416231105
0,81,10,5988661.0,4000000.0,1.752697383539603
0,81,11,2258535.0,4000000.0,-2.4823316621620877
0,81,12,3609459.0,4000000.0,-0.44617878320281273
0,81,13,2313223.0,4000000.0,-2.3784248955555065
0,81,14,2887636.0,4000000.0,-1.4151754382736792
0,81,15,3556428.0,4000000.0,-0.5104597051094044
0,81,16,2813611.0,4000000.0,-1.5279593811249306
0,81,17,2624422.0,4000000.0,-1.8302632162444294
0,81,18,6023894.0,4000000.0,1.7781732982947085
0,81,19,5397754.0,4000000.0,1.3015309658482508
0,81,20,2485943.0,4000000.0,-2.065688248136746
0,81,21,5810371.0,4000000.0,1.6214387223426308
0,81,22,6068690.0,4000000.0,1.810349621572419
0,81,23,6089784.0,4000000.0,1.8254189748361351
0,81,24,2440512.0,4000000.0,-2.145790439037607
0,82,0,2727871.0,4000000.0,-1.662361624816521
0,82,1,5566688.0,4000000.0,1.4353688945885559
0,82,2,3842926.0,4000000.0,-0.1739796962736181
0,82,3,5898551.0,4000000.0,1.6868534743419143
0,82,4,2526170.0,4000000.0,-1.9959741803911344
0,82,5,6049796.0,4000000.0,1.796807390983862
0,82,6,3616288.0,4000000.0,-0.43796981076042213
0,82,7,6027712.0,4000000.0,1.7809250251390467
0,82,8,2488195.0,4000000.0,-2.0617557828932394
0,82,9,2456759.0,4000000.0,-2.1169743562265397
0,82,10,5707079.0,4000000.0,1.543538929656264
0,82,11,2992050.0,4000000.0,-1.2609114460122806
0,82,12,4637864.0,4000000.0,0.6425801797712761
0,82,13,5323831.0,4000000.0,1.2416426942426773
0,82,14,5984313.0,4000000.0,1.749543092065614
0,82,15,5886282.0,4000000.0,1.6778107311421933
0,82,16,2807326.0,4000000.0,-1.5376714343156672
0,82,17,5995520.0,4000000.0,1.7576686472023149
0,82,18,4188882.0,4000000.0,0.20038135213571448
0,82,19,2266080.0,4000000.0,-2.4678475352112024
0,82,20,3820709.0,4000000.0,-0.19916029930287726
0,82,21,2272020.0,4000000.0,-2.456478412910022
0,82,22,5982320.0,4000000.0,1.74809648814547
0,82,23,4572781.0,4000000.0,0.5812041128407308
0,82,24,2265113.0,4000000.0,-2.4697011873084582
0,83,0,3851427.0,4166666.0,-0.34167018149585526
0,83,1,3562482.0,4166666.0,-0.6803601012026211
0,83,2,2315609.0,4166666.0,-2.551234599453976
0,83,3,4955358.0,4166666.0,0.7528634677242452
0,83,4,3422765.0,4166666.0,-0.8541160640506952
0,83,5,3920661.0,4166666.0,-0.26429396155265883
0,83,6,5070275.0,4166666.0,0.8524282630003996
0,83,7,2552886.0,4166666.0,-2.1275726713307814
0,83,8,2902878.0,4166666.0,-1.5695990479190596
0,83,9,2739753.0,4166666.0,-1.8207727764961834
0,83,10,3132795.0,4166666.0,-1.2385671181987155
0,83,11,6021711.0,4166666.0,1.599312197788154
0,83,12,3204334.0,4166666.0,-1.1405091085320747
0,83,13,2891420.0,4166666.0,-1.5867750808390977
0,83,14,4493953.0,4166666.0,0.3283983723747127
0,83,15,2910641.0,4166666.0,-1.5580004617033576
0,83,16,2817442.0,4166666.0,-1.6993370439873332
0,83,17,4693586.0,4166666.0,0.5171609099797576
0,83,18,5267799.0,4166666.0,1.0184050671090534
0,83,19,3601695.0,4166666.0,-0.6328175583839157
0,83,20,5933075.0,4166666.0,1.5349114948734888
0,83,21,4172104.0,4166666.0,0.00566436951105068
0,83,22,6037487.0,4166666.0,1.6106751983045575
0,83,23,2892718.0,4166666.0,-1.5848259079563867
0,84,0,4473483.0,5000000.0,-0.4832421304682363
0,84,1,5876276.0,5000000.0,0.7013218143128344
0,84,2,5921342.0,5000000.0,0.7345014109379917
0,84,3,4264883.0,5000000.0,-0.6906288281872647
0,84,4,3089991.0,5000000.0,-2.0901278984841047
0,84,5,6067652.0,5000000.0,0.8405066026159238
0,84,6,3321495.0,5000000.0,-1.776364013215226
0,84,7,3400582.0,5000000.0,-1.6741675265914426
0,84,8,6043738.0,5000000.0,0.823356247888522
0,84,9,3843051.0,5000000.0,-1.1429385643903673
0,84,10,4103011.0,5000000.0,-0.8586732304229723
0,84,11,2834005.0,5000000.0,-2.465693922035137
0,84,12,4815899.0,5000000.0,-0.16292634101746628
0,84,13,3283942.0,5000000.0,-1.8257452619994026
0,84,14,2657938.0,5000000.0,-2.7442515811753783
0,84,15,3583767.0,5000000.0,-1.4463023825209353
0,84,16,3312665.0,5000000.0,-1.7879248514817525
0,84,17,4867297.0,5000000.0,-0.11682156854433205
0,84,18,3073989.0,5000000.0,-2.112676952542211
0,84,19,3803691.0,5000000.0,-1.187647753676018
0,85,0,2880805.0,5882352.0,-3.100371469979348
0,85,1,5997658.0,5882352.0,0.08430688543081008
0,85,2,5852644.0,5882352.0,-0.021989011382555147
0,85,3,2709825.0,5882352.0,-3.3660976401236105
0,85,4,2315663.0,5882352.0,-4.0487565264985195
0,85,5,4395670.0,5882352.0,-1.2652592833096252
0,85,6,5856156.0,5882352.0,-0.01938371918150156
0,85,7,3569921.0,5882352.0,-2.168924035668607
0,85,8,3571757.0,5882352.0,-2.1666910459249062
0,85,9,4559605.0,5882352.0,-1.106237879067239
0,85,10,2591400.0,5882352.0,-3.5601655470346127
0,85,11,4763055.0,5882352.0,-0.916654127041394
0,85,12,5925341.0,5882352.0,0.03162339666841485
0,85,13,5976059.0,5882352.0,0.0686386736483162
0,85,14,2251367.0,5882352.0,-4.171047131197675
0,85,15,3451010.0,5882352.0,-2.316047913851256
0,85,16,2351287.0,5882352.0,-3.98245366437136
0,86,0,2488827.0,6666666.0,-4.279139879519075
0,86,1,5455626.0,6666666.0,-0.8706410707310117
0,86,2,2349735.0,6666666.0,-4.528898116376848
0,86,3,5449734.0,6666666.0,-0.8753339251372078
0,86,4,5887471.0,6666666.0,-0.5397991658318013
0,86,5,2461467.0,6666666.0,-4.327146797964951
0,86,6,4065227.0,6666666.0,-2.148238961469267
0,86,7,5407534.0,6666666.0,-0.9090943875816115
0,86,8,5953064.0,6666666.0,-0.49168145939524704
0,86,9,2373843.0,6666666.0,-4.484567050902201
0,86,10,2908510.0,6666666.0,-3.6023813619246283
0,86,11,2381834.0,6666666.0,-4.469972071171295
0,86,12,2600417.0,6666666.0,-4.088657009757369
0,86,13,6017093.0,6666666.0,-0.44521973529496967
0,86,14,2382797.0,6666666.0,-4.468216528751462
0,87,0,3881824.0,6666666.0,-2.3487285671537608
0,87,1,5836282.0,6666666.0,-0.5777242935770309
0,87,2,2856693.0,6666666.0,-3.68045126915074
0,87,3,2230912.0,6666666.0,-4.754262579653044
0,87,4,4810591.0,6666666.0,-1.41710263080367
0,87,5,3495495.0,6666666.0,-2.8040001226968507
0,87,6,3556825.0,6666666.0,-2.728461996060026
0,87,7,5304443.0,6666666.0,-0.9926891054548169
0,87,8,2595961.0,6666666.0,-4.096105338903975
0,87,9,6021673.0,6666666.0,-0.4419152955823311
0,87,10,3364793.0,6666666.0,-2.9695034566303375
0,87,11,2419227.0,6666666.0,-4.402320766841755
0,87,12,3963229.0,6666666.0,-2.2585953041332254
0,87,13,4120142.0,6666666.0,-2.089965133376323
0,87,14,5985330.0,6666666.0,-0.46820597370922934
0,88,0,2205271.0,5882352.0,-4.260890427353913
0,88,1,6176322.0,5882352.0,0.2117892054699237
0,88,2,5621799.0,5882352.0,-0.19675695211344144
0,88,3,6160427.0,5882352.0,0.200598064903347
0,88,4,6031130.0,5882352.0,0.10847680582273592
0,88,5,2341535.0,5882352.0,-4.000503553687305
0,88,6,2575292.0,5882352.0,-3.587245303985473
0,88,7,2407171.0,5882352.0,-3.880440664629981
0,88,8,3844659.0,5882352.0,-1.8469318280878244
0,88,9,5837084.0,5882352.0,-0.03355065957390847
0,88,10,4860702.0,5882352.0,-0.8285201297731292
0,88,11,5242557.0,5882352.0,-0.500078480800271
0,88,12,5957113.0,5882352.0,0.05484829139665062
0,88,13,5759632.0,5882352.0,-0.0915627318967794
0,88,14,2639759.0,5882352.0,-3.479867298964962
0,88,15,3597301.0,5882352.0,-2.135742307072884
0,88,16,5944333.0,5882352.0,0.045521213641484745
0,89,0,3042014.0,5000000.0,-2.1580879589821222
0,89,1,2410028.0,5000000.0,-3.1694791604544363
0,89,2,4981643.0,5000000.0,-0.015974029109912982
0,89,3,3940357.0,5000000.0,-1.034344332448859
0,89,4,6084597.0,5000000.0,0.8526181463563031
0,89,5,3143184.0,5000000.0,-2.016001992504532
0,89,6,2179100.0,5000000.0,-3.606928436392467
0,89,7,2822401.0,5000000.0,-2.483512870101417
0,89,8,2190689.0,5000000.0,-3.583892767847499
0,89,9,2173287.0,5000000.0,-3.618529221545088
0,89,10,2092623.0,5000000.0,-3.78279009999831
0,89,11,1988463.0,5000000.0,-4.0045249000236725
0,89,12,5141982.0,5000000.0,0.12160547684094748
0,89,13,5818809.0,5000000.0,0.6586409755451654
0,89,14,2608780.0,5000000.0,-2.8253254800873036
0,89,15,3559187.0,5000000.0,-1.4761919786220732
0,89,16,2638130.0,5000000.0,-2.7767381172629095
0,89,17,2635452.0,5000000.0,-2.781148936029017
0,89,18,5914024.0,5000000.0,0.7291307829006523
0,89,19,3564417.0,5000000.0,-1.469814980269958
0,90,0,6132481.0,4347826.0,1.493640560282265
0,90,1,3268968.0,4347826.0,-1.2386148601362215
0,90,2,5907400.0,4347826.0,1.3312422336747056
0,90,3,5941044.0,4347826.0,1.3559061352293045
0,90,4,2549291.0,4347826.0,-2.318527425495421
0,90,5,2722829.0,4347826.0,-2.032517878046409
0,90,6,5211710.0,4347826.0,0.7870808656679729
0,90,7,3847046.0,4347826.0,-0.5314477600120981
0,90,8,4811478.0,4347826.0,0.44006349070248885
0,90,9,2920210.0,4347826.0,-1.7285807146390777
0,90,10,5917629.0,4347826.0,1.3387557871102798
0,90,11,3178315.0,4347826.0,-1.3607521774851254
0,90,12,4958825.0,4347826.0,0.5710662674426223
0,90,13,3208970.0,4347826.0,-1.3190649831175152
0,90,14,4058058.0,4347826.0,-0.2995390537889909
0,90,15,3017263.0,4347826.0,-1.5865898815413697
0,90,16,4027346.0,4347826.0,-0.33253212692889506
0,90,17,3295719.0,4347826.0,-1.2032197956264767
0,90,18,2500027.0,4347826.0,-2.4032745626940306
0,90,19,4793080.0,4347826.0,0.4234252244732619
0,90,20,5892886.0,4347826.0,1.3205588429687989
0,90,21,2838729.0,4347826.0,-1.851482208271068
0,90,22,5897735.0,4347826.0,1.3241309941921737
0,91,0,3492278.0,4000000.0,-0.5895118325308428
0,91,1,3125615.0,4000000.0,-1.0712450890289134
0,91,2,3203016.0,4000000.0,-0.9650088323099827
0,91,3,5957735.0,4000000.0,1.730211905659627
0,91,4,3427309.0,4000000.0,-0.6710672992545269
0,91,5,4158713.0,4000000.0,0.16898958655363727
0,91,6,3372387.0,4000000.0,-0.7412258482942868
0,91,7,2804711.0,4000000.0,-1.5417187353308617
0,91,8,3667424.0,4000000.0,-0.3769886860067694
0,91,9,5305156.0,4000000.0,1.22638167680945
0,91,10,3267877.0,4000000.0,-0.8779428962014535
0,91,11,5932746.0,4000000.0,1.7119576385935653
0,91,12,6052227.0,4000000.0,1.7985521734879235
0,91,13,4826229.0,4000000.0,0.815479335959925
0,91,14,6043386.0,4000000.0,1.7922034283713606
0,91,15,2460717.0,4000000.0,-2.1099832171520574
0,91,16,5961572.0,4000000.0,1.7330080212133672
0,91,17,5375571.0,4000000.0,1.2836461102306853
0,91,18,3814690.0,4000000.0,-0.20600740455053637
0,91,19,2898684.0,4000000.0,-1.3985911800002864
0,91,20,3365526.0,4000000.0,-0.7500704132810715
0,91,21,2819925.0,4000000.0,-1.5182243354735656
0,91,22,2994602.0,4000000.0,-1.257208810265455
0,91,23,5874720.0,4000000.0,1.669271808323586
0,91,24,4898467.0,4000000.0,0.8800019531106702
0,92,0,3585078.0,4000000.0,-0.4756138234197343
0,92,1,5932418.0,4000000.0,1.711717526294906
0,92,2,2854231.0,4000000.0,-1.4657087259644186
0,92,3,2335701.0,4000000.0,-2.3364274465182793
0,92,4,3031108.0,4000000.0,-1.204585805398743
0,92,5,5953190.0,4000000.0,1.726897522408869
0,92,6,6016327.0,4000000.0,1.7727144171375595
0,92,7,4434084.0,4000000.0,0.44743924872908736
0,92,8,2870340.0,4000000.0,-1.4412664812075773
0,92,9,2437826.0,4000000.0,-2.150572867382144
0,92,10,3839807.0,4000000.0,-0.17750595330604166
0,92,11,3355057.0,4000000.0,-0.763600884100799
0,92,12,2986576.0,4000000.0,-1.2688642052524626
0,92,13,5886884.0,4000000.0,1.678254868731579
0,92,14,3868220.0,4000000.0,-0.14548825278690608
0,92,15,3863101.0,4000000.0,-0.15123928492677957
0,92,16,4741277.0,4000000.0,0.7383533755296074
0,92,17,5898994.0,4000000.0,1.6871796311068576
0,92,18,2650117.0,4000000.0,-1.7879494330334067
0,92,19,5960485.0,4000000.0,1.7322160805220301
0,92,20,3441874.0,4000000.0,-0.6526502368224364
0,92,21,6003288.0,4000000.0,1.7632918724539288
0,92,22,3596628.0,4000000.0,-0.4616447035736503
0,92,23,6117266.0,4000000.0,1.844973742148774
0,92,24,3063366.0,4000000.0,-1.1586110347192722
0,93,0,3466287.0,4347826.0,-0.9840763691973932
0,93,1,3590130.0,4347826.0,-0.8316198046180633
0,93,2,2546513.0,4347826.0,-2.3232625769661035
0,93,3,2847791.0,4347826.0,-1.8376404212852493
0,93,4,4932777.0,4347826.0,0.5481932711097823
0,93,5,3201237.0,4347826.0,-1.329543274560261
0,93,6,4399364.0,4347826.0,0.05117741358997876
0,93,7,4452399.0,4347826.0,0.10321921240744693
0,93,8,3628218.0,4347826.0,-0.7857878171752604
0,93,9,4869771.0,4347826.0,0.4923638378778675
0,93,10,2874613.0,4347826.0,-1.7969277001955883
0,93,11,2684135.0,4347826.0,-2.094678001778697
0,93,12,4689928.0,4347826.0,0.32894020159990356
0,93,13,5568430.0,4347826.0,1.0746060927593222
0,93,14,5266016.0,4347826.0,0.8321001901419931
0,93,15,4259534.0,4347826.0,-0.08910066123043146
0,93,16,5407220.0,4347826.0,0.9470188449222144
0,93,17,4431194.0,4347826.0,0.0824860879177226
0,93,18,2413421.0,4347826.0,-2.5563906793861517
0,93,19,4412765.0,4347826.0,0.06438644591019715
0,93,20,5986320.0,4347826.0,1.3888777313142642
0,93,21,5673872.0,4347826.0,1.1560737878567804
0,93,22,2170952.0,4347826.0,-3.0162193403720785
0,94,0,5945970.0,5000000.0,0.7525270933422459
0,94,1,4046224.0,5000000.0,-0.9192008258162854
0,94,2,2732142.0,5000000.0,-2.62466736773891
0,94,3,5450622.0,5000000.0,0.374760604643103
0,94,4,3373666.0,5000000.0,-1.7086792001802242
0,94,5,2270270.0,5000000.0,-3.4289249404285926
0,94,6,3425901.0,5000000.0,-1.6419519555326643
0,94,7,2302966.0,5000000.0,-3.366824780614897
0,94,8,4040488.0,5000000.0,-0.9253618306003709
0,94,9,2258606.0,5000000.0,-3.4512952682412203
0,94,10,2871027.0,5000000.0,-2.409327275845933
0,94,11,3064129.0,5000000.0,-2.1266295916891123
0,94,12,2891028.0,5000000.0,-2.3791770644377457
0,94,13,4462532.0,5000000.0,-0.49388660958381425
0,94,14,3165929.0,5000000.0,-1.9846883330872422
0,94,15,2607912.0,5000000.0,-2.826770716316587
0,94,16,3359874.0,5000000.0,-1.7264701329461707
0,94,17,4796038.0,5000000.0,-0.1808738889066454
0,94,18,5922984.0,5000000.0,0.7357055512898416
0,94,19,2362484.0,5000000.0,-3.2560112841831215
0,95,0,3278360.0,5882352.0,-2.538943669687886
0,95,1,5519763.0,5882352.0,-0.27630578144872875
0,95,2,5973961.0,5882352.0,0.06711373924252498
0,95,3,2463164.0,5882352.0,-3.7805768055823425
0,95,4,3634929.0,5882352.0,-2.09055076803194
0,95,5,5944119.0,5882352.0,0.04536486188242018
0,95,6,3198649.0,5882352.0,-2.645844232319937
0,95,7,6054063.0,5882352.0,0.12495926879739894
0,95,8,3560422.0,5882352.0,-2.1804953323764513
0,95,9,3556257.0,5882352.0,-2.1855787054600007
0,95,10,2269275.0,5882352.0,-4.136638804838392
0,95,11,5911389.0,5882352.0,0.0213852997993396
0,95,12,2987907.0,5882352.0,-2.9418393339933453
0,95,13,5991252.0,5882352.0,0.07966577841467731
0,95,14,3306297.0,5882352.0,-2.5020914608560525
0,95,15,2429742.0,5882352.0,-3.839908482626196
0,95,16,5120619.0,5882352.0,-0.6022854580815781
0,96,0,3501240.0,6666666.0,-2.7968681608339256
0,96,1,3499933.0,6666666.0,-2.798489668813921
0,96,2,5989149.0,6666666.0,-0.46543579776650557
0,96,3,6000412.0,6666666.0,-0.4572762660062726
0,96,4,4929821.0,6666666.0,-1.3107754702538195
0,96,5,4669337.0,6666666.0,-1.546534781227744
0,96,6,6078210.0,6666666.0,-0.40132996791397435
0,96,7,6004383.0,6666666.0,-0.45440310832130015
0,96,8,2391344.0,6666666.0,-4.452666427057866
0,96,9,5948646.0,6666666.0,-0.4949057239911381
0,96,10,2743160.0,6666666.0,-3.856575581237618
0,96,11,5963041.0,6666666.0,-0.4844090208619386
0,96,12,5935189.0,6666666.0,-0.5047414434217535
0,96,13,2378818.0,6666666.0,-4.475474814630203
0,96,14,2425313.0,6666666.0,-4.391409028648615
0,97,0,4809886.0,6666666.0,-1.4177391431310524
0,97,1,6041870.0,6666666.0,-0.4273732098178348
0,97,2,2376656.0,6666666.0,-4.479423715347841
0,97,3,5195307.0,6666666.0,-1.0829748162425938
0,97,4,3852079.0,6666666.0,-2.3821351228348946
0,97,5,3291557.0,6666666.0,-3.0650731732993424
0,97,6,4406938.0,6666666.0,-1.7977175693172192
0,97,7,2955642.0,6666666.0,-3.532568682116292
0,97,8,3870506.0,6666666.0,-2.3614095248489417
0,97,9,3186684.0,6666666.0,-3.205696976936148
0,97,10,4531940.0,6666666.0,-1.6762454606786155
0,97,11,2787660.0,6666666.0,-3.786688940602901
0,97,12,3154487.0,6666666.0,-3.2497995554617347
0,97,13,2989418.0,6666666.0,-3.4832205233134843
0,97,14,3083699.0,6666666.0,-3.3483671757134683
0,98,0,5945402.0,5882352.0,0.04630215754377588
0,98,1,2635201.0,5882352.0,-3.4873726250382426
0,98,2,4851871.0,5882352.0,-0.8364176366985638
0,98,3,5558291.0,5882352.0,-0.2460972894839233
0,98,4,3196511.0,5882352.0,-2.6487480584537684
0,98,5,6120331.0,5882352.0,0.17223901178646198
0,98,6,5959961.0,5882352.0,0.056924087364701205
0,98,7,4907956.0,5882352.0,-0.7865034852765224
0,98,8,5919510.0,5882352.0,0.02734749428932426
0,98,9,3647877.0,5882352.0,-2.075108228778543
0,98,10,5933333.0,5882352.0,0.03747714056061076
0,98,11,3534360.0,5882352.0,-2.2124022569257025
0,98,12,3581323.0,5882352.0,-2.1550751727889748
0,98,13,5136146.0,5882352.0,-0.589136486506862
0,98,14,5886263.0,5882352.0,0.0028865347048088086
0,98,15,2627334.0,5882352.0,-3.50035723125639
0,98,16,4913954.0,5882352.0,-0.7811992244428022
0,99,0,2831135.0,5000000.0,-2.4700942555474397
0,99,1,3763762.0,5000000.0,-1.2334785115217421
0,99,2,5930209.0,5000000.0,0.7409999525880466
0,99,3,5969644.0,5000000.0,0.7697842839376591
0,99,4,2722857.0,5000000.0,-2.6394517083361824
0,99,5,2411128.0,5000000.0,-3.1674973787473797
0,99,6,5623085.0,5000000.0,0.5100464413016014
0,99,7,3874179.0,5000000.0,-1.1079032163482174
0,99,8,5962291.0,5000000.0,0.7644316437671073
0,99,9,2557610.0,5000000.0,-2.911356830209606
0,99,10,5842191.0,5000000.0,0.6760574701600608
0,99,11,3150326.0,5000000.0,-2.0061450683994124
0,99,12,5989470.0,5000000.0,0.7841838962940423
0,99,13,3600763.0,5000000.0,-1.4257546701901247
0,99,14,2258089.0,5000000.0,-3.452289491885387
0,99,15,4433469.0,5000000.0,-0.5222632822771864
0,99,16,5921775.0,5000000.0,0.7348189785356906
0,99,17,2403484.0,5000000.0,-3.181287689613632
0,99,18,3163959.0,5000000.0,-1.9873915725662736
0,99,19,5972785.0,5000000.0,0.772068775642174
