 


 Number of tacts (im units) = 1
 Number of massive (im units) = 100
 Trajectory File: sinus.txt
 Coef Load Impact: 10
 Command Line: ping 192.168.1.4 > /dev/null 2>&1
cycle , cPeriod , count , procDur , procTime , spb
0,0,0,1.6644036E7,5000000.0,5.222886421374769
0,0,1,2164778.0,5000000.0,-3.635566386667058
0,0,2,1924445.0,5000000.0,-4.146645007203383
0,0,3,2009932.0,5000000.0,-3.9578863971370275
0,0,4,1893512.0,5000000.0,-4.217019425595176
0,0,5,1860816.0,5000000.0,-4.292665727073224
0,0,6,1766507.0,5000000.0,-4.518546416167537
0,0,7,1839376.0,5000000.0,-4.342994887825867
0,0,8,1799720.0,5000000.0,-4.437650614070919
0,0,9,1897454.0,5000000.0,-4.207987482471957
0,0,10,1895476.0,5000000.0,-4.212517144570011
0,0,11,1828978.0,5000000.0,-4.36761522772158
0,0,12,1905059.0,5000000.0,-4.190615739424132
0,0,13,1822098.0,5000000.0,-4.383982729094367
0,0,14,1958233.0,5000000.0,-4.071056393438889
0,0,15,1906391.0,5000000.0,-4.187580252806465
0,0,16,2107053.0,5000000.0,-3.752945445143209
0,0,17,1788692.0,5000000.0,-4.464344397419586
0,0,18,1776418.0,5000000.0,-4.494248392145489
0,0,19,1791422.0,5000000.0,-4.457721009642549
0,1,0,2029928.0,4347826.0,-3.3079152120460393
0,1,1,2580009.0,4347826.0,-2.266509343551788
0,1,2,2376932.0,4347826.0,-2.622553978204179
0,1,3,2330188.0,4347826.0,-2.7088119389760266
0,1,4,2219036.0,4347826.0,-2.921078073346642
0,1,5,2202865.0,4347826.0,-2.9528427255861773
0,1,6,3883102.0,4347826.0,-0.4909335670119186
0,1,7,2598758.0,4347826.0,-2.235063160255796
0,1,8,3411320.0,4347826.0,-1.0534969484082257
0,1,9,3668534.0,4347826.0,-0.73779606822631
0,1,10,2667632.0,4347826.0,-2.1214623687076486
0,1,11,5294824.0,4347826.0,0.8557937343420743
0,1,12,5350961.0,4347826.0,0.9015963037283782
0,1,13,2112665.0,4347826.0,-3.1344151777364724
0,1,14,5657629.0,4347826.0,1.1436230982241975
0,1,15,6023497.0,4347826.0,1.4157654308119891
0,1,16,3096997.0,4347826.0,-1.4733137063203825
0,1,17,3239256.0,4347826.0,-1.2782688342281143
0,1,18,5029916.0,4347826.0,0.6328857706734363
0,1,19,5795924.0,4347826.0,1.2485052678263604
0,1,20,4503893.0,4347826.0,0.15315909037546682
0,1,21,5873330.0,4347826.0,1.3061224758163976
0,1,22,5732214.0,4347826.0,1.2005024019087347
0,2,0,2521860.0,4000000.0,-2.003390180976848
0,2,1,3910550.0,4000000.0,-0.09822148211669099
0,2,2,2531028.0,4000000.0,-1.9876304167416072
0,2,3,2966424.0,4000000.0,-1.298267651683728
0,2,4,3190385.0,4000000.0,-0.9821689658222776
0,2,5,2977878.0,4000000.0,-1.281530900582525
0,2,6,3048882.0,4000000.0,-1.1791937501130125
0,2,7,4771152.0,4000000.0,0.765632612631826
0,2,8,2594590.0,4000000.0,-1.879912514192149
0,2,9,2637864.0,4000000.0,-1.8080759040271497
0,2,10,2650445.0,4000000.0,-1.7874119481770987
0,2,11,2645057.0,4000000.0,-1.7962495597046735
0,2,12,5879724.0,4000000.0,1.6729694901854042
0,2,13,3653360.0,4000000.0,-0.3936752187812924
0,2,14,3219102.0,4000000.0,-0.9432525343224135
0,2,15,4981685.0,4000000.0,0.9531627159816995
0,2,16,3194972.0,4000000.0,-0.9759293487384951
0,2,17,3124908.0,4000000.0,-1.0722275546562374
0,2,18,2450958.0,4000000.0,-2.127241221503536
0,2,19,5829669.0,4000000.0,1.6358390553149236
0,2,20,2949845.0,4000000.0,-1.322607948119075
0,2,21,5925799.0,4000000.0,1.7068692502442027
0,2,22,4173084.0,4000000.0,0.1839713538454137
0,2,23,4103160.0,4000000.0,0.11058460994125706
0,2,24,5368969.0,4000000.0,1.2783090506071653
0,3,0,2230132.0,4000000.0,-2.5372942192329573
0,3,1,6010959.0,4000000.0,1.7688377438238043
0,3,2,5927433.0,4000000.0,1.7080666235647033
0,3,3,2234458.0,4000000.0,-2.528877954730776
0,3,4,2458084.0,4000000.0,-2.114632713970774
0,3,5,2754224.0,4000000.0,-1.6206073296410681
0,3,6,4875369.0,4000000.0,0.8594750021410209
0,3,7,5896561.0,4000000.0,1.6853880435309352
0,3,8,2370919.0,4000000.0,-2.27143274318958
0,3,9,3503086.0,4000000.0,-0.5760919204424627
0,3,10,2388996.0,4000000.0,-2.238445687356324
0,3,11,2918112.0,4000000.0,-1.369580348025663
0,3,12,3626925.0,4000000.0,-0.4252141628872305
0,3,13,2857272.0,4000000.0,-1.4610840601128314
0,3,14,2882510.0,4000000.0,-1.4228916870475197
0,3,15,2642251.0,4000000.0,-1.8008592038964955
0,3,16,2746977.0,4000000.0,-1.6320496817056063
0,3,17,2356304.0,4000000.0,-2.298286708302771
0,3,18,3833073.0,4000000.0,-0.18512900955612815
0,3,19,5041216.0,4000000.0,1.0047531463992125
0,3,20,5371044.0,4000000.0,1.2799871883546006
0,3,21,4389167.0,4000000.0,0.40322113964195905
0,3,22,6020088.0,4000000.0,1.7754284837422707
0,3,23,3095136.0,4000000.0,-1.1138025469173343
0,3,24,2437097.0,4000000.0,-2.1518717624812758
0,4,0,5956419.0,4347826.0,1.3671308499038992
0,4,1,3801142.0,4347826.0,-0.5835806136704944
0,4,2,2256183.0,4347826.0,-2.8489783273922917
0,4,3,5894829.0,4347826.0,1.3219905609666982
0,4,4,3575896.0,4347826.0,-0.8488727584459376
0,4,5,2260765.0,4347826.0,-2.8401673426360494
0,4,6,5965833.0,4347826.0,1.3739893680804047
0,4,7,2557305.0,4347826.0,-2.3048962753702664
0,4,8,5925278.0,4347826.0,1.3443657593138802
0,4,9,6029071.0,4347826.0,1.41978242970337
0,4,10,2583320.0,4347826.0,-2.2609394903556073
0,4,11,5916558.0,4347826.0,1.3379697096359446
0,4,12,6042788.0,4347826.0,1.4296520280346892
0,4,13,2318135.0,4347826.0,-2.7313343115477764
0,4,14,2417282.0,4347826.0,-2.549448371603251
0,4,15,5692307.0,4347826.0,1.1701615930801965
0,4,16,3894469.0,4347826.0,-0.4782390409427997
0,4,17,4594462.0,4347826.0,0.23962508606097946
0,4,18,2650103.0,4347826.0,-2.150094015626031
0,4,19,4424735.0,4347826.0,0.07615110362415854
0,4,20,2665464.0,4347826.0,-2.124993340168249
0,4,21,5982970.0,4347826.0,1.3864466989767312
0,4,22,3917645.0,4347826.0,-0.4524707573738607
0,5,0,5510903.0,5000000.0,0.4225276253494514
0,5,1,3643748.0,5000000.0,-1.3742167061075514
0,5,2,3591762.0,5000000.0,-1.4366245293071445
0,5,3,3422199.0,5000000.0,-1.6466474428316824
0,5,4,1978785.0,5000000.0,-4.025713947612794
0,5,5,4142835.0,5000000.0,-0.8167236768665025
0,5,6,2383174.0,5000000.0,-3.2181425217792556
0,5,7,3905711.0,5000000.0,-1.0726989947243284
0,5,8,2309615.0,5000000.0,-3.3543041289006315
0,5,9,3465133.0,5000000.0,-1.5925009581890783
0,5,10,2427017.0,5000000.0,-3.138971859849925
0,5,11,2666035.0,5000000.0,-2.7310415775514367
0,5,12,3123861.0,5000000.0,-2.0427830316277102
0,5,13,3149963.0,5000000.0,-2.0066455181314975
0,5,14,4243179.0,5000000.0,-0.7127865131733593
0,5,15,3546063.0,5000000.0,-1.4922355724785075
0,5,16,3641550.0,5000000.0,-1.3768372696045748
0,5,17,2974657.0,5000000.0,-2.2553310875724275
0,5,18,3191215.0,5000000.0,-1.950139396698842
0,5,19,2915710.0,5000000.0,-2.3422567799011067
0,6,0,2493556.0,5882352.0,-3.7273188313410524
0,6,1,2992508.0,5882352.0,-2.9351568903653575
0,6,2,2557147.0,5882352.0,-3.617953145639518
0,6,3,2649350.0,5882352.0,-3.464116733259255
0,6,4,2671788.0,5882352.0,-3.4274901419443786
0,6,5,5439689.0,5882352.0,-0.33976938378484023
0,6,6,2837945.0,5882352.0,-3.165470346544319
0,6,7,2304578.0,5882352.0,-4.0695959743504435
0,6,8,2877291.0,5882352.0,-3.1056722186951218
0,6,9,2416557.0,5882352.0,-3.8635396571452842
0,6,10,3484213.0,5882352.0,-2.274463123118804
0,6,11,2443308.0,5882352.0,-3.8157279215334756
0,6,12,2611860.0,5882352.0,-3.526011148075856
0,6,13,3003240.0,5882352.0,-2.9196096947281287
0,6,14,2594868.0,5882352.0,-3.554357387920093
0,6,15,2630061.0,5882352.0,-3.495851877717753
0,6,16,5821519.0,5882352.0,-0.04514689906683501
0,7,0,5946347.0,6666666.0,-0.496584485847203
0,7,1,2466261.0,6666666.0,-4.318696622131014
0,7,2,2518674.0,6666666.0,-4.22736738497613
0,7,3,5542924.0,6666666.0,-0.8016977356915111
0,7,4,6074936.0,6666666.0,-0.40366990552049764
0,7,5,5998516.0,6666666.0,-0.4586487591898998
0,7,6,2424527.0,6666666.0,-4.392816726493348
0,7,7,2358270.0,6666666.0,-4.513151712268347
0,7,8,2435371.0,6666666.0,-4.373435672908884
0,7,9,2390518.0,6666666.0,-4.454166793424021
0,7,10,2562996.0,6666666.0,-4.151607691219951
0,7,11,2566039.0,6666666.0,-4.146454447915934
0,7,12,4857159.0,6666666.0,-1.3752637709878468
0,7,13,2746198.0,6666666.0,-3.851768509916247
0,7,14,2562383.0,6666666.0,-4.152646531542495
0,8,0,4904063.0,6666666.0,-1.3335265680862567
0,8,1,6008981.0,6666666.0,-0.4510786670985101
0,8,2,2655908.0,6666666.0,-3.996956704123917
0,8,3,5846880.0,6666666.0,-0.5698451694466616
0,8,4,5253850.0,6666666.0,-1.0343102820875025
0,8,5,6108522.0,6666666.0,-0.37972555176170897
0,8,6,2686347.0,6666666.0,-3.947465870035784
0,8,7,6003684.0,6666666.0,-0.45490872149483297
0,8,8,6105439.0,6666666.0,-0.38191800991045183
0,8,9,2330755.0,6666666.0,-4.564120729604705
0,8,10,5996323.0,6666666.0,-0.46023678852389205
0,8,11,5971731.0,6666666.0,-0.4780846106181719
0,8,12,2292117.0,6666666.0,-4.6367191530262595
0,8,13,2474938.0,6666666.0,-4.303443736776614
0,8,14,2656086.0,6666666.0,-3.9966656480052247
0,9,0,6082639.0,5882352.0,0.14541033045848886
0,9,1,4561781.0,5882352.0,-1.1041657711429629
0,9,2,2379145.0,5882352.0,-3.9313009766444034
0,9,3,3042765.0,5882352.0,-2.8628259708017727
0,9,4,2637993.0,5882352.0,-3.4827737033722386
0,9,5,4565474.0,5882352.0,-1.100651352822906
0,9,6,5469010.0,5882352.0,-0.3164229165851129
0,9,7,4112806.0,5882352.0,-1.554127847011777
0,9,8,5087455.0,5882352.0,-0.6305042834370893
0,9,9,2585415.0,5882352.0,-3.5702074497576177
0,9,10,2899220.0,5882352.0,-3.0726983718738814
0,9,11,2778321.0,5882352.0,-3.25768587576444
0,9,12,2614598.0,5882352.0,-3.521460844982514
0,9,13,1862144.0,5882352.0,-4.995377471040607
0,9,14,4958995.0,5882352.0,-0.7415733872885432
0,9,15,6028277.0,5882352.0,0.10642190846337748
0,9,16,5316787.0,5882352.0,-0.43901747085907816
0,10,0,2432463.0,5000000.0,-3.129237613639915
0,10,1,5928581.0,5000000.0,0.7398075351137854
0,10,2,5975713.0,5000000.0,0.7741972678902647
0,10,3,2405549.0,5000000.0,-3.1775579661525954
0,10,4,3798868.0,5000000.0,-1.1931580103335782
0,10,5,6038041.0,5000000.0,0.8192605334299513
0,10,6,5941756.0,5000000.0,0.7494480906408094
0,10,7,2305967.0,5000000.0,-3.361169163905436
0,10,8,2318265.0,5000000.0,-3.338069258319884
0,10,9,2344016.0,5000000.0,-3.290094325326301
0,10,10,3411762.0,5000000.0,-1.6599127659194322
0,10,11,5960181.0,5000000.0,0.7628944434845102
0,10,12,3148431.0,5000000.0,-2.008758244516659
0,10,13,4254996.0,5000000.0,-0.7007084818303709
0,10,14,3486066.0,5000000.0,-1.5663439919702196
0,10,15,5990808.0,5000000.0,0.7851539673044184
0,10,16,6068042.0,5000000.0,0.8407857376171866
0,10,17,5977744.0,5000000.0,0.7756730787811784
0,10,18,5008325.0,5000000.0,0.0072249899872449674
0,10,19,2778211.0,5000000.0,-2.5520477781714495
0,11,0,6109120.0,4347826.0,1.4770650066312028
0,11,1,6193807.0,4347826.0,1.5368551325074429
0,11,2,3716814.0,4347826.0,-0.6810132699465774
0,11,3,2332237.0,4347826.0,-2.7049947432004036
0,11,4,5452255.0,4347826.0,0.983040041374118
0,11,5,4234612.0,4347826.0,-0.11458531415744189
0,11,6,2468476.0,4347826.0,-2.458432461911336
0,11,7,5063531.0,4347826.0,0.6618131786905114
0,11,8,3379038.0,4347826.0,-1.0947907950341569
0,11,9,2555418.0,4347826.0,-2.3081020571994895
0,11,10,4953784.0,4347826.0,0.5666491081014186
0,11,11,5457155.0,4347826.0,0.9869413396192643
0,11,12,3695577.0,4347826.0,-0.7058989975036298
0,11,13,5454940.0,4347826.0,0.9851782276034183
0,11,14,3276464.0,4347826.0,-1.2286675476912126
0,11,15,6053644.0,4347826.0,1.43744722278521
0,11,16,4930563.0,4347826.0,0.5462435705031261
0,11,17,4142644.0,4347826.0,-0.20994541688920662
0,11,18,3473020.0,4347826.0,-0.9756487101695912
0,11,19,6106404.0,4347826.0,1.4751337856172106
0,11,20,3963487.0,4347826.0,-0.40194717224655285
0,11,21,2767076.0,4347826.0,-1.962510677394661
0,11,22,5025093.0,4347826.0,0.6287194841055017
0,12,0,3362240.0,4000000.0,-0.7543128075052921
0,12,1,3285457.0,4000000.0,-0.8546420380231945
0,12,2,5945674.0,4000000.0,1.7214110192265357
0,12,3,2833740.0,4000000.0,-1.4969999077476728
0,12,4,2402226.0,4000000.0,-2.214461281712365
0,12,5,5185924.0,4000000.0,1.1276615654260926
0,12,6,3310850.0,4000000.0,-0.8212048609626872
0,12,7,3404659.0,4000000.0,-0.6998637047840023
0,12,8,3482126.0,4000000.0,-0.6021550940745641
0,12,9,4666602.0,4000000.0,0.6694077150823832
0,12,10,5311942.0,4000000.0,1.2319333308593938
0,12,11,4365746.0,4000000.0,0.3799847343789876
0,12,12,4368807.0,4000000.0,0.3830286805626739
0,12,13,3309783.0,4000000.0,-0.8226047035946613
0,12,14,2968955.0,4000000.0,-1.2945637621753312
0,12,15,2802402.0,4000000.0,-1.5452955707375968
0,12,16,2720230.0,4000000.0,-1.6745436541586618
0,12,17,2056332.0,4000000.0,-2.8896675740171505
0,12,18,2999543.0,4000000.0,-1.2500489917388657
0,12,19,3582121.0,4000000.0,-0.4791973959028003
0,12,20,2886329.0,4000000.0,-1.4171415842324526
0,12,21,5833031.0,4000000.0,1.63834293192772
0,12,22,5917808.0,4000000.0,1.7010087928151267
0,12,23,4949957.0,4000000.0,0.9254143493008425
0,12,24,6005472.0,4000000.0,1.7648715512199862
0,13,0,2560160.0,4000000.0,-1.937928834591899
0,13,1,6021570.0,4000000.0,1.7764974800971414
0,13,2,3492294.0,4000000.0,-0.5894919352151297
0,13,3,2771773.0,4000000.0,-1.5930233136372909
0,13,4,3020455.0,4000000.0,-1.2198762151484155
0,13,5,3043772.0,4000000.0,-1.1864787373218588
0,13,6,2919919.0,4000000.0,-1.3668918725658352
0,13,7,6050583.0,4000000.0,1.7973723150374634
0,13,8,5976986.0,4000000.0,1.7442224725126594
0,13,9,2348761.0,4000000.0,-2.3122116427446744
0,13,10,2760546.0,4000000.0,-1.610650029817745
0,13,11,2366544.0,4000000.0,-2.279454078230998
0,13,12,6037638.0,4000000.0,1.788070790491745
0,13,13,3239334.0,4000000.0,-0.9160426194125126
0,13,14,4519613.0,4000000.0,0.5304125782854725
0,13,15,3419699.0,4000000.0,-0.6807210994783642
0,13,16,3323858.0,4000000.0,-0.8041752950521608
0,13,17,4473369.0,4000000.0,0.48574732477174803
0,13,18,3222273.0,4000000.0,-0.9389765904024777
0,13,19,3853966.0,4000000.0,-0.1615211237270003
0,13,20,3436488.0,4000000.0,-0.6594515960925695
0,13,21,3007259.0,4000000.0,-1.23889158030601
0,13,22,3445825.0,4000000.0,-0.6476677377724434
0,13,23,3169812.0,4000000.0,-1.0102648613979532
0,13,24,4716610.0,4000000.0,0.7156997610912033
0,14,0,3310537.0,4347826.0,-1.1837370918821797
0,14,1,5895471.0,4347826.0,1.3224635210400757
0,14,2,2498018.0,4347826.0,-2.4067659184586683
0,14,3,5839996.0,4347826.0,1.281403943538063
0,14,4,2866887.0,4347826.0,-1.8086157997947396
0,14,5,3805657.0,4347826.0,-0.5784251210222449
0,14,6,6008738.0,4347826.0,1.4051111251520374
0,14,7,4472066.0,4347826.0,0.12236049068498236
0,14,8,4193999.0,4347826.0,-0.15643832718583314
0,14,9,3282505.0,4347826.0,-1.2206675900544808
0,14,10,3084427.0,4347826.0,-1.4909765916435316
0,14,11,5025668.0,4347826.0,0.6292164003636176
0,14,12,6060502.0,4347826.0,1.4423644358930439
0,14,13,3972986.0,4347826.0,-0.3915512060447174
0,14,14,6165693.0,4347826.0,1.5170974139543008
0,14,15,3234779.0,4347826.0,-1.2842754026368994
0,14,16,5994791.0,4347826.0,1.3950189133285529
0,14,17,3404200.0,4347826.0,-1.0625708791898205
0,14,18,5952737.0,4347826.0,1.3644453995943742
0,14,19,3775763.0,4347826.0,-0.6126742894550432
0,14,20,5471618.0,4347826.0,0.998436142848574
0,14,21,2555449.0,4347826.0,-2.3080493728743483
0,14,22,5191912.0,4347826.0,0.7705516750999191
0,15,0,5990902.0,5000000.0,0.7852221106350449
0,15,1,2139257.0,5000000.0,-3.6870704258954157
0,15,2,3123995.0,5000000.0,-2.0425967422491333
0,15,3,2192781.0,5000000.0,-3.5797474486135594
0,15,4,2269737.0,5000000.0,-3.4299446699572824
0,15,5,2657760.0,5000000.0,-2.744542434484982
0,15,6,3439150.0,5000000.0,-1.625188861611064
0,15,7,2514396.0,5000000.0,-2.9853632721868
0,15,8,2791302.0,5000000.0,-2.531631775793361
0,15,9,4992960.0,5000000.0,-0.0061191752161825295
0,15,10,5018266.0,5000000.0,0.01583673621134741
0,15,11,6020252.0,5000000.0,0.8064466631031951
0,15,12,2734956.0,5000000.0,-2.6201966054441765
0,15,13,3379772.0,5000000.0,-1.7008260065058982
0,15,14,2779132.0,5000000.0,-2.55060829451354
0,15,15,5987107.0,5000000.0,0.7824701547566169
0,15,16,2850358.0,5000000.0,-2.44070594271275
0,15,17,2794965.0,5000000.0,-2.5259363054006663
0,15,18,3425225.0,5000000.0,-1.6428089915022823
0,15,19,3471825.0,5000000.0,-1.5841217822608025
0,16,0,2771945.0,5882352.0,-3.267664002343271
0,16,1,3444953.0,5882352.0,-2.3236770799397464
0,16,2,2475789.0,5882352.0,-3.758373801114147
0,16,3,3513331.0,5882352.0,-2.2383194140870417
0,16,4,2486480.0,5882352.0,-3.7396603879964765
0,16,5,2785919.0,5882352.0,-3.2458252388241737
0,16,6,5895667.0,5882352.0,0.009819365192030846
0,16,7,3651839.0,5882352.0,-2.070393867545133
0,16,8,3582372.0,5882352.0,-2.1538032735392916
0,16,9,3923971.0,5882352.0,-1.7582522005628343
0,16,10,2178647.0,5882352.0,-4.3136414069252655
0,16,11,3638774.0,5882352.0,-2.0859592623340655
0,16,12,2118159.0,5882352.0,-4.435924517432948
0,16,13,6024570.0,5882352.0,0.10375045715369338
0,16,14,4566149.0,5882352.0,-1.100009300964614
0,16,15,5458267.0,5882352.0,-0.3249623306079927
0,16,16,4483806.0,5882352.0,-1.1790419534372523
0,17,0,4682776.0,6666666.0,-1.5340531365776062
0,17,1,5919182.0,6666666.0,-0.5164700387169721
0,17,2,3172165.0,6666666.0,-3.22552928476546
0,17,3,2122291.0,6666666.0,-4.971037651552486
0,17,4,4005383.0,6666666.0,-2.212646472984222
0,17,5,2216098.0,6666666.0,-4.783197357192379
0,17,6,2899273.0,6666666.0,-3.616195863987892
0,17,7,2674654.0,6666666.0,-3.9664108895564247
0,17,8,2870294.0,6666666.0,-3.659823143563859
0,17,9,2559700.0,6666666.0,-4.157196290699135
0,17,10,2740977.0,6666666.0,-3.8600330619827856
0,17,11,2473536.0,6666666.0,-4.3059046201920665
0,17,12,3126834.0,6666666.0,-3.2880387185160447
0,17,13,2777730.0,6666666.0,-3.8021866821148596
0,17,14,2710062.0,6666666.0,-3.909294708656028
0,18,0,3199474.0,6666666.0,-3.1883011221820015
0,18,1,2683828.0,6666666.0,-3.951540180016932
0,18,2,2461915.0,6666666.0,-4.326356430983759
0,18,3,5903112.0,6666666.0,-0.5282767432746384
0,18,4,3557304.0,6666666.0,-2.727877168157282
0,18,5,4499009.0,6666666.0,-1.7079183556814403
0,18,6,2685887.0,6666666.0,-3.94820960332128
0,18,7,2713075.0,6666666.0,-3.9044689798993697
0,18,8,5984373.0,6666666.0,-0.4689004267296045
0,18,9,3605376.0,6666666.0,-2.6695813408771407
0,18,10,3794558.0,6666666.0,-2.447475020898147
0,18,11,2241287.0,6666666.0,-4.73411225390499
0,18,12,3701003.0,6666666.0,-2.5558926038438305
0,18,13,2155533.0,6666666.0,-4.903540214693841
0,18,14,2853709.0,6666666.0,-3.6849901259666247
0,19,0,2723843.0,5555555.0,-3.0954537987064494
0,19,1,2575087.0,5555555.0,-3.339355450874498
0,19,2,2221073.0,5555555.0,-3.9816461872868683
0,19,3,3612355.0,5555555.0,-1.8693702794173181
0,19,4,3401518.0,5555555.0,-2.130546779845657
0,19,5,3298873.0,5555555.0,-2.263618550673602
0,19,6,2559565.0,5555555.0,-3.365612885585602
0,19,7,2844929.0,5555555.0,-2.90656019151964
0,19,8,3775416.0,5555555.0,-1.677626394621429
0,19,9,3349346.0,5555555.0,-2.197674373615492
0,19,10,3601360.0,5555555.0,-1.8826091487827532
0,19,11,3376264.0,5555555.0,-2.1629105342460084
0,19,12,2895102.0,5555555.0,-2.8306358210610547
0,19,13,5920818.0,5555555.0,0.27654260043649825
0,19,14,3227946.0,5555555.0,-2.3580119062730494
0,19,15,4139432.0,5555555.0,-1.2778669879784907
0,19,16,3252414.0,5555555.0,-2.3252162965229237
0,19,17,2756345.0,5555555.0,-3.0439387603318906
0,20,0,5930563.0,4761904.0,0.9531528797099456
0,20,1,5644585.0,4761904.0,0.7385138154751575
0,20,2,2784433.0,4761904.0,-2.3304386357306335
0,20,3,5445762.0,4761904.0,0.582780213598916
0,20,4,5939033.0,4761904.0,0.959351026447357
0,20,5,2647704.0,4761904.0,-2.549112042379056
0,20,6,2666949.0,4761904.0,-2.517659250123491
0,20,7,2665069.0,4761904.0,-2.520721781644622
0,20,8,5031294.0,4761904.0,0.23899059969983877
0,20,9,5012691.0,4761904.0,0.22290298211512058
0,20,10,2845376.0,4761904.0,-2.2364097174892503
0,20,11,3828694.0,4761904.0,-0.947299780815595
0,20,12,2462749.0,4761904.0,-2.863604843822981
0,20,13,5141392.0,4761904.0,0.33300081674289767
0,20,14,2854454.0,4761904.0,-2.2225758710752537
0,20,15,5127326.0,4761904.0,0.32110295373185505
0,20,16,4497105.0,4761904.0,-0.24847608031286927
0,20,17,5355505.0,4761904.0,0.5101979333338929
0,20,18,3035910.0,4761904.0,-1.9549174308869322
0,20,19,2286778.0,4761904.0,-3.1855663035661177
0,20,20,2812506.0,4761904.0,-2.286871781656327
0,21,0,2371808.0,4166666.0,-2.44709159216745
0,21,1,2827751.0,4166666.0,-1.6834752415979137
0,21,2,2541533.0,4166666.0,-2.146929357207001
0,21,3,2787309.0,4166666.0,-1.7460357170041074
0,21,4,2458608.0,4166666.0,-2.2909939837405306
0,21,5,3363252.0,4166666.0,-0.9302927967598373
0,21,6,2399453.0,4166666.0,-2.396764413219787
0,21,7,2584323.0,4166666.0,-2.074418960606298
0,21,8,3134760.0,4166666.0,-1.235843923316816
0,21,9,2561475.0,4166666.0,-2.1129856728304817
0,21,10,2402736.0,4166666.0,-2.3908263337055766
0,21,11,3013905.0,4166666.0,-1.4065912981602637
0,21,12,2481945.0,4166666.0,-2.249965355149351
0,21,13,5852183.0,4166666.0,1.4752920941884313
0,21,14,4262689.0,4166666.0,0.09894959466115869
0,21,15,5864906.0,4166666.0,1.4847236703502544
0,21,16,3180161.0,4166666.0,-1.1733958150815214
0,21,17,4928934.0,4166666.0,0.7296431405061026
0,21,18,5849873.0,4166666.0,1.4735774890519873
0,21,19,5891000.0,4166666.0,1.50400333934722
0,21,20,2689254.0,4166666.0,-1.9015686553341307
0,21,21,2288970.0,4166666.0,-2.601485880969498
0,21,22,2750071.0,4166666.0,-1.8044478242185547
0,21,23,2458867.0,4166666.0,-2.2905365039529686
0,22,0,2424591.0,4000000.0,-2.1742150258514488
0,22,1,2409006.0,4000000.0,-2.202221096510609
0,22,2,4611087.0,4000000.0,0.6174332504964969
0,22,3,4463741.0,4000000.0,0.4763899622924054
0,22,4,2837338.0,4000000.0,-1.491489167971046
0,22,5,3887731.0,4000000.0,-0.12363783750995395
0,22,6,5906633.0,4000000.0,1.6927999611584057
0,22,7,5925190.0,4000000.0,1.7064228987376544
0,22,8,2690826.0,4000000.0,-1.7217437594363727
0,22,9,5947261.0,4000000.0,1.7225700692791448
0,22,10,4769766.0,4000000.0,0.7643708217723886
0,22,11,5339103.0,4000000.0,1.2540830785925032
0,22,12,5963314.0,4000000.0,1.7342768651970442
0,22,13,2555140.0,4000000.0,-1.9464529055126594
0,22,14,2954513.0,4000000.0,-1.3157408609136199
0,22,15,2538902.0,4000000.0,-1.974140536210881
0,22,16,2569857.0,4000000.0,-1.9215103369268947
0,22,17,3784172.0,4000000.0,-0.24089123388576655
0,22,18,2629401.0,4000000.0,-1.8220316756205988
0,22,19,5830429.0,4000000.0,1.6364051977379355
0,22,20,3427535.0,4000000.0,-0.670780930803412
0,22,21,3554102.0,4000000.0,-0.513301037614686
0,22,22,3525609.0,4000000.0,-0.5482584517924591
0,22,23,5964611.0,4000000.0,1.7352213378446313
0,22,24,2247501.0,4000000.0,-2.503600976882643
0,23,0,4397946.0,4000000.0,0.41189901262521156
0,23,1,2551630.0,4000000.0,-1.9524229173656513
0,23,2,2569723.0,4000000.0,-1.9217367969122945
0,23,3,5763245.0,4000000.0,1.5860709083996591
0,23,4,4443150.0,4000000.0,0.45630983869389513
0,23,5,4193439.0,4000000.0,0.20510338592326455
0,23,6,5893231.0,4000000.0,1.6829347336452383
0,23,7,2301443.0,4000000.0,-2.4005976816662793
0,23,8,2786257.0,4000000.0,-1.5703881874678194
0,23,9,2432238.0,4000000.0,-2.1605392194872035
0,23,10,5867244.0,4000000.0,1.6637415818888421
0,23,11,3221664.0,4000000.0,-0.9397974716130371
0,23,12,4585230.0,4000000.0,0.5930113389630186
0,23,13,4734051.0,4000000.0,0.7317294095104807
0,23,14,3032951.0,4000000.0,-1.201945973712436
0,23,15,2956566.0,4000000.0,-1.3127241304412374
0,23,16,3120558.0,4000000.0,-1.0782773235662666
0,23,17,2481537.0,4000000.0,-2.0733923636603455
0,23,18,2772711.0,4000000.0,-1.5915538595711896
0,23,19,5579010.0,4000000.0,1.4449714852673856
0,23,20,3336067.0,4000000.0,-0.7882522710863631
0,23,21,3278706.0,4000000.0,-0.8635751589132856
0,23,22,2372455.0,4000000.0,-2.268620077152621
0,23,23,2958782.0,4000000.0,-1.3094702335718793
0,23,24,5775743.0,4000000.0,1.5954786910532772
0,24,0,3272280.0,4545454.0,-1.4272680908878148
0,24,1,6092272.0,4545454.0,1.2720201786124063
0,24,2,2354984.0,4545454.0,-2.8558930622824503
0,24,3,5975669.0,4545454.0,1.18809266280578
0,24,4,5956763.0,4545454.0,1.1743305423166415
0,24,5,2444392.0,4545454.0,-2.694064133702279
0,24,6,4476968.0,4545454.0,-0.06593276872237129
0,24,7,5418886.0,4545454.0,0.7633274756098939
0,24,8,2617079.0,4545454.0,-2.3976043446986655
0,24,9,5879036.0,4545454.0,1.117288525165727
0,24,10,4230081.0,4545454.0,-0.3122858348972032
0,24,11,6104439.0,4545454.0,1.2806849124313848
0,24,12,3637213.0,4545454.0,-0.9680853240422342
0,24,13,2217638.0,4545454.0,-3.11686612279677
0,24,14,3677501.0,4545454.0,-0.9202446756786868
0,24,15,2311586.0,4545454.0,-2.9366721154201225
0,24,16,2995468.0,4545454.0,-1.8111258259447405
0,24,17,3082269.0,4545454.0,-1.6870672868342071
0,24,18,2826071.0,4545454.0,-2.0639419853757195
0,24,19,3602018.0,4545454.0,-1.0103138831765512
0,24,20,5830215.0,4545454.0,1.0810730340701253
0,24,21,2878618.0,4545454.0,-1.983932303536347
0,25,0,4874563.0,5263157.0,-0.33310637530329124
0,25,1,3431880.0,5263157.0,-1.8571423142766021
0,25,2,3150548.0,5263157.0,-2.2286022454596663
0,25,3,3175432.0,5263157.0,-2.19443508202149
0,25,4,3321989.0,5263157.0,-1.9984813516530644
0,25,5,5848642.0,5263157.0,0.45808713451250643
0,25,6,3050625.0,5263157.0,-2.3685750021650636
0,25,7,4842553.0,5263157.0,-0.3617194260311895
0,25,8,3392099.0,5263157.0,-1.9077780635934718
0,25,9,3360698.0,5263157.0,-1.948168376885326
0,25,10,3071869.0,5263157.0,-2.338436339716276
0,25,11,5883117.0,5263157.0,0.4836116025161425
0,25,12,3919978.0,5263157.0,-1.2796269557047546
0,25,13,4491038.0,5263157.0,-0.6889959544485944
0,25,14,3202700.0,5263157.0,-2.1573006543136355
0,25,15,4891958.0,5263157.0,-0.3176360548052081
0,25,16,6013951.0,5263157.0,0.5791356005116937
0,25,17,3554463.0,5263157.0,-1.7047232739541638
0,25,18,3360406.0,5263157.0,-1.9485457374760726
0,26,0,3417941.0,6250000.0,-2.6211545562278156
0,26,1,5764553.0,6250000.0,-0.3511438084950673
0,26,2,2672592.0,6250000.0,-3.689473532650819
0,26,3,4463350.0,6250000.0,-1.4621907334272553
0,26,4,5966949.0,6250000.0,-0.20127691434488953
0,26,5,2574130.0,6250000.0,-3.8524954126483655
0,26,6,2339877.0,6250000.0,-4.266869888336178
0,26,7,2738852.0,6250000.0,-3.583114525307593
0,26,8,2319680.0,6250000.0,-4.304519392719343
0,26,9,2977497.0,6250000.0,-3.2202868476578472
0,26,10,5773837.0,6250000.0,-0.3441549810414837
0,26,11,3286781.0,6250000.0,-2.79109249575228
0,26,12,5856824.0,6250000.0,-0.2821784385005195
0,26,13,5975003.0,6250000.0,-0.19541889668147835
0,26,14,5963396.0,6250000.0,-0.2038636766553188
0,26,15,2732484.0,6250000.0,-3.5932238971668227
0,27,0,2465409.0,6666666.0,-4.320197204701473
0,27,1,5299460.0,6666666.0,-0.9967707904016134
0,27,2,3837272.0,6666666.0,-2.398861128298955
0,27,3,5911194.0,6666666.0,-0.5223348478298004
0,27,4,2890802.0,6666666.0,-3.628903510023638
0,27,5,5308163.0,6666666.0,-0.9896444705388536
0,27,6,6125455.0,6666666.0,-0.36770343800738686
0,27,7,2438110.0,6666666.0,-4.368554017635464
0,27,8,2257214.0,6666666.0,-4.703359622681445
0,27,9,4863566.0,6666666.0,-1.3695388376140818
0,27,10,5936170.0,6666666.0,-0.5040236774309906
0,27,11,2391467.0,6666666.0,-4.45244305121765
0,27,12,5925536.0,6666666.0,-0.5118105653505076
0,27,13,2674031.0,6666666.0,-3.96742259790511
0,27,14,6005513.0,6666666.0,-0.4535858610012591
0,28,0,5866750.0,6250000.0,-0.2748243533769219
0,28,1,5899901.0,6250000.0,-0.2503529307725893
0,28,2,2594115.0,6250000.0,-3.8189079241237134
0,28,3,5823530.0,6250000.0,-0.30693700256671985
0,28,4,3562236.0,6250000.0,-2.441573290269206
0,28,5,2749651.0,6250000.0,-3.5660244292934924
0,28,6,3595701.0,6250000.0,-2.40096446476693
0,28,7,2752588.0,6250000.0,-3.5613880512136147
0,28,8,5847627.0,6250000.0,-0.2890035466104464
0,28,9,6053713.0,6250000.0,-0.1385818966815983
0,28,10,5813428.0,6250000.0,-0.3144771929811724
0,28,11,4928632.0,6250000.0,-1.0315362490161433
0,28,12,5962398.0,6250000.0,-0.20459054799646587
0,28,13,5430946.0,6250000.0,-0.6100453272832375
0,28,14,2377011.0,6250000.0,-4.198488258438094
0,28,15,2244762.0,6250000.0,-4.4470971546395885
0,29,0,5876670.0,5555555.0,0.24403852450679664
0,29,1,3751878.0,5555555.0,-1.7047874350547882
0,29,2,3128355.0,5555555.0,-2.494114213399759
0,29,3,4131352.0,5555555.0,-1.2863525209827078
0,29,4,3170767.0,5555555.0,-2.4356312187538904
0,29,5,5904377.0,5555555.0,0.2644662834239619
0,29,6,3750072.0,5555555.0,-1.7068784536552029
0,29,7,3318830.0,5555555.0,-2.2374244429900876
0,29,8,6016376.0,5555555.0,0.3460751867326517
0,29,9,5790225.0,5555555.0,0.17967988660856773
0,29,10,4921942.0,5555555.0,-0.5259095978196402
0,29,11,2447694.0,5555555.0,-3.5597032819716627
0,29,12,6009622.0,5555555.0,0.34119704649153826
0,29,13,5798743.0,5555555.0,0.18606409797756016
0,29,14,2572048.0,5555555.0,-3.3444838226147704
0,29,15,5934457.0,5555555.0,0.2865353590219704
0,29,16,3504024.0,5555555.0,-2.001603793616484
0,29,17,3543312.0,5555555.0,-1.953180564265927
0,30,0,6049487.0,4761904.0,1.0393791201145466
0,30,1,2028988.0,4761904.0,-3.7050115727651107
0,30,2,2282936.0,4761904.0,-3.1928689916232758
0,30,3,2297978.0,4761904.0,-3.164347691831483
0,30,4,5845501.0,4761904.0,0.8904110336493049
0,30,5,5941596.0,4761904.0,0.9612248275304234
0,30,6,2691229.0,4761904.0,-2.478299817889204
0,30,7,5967081.0,4761904.0,0.979812974253331
0,30,8,5901046.0,4761904.0,0.9314836429781476
0,30,9,4593576.0,4761904.0,-0.15629729673635068
0,30,10,5926706.0,4761904.0,0.9503274839535003
0,30,11,5960566.0,4761904.0,0.9750686540517322
0,30,12,5921912.0,4761904.0,0.9468131367784033
0,30,13,5923692.0,4761904.0,0.9481183368907928
0,30,14,2276251.0,4761904.0,-3.20560486182182
0,30,15,5285277.0,4761904.0,0.45287117722386194
0,30,16,5891513.0,4761904.0,0.924462045379464
0,30,17,3697603.0,4761904.0,-1.0986035528484854
0,30,18,4432218.0,4761904.0,-0.3115952262612132
0,30,19,6062313.0,4761904.0,1.0485771965475752
0,30,20,2539421.0,4761904.0,-2.7304592906826404
0,31,0,3751942.0,4166666.0,-0.4553257265358457
0,31,1,3791917.0,4166666.0,-0.4092986615752626
0,31,2,5832345.0,4166666.0,1.4605451703757075
0,31,3,4874670.0,4166666.0,0.681565318425187
0,31,4,6003693.0,4166666.0,1.5862978760560884
0,31,5,2265561.0,4166666.0,-2.6461292879379297
0,31,6,5909707.0,4166666.0,1.5177726053385963
0,31,7,2392202.0,4166666.0,-2.4099083966326735
0,31,8,3036978.0,4166666.0,-1.3734704291962392
0,31,9,6093132.0,4166666.0,1.6505189786589434
0,31,10,2458421.0,4166666.0,-2.291324317639944
0,31,11,3163094.0,4166666.0,-1.1967659044397427
0,31,12,5647756.0,4166666.0,1.3208723682345762
0,31,13,2935914.0,4166666.0,-1.5204535890344557
0,31,14,4019472.0,4166666.0,-0.15619681126443702
0,31,15,6016339.0,4166666.0,1.5954361047138579
0,31,16,5356066.0,4166666.0,1.0905723115542945
0,31,17,2805422.0,4166666.0,-1.7179049041533379
0,31,18,2804919.0,4166666.0,-1.71868364514246
0,31,19,2539377.0,4166666.0,-2.1506150708259475
0,31,20,1797039.0,4166666.0,-3.6523118637176264
0,31,21,3305605.0,4166666.0,-1.005377320550509
0,31,22,5944316.0,4166666.0,1.5431319967137778
0,31,23,5793490.0,4166666.0,1.4315157287517766
0,32,0,2643205.0,4000000.0,-1.7992914415681929
0,32,1,4211073.0,4000000.0,0.2233277876064352
0,32,2,5896917.0,4000000.0,1.6856502373224604
0,32,3,2251420.0,4000000.0,-2.49603471597218
0,32,4,3484720.0,4000000.0,-0.5989210339615187
0,32,5,5944723.0,4000000.0,1.7207163173538045
0,32,6,3237094.0,4000000.0,-0.9190468052947759
0,32,7,2273254.0,4000000.0,-2.4541202738678622
0,32,8,5223093.0,4000000.0,1.1586776742636566
0,32,9,3580652.0,4000000.0,-0.4809787691303491
0,32,10,2463334.0,4000000.0,-2.1053669011709593
0,32,11,3447818.0,4000000.0,-0.6451565867698514
0,32,12,4840500.0,4000000.0,0.8283023313162379
0,32,13,2619480.0,4000000.0,-1.8384490441450583
0,32,14,4523923.0,4000000.0,0.5345521302455
0,32,15,3322583.0,4000000.0,-0.8058415265622848
0,32,16,4971238.0,4000000.0,0.9440456433012807
0,32,17,3634837.0,4000000.0,-0.4157505112266468
0,32,18,2760338.0,4000000.0,-1.610977271803915
0,32,19,5362272.0,4000000.0,1.272888483642204
0,32,20,3026898.0,4000000.0,-1.2106220492161088
0,32,21,2449765.0,4000000.0,-2.1293556577903656
0,32,22,4347890.0,4000000.0,0.3621855673640578
0,32,23,3797984.0,4000000.0,-0.22506860502094528
0,32,24,4203946.0,4000000.0,0.21597137519050316
0,33,0,3345983.0,4166666.0,-0.9526495869759372
0,33,1,5530039.0,4166666.0,1.2293950532893674
0,33,2,2936528.0,4166666.0,-1.5195454257427268
0,33,3,5616399.0,4166666.0,1.2966926454820795
0,33,4,4534589.0,4166666.0,0.3674924137744148
0,33,5,5858510.0,4166666.0,1.4799848676295226
0,33,6,3541480.0,4166666.0,-0.7060389527569101
0,33,7,6035165.0,4166666.0,1.6090045930400068
0,33,8,5930028.0,4166666.0,1.532680551897678
0,33,9,6056831.0,4166666.0,1.6245676718143107
0,33,10,2797948.0,4166666.0,-1.7294904995458102
0,33,11,5970438.0,4166666.0,1.5621750397055323
0,33,12,6016932.0,4166666.0,1.5958641456479934
0,33,13,5917460.0,4166666.0,1.523466421280299
0,33,14,2457920.0,4166666.0,-2.292209453704293
0,33,15,2560439.0,4166666.0,-2.114742551565219
0,33,16,5988888.0,4166666.0,1.5755750248684544
0,33,17,5982631.0,4166666.0,1.5710352821328752
0,33,18,2333630.0,4166666.0,-2.517566895753605
0,33,19,2275161.0,4166666.0,-2.627765542092122
0,33,20,2335860.0,4166666.0,-2.5134187906360377
0,33,21,5961600.0,4166666.0,1.555741444148773
0,33,22,4231068.0,4166666.0,0.06661316389974857
0,33,23,2272008.0,4166666.0,-2.6337883255906007
0,34,0,5837350.0,4545454.0,1.086384667670871
0,34,1,6161032.0,4545454.0,1.3207619743414294
0,34,2,2326438.0,4545454.0,-2.9088578406665455
0,34,3,3856588.0,4545454.0,-0.7137402147712912
0,34,4,3367437.0,4545454.0,-1.3027778762906193
0,34,5,3253252.0,4545454.0,-1.4525956161319031
0,34,6,2992842.0,4545454.0,-1.8149347716492263
0,34,7,3269516.0,4545454.0,-1.4309380005560808
0,34,8,5908929.0,4545454.0,1.1393150459034516
0,34,9,5154511.0,4545454.0,0.5461020370646584
0,34,10,2254866.0,4545454.0,-3.0445652891487374
0,34,11,4260943.0,4545454.0,-0.2807154251960203
0,34,12,2300730.0,4545454.0,-2.957116116229639
0,34,13,3418648.0,4545454.0,-1.2372288095657198
0,34,14,3157824.0,4545454.0,-1.5818934593699017
0,34,15,3148207.0,4545454.0,-1.595139868308947
0,34,16,3408786.0,4545454.0,-1.249775295285963
0,34,17,6065350.0,4545454.0,1.2527859975315234
0,34,18,3177914.0,4545454.0,-1.5543512681249188
0,34,19,4861789.0,4545454.0,0.29218839620071557
0,34,20,5943784.0,4545454.0,1.1648575150423537
0,34,21,6071263.0,4545454.0,1.2570177934612101
0,35,0,2439492.0,5263157.0,-3.339469269793331
0,35,1,4117380.0,5263157.0,-1.0662537459383308
0,35,2,2812516.0,5263157.0,-2.72151323451659
0,35,3,3347025.0,5263157.0,-1.9658736896285154
0,35,4,3212941.0,5263157.0,-2.1434357464525946
0,35,5,2916991.0,5263157.0,-2.563112360529865
0,35,6,5936114.0,5263157.0,0.5225590753492092
0,35,7,6179557.0,5263157.0,0.6971101729057511
0,35,8,3913625.0,5263157.0,-1.2866711560514448
0,35,9,3063179.0,5263157.0,-2.3507394922644727
0,35,10,5898270.0,5263157.0,0.49478323776267064
0,35,11,3151913.0,5263157.0,-2.226721037540832
0,35,12,2612635.0,5263157.0,-3.0416758466630887
0,35,13,5877394.0,5263157.0,0.47938480060910904
0,35,14,3681736.0,5263157.0,-1.5519368115061831
0,35,15,4459740.0,5263157.0,-0.71936784858484
0,35,16,5563068.0,5263157.0,0.24068043342146295
0,35,17,3188011.0,5263157.0,-2.1772651398893172
0,35,18,2507365.0,5263157.0,-3.220287659108414
0,36,0,5389103.0,6250000.0,-0.6436353315347626
0,36,1,3557972.0,6250000.0,-2.4467749132898
0,36,2,5027942.0,6250000.0,-0.9448975812037677
0,36,3,3185339.0,6250000.0,-2.9272435838233672
0,36,4,5913304.0,6250000.0,-0.24049810909022112
0,36,5,3213296.0,6250000.0,-2.8892928393523643
0,36,6,5323151.0,6250000.0,-0.6971123151386447
0,36,7,5975424.0,6250000.0,-0.1951129026329698
0,36,8,2343238.0,6250000.0,-4.2606361571368065
0,36,9,2467619.0,6250000.0,-4.03601911809016
0,36,10,2385490.0,6250000.0,-4.183024170125015
0,36,11,5888734.0,6250000.0,-0.2585808009713139
0,36,12,6052939.0,6250000.0,-0.1391372012025361
0,36,13,2341927.0,6250000.0,-4.263066637517477
0,36,14,5994552.0,6250000.0,-0.1812328548852932
0,36,15,6031333.0,6250000.0,-0.15466710085186375
0,37,0,2621080.0,6666666.0,-4.054284209298363
0,37,1,6004085.0,6666666.0,-0.45461865580934563
0,37,2,5927201.0,6666666.0,-0.5105904246908016
0,37,3,2792925.0,6666666.0,-3.7784942401346133
0,37,4,4041982.0,6666666.0,-2.1731432235786934
0,37,5,5861363.0,6666666.0,-0.5591007901413092
0,37,6,5744803.0,6666666.0,-0.6463355700228867
0,37,7,2736599.0,6666666.0,-3.8669753358887644
0,37,8,2996228.0,6666666.0,-3.4733383929708106
0,37,9,2722971.0,6666666.0,-3.888656814437403
0,37,10,3085020.0,6666666.0,-3.346507136313509
0,37,11,4480902.0,6666666.0,-1.7254325177737497
0,37,12,3069196.0,6666666.0,-3.368840739900374
0,37,13,2870398.0,6666666.0,-3.659665787530395
0,37,14,5813278.0,6666666.0,-0.5948760542394004
0,38,0,3282554.0,6250000.0,-2.796681381167174
0,38,1,4839734.0,6250000.0,-1.1105852460602226
0,38,2,2680712.0,6250000.0,-3.6762985891110525
0,38,3,1.4008104E7,6250000.0,3.5049934006444214
0,38,4,3133960.0,6250000.0,-2.9978656825239005
0,38,5,2598023.0,6250000.0,-3.812370258307501
0,38,6,2885729.0,6250000.0,-3.356244734454909
0,38,7,1873509.0,6250000.0,-5.232242336367304
0,38,8,4269474.0,6250000.0,-1.6550564418527167
0,38,9,5773999.0,6250000.0,-0.3440331301491209
0,38,10,2986051.0,6250000.0,-3.2078279639665275
0,38,11,6128046.0,6250000.0,-0.08558000688328773
0,38,12,5382847.0,6250000.0,-0.6486798157446855
0,38,13,2817663.0,6250000.0,-3.4599096824157165
0,38,14,2425085.0,6250000.0,-4.111530519793959
0,38,15,4155819.0,6250000.0,-1.7722339304339325
0,39,0,2824882.0,5555555.0,-2.937271401327351
0,39,1,4085535.0,5555555.0,-1.3347851609838783
0,39,2,5899524.0,5555555.0,0.2608952076593834
0,39,3,3794856.0,5555555.0,-1.6553215070660696
0,39,4,2308603.0,5555555.0,-3.8137819578400896
0,39,5,3810845.0,5555555.0,-1.6370616656641046
0,39,6,5765179.0,5555555.0,0.16085344552964967
0,39,7,5911517.0,5555555.0,0.2697149137488596
0,39,8,6091898.0,5555555.0,0.4002517162617616
0,39,9,5999381.0,5555555.0,0.33378991891014875
0,39,10,2726699.0,5555555.0,-3.09090252599327
0,39,11,5595736.0,5555555.0,0.03129765351868849
0,39,12,5988656.0,5555555.0,0.32601915617211064
0,39,13,2695976.0,5555555.0,-3.1401142974415404
0,39,14,5917697.0,5555555.0,0.27425273028061836
0,39,15,3674208.0,5555555.0,-1.7956371302623277
0,39,16,4638048.0,5555555.0,-0.7839221254965173
0,39,17,2924089.0,5555555.0,-2.787368644329056
0,40,0,5048627.0,4761904.0,0.2539264978567055
0,40,1,3218893.0,4761904.0,-1.700740953412188
0,40,2,3186130.0,4761904.0,-1.7451714393379807
0,40,3,5980582.0,4761904.0,0.9896281360902403
0,40,4,5789235.0,4761904.0,0.8484054328029595
0,40,5,2654076.0,4761904.0,-2.5386728096265587
0,40,6,6051803.0,4761904.0,1.0410414652568714
0,40,7,5728639.0,4761904.0,0.8027081952218997
0,40,8,5720989.0,4761904.0,0.7969047695019651
0,40,9,4753556.0,4761904.0,-0.007620212296776033
0,40,10,5889856.0,4761904.0,0.9232404115247588
0,40,11,2678795.0,4761904.0,-2.498411561294332
0,40,12,5915890.0,4761904.0,0.9423945435368135
0,40,13,2664303.0,4761904.0,-2.5219702198299423
0,40,14,3048871.0,4761904.0,-1.936415863474433
0,40,15,5876965.0,4761904.0,0.9137246852194252
0,40,16,3326739.0,4761904.0,-1.5576190623750046
0,40,17,5945367.0,4761904.0,0.9639803245336489
0,40,18,3162466.0,4761904.0,-1.7775477071500778
0,40,19,3161963.0,4761904.0,-1.7782385208973999
0,40,20,2375657.0,4761904.0,-3.01996898863951
0,41,0,5910985.0,4166666.0,1.518711684624369
0,41,1,2283978.0,4166666.0,-2.6109677246941256
0,41,2,5933500.0,4166666.0,1.5352225789982468
0,41,3,5944445.0,4166666.0,1.5432262436889967
0,41,4,4684696.0,4166666.0,0.5089272503381373
0,41,5,5974622.0,4166666.0,1.5652174491812412
0,41,6,3026773.0,4166666.0,-1.388088375652473
0,41,7,2611112.0,4166666.0,-2.0296318812395504
0,41,8,4914551.0,4166666.0,0.7169515745035142
0,41,9,3398707.0,4166666.0,-0.88474962808394
0,41,10,2910776.0,4166666.0,-1.557799033923601
0,41,11,5740033.0,4166666.0,1.391257004044906
0,41,12,3173595.0,4166666.0,-1.1823718556574185
0,41,13,3156098.0,4166666.0,-1.206382087764231
0,41,14,4094887.0,4166666.0,-0.07546767064681308
0,41,15,6064453.0,4166666.0,1.6300294578385532
0,41,16,3081456.0,4166666.0,-1.3103271796567597
0,41,17,2609888.0,4166666.0,-2.031668182544237
0,41,18,4949380.0,4166666.0,0.7476211024480304
0,41,19,3171182.0,4166666.0,-1.185675210953774
0,41,20,5211246.0,4166666.0,0.9715288598146926
0,41,21,3584160.0,4166666.0,-0.6540130009742844
0,41,22,3007413.0,4166666.0,-1.4159561610324842
0,41,23,2790251.0,4166666.0,-1.7414541634779948
0,42,0,2866350.0,4000000.0,-1.4473077184444332
0,42,1,2834285.0,4000000.0,-1.4961647297328737
0,42,2,2376161.0,4000000.0,-2.2618412781227315
0,42,3,3284914.0,4000000.0,-0.8553598723866127
0,42,4,2414490.0,4000000.0,-2.192345802885583
0,42,5,2580085.0,4000000.0,-1.9042597744888778
0,42,6,3337135.0,4000000.0,-0.786862154285964
0,42,7,2551450.0,4000000.0,-1.9527292931495892
0,42,8,2637651.0,4000000.0,-1.8084265986027337
0,42,9,2547698.0,4000000.0,-1.9591204517908953
0,42,10,2453852.0,4000000.0,-2.1221162589607236
0,42,11,3187617.0,4000000.0,-0.9859385701635159
0,42,12,2456558.0,4000000.0,-2.117329689256797
0,42,13,2527206.0,4000000.0,-1.9941934734358027
0,42,14,3190974.0,4000000.0,-0.9813672574383191
0,42,15,2580315.0,4000000.0,-1.9038726427514003
0,42,16,2555031.0,4000000.0,-1.9466381756280224
0,42,17,2486333.0,4000000.0,-2.065006971199224
0,42,18,3178597.0,4000000.0,-0.9982452216461444
0,42,19,2450013.0,4000000.0,-2.1289160254984374
0,42,20,5787082.0,4000000.0,1.6039964481046132
0,42,21,3347692.0,4000000.0,-0.7731449686144976
0,42,22,2415469.0,4000000.0,-2.1905852318181847
0,42,23,4814885.0,4000000.0,0.8052592745100208
0,42,24,2647680.0,4000000.0,-1.7919449644856305
0,43,0,4088611.0,4166666.0,-0.08212896072786384
0,43,1,3036324.0,4166666.0,-1.374405764182916
0,43,2,4110924.0,4166666.0,-0.05849240891201955
0,43,3,3068179.0,4166666.0,-1.3290799570015999
0,43,4,2593068.0,4166666.0,-2.0597478304713555
0,43,5,2841293.0,4166666.0,-1.6627266742542472
0,43,6,4551304.0,4166666.0,0.3834715595872329
0,43,7,3479530.0,4166666.0,-0.782681035304357
0,43,8,4380684.0,4166666.0,0.21753237737792025
0,43,9,2316801.0,4166666.0,-2.5489995682980364
0,43,10,3611713.0,4166666.0,-0.6207545642570887
0,43,11,2377641.0,4166666.0,-2.436424076897363
0,43,12,3555234.0,4166666.0,-0.6892049820403899
0,43,13,2707246.0,4166666.0,-1.8726096809229635
0,43,14,2608223.0,4166666.0,-2.0344396848634063
0,43,15,4972389.0,4166666.0,0.7677640822887648
0,43,16,3321432.0,4166666.0,-0.9846332328580549
0,43,17,3528196.0,4166666.0,-0.7223598554045507
0,43,18,3055171.0,4166666.0,-1.3475316578471026
0,43,19,5971395.0,4166666.0,1.562871113449105
0,43,20,3253536.0,4166666.0,-1.0743307228653725
0,43,21,3417568.0,4166666.0,-0.8607152423559862
0,43,22,5964574.0,4166666.0,1.5579074226360101
0,43,23,3963185.0,4166666.0,-0.21744343289211948
0,44,0,4768728.0,4545454.0,0.20825284671492986
0,44,1,4851221.0,4545454.0,0.28273792534601905
0,44,2,2653294.0,4545454.0,-2.337918921259427
0,44,3,4440022.0,4545454.0,-0.1019214504356925
0,44,4,2666802.0,4545454.0,-2.315864949044724
0,44,5,5893141.0,4545454.0,1.1276956513898828
0,44,6,5723492.0,4545454.0,1.0008381305893845
0,44,7,4509099.0,4545454.0,-0.0348749645277453
0,44,8,2768410.0,4545454.0,-2.1534685774031184
0,44,9,2897680.0,4545454.0,-1.955268437974176
0,44,10,6176132.0,4545454.0,1.3313930236674811
0,44,11,3817499.0,4545454.0,-0.7579833509811679
0,44,12,2431028.0,4545454.0,-2.717873060901727
0,44,13,5234916.0,4545454.0,0.6133245027443983
0,44,14,3367148.0,4545454.0,-1.3031506122657301
0,44,15,3020645.0,4545454.0,-1.7747757906172081
0,44,16,5303414.0,4545454.0,0.6697826367623998
0,44,17,2939148.0,4545454.0,-1.893558116584334
0,44,18,3144137.0,4545454.0,-1.6007580569771092
0,44,19,3467308.0,4545454.0,-1.1758484543513064
0,44,20,2723193.0,4545454.0,-2.22498845015656
0,44,21,3604704.0,4545454.0,-1.007076586018687
0,45,0,3386772.0,5263157.0,-1.9146036461463973
0,45,1,2404425.0,5263157.0,-3.4023509032178696
0,45,2,4283894.0,5263157.0,-0.8940760903875568
0,45,3,2347515.0,5263157.0,-3.5063794924320746
0,45,4,5921976.0,5263157.0,0.5122031777392044
0,45,5,3368275.0,5263157.0,-1.938387833316022
0,45,6,5988418.0,5263157.0,0.5606578187769041
0,45,7,3074382.0,5263157.0,-2.3348849647599352
0,45,8,5892619.0,5263157.0,0.49062036538698484
0,45,9,2629622.0,5263157.0,-3.013530007245227
0,45,10,3869569.0,5263157.0,-1.335837300549351
0,45,11,2693133.0,5263157.0,-2.909885237031765
0,45,12,2823552.0,5263157.0,-2.704505348778317
0,45,13,4263617.0,5263157.0,-0.9146814004691212
0,45,14,5861220.0,5263157.0,0.4674169764768729
0,45,15,2310556.0,5263157.0,-3.575298264172324
0,45,16,5604543.0,5263157.0,0.27293880354418076
0,45,17,6029393.0,5263157.0,0.5902726718512507
0,45,18,6185731.0,5263157.0,0.7014470461821208
0,46,0,2728545.0,6250000.0,-3.599488966482096
0,46,1,5907614.0,6250000.0,-0.24467906321388866
0,46,2,6080554.0,6250000.0,-0.11936867646647331
0,46,3,2276163.0,6250000.0,-4.386766579225389
0,46,4,2347803.0,6250000.0,-4.25218364122102
0,46,5,2375220.0,6250000.0,-4.201761758627436
0,46,6,2349679.0,6250000.0,-4.248714819024938
0,46,7,3056188.0,6250000.0,-3.1069995119327096
0,46,8,5972704.0,6250000.0,-0.19709025173934583
0,46,9,5294000.0,6250000.0,-0.720960803787458
0,46,10,3405198.0,6250000.0,-2.637376477010407
0,46,11,3240153.0,6250000.0,-2.853144992711385
0,46,12,2419535.0,6250000.0,-4.121481085283122
0,46,13,5403960.0,6250000.0,-0.6316789162094544
0,46,14,5886830.0,6250000.0,-0.25998522915963695
0,46,15,2936126.0,6250000.0,-3.281053285215134
0,47,0,3384656.0,6666666.0,-2.9439416183300384
0,47,1,2611869.0,6666666.0,-4.069573066897217
0,47,2,3521139.0,6666666.0,-2.772255279569107
0,47,3,3374332.0,6666666.0,-2.957208869930745
0,47,4,6091474.0,6666666.0,-0.39186302647329196
0,47,5,3227481.0,6666666.0,-3.1504500323619187
0,47,6,5364795.0,6666666.0,-0.9435556619328744
0,47,7,3214124.0,6666666.0,-3.1684606980535994
0,47,8,6061071.0,6666666.0,-0.4135932610548314
0,47,9,4036922.0,6666666.0,-2.1785833931011425
0,47,10,2764070.0,6666666.0,-3.823596601771133
0,47,11,4226983.0,6666666.0,-1.9787819631964154
0,47,12,5678125.0,6666666.0,-0.6970374852674006
0,47,13,2261718.0,6666666.0,-4.694702431140561
0,47,14,3888169.0,6666666.0,-2.341635641586926
0,48,0,4571293.0,6250000.0,-1.3584095877513833
0,48,1,3064859.0,6250000.0,-3.094695179123195
0,48,2,5263136.0,6250000.0,-0.7463542496570675
0,48,3,6014752.0,6250000.0,-0.16662292110759636
0,48,4,3173793.0,6250000.0,-2.9430141940204773
0,48,5,4315824.0,6250000.0,-1.6081629157122963
0,48,6,3260128.0,6250000.0,-2.8264536555761444
0,48,7,3539291.0,6250000.0,-2.4696374560833165
0,48,8,3473833.0,6250000.0,-2.5507108087311483
0,48,9,5953160.0,6250000.0,-0.21132462327461898
0,48,10,3104015.0,6250000.0,-3.0395620604610474
0,48,11,3721648.0,6250000.0,-2.251447229412767
0,48,12,2686363.0,6250000.0,-3.6671532016359576
0,48,13,2635648.0,6250000.0,-3.7499260909488275
0,48,14,2651959.0,6250000.0,-3.7231321186903226
0,48,15,2364580.0,6250000.0,-4.221260054122485
0,49,0,1746195.0,5555555.0,-5.026347111267794
0,49,1,1804312.0,5555555.0,-4.884158139584269
0,49,2,1851706.0,5555555.0,-4.771554176706717
0,49,3,2342962.0,5555555.0,-3.7496220654255668
0,49,4,3531969.0,5555555.0,-1.967105683363506
0,49,5,3603673.0,5555555.0,-1.879820755804817
0,49,6,3421222.0,5555555.0,-2.1054619539184882
0,49,7,2736102.0,5555555.0,-3.0759516791790626
0,49,8,3082757.0,5555555.0,-2.5578815889070716
0,49,9,2345294.0,5555555.0,-3.7453015896865067
0,49,10,2350814.0,5555555.0,-3.7350918302678733
0,49,11,2611273.0,5555555.0,-3.2787517321163366
0,49,12,2993363.0,5555555.0,-2.685680652860436
0,49,13,3058397.0,5555555.0,-2.592335924581306
0,49,14,3335286.0,5555555.0,-2.2159437096692196
0,49,15,5903754.0,5555555.0,0.2640080136732673
0,49,16,2943589.0,5555555.0,-2.7585028014033828
0,49,17,5812870.0,5555555.0,0.19663158963088445
0,50,0,3223465.0,4545454.0,-1.4925430800761543
0,50,1,3241979.0,4545454.0,-1.467670696942065
0,50,2,3170070.0,4545454.0,-1.5650841485161466
0,50,3,5895467.0,4545454.0,1.129409456748439
0,50,4,2265363.0,4545454.0,-3.0243946412839766
0,50,5,2647410.0,4545454.0,-2.347560620856672
0,50,6,2297932.0,4545454.0,-2.96240094086043
0,50,7,2574362.0,4545454.0,-2.4690765085446595
0,50,8,2818239.0,4545454.0,-2.0759944650067004
0,50,9,3057515.0,4545454.0,-1.7220867072412196
0,50,10,2754081.0,4545454.0,-2.176005579622731
0,50,11,3006320.0,4545454.0,-1.7954206099201282
0,50,12,2417852.0,4545454.0,-2.741475534783446
0,50,13,2992733.0,4545454.0,-1.8150929455875122
0,50,14,2350778.0,4545454.0,-2.8636564939107596
0,50,15,5996244.0,4545454.0,1.2030202984519764
0,50,16,5930488.0,4545454.0,1.1551316441094805
0,50,17,4853280.0,4545454.0,0.28458080701846494
0,50,18,5943980.0,4545454.0,1.1650007240065643
0,50,19,6281347.0,4545454.0,1.404755187031207
0,50,20,2343188.0,4545454.0,-2.8777013250427737
0,50,21,2741006.0,4545454.0,-2.1966728086113774
0,51,0,6069140.0,4166666.0,1.6333846690079479
0,51,1,2338627.0,4166666.0,-2.5082772939465414
0,51,2,3826501.0,4166666.0,-0.3698685763928232
0,51,3,2368000.0,4166666.0,-2.454069907503892
0,51,4,3432269.0,4166666.0,-0.8420737097731511
0,51,5,4575559.0,4166666.0,0.4065547097497322
0,51,6,5855650.0,4166666.0,1.4778642166516922
0,51,7,6002795.0,4166666.0,1.585648233220521
0,51,8,2750996.0,4166666.0,-1.8029872988348552
0,51,9,6024378.0,4166666.0,1.601235250825801
0,51,10,5955497.0,4166666.0,1.5512932140894398
0,51,11,4889165.0,4166666.0,0.6944600532088503
0,51,12,2832204.0,4166666.0,-1.6766415698569348
0,51,13,6081143.0,4166666.0,1.6419652730350764
0,51,14,3250592.0,4166666.0,-1.0782622661623065
0,51,15,6031383.0,4166666.0,1.6062821876190974
0,51,16,3536648.0,4166666.0,-0.7119685184910947
0,51,17,4875983.0,4166666.0,0.6827349399022011
0,51,18,3455108.0,4166666.0,-0.8132706167253694
0,51,19,2722726.0,4166666.0,-1.8478475024332037
0,51,20,5067559.0,4166666.0,0.8501012494764658
0,51,21,2871943.0,4166666.0,-1.616128726708148
0,51,22,4749795.0,4166666.0,0.5688617718358956
0,51,23,2602467.0,4166666.0,-2.044034575577052
0,52,0,4954823.0,4000000.0,0.9296815356875308
0,52,1,2517826.0,4000000.0,-2.010342774111276
0,52,2,2869581.0,4000000.0,-1.4424150319060478
0,52,3,5939730.0,4000000.0,1.717067125462979
0,52,4,3551591.0,4000000.0,-0.516370445452745
0,52,5,5987370.0,4000000.0,1.7517610563402017
0,52,6,3042127.0,4000000.0,-1.1888265069451451
0,52,7,5897785.0,4000000.0,1.6862894524734195
0,52,8,3436884.0,4000000.0,-0.6589511703480473
0,52,9,5933012.0,4000000.0,1.7121523540634165
0,52,10,3398493.0,4000000.0,-0.7077361160094688
0,52,11,3378823.0,4000000.0,-0.7329454951953143
0,52,12,6027139.0,4000000.0,1.7805121610757446
0,52,13,2707709.0,4000000.0,-1.6945800283814303
0,52,14,2394856.0,4000000.0,-2.227805864314674
0,52,15,5022567.0,4000000.0,0.988657475291004
0,52,16,3753898.0,4000000.0,-0.27577523425953054
0,52,17,4326554.0,4000000.0,0.3408213721440302
0,52,18,2687296.0,4000000.0,-1.727444856366759
0,52,19,3300579.0,4000000.0,-0.8346985919310264
0,52,20,2629644.0,4000000.0,-1.8216303344676805
0,52,21,2591195.0,4000000.0,-1.8855989434471523
0,52,22,2576636.0,4000000.0,-1.910069209947725
0,52,23,3337432.0,4000000.0,-0.7864756559222185
0,52,24,2597115.0,4000000.0,-1.8756881075539908
0,53,0,3428080.0,4166666.0,-0.8473774044125736
0,53,1,2574372.0,4166666.0,-2.091173855980662
0,53,2,2765191.0,4166666.0,-1.7806355410769097
0,53,3,3070302.0,4166666.0,-1.3260759329707619
0,53,4,3214392.0,4166666.0,-1.1268985027072191
0,53,5,3061754.0,4166666.0,-1.3381839490616796
0,53,6,3035240.0,4166666.0,-1.375956518563122
0,53,7,2518692.0,4166666.0,-2.186136260585077
0,53,8,3143302.0,4166666.0,-1.2240257993363393
0,53,9,2459468.0,4166666.0,-2.2894751245027156
0,53,10,2568056.0,4166666.0,-2.1018419891153757
0,53,11,5883907.0,4166666.0,1.4987711092621148
0,53,12,3534677.0,4166666.0,-0.7143895483433478
0,53,13,2719479.0,4166666.0,-1.8530297928837274
0,53,14,3725774.0,4166666.0,-0.48572181109991264
0,53,15,2338009.0,4166666.0,-2.5094251018639353
0,53,16,5879117.0,4166666.0,1.495234143455875
0,53,17,2851381.0,4166666.0,-1.647334374187281
0,53,18,5412369.0,4166666.0,1.1359870910229692
0,53,19,3457177.0,4166666.0,-0.8106707374961626
0,53,20,3212189.0,4166666.0,-1.1298759825868265
0,53,21,3039810.0,4166666.0,-1.369422494459033
0,53,22,2495327.0,4166666.0,-2.226612230141881
0,53,23,2561791.0,4166666.0,-2.1124499323225505
0,54,0,2430980.0,4761904.0,-2.919992499201423
0,54,1,1859101.0,4761904.0,-4.084776513049882
0,54,2,1844719.0,4761904.0,-4.118504149010453
0,54,3,1835503.0,4761904.0,-4.1402553711471874
0,54,4,1869086.0,4761904.0,-4.061513512721561
0,54,5,1730314.0,4761904.0,-4.396557140991919
0,54,6,1775053.0,4761904.0,-4.285693109152229
0,54,7,1816246.0,4761904.0,-4.186059649380367
0,54,8,1880559.0,4761904.0,-4.0349367240369425
0,54,9,1816563.0,4761904.0,-4.185301716050468
0,54,10,1832702.0,4761904.0,-4.146887819880217
0,54,11,1831514.0,4761904.0,-4.14970393040743
0,54,12,1865649.0,4761904.0,-4.069506961015427
0,54,13,2773843.0,4761904.0,-2.346987594898687
0,54,14,2734990.0,4761904.0,-2.4082489302642203
0,54,15,2813220.0,4761904.0,-2.2857693950070526
0,54,16,2566841.0,4761904.0,-2.683816681442413
0,54,17,5138489.0,4761904.0,0.33054795388489483
0,54,18,5374429.0,4761904.0,0.5255169414412884
0,54,19,3225910.0,4761904.0,-1.6912838898410758
0,54,20,3237889.0,4761904.0,-1.6751867941403764
0,55,0,4879366.0,5555555.0,-0.5636405581475159
0,55,1,3185943.0,5555555.0,-2.414894499352483
0,55,2,4132756.0,5555555.0,-1.2848768639403298
0,55,3,2668338.0,5555555.0,-3.1848661039162125
0,55,4,2155397.0,5555555.0,-4.112001774206591
0,55,5,2968749.0,5555555.0,-2.72153970786994
0,55,6,3100929.0,5555555.0,-2.532356288807447
0,55,7,3143661.0,5555555.0,-2.4729174417850124
0,55,8,3022290.0,5555555.0,-2.643913172891565
0,55,9,2854593.0,5555555.0,-2.891832549814746
0,55,10,4135538.0,5555555.0,-1.2819543570864411
0,55,11,2500323.0,5555555.0,-3.4673133557259255
0,55,12,2407194.0,5555555.0,-3.6321635922530704
0,55,13,2529368.0,5555555.0,-3.417154316354633
0,55,14,2894461.0,5555555.0,-2.831597492137222
0,55,15,2547731.0,5555555.0,-3.385738799950062
0,55,16,3542655.0,5555555.0,-1.95398590664313
0,55,17,5919780.0,5555555.0,0.2757811563382013
0,56,0,5925111.0,6250000.0,-0.23183526588357256
0,56,1,2370513.0,6250000.0,-4.210376759920807
0,56,2,5918435.0,6250000.0,-0.2367313506680861
0,56,3,6071126.0,6250000.0,-0.12610771040575178
0,56,4,2418276.0,6250000.0,-4.123741515734249
0,56,5,2356267.0,6250000.0,-4.236555164341821
0,56,6,5997376.0,6250000.0,-0.1791873995764118
0,56,7,2967550.0,6250000.0,-3.234819722646547
0,56,8,2997780.0,6250000.0,-3.190802595095451
0,56,9,2348175.0,6250000.0,-4.251495573484733
0,56,10,5863177.0,6250000.0,-0.27747012300845075
0,56,11,3550554.0,6250000.0,-2.4558389517027215
0,56,12,2969557.0,6250000.0,-3.2318835146301472
0,56,13,3162583.0,6250000.0,-2.958380852253437
0,56,14,3574931.0,6250000.0,-2.4261235347507104
0,56,15,3300871.0,6250000.0,-2.772514651685279
0,57,0,3105630.0,6666666.0,-3.3175898421957344
0,57,1,5014597.0,6666666.0,-1.2367266099767782
0,57,2,2936894.0,6666666.0,-3.5602042550546136
0,57,3,5819551.0,6666666.0,-0.5901921900666379
0,57,4,3765270.0,6666666.0,-2.481125734706349
0,57,5,5974333.0,6666666.0,-0.4761927167529079
0,57,6,3392589.0,6666666.0,-2.9337744790324383
0,57,7,2830493.0,6666666.0,-3.720466123324584
0,57,8,3340361.0,6666666.0,-3.0011529302789395
0,57,9,2310775.0,6666666.0,-4.601510372004438
0,57,10,4756617.0,6666666.0,-1.4661051382315224
0,57,11,2317737.0,6666666.0,-4.588445436823271
0,57,12,3023047.0,6666666.0,-3.4346379820937183
0,57,13,2853076.0,6666666.0,-3.6859535700359993
0,57,14,2903180.0,6666666.0,-3.6103473416569862
0,58,0,5944073.0,6250000.0,-0.21795882926936483
0,58,1,2465604.0,6250000.0,-4.039566914043035
0,58,2,3399879.0,6250000.0,-2.644165563510574
0,58,3,2667532.0,6250000.0,-3.697703793731298
0,58,4,5882305.0,6250000.0,-0.2633247823680019
0,58,5,3380230.0,6250000.0,-2.6693376548877406
0,58,6,4709954.0,6250000.0,-1.2286335175312448
0,58,7,5841867.0,6250000.0,-0.2932835204368971
0,58,8,4183897.0,6250000.0,-1.742990329003082
0,58,9,3522599.0,6250000.0,-2.490168098708346
0,58,10,2654456.0,6250000.0,-3.719044864295956
0,58,11,6033746.0,6250000.0,-0.15292993427582185
0,58,12,2249631.0,6250000.0,-4.437687293687757
0,58,13,3509668.0,6250000.0,-2.5061398138750013
0,58,14,3290042.0,6250000.0,-2.786785752446137
0,58,15,4583489.0,6250000.0,-1.3468382392807796
0,59,0,5644422.0,5263157.0,0.3037315070505521
0,59,1,3164688.0,5263157.0,-2.2091542494191527
0,59,2,3587989.0,5263157.0,-1.6639522229616985
0,59,3,2997312.0,5263157.0,-2.445143727867079
0,59,4,6022989.0,5263157.0,0.5856574478667314
0,59,5,5908134.0,5263157.0,0.5020401159217538
0,59,6,6173177.0,5263157.0,0.6926240420768683
0,59,7,6049721.0,5263157.0,0.6048902117843806
0,59,8,2403705.0,5263157.0,-3.4036515836458427
0,59,9,3879419.0,5263157.0,-1.3247963673313732
0,59,10,2725284.0,5263157.0,-2.858345587123068
0,59,11,3711300.0,5263157.0,-1.5172026359843258
0,59,12,2732632.0,5263157.0,-2.8466517546013845
0,59,13,2874388.0,5263157.0,-2.627009341100802
0,59,14,6016115.0,5263157.0,0.5806980412646787
0,59,15,2228058.0,5263157.0,-3.73319833171385
0,59,16,3357533.0,5263157.0,-1.95226035329076
0,59,17,2305866.0,5263157.0,-3.5841225953140126
0,59,18,2742241.0,5263157.0,-2.831407054088319
0,60,0,5181875.0,4545454.0,0.5690966542660435
0,60,1,4766352.0,4545454.0,0.20608845226756306
0,60,2,3251976.0,4545454.0,-1.4542993527757706
0,60,3,4015658.0,4545454.0,-0.5382054874159429
0,60,4,6073982.0,4545454.0,1.2589623350756816
0,60,5,3921404.0,4545454.0,-0.6413567956145196
0,60,6,2660914.0,4545454.0,-2.3254642856104413
0,60,7,6035239.0,4545454.0,1.231172060993229
0,60,8,4554782.0,4545454.0,0.008903286345544697
0,60,9,2771377.0,4545454.0,-2.14881658680849
0,60,10,5129208.0,4545454.0,0.5247304390047584
0,60,11,3893308.0,4545454.0,-0.672585049036805
0,60,12,3346945.0,4545454.0,-1.3292869136220875
0,60,13,2882096.0,4545454.0,-1.9786882438882332
0,60,14,3345730.0,4545454.0,-1.3308637653332778
0,60,15,5945139.0,4545454.0,1.165847460095454
0,60,16,3151823.0,4545454.0,-1.5901544665917742
0,60,17,2337205.0,4545454.0,-2.8888046033382127
0,60,18,4907183.0,4545454.0,0.3325498704812472
0,60,19,2928447.0,4545454.0,-1.9093989863217031
0,60,20,3598980.0,4545454.0,-1.0139783383376284
0,60,21,2911498.0,4545454.0,-1.9346077094891263
0,61,0,4334641.0,4166666.0,0.17164445727170025
0,61,1,5938526.0,4166666.0,1.538899734348895
0,61,2,4834615.0,4166666.0,0.6457320636378895
0,61,3,4638658.0,4166666.0,0.4660366513847226
0,61,4,5959923.0,4166666.0,1.5545196005119224
0,61,5,3058094.0,4166666.0,-1.3433785813246792
0,61,6,3025106.0,4166666.0,-1.3904809182649163
0,61,7,2737702.0,4166666.0,-1.82402515565407
0,61,8,4637438.0,4166666.0,0.4648942758185865
0,61,9,5829341.0,4166666.0,1.4583077226301697
0,61,10,3795563.0,4166666.0,-0.4051248441737134
0,61,11,3388905.0,4166666.0,-0.8972929422003373
0,61,12,6194524.0,4166666.0,1.72219251109239
0,61,13,2343809.0,4166666.0,-2.498664712273227
0,61,14,3204091.0,4166666.0,-1.1408384673344423
0,61,15,3578313.0,4166666.0,-0.661103625678246
0,61,16,4622461.0,4166666.0,0.45084566874991766
0,61,17,3550175.0,4166666.0,-0.6953892739093287
0,61,18,5025406.0,4166666.0,0.8138246513939752
0,61,19,6046570.0,4166666.0,1.6172039618183656
0,61,20,6087762.0,4166666.0,1.646689766256459
0,61,21,6005016.0,4166666.0,1.5872548009043508
0,61,22,2642170.0,4166666.0,-1.978279316595076
0,61,23,5946466.0,4166666.0,1.5447025126752467
0,62,0,3458090.0,4000000.0,-0.6322369932622534
0,62,1,6141468.0,4000000.0,1.8621220197884056
0,62,2,3404218.0,4000000.0,-0.7004262758710909
0,62,3,5931725.0,4000000.0,1.7112101722006388
0,62,4,3015741.0,4000000.0,-1.2266595091431602
0,62,5,5955062.0,4000000.0,1.7282629608910574
0,62,6,6075561.0,4000000.0,1.8152639430955229
0,62,7,2270249.0,4000000.0,-2.459864982778184
0,62,8,6151316.0,4000000.0,1.86908046463337
0,62,9,6139007.0,4000000.0,1.8603813725670704
0,62,10,5921482.0,4000000.0,1.7037042213040503
0,62,11,2340009.0,4000000.0,-2.3284246355763987
0,62,12,3611688.0,4000000.0,-0.443497651158533
0,62,13,2831544.0,4000000.0,-1.5003667671320402
0,62,14,5953499.0,4000000.0,1.7271229368711736
0,62,15,6034971.0,4000000.0,1.786151961840741
0,62,16,2247117.0,4000000.0,-2.504343060332034
0,62,17,2299290.0,4000000.0,-2.404662408255689
0,62,18,2233880.0,4000000.0,-2.5300015143716994
0,62,19,3184991.0,4000000.0,-0.9895178186408436
0,62,20,5969582.0,4000000.0,1.7388393084847855
0,62,21,3195278.0,4000000.0,-0.9755134209999433
0,62,22,6031939.0,4000000.0,1.78396949607802
0,62,23,3315997.0,4000000.0,-0.8144586235806033
0,62,24,6055224.0,4000000.0,1.8007022223939197
0,63,0,4815787.0,4166666.0,0.6287858123206501
0,63,1,3622712.0,4166666.0,-0.6075487913393374
0,63,2,5992509.0,4166666.0,1.5782000616097447
0,63,3,6126137.0,4166666.0,1.6739801599032882
0,63,4,2308117.0,4166666.0,-2.565308690807915
0,63,5,2348431.0,4166666.0,-2.490108842391984
0,63,6,2288254.0,4166666.0,-2.6028445859469214
0,63,7,3165726.0,4166666.0,-1.1931536571574126
0,63,8,3673567.0,4166666.0,-0.5470072371031712
0,63,9,5225431.0,4166666.0,0.9833342860421861
0,63,10,5341417.0,4166666.0,1.0786779550180623
0,63,11,3636960.0,4166666.0,-0.5905016417625557
0,63,12,3942355.0,4166666.0,-0.240329598778023
0,63,13,3054711.0,4166666.0,-1.348185599975782
0,63,14,3167470.0,4166666.0,-1.1907617855160348
0,63,15,2695571.0,4166666.0,-1.8913791338522565
0,63,16,6091499.0,4166666.0,1.6493548844927859
0,63,17,3326210.0,4166666.0,-0.978390239051044
0,63,18,2396107.0,4166666.0,-2.4028248089702657
0,63,19,5429919.0,4166666.0,1.1500466231328226
0,63,20,3638747.0,4166666.0,-0.5883682841252376
0,63,21,2928840.0,4166666.0,-1.5309304160416581
0,63,22,5458489.0,4166666.0,1.1728375064707302
0,63,23,2867595.0,4166666.0,-1.6227087433176393
0,64,0,4507298.0,4761904.0,-0.23864363379775638
0,64,1,3780542.0,4761904.0,-1.0022656855148617
0,64,2,2123826.0,4761904.0,-3.5066170262342893
0,64,3,5501886.0,4761904.0,0.6273095171348225
0,64,4,3339924.0,4761904.0,-1.5404405122971456
0,64,5,5852244.0,4761904.0,0.8954178926906451
0,64,6,2978758.0,4761904.0,-2.0374541404553166
0,64,7,5198478.0,4761904.0,0.38095574595343373
0,64,8,3093824.0,4761904.0,-1.87285031652486
0,64,9,5864068.0,4761904.0,0.9041836198193427
0,64,10,3158446.0,4761904.0,-1.7830717962455682
0,64,11,2989106.0,4761904.0,-2.022393194687442
0,64,12,5766096.0,4761904.0,0.8310123292241449
0,64,13,6071206.0,4761904.0,1.0549433324050008
0,64,14,6069717.0,4761904.0,1.0538780682783837
0,64,15,2159098.0,4761904.0,-3.4350828066413093
0,64,16,2226686.0,4761904.0,-3.301216572190932
0,64,17,2127733.0,4761904.0,-3.4986350647070847
0,64,18,3125357.0,4761904.0,-1.8288100313097597
0,64,19,2761500.0,4761904.0,-2.366355882192621
0,64,20,6071371.0,4761904.0,1.0550613610401391
0,65,0,4103399.0,5555555.0,-1.3158370318829844
0,65,1,4195560.0,5555555.0,-1.2193751522306688
0,65,2,5959668.0,5555555.0,0.30494615356205357
0,65,3,5936820.0,5555555.0,0.28826430170318523
0,65,4,5947935.0,5555555.0,0.2963876236795052
0,65,5,2287301.0,5555555.0,-3.8540413161896576
0,65,6,5963527.0,5555555.0,0.3077573840488221
0,65,7,5896717.0,5555555.0,0.25882833799520544
0,65,8,2293129.0,5555555.0,-3.842989648086868
0,65,9,5940485.0,5555555.0,0.29094452137708243
0,65,10,5984702.0,5555555.0,0.3231507871750952
0,65,11,4124799.0,5555555.0,-1.2932466108256295
0,65,12,5940796.0,5555555.0,0.29117187999927574
0,65,13,3328948.0,5555555.0,-2.2242044017643376
0,65,14,5879258.0,5555555.0,0.2459506732326523
0,65,15,2293352.0,5555555.0,-3.842567330106958
0,65,16,3547974.0,5555555.0,-1.94747022860515
0,65,17,2300011.0,5555555.0,-3.8299753839405195
0,66,0,5954054.0,6250000.0,-0.21067248203057765
0,66,1,3117357.0,6250000.0,-3.020934767765956
0,66,2,5848775.0,6250000.0,-0.28815102791824354
0,66,3,5998808.0,6250000.0,-0.17815055369102134
0,66,4,3153524.0,6250000.0,-2.9708387678946213
0,66,5,3100565.0,6250000.0,-3.04439177050422
0,66,6,5925358.0,6250000.0,-0.23165422539134306
0,66,7,5804244.0,6250000.0,-0.3213435623409645
0,66,8,2644967.0,6250000.0,-3.734597594255389
0,66,9,5755133.0,6250000.0,-0.35824652801607226
0,66,10,5890139.0,6250000.0,-0.2575447362307097
0,66,11,2918835.0,6250000.0,-3.3067047206996447
0,66,12,3780182.0,6250000.0,-2.1836730753517943
0,66,13,5922397.0,6250000.0,-0.23382500962462446
0,66,14,6043024.0,6250000.0,-0.14625698282302885
0,66,15,2706114.0,6250000.0,-3.6353392924799888
0,67,0,4177676.0,6666666.0,-2.029739423082134
0,67,1,5998410.0,6666666.0,-0.45872550420788694
0,67,2,5969484.0,6666666.0,-0.47971905018291394
0,67,3,2697927.0,6666666.0,-3.928785030782004
0,67,4,2251831.0,6666666.0,-4.713729039294986
0,67,5,5788296.0,6666666.0,-0.6135796568989974
0,67,6,4085186.0,6666666.0,-2.1269686261102096
0,67,7,2668537.0,6666666.0,-3.9763546872098816
0,67,8,5899254.0,6666666.0,-0.5311160183333178
0,67,9,2678624.0,6666666.0,-3.9599694179600142
0,67,10,5347138.0,6666666.0,-0.9578730491160667
0,67,11,5841627.0,6666666.0,-0.5737487459548147
0,67,12,5678308.0,6666666.0,-0.6968975189765856
0,67,13,5914375.0,6666666.0,-0.5199984007966731
0,67,14,3018654.0,6666666.0,-3.440953607429116
0,68,0,5972066.0,6250000.0,-0.1975541867999921
0,68,1,3784180.0,6250000.0,-2.1790823127724104
0,68,2,5951961.0,6250000.0,-0.21219940495144932
0,68,3,6029529.0,6250000.0,-0.15596629033134882
0,68,4,2273785.0,6250000.0,-4.391306201972728
0,68,5,5596920.0,6250000.0,-0.4793091801405719
0,68,6,6176433.0,6250000.0,-0.05142282652586086
0,68,7,3082593.0,6250000.0,-3.069638294720727
0,68,8,3357463.0,6250000.0,-2.6986878200015663
0,68,9,3059420.0,6250000.0,-3.1024091591952945
0,68,10,5970334.0,6250000.0,-0.19881389682131156
0,68,11,5523609.0,6250000.0,-0.5365708877571953
0,68,12,2270257.0,6250000.0,-4.39804993911258
0,68,13,4865182.0,6250000.0,-1.0878092605578522
0,68,14,5983242.0,6250000.0,-0.18943448541949615
0,68,15,5337375.0,6250000.0,-0.6855230026105112
0,69,0,5941788.0,5263157.0,0.5267082711882625
0,69,1,2362512.0,5263157.0,-3.478723021011791
0,69,2,2373022.0,5263157.0,-3.459445606894762
0,69,3,5737845.0,5263157.0,0.3750248698254096
0,69,4,2968566.0,5263157.0,-2.48699616197179
0,69,5,6046961.0,5263157.0,0.6029084240663061
0,69,6,5339016.0,5263157.0,0.062148971394571415
0,69,7,3150134.0,5263157.0,-2.229172970710573
0,69,8,3288176.0,5263157.0,-2.042912700646739
0,69,9,4462694.0,5263157.0,-0.7164921625412878
0,69,10,5872254.0,5263157.0,0.47558507183531007
0,69,11,4104347.0,5263157.0,-1.0800225434760118
0,69,12,2692333.0,5263157.0,-2.9111755082472115
0,69,13,2940436.0,5263157.0,-2.5283459400389714
0,69,14,5815258.0,5263157.0,0.4332266220346614
0,69,15,5949021.0,5263157.0,0.5319917676686767
0,69,16,2428276.0,5263157.0,-3.3594827771307956
0,69,17,3643594.0,5263157.0,-1.5971634697734352
0,69,18,6098165.0,5263157.0,0.6395284581587674
0,70,0,2656170.0,4545454.0,-2.333213997929639
0,70,1,3375052.0,4545454.0,-1.2929679859493926
0,70,2,2616796.0,4545454.0,-2.398073998018618
0,70,3,5875172.0,4545454.0,1.114433183591845
0,70,4,5906712.0,4545454.0,1.1376852894176566
0,70,5,2295130.0,4545454.0,-2.9676997732700654
0,70,6,3436415.0,4545454.0,-1.2147166099328153
0,70,7,2289434.0,4545454.0,-2.978491388969055
0,70,8,3330894.0,4545454.0,-1.3501645482986804
0,70,9,6031765.0,4545454.0,1.228671458404858
0,70,10,3018363.0,4545454.0,-1.7780579854905207
0,70,11,2412713.0,4545454.0,-2.750716028119045
0,70,12,4896031.0,4545454.0,0.32266891888433735
0,70,13,3869807.0,4545454.0,-0.6988796119732253
0,70,14,3856389.0,4545454.0,-0.7139643165724971
0,70,15,5900582.0,4545454.0,1.133175830411626
0,70,16,2850815.0,4545454.0,-2.026082318245544
0,70,17,3792504.0,4545454.0,-0.7865121954778187
0,70,18,5846930.0,4545454.0,1.0935062739126475
0,70,19,2817789.0,4545454.0,-2.0766879765267703
0,70,20,6000448.0,4545454.0,1.2060640943194654
0,70,21,3746940.0,4545454.0,-0.8390052829946477
0,71,0,5917359.0,4166666.0,1.5233922946837315
0,71,1,4844737.0,4166666.0,0.6548151724001715
0,71,2,2231253.0,4166666.0,-2.7123987142004164
0,71,3,4486381.0,4166666.0,0.3210746389895602
0,71,4,2151702.0,4166666.0,-2.8700656526286257
0,71,5,4094830.0,4166666.0,-0.07552812398230371
0,71,6,5973920.0,4166666.0,1.5647071363302727
0,71,7,2733081.0,4166666.0,-1.831361857834192
0,71,8,3739361.0,4166666.0,-0.469912945911827
0,71,9,3315797.0,4166666.0,-0.9920075452209909
0,71,10,5901951.0,4166666.0,1.5120691071747254
0,71,11,5273270.0,4166666.0,1.0229131968326013
0,71,12,2754265.0,4166666.0,-1.7978296547987171
0,71,13,4951578.0,4166666.0,0.7495493588589858
0,71,14,5995513.0,4166666.0,1.5803766019112961
0,71,15,2565141.0,4166666.0,-2.106774465117488
0,71,16,6005656.0,4166666.0,1.5877176367368193
0,71,17,3158303.0,4166666.0,-1.2033489596131328
0,71,18,5987269.0,4166666.0,1.5744008205381597
0,71,19,3533100.0,4166666.0,-0.7163275902745714
0,71,20,3579289.0,4166666.0,-0.6599192306337474
0,71,21,5977225.0,4166666.0,1.567109154378385
0,71,22,2547658.0,4166666.0,-2.136475613238618
0,71,23,6054114.0,4166666.0,1.6226190573550308
0,72,0,6036882.0,4000000.0,1.787526956651977
0,72,1,2269323.0,4000000.0,-2.4616367652097453
0,72,2,2405264.0,4000000.0,-2.208972401603833
0,72,3,2315368.0,4000000.0,-2.374399645839684
0,72,4,3318564.0,4000000.0,-0.8110979370463274
0,72,5,2358352.0,4000000.0,-2.294513643396735
0,72,6,5974689.0,4000000.0,1.7425531258525222
0,72,7,5977714.0,4000000.0,1.7447514132359165
0,72,8,2746012.0,4000000.0,-1.633575605676501
0,72,9,5986235.0,4000000.0,1.7509377049127297
0,72,10,5881037.0,4000000.0,1.6739392040620962
0,72,11,5951197.0,4000000.0,1.7254433544445378
0,72,12,2637025.0,4000000.0,-1.8094574423813767
0,72,13,2710319.0,4000000.0,-1.6903958171316993
0,72,14,2605983.0,4000000.0,-1.8608841304052681
0,72,15,2509961.0,4000000.0,-2.0239301790125954
0,72,16,5902623.0,4000000.0,1.689850544295283
0,72,17,3568306.0,4000000.0,-0.49597901113469467
0,72,18,5407544.0,4000000.0,1.3094007055652974
0,72,19,3085547.0,4000000.0,-1.1272782522017941
0,72,20,5988142.0,4000000.0,1.7523209912147917
0,72,21,6005457.0,4000000.0,1.7648607037372832
0,72,22,2310491.0,4000000.0,-2.3835571016678974
0,72,23,2247808.0,4000000.0,-2.5030077878219954
0,72,24,4592321.0,4000000.0,0.5997224600104412
0,73,0,5968809.0,4166666.0,1.5609899302670385
0,73,1,4484615.0,4166666.0,0.31936476404379377
0,73,2,3638611.0,4166666.0,-0.5885306069065154
0,73,3,5991221.0,4166666.0,1.5772665103784584
0,73,4,6002653.0,4166666.0,1.5855454968354512
0,73,5,2274873.0,4166666.0,-2.628315326163868
0,73,6,2364470.0,4166666.0,-2.4605488067063845
0,73,7,2251797.0,4166666.0,-2.6725945260136275
0,73,8,3159079.0,4166666.0,-1.202282022329138
0,73,9,5150204.0,4166666.0,0.9203574302043156
0,73,10,5929156.0,4166666.0,1.5320418826791173
0,73,11,2634942.0,4166666.0,-1.9901762878104656
0,73,12,4113745.0,4166666.0,-0.055513213563263816
0,73,13,5945774.0,4166666.0,1.5441970876555424
0,73,14,2252433.0,4166666.0,-2.671368073135661
0,73,15,3346578.0,4166666.0,-0.9518773707274387
0,73,16,2714264.0,4166666.0,-1.8613660223245188
0,73,17,6069758.0,4166666.0,1.633826873877036
0,73,18,5940099.0,4166666.0,1.5400499436096926
0,73,19,3918909.0,4166666.0,-0.2662350984899186
0,73,20,4963416.0,4166666.0,0.7599198755122784
0,73,21,3383346.0,4166666.0,-0.9044227534466563
0,73,22,3370613.0,4166666.0,-0.9207979733422851
0,73,23,4975954.0,4166666.0,0.7708766808275547
0,74,0,2629194.0,4761904.0,-2.579580032591205
0,74,1,3923340.0,4761904.0,-0.8412468968727943
0,74,2,3304388.0,4761904.0,-1.5868959944126106
0,74,3,3924979.0,4761904.0,-0.8394329831769127
0,74,4,2405478.0,4761904.0,-2.965792464889485
0,74,5,3586178.0,4761904.0,-1.2314879380453856
0,74,6,2454294.0,4761904.0,-2.8785405011420617
0,74,7,3540223.0,4761904.0,-1.2875001651611813
0,74,8,2768790.0,4761904.0,-2.3549061802534186
0,74,9,5914047.0,4761904.0,0.9410413584156706
0,74,10,5914085.0,4761904.0,0.9410692633973061
0,74,11,2650339.0,4761904.0,-2.5447920847865175
0,74,12,2558038.0,4761904.0,-2.698736440852154
0,74,13,2614498.0,4761904.0,-2.6039232183332417
0,74,14,2480756.0,4761904.0,-2.8319658535792174
0,74,15,3606437.0,4761904.0,-1.2070228577480187
0,74,16,5934091.0,4761904.0,0.9557356621110384
0,74,17,6707705.0,4761904.0,1.4879331861881042
0,74,18,2979639.0,4761904.0,-2.0361698573122333
0,74,19,2164679.0,4761904.0,-3.4238713179378504
0,74,20,4637932.0,4761904.0,-0.11456258928749642
0,75,0,3522361.0,5555555.0,-1.9789358754931978
0,75,1,6006476.0,5555555.0,0.33892294641131915
0,75,2,3048244.0,5555555.0,-2.6067772383501033
0,75,3,5926463.0,5555555.0,0.2806812589791214
0,75,4,5580327.0,5555555.0,0.019321973152407815
0,75,5,5952356.0,5555555.0,0.29961446240609485
0,75,6,6023698.0,5555555.0,0.3513573878030146
0,75,7,2756788.0,5555555.0,-3.0432408179608395
0,75,8,5901785.0,5555555.0,0.2625593278609608
0,75,9,3420798.0,5555555.0,-2.1060002185261992
0,75,10,5903318.0,5555555.0,0.26368726964088446
0,75,11,5941127.0,5555555.0,0.2914138466801692
0,75,12,2489056.0,5555555.0,-3.486927837789407
0,75,13,2405275.0,5555555.0,-3.6356271414414176
0,75,14,4340414.0,5555555.0,-1.0719629583942447
0,75,15,2812210.0,5555555.0,-2.956797032432499
0,75,16,6008606.0,5555555.0,0.340462756553513
0,75,17,3599027.0,5555555.0,-1.885423467129078
0,76,0,3616227.0,6250000.0,-2.3762433288778673
0,76,1,4505192.0,6250000.0,-1.4216671309143958
0,76,2,2451912.0,6250000.0,-4.0637513820252105
0,76,3,5620224.0,6250000.0,-0.4612639216197453
0,76,4,5936460.0,6250000.0,-0.2235247148121622
0,76,5,3035005.0,6250000.0,-3.1372060645648228
0,76,6,3841696.0,6250000.0,-2.1135702192669394
0,76,7,3218728.0,6250000.0,-2.8819573935065494
0,76,8,3171184.0,6250000.0,-2.9465857573756953
0,76,9,3543324.0,6250000.0,-2.464691514973091
0,76,10,3174865.0,6250000.0,-2.941547541732623
0,76,11,3671439.0,6250000.0,-2.3104370042967752
0,76,12,3203635.0,6250000.0,-2.90236987620934
0,76,13,2553505.0,6250000.0,-3.8874330476274404
0,76,14,5944482.0,6250000.0,-0.2176600100383166
0,76,15,6203819.0,6250000.0,-0.03220898809845093
0,77,0,2337462.0,6666666.0,-4.551641382160702
0,77,1,2414112.0,6666666.0,-4.411512826840956
0,77,2,6057916.0,6666666.0,-0.4158545047072251
0,77,3,3001586.0,6666666.0,-3.465579064478696
0,77,4,2256092.0,6666666.0,-4.705518919741
0,77,5,3044435.0,6666666.0,-3.4040199139979874
0,77,6,2403554.0,6666666.0,-4.4305481376350535
0,77,7,6073890.0,6666666.0,-0.4044177506689809
0,77,8,5980460.0,6666666.0,-0.4717410754344785
0,77,9,6004869.0,6666666.0,-0.4540516008030631
0,77,10,4491663.0,6666666.0,-1.7150153290200691
0,77,11,3061038.0,6666666.0,-3.3803997651345803
0,77,12,2561274.0,6666666.0,-4.154526566009878
0,77,13,2982194.0,6666666.0,-3.493728054170141
0,77,14,2454115.0,6666666.0,-4.34013787577341
0,78,0,5867289.0,5882352.0,-0.011135287222391623
0,78,1,5892905.0,5882352.0,0.007784307203726307
0,78,2,6027771.0,5882352.0,0.10605735615241808
0,78,3,2287826.0,5882352.0,-4.101280179093342
0,78,4,3339837.0,5882352.0,-2.458257374511728
0,78,5,6052131.0,5882352.0,0.12357310738918026
0,78,6,3883802.0,5882352.0,-1.8029392808898481
0,78,7,2758590.0,5882352.0,-3.288638515946026
0,78,8,4552213.0,5882352.0,-1.1132843444696394
0,78,9,5934601.0,5882352.0,0.038405162919259765
0,78,10,2406548.0,5882352.0,-3.881564807787221
0,78,11,5914407.0,5882352.0,0.023601980646598276
0,78,12,6028008.0,5882352.0,0.1062281087719276
0,78,13,2239388.0,5882352.0,-4.194216624692394
0,78,14,5752979.0,5882352.0,-0.09658220403866075
0,78,15,6080133.0,5882352.0,0.14362070226016344
0,78,16,6039114.0,5882352.0,0.11422218702499708
0,79,0,5436298.0,5263157.0,0.14056930092868117
0,79,1,5386258.0,5263157.0,0.10040826920542063
0,79,2,5996800.0,5263157.0,0.5667323965456258
0,79,3,6150986.0,5263157.0,0.6769841332840301
0,79,4,5978096.0,5263157.0,0.5531655971424544
0,79,5,4122726.0,5263157.0,-1.0606185305029838
0,79,6,3596642.0,5263157.0,-1.6534911374336947
0,79,7,3562526.0,5263157.0,-1.6948828262430462
0,79,8,5606087.0,5263157.0,0.2741350800858171
0,79,9,4810807.0,5263157.0,-0.3902839099512635
0,79,10,2599566.0,5263157.0,-3.063454770686099
0,79,11,6068042.0,5263157.0,0.6180225288063458
0,79,12,5911945.0,5263157.0,0.5048405986053022
0,79,13,2772367.0,5263157.0,-2.783956044992675
0,79,14,6150255.0,5263157.0,0.6764679751717797
0,79,15,5993569.0,5263157.0,0.5643918422140741
0,79,16,5368286.0,5263157.0,0.08589319967885764
0,79,17,5288045.0,5263157.0,0.02048817018523997
0,79,18,5950852.0,5263157.0,0.5333282410959812
0,80,0,2465066.0,4545454.0,-2.657487154361886
0,80,1,5986178.0,4545454.0,1.195723594524845
0,80,2,4173997.0,4545454.0,-0.37025134475785626
0,80,3,5993494.0,4545454.0,1.2010280783614669
0,80,4,3226454.0,4545454.0,-1.488517893715415
0,80,5,6032961.0,4545454.0,1.2295325077184647
0,80,6,3382000.0,4545454.0,-1.2840366380072987
0,80,7,2382931.0,4545454.0,-2.804657999376075
0,80,8,3356192.0,4545454.0,-1.3173046920991371
0,80,9,3657608.0,4545454.0,-0.9438010844786232
0,80,10,2450412.0,4545454.0,-2.683381564597323
0,80,11,5877149.0,4545454.0,1.1158943421133352
0,80,12,3845268.0,4545454.0,-0.7265065325918711
0,80,13,2228127.0,4545454.0,-3.0963732570111917
0,80,14,3976039.0,4545454.0,-0.5812663142728625
0,80,15,5914926.0,4545454.0,1.143720485975752
0,80,16,2863737.0,4545454.0,-2.006441363503168
0,80,17,3992840.0,4545454.0,-0.562953594499636
0,80,18,3631186.0,4545454.0,-0.9752877174230744
0,80,19,2273497.0,4545454.0,-3.0088288159557495
0,80,20,5051954.0,4545454.0,0.4588212041919364
0,80,21,2989883.0,4545454.0,-1.8192307320242627
0,81,0,4482907.0,4000000.0,0.4949973798936585
0,81,1,5939719.0,4000000.0,1.7170590825995418
0,81,2,4585756.0,4000000.0,0.5935095163623332
0,81,3,6026216.0,4000000.0,1.7798470287410872
0,81,4,2334742.0,4000000.0,-2.338210953624558
0,81,5,3172629.0,4000000.0,-1.006407016647111
0,81,6,5625412.0,4000000.0,1.4809434394860648
0,81,7,6242179.0,4000000.0,1.9327622695803797
0,81,8,2494841.0,4000000.0,-2.0501711873248007
0,81,9,3628565.0,4000000.0,-0.42325084142320435
0,81,10,6059979.0,4000000.0,1.8041112785483833
0,81,11,3319994.0,4000000.0,-0.8092269249418094
0,81,12,2242925.0,4000000.0,-2.512452396490148
0,81,13,5955988.0,4000000.0,1.7289382274562257
0,81,14,3572262.0,4000000.0,-0.4911668753320866
0,81,15,2269616.0,4000000.0,-2.4610760690498084
0,81,16,3439196.0,4000000.0,-0.6560306433035694
0,81,17,3640688.0,4000000.0,-0.40876529006001094
0,81,18,5933942.0,4000000.0,1.712833057585141
0,81,19,2860493.0,4000000.0,-1.4561910200029862
0,81,20,5291662.0,4000000.0,1.2153210491636148
0,81,21,3213977.0,4000000.0,-0.950172268063071
0,81,22,5999917.0,4000000.0,1.760852512737943
0,81,23,5473645.0,4000000.0,1.3621663595502853
0,81,24,2238776.0,4000000.0,-2.5204934876748575
0,82,0,5983466.0,4000000.0,1.7489283624206458
0,82,1,6062740.0,4000000.0,1.8060895263082588
0,82,2,3143347.0,4000000.0,-1.0466766507752348
0,82,3,2243033.0,4000000.0,-2.51224328261055
0,82,4,6045003.0,4000000.0,1.7933652939953508
0,82,5,4072912.0,4000000.0,0.07845035422097203
0,82,6,2738848.0,4000000.0,-1.6449206078739878
0,82,7,4318700.0,4000000.0,0.3329304534983737
0,82,8,2753707.0,4000000.0,-1.621422627609773
0,82,9,3401526.0,4000000.0,-0.7038619643314753
0,82,10,2874860.0,4000000.0,-1.4344329107027562
0,82,11,3292717.0,4000000.0,-0.8450558543230596
0,82,12,5866692.0,4000000.0,1.6633329712501137
0,82,13,5891289.0,4000000.0,1.6815033645415487
0,82,14,4845311.0,4000000.0,0.8326166647763187
0,82,15,3041944.0,4000000.0,-1.1890877658627752
0,82,16,5911350.0,4000000.0,1.696266825478525
0,82,17,4396798.0,4000000.0,0.4107652216517472
0,82,18,6011066.0,4000000.0,1.768915051115321
0,82,19,2971839.0,4000000.0,-1.2903471359661034
0,82,20,2363509.0,4000000.0,-2.285027309370114
0,82,21,5542858.0,4000000.0,1.4167376141092332
0,82,22,3787826.0,4000000.0,-0.2366997056786628
0,82,23,5929990.0,4000000.0,1.709939696672478
0,82,24,6016078.0,4000000.0,1.7725346703188487
0,83,0,5885618.0,4166666.0,1.500033824390841
0,83,1,6097562.0,4166666.0,1.6536753611249764
0,83,2,6066415.0,4166666.0,1.6314342802814716
0,83,3,2327096.0,4166666.0,-2.5297438913711012
0,83,4,3592814.0,4166666.0,-0.6435395444230975
0,83,5,3005339.0,4166666.0,-1.4189522160541779
0,83,6,4702066.0,4166666.0,0.5250003195418246
0,83,7,3189933.0,4166666.0,-1.1600712738542671
0,83,8,2968507.0,4166666.0,-1.4725061143348754
0,83,9,5934554.0,4166666.0,1.5359939714862314
0,83,10,3554788.0,4166666.0,-0.6897498336292678
0,83,11,2258469.0,4166666.0,-2.6597455503794594
0,83,12,5919242.0,4166666.0,1.5247740706113349
0,83,13,3545584.0,4166666.0,-0.7010090990602031
0,83,14,3848180.0,4166666.0,-0.3453331068018703
0,83,15,5831402.0,4166666.0,1.4598429265816215
0,83,16,4517085.0,4166666.0,0.3506957414968153
0,83,17,2683068.0,4166666.0,-1.9115700917795897
0,83,18,4453507.0,4166666.0,0.2891345047288282
0,83,19,2499409.0,4166666.0,-2.219513594819333
0,83,20,5828992.0,4166666.0,1.4580477047112623
0,83,21,3495112.0,4166666.0,-0.7632759163727616
0,83,22,4482057.0,4166666.0,0.3168868651871265
0,83,23,5856199.0,4166666.0,1.4782713729781438
0,84,0,5804893.0,5000000.0,0.6482421458132304
0,84,1,5887528.0,5000000.0,0.7096298123050103
0,84,2,4836743.0,5000000.0,-0.14416992541338466
0,84,3,2250711.0,5000000.0,-3.466502708472629
0,84,4,5885136.0,5000000.0,0.7078649909952235
0,84,5,3966440.0,5000000.0,-1.0056911519976703
0,84,6,5923284.0,5000000.0,0.7359255165052137
0,84,7,3371856.0,5000000.0,-1.711009851629024
0,84,8,5857708.0,5000000.0,0.6875771446920108
0,84,9,3343954.0,5000000.0,-1.7470970975671172
0,84,10,5906785.0,5000000.0,0.7238115900306745
0,84,11,3138234.0,5000000.0,-2.02284681044349
0,84,12,3141247.0,5000000.0,-2.0186791750150435
0,84,13,3237451.0,5000000.0,-1.887668004021255
0,84,14,2737613.0,5000000.0,-2.615979498162075
0,84,15,5811702.0,5000000.0,0.6533333303917278
0,84,16,3698094.0,5000000.0,-1.3099205825854974
0,84,17,5243135.0,5000000.0,0.20621035716108518
0,84,18,2961407.0,5000000.0,-2.2747190572508873
0,84,19,2549184.0,5000000.0,-2.92568820376895
0,85,0,4727813.0,5882352.0,-0.9489071864596708
0,85,1,5900546.0,5882352.0,0.01341191289871455
0,85,2,2362895.0,5882352.0,-3.961065858237618
0,85,3,2394943.0,5882352.0,-3.902558275343554
0,85,4,3038516.0,5882352.0,-2.868894815684591
0,85,5,5814169.0,5882352.0,-0.05063357912658048
0,85,6,3363213.0,5882352.0,-2.4279663608243727
0,85,7,3208209.0,5882352.0,-2.6328835632107155
0,85,8,3568751.0,5882352.0,-2.17034761850972
0,85,9,5979253.0,5882352.0,0.07095920967146879
0,85,10,6076714.0,5882352.0,0.1411778766281948
0,85,11,6027628.0,5882352.0,0.10595432495301055
0,85,12,3557559.0,5882352.0,-2.1839889780288955
0,85,13,2354382.0,5882352.0,-3.976740803499453
0,85,14,3703114.0,5882352.0,-2.0098392716648528
0,85,15,2873150.0,5882352.0,-3.1119270911837873
0,85,16,5884591.0,5882352.0,0.0016527408294862037
0,86,0,4153001.0,6666666.0,-2.055466618313255
0,86,1,4788014.0,6666666.0,-1.4375328591544574
0,86,2,5921319.0,6666666.0,-0.5149023899867294
0,86,3,5251754.0,6666666.0,-1.0360432262307375
0,86,4,2330000.0,6666666.0,-4.565527764888494
0,86,5,2449491.0,6666666.0,-4.348328494185866
0,86,6,4445848.0,6666666.0,-1.759540870803038
0,86,7,6165305.0,6666666.0,-0.33954131337293536
0,86,8,2245477.0,6666666.0,-4.726000864903233
0,86,9,5547362.0,6666666.0,-0.7982219028526306
0,86,10,6064045.0,6666666.0,-0.41146282071086915
0,86,11,6119595.0,6666666.0,-0.37186016396315846
0,86,12,6021290.0,6666666.0,-0.44219153123401406
0,86,13,2635163.0,6666666.0,-4.031012135218549
0,86,14,5909909.0,6666666.0,-0.523279037913321
0,87,0,4982967.0,6666666.0,-1.264206864757318
0,87,1,2142270.0,6666666.0,-4.930344914670103
0,87,2,2164736.0,6666666.0,-4.8850375790364895
0,87,3,4613255.0,6666666.0,-1.599012363962866
0,87,4,5306743.0,6666666.0,-0.9908064180266247
0,87,5,3398317.0,6666666.0,-2.9264480946522275
0,87,6,4462272.0,6666666.0,-1.7435265812493248
0,87,7,5948378.0,6666666.0,-0.4951013879171242
0,87,8,2467705.0,6666666.0,-4.316154564687678
0,87,9,5352041.0,6666666.0,-0.9538926577349576
0,87,10,5901650.0,6666666.0,-0.5293524761624154
0,87,11,5300779.0,6666666.0,-0.995689995101457
0,87,12,2552505.0,6666666.0,-4.16942096032989
0,87,13,2279903.0,6666666.0,-4.659923274709424
0,87,14,2437424.0,6666666.0,-4.36977614434631
0,88,0,3573225.0,5882352.0,-2.1649064527421524
0,88,1,5864886.0,5882352.0,-0.01291434294668397
0,88,2,2897340.0,5882352.0,-3.075515469099155
0,88,3,3877935.0,5882352.0,-1.8095048375702865
0,88,4,5954839.0,5882352.0,0.0531901489463708
0,88,5,2340108.0,5882352.0,-4.003151078263053
0,88,6,6058139.0,5882352.0,0.12788224576733317
0,88,7,5919115.0,5882352.0,0.027057686443538682
0,88,8,5890991.0,5882352.0,0.0063735010566374276
0,88,9,5990538.0,5882352.0,0.07914818252884372
0,88,10,2575414.0,5882352.0,-3.58703956936656
0,88,11,5952593.0,5882352.0,0.051551801705886593
0,88,12,4752076.0,5882352.0,-0.9266763142984008
0,88,13,4546524.0,5882352.0,-1.1187152116977233
0,88,14,5665947.0,5882352.0,-0.1627850137785804
0,88,15,2578645.0,5882352.0,-3.581594518563525
0,88,16,5717982.0,5882352.0,-0.12308225253762857
0,89,0,4801558.0,5000000.0,-0.1758782508230224
0,89,1,2295232.0,5000000.0,-3.3814341414576683
0,89,2,4446502.0,5000000.0,-0.5095151234220903
0,89,3,2197810.0,5000000.0,-3.5697985925045703
0,89,4,3658358.0,5000000.0,-1.3568380187880562
0,89,5,2286190.0,5000000.0,-3.3985768355995316
0,89,6,2600783.0,5000000.0,-2.8386588660153276
0,89,7,5727165.0,5000000.0,0.5896969101011287
0,89,8,3545565.0,5000000.0,-1.4928455273502048
0,89,9,3532098.0,5000000.0,-1.5093725952426362
0,89,10,3611761.0,5000000.0,-1.4125100018495562
0,89,11,2452092.0,5000000.0,-3.0943324389633453
0,89,12,2819979.0,5000000.0,-2.4872413013654358
0,89,13,5924570.0,5000000.0,0.7368683078426509
0,89,14,2363041.0,5000000.0,-3.2549874740137104
0,89,15,5578063.0,5000000.0,0.47513410649202437
0,89,16,2687580.0,5000000.0,-2.6960860376902716
0,89,17,4472383.0,5000000.0,-0.48431016330597654
0,89,18,5917540.0,5000000.0,0.7317119791707674
0,89,19,5514945.0,5000000.0,0.42571181285954585
0,90,0,2690789.0,4347826.0,-2.083925116867732
0,90,1,4410572.0,4347826.0,0.06222760777803579
0,90,2,6108992.0,4347826.0,1.4769740110769216
0,90,3,5384565.0,4347826.0,0.9287846863638072
0,90,4,6141136.0,4347826.0,1.499765599647462
0,90,5,5982198.0,4347826.0,1.385886280033187
0,90,6,2635955.0,4347826.0,-2.1733416341798297
0,90,7,5958281.0,4347826.0,1.3684882593760421
0,90,8,3065912.0,4347826.0,-1.517124700302423
0,90,9,5423135.0,4347826.0,0.9597826031823052
0,90,10,4251876.0,4347826.0,-0.09691564850012452
0,90,11,5288226.0,4347826.0,0.8503785178159161
0,90,12,3258108.0,4347826.0,-1.2530667906047508
0,90,13,2825816.0,4347826.0,-1.8712827548611741
0,90,14,3398989.0,4347826.0,-1.0692239619949218
0,90,15,2435941.0,4347826.0,-2.5160539008967664
0,90,16,5964821.0,4347826.0,1.3732526003948449
0,90,17,6063810.0,4347826.0,1.4447342960249585
0,90,18,2232732.0,4347826.0,-2.894355584705818
0,90,19,2329119.0,4347826.0,-2.7108047709971874
0,90,20,2219479.0,4347826.0,-2.920211150710932
0,90,21,3826259.0,4347826.0,-0.5549779115679374
0,90,22,6055055.0,4347826.0,1.438459370360667
0,91,0,2442532.0,4000000.0,-2.1421972913883676
0,91,1,3215442.0,4000000.0,-0.9481931112310169
0,91,2,5076365.0,4000000.0,1.0349284979110123
0,91,3,3866118.0,4000000.0,-0.1478488608271452
0,91,4,3613216.0,4000000.0,-0.44166066625674855
0,91,5,5959776.0,4000000.0,1.7316994562836303
0,91,6,3124371.0,4000000.0,-1.0729739323979133
0,91,7,3359668.0,4000000.0,-0.7576362848928639
0,91,8,2738988.0,4000000.0,-1.6446986179221903
0,91,9,2837848.0,4000000.0,-1.490708611399448
0,91,10,4937691.0,4000000.0,0.914639170314515
0,91,11,6091442.0,4000000.0,1.826601220786489
0,91,12,5873181.0,4000000.0,1.668133938313492
0,91,13,5382787.0,4000000.0,1.2894720354348364
0,91,14,5859402.0,4000000.0,1.6579330364023108
0,91,15,2427760.0,4000000.0,-2.168542396609162
0,91,16,5226752.0,4000000.0,1.1617190276506717
0,91,17,6039582.0,4000000.0,1.7894689077407666
0,91,18,2497064.0,4000000.0,-2.046303178229717
0,91,19,4777425.0,4000000.0,0.7713388653580954
0,91,20,5941987.0,4000000.0,1.7187170598242254
0,91,21,5646225.0,4000000.0,1.496981893039484
0,91,22,2646866.0,4000000.0,-1.7932803602345935
0,91,23,2711986.0,4000000.0,-1.6877254807188955
0,91,24,3185114.0,4000000.0,-0.989350103285192
0,92,0,3968809.0,4000000.0,-0.03399792456579537
0,92,1,4783118.0,4000000.0,0.7765110376451778
0,92,2,4482398.0,4000000.0,0.4945042435385064
0,92,3,3036234.0,4000000.0,-1.1972475210432478
0,92,4,5224707.0,4000000.0,1.1600194903385581
0,92,5,3355055.0,4000000.0,-0.7636034729963754
0,92,6,5867187.0,4000000.0,1.6636993901788755
0,92,7,3081806.0,4000000.0,-1.132546949667511
0,92,8,2341202.0,4000000.0,-2.326211048843703
0,92,9,3009106.0,4000000.0,-1.2362250468318108
0,92,10,2539350.0,4000000.0,-1.9733742728257737
0,92,11,2349400.0,4000000.0,-2.311030269115088
0,92,12,3217070.0,4000000.0,-0.9459948054007761
0,92,13,2879101.0,4000000.0,-1.4280309096072286
0,92,14,3089448.0,4000000.0,-1.1217910153723367
0,92,15,5934727.0,4000000.0,1.713407546887675
0,92,16,2548285.0,4000000.0,-1.9581199348660756
0,92,17,3887803.0,4000000.0,-0.12355740778590447
0,92,18,3368043.0,4000000.0,-0.7468236380215836
0,92,19,5887398.0,4000000.0,1.6786340466106888
0,92,20,3685096.0,4000000.0,-0.35611185231345877
0,92,21,3263034.0,4000000.0,-0.8843839227638677
0,92,22,3268366.0,4000000.0,-0.8772930733535366
0,92,23,5849502.0,4000000.0,1.6505890247076216
0,92,24,2898318.0,4000000.0,-1.3991395730509968
0,93,0,3405545.0,4347826.0,-1.0608553198384632
0,93,1,4676335.0,4347826.0,0.31633459990570406
0,93,2,5995810.0,4347826.0,1.3957570682852973
0,93,3,2294762.0,4347826.0,-2.7753450570497122
0,93,4,3377755.0,4347826.0,-1.0964400976751538
0,93,5,2321080.0,4347826.0,-2.7258204587903263
0,93,6,2717786.0,4347826.0,-2.040568981458353
0,93,7,5235227.0,4347826.0,0.8066336218157895
0,93,8,5895941.0,4347826.0,1.3228097364154743
0,93,9,5527283.0,4347826.0,1.042395459763946
0,93,10,5980490.0,4347826.0,1.3846461323671588
0,93,11,6139754.0,4347826.0,1.498788154239965
0,93,12,2728054.0,4347826.0,-2.024191926588818
0,93,13,2718646.0,4347826.0,-2.039194943274661
0,93,14,2377314.0,4347826.0,-2.621856073668133
0,93,15,5875753.0,4347826.0,1.3079137569650112
0,93,16,6033420.0,4347826.0,1.4229140329246872
0,93,17,6083497.0,4347826.0,1.4588114292547363
0,93,18,3093236.0,4347826.0,-1.478590993128233
0,93,19,2901184.0,4347826.0,-1.7569688162981691
0,93,20,2558871.0,4347826.0,-2.3022376288346496
0,93,21,5888327.0,4347826.0,1.3171976463894184
0,93,22,5046850.0,4347826.0,0.6474824174143484
0,94,0,2270359.0,5000000.0,-3.4287546899681636
0,94,1,3015935.0,5000000.0,-2.1954802703401226
0,94,2,5926759.0,5000000.0,0.7384726353095492
0,94,3,5944886.0,5000000.0,0.7517352660428701
0,94,4,2423959.0,5000000.0,-3.144447346438937
0,94,5,6049732.0,5000000.0,0.8276613172155077
0,94,6,5996189.0,5000000.0,0.7890530902692389
0,94,7,4461729.0,5000000.0,-0.49466816106445705
0,94,8,5934043.0,5000000.0,0.7438068469486496
0,94,9,5957575.0,5000000.0,0.7609951405656084
0,94,10,2262517.0,5000000.0,-3.4437815326388055
0,94,11,2407272.0,5000000.0,-3.1744483993339347
0,94,12,2262595.0,5000000.0,-3.443631812722075
0,94,13,5872357.0,5000000.0,0.6984244557219146
0,94,14,4143393.0,5000000.0,-0.8161387633901456
0,94,15,6033459.0,5000000.0,0.8159636152149041
0,94,16,2237654.0,5000000.0,-3.491770702704364
0,94,17,5764056.0,5000000.0,0.6175818716277616
0,94,18,3554890.0,5000000.0,-1.4814383756337555
0,94,19,2850050.0,5000000.0,-2.44117525192906
0,95,0,5931411.0,5882352.0,0.036070091236125666
0,95,1,3150072.0,5882352.0,-2.7123052872743454
0,95,2,2379025.0,5882352.0,-3.931520032869126
0,95,3,3181663.0,5882352.0,-2.6689683162139044
0,95,4,2605372.0,5882352.0,-3.536812676745031
0,95,5,3156345.0,5882352.0,-2.7036654203467676
0,95,6,2752369.0,5882352.0,-3.298443514021743
0,95,7,3906921.0,5882352.0,-1.777163794841583
0,95,8,6106204.0,5882352.0,0.1622030026045922
0,95,9,2334852.0,5882352.0,-4.012916521212977
0,95,10,5357222.0,5882352.0,-0.40611365491387635
0,95,11,5967935.0,5882352.0,0.06273075220248195
0,95,12,2667278.0,5882352.0,-3.4348272626289744
0,95,13,5904216.0,5882352.0,0.016112282122483345
0,95,14,6034711.0,5882352.0,0.1110546760024572
0,95,15,2633651.0,5882352.0,-3.4899278551580832
0,95,16,4267239.0,5882352.0,-1.3940404158009545
0,96,0,5972333.0,6666666.0,-0.4776468278361522
0,96,1,6034221.0,6666666.0,-0.4328748558990462
0,96,2,2430413.0,6666666.0,-4.382286179986403
0,96,3,2426739.0,6666666.0,-4.388856277981374
0,96,4,5949074.0,6666666.0,-0.4945932640604372
0,96,5,3006990.0,6666666.0,-3.457767136950427
0,96,6,4724569.0,6666666.0,-1.4954650148635997
0,96,7,5262224.0,6666666.0,-1.0273936651824593
0,96,8,5881121.0,6666666.0,-0.5444858271209616
0,96,9,2378314.0,6666666.0,-4.476395051527973
0,96,10,5360867.0,6666666.0,-0.9467366475003508
0,96,11,4130739.0,6666666.0,-2.078809424900441
0,96,12,5949502.0,6666666.0,-0.4942808266085361
0,96,13,2760889.0,6666666.0,-3.828597510916645
0,96,14,6002094.0,6666666.0,-0.45605904799639496
0,97,0,3441216.0,6666666.0,-2.8719676402095144
0,97,1,5829984.0,6666666.0,-0.5824133464629094
0,97,2,3368781.0,6666666.0,-2.964359185263197
0,97,3,2325761.0,6666666.0,-4.573436138267197
0,97,4,3444455.0,6666666.0,-2.867881822195153
0,97,5,5882334.0,6666666.0,-0.543590173236255
0,97,6,4445838.0,6666666.0,-1.7595506393549614
0,97,7,5840909.0,6666666.0,-0.5742825742920852
0,97,8,2643449.0,6666666.0,-4.01737761526239
0,97,9,5936188.0,6666666.0,-0.504010508521033
0,97,10,3357204.0,6666666.0,-2.979309656256614
0,97,11,5677770.0,6666666.0,-0.6973090174383583
0,97,12,3720667.0,6666666.0,-2.532878951455876
0,97,13,6006054.0,6666666.0,-0.4531946492386828
0,97,14,6001888.0,6666666.0,-0.4562081063060141
0,98,0,5860783.0,5882352.0,-0.015953675426520094
0,98,1,6143133.0,5882352.0,0.1883890884503125
0,98,2,2741019.0,5882352.0,-3.316389631731579
0,98,3,5196724.0,5882352.0,-0.5382135724535833
0,98,4,5518152.0,5882352.0,-0.277573499881629
0,98,5,3398738.0,5882352.0,-2.3823332190954574
0,98,6,3570219.0,5882352.0,-2.168561522452669
0,98,7,5845513.0,5882352.0,-0.02728378445501922
0,98,8,2532426.0,5882352.0,-3.6601424543247503
0,98,9,3174507.0,5882352.0,-2.678747200748321
0,98,10,2747803.0,5882352.0,-3.3056541578339798
0,98,11,2788825.0,5882352.0,-3.2412974618402437
0,98,12,2368686.0,5882352.0,-3.950435159532572
0,98,13,5011970.0,5882352.0,-0.6954254634829511
0,98,14,5996211.0,5882352.0,0.0832589765060707
0,98,15,2303525.0,5882352.0,-4.0715807915188265
0,98,16,4668317.0,5882352.0,-1.0039067018534935
0,99,0,6017176.0,5000000.0,0.8042271028193669
0,99,1,2786216.0,5000000.0,-2.5395522248073625
0,99,2,4094594.0,5000000.0,-0.8675915863055995
0,99,3,3394651.0,5000000.0,-1.6817487271956286
0,99,4,5996410.0,5000000.0,0.7892131541228065
0,99,5,3263968.0,5000000.0,-1.8522411206410518
0,99,6,3425115.0,5000000.0,-1.6429484660189146
0,99,7,5926876.0,5000000.0,0.7385583684275068
0,99,8,6003460.0,5000000.0,0.7943161701549629
0,99,9,2447269.0,5000000.0,-3.102882953868558
0,99,10,4068470.0,5000000.0,-0.8953888638425432
0,99,11,5969520.0,5000000.0,0.7696940724023161
0,99,12,5932402.0,5000000.0,0.7426056830796959
0,99,13,2741264.0,5000000.0,-2.6101914164506947
0,99,14,2377028.0,5000000.0,-3.2293570684264177
0,99,15,2783819.0,5000000.0,-2.5432900969657375
0,99,16,5935655.0,5000000.0,0.7449864602953951
0,99,17,6057063.0,5000000.0,0.832920864826519
0,99,18,2738679.0,5000000.0,-2.6142887266562598
0,99,19,4863983.0,5000000.0,-0.11977955961779099
