 


 Number of tacts (im units) = 1
 Number of massive (im units) = 100
 Trajectory File: sinus.txt
 Coef Load Impact: 10
 Command Line: ping 192.168.1.1 > /dev/null 2>&1
cycle , cPeriod , count , procDur , procTime , spb
0,0,0,1.8928296E7,5000000.0,5.781415144821506
0,0,1,2472532.0,5000000.0,-3.058280833050267
0,0,2,2126022.0,5000000.0,-3.7140225006164447
0,0,3,2166872.0,5000000.0,-3.631367466089695
0,0,4,1911100.0,5000000.0,-4.176865918430528
0,0,5,1908902.0,5000000.0,-4.181863713596968
0,0,6,1838264.0,5000000.0,-4.345621221445222
0,0,7,2065833.0,5000000.0,-3.838747936915813
0,0,8,1887743.0,5000000.0,-4.23027135814184
0,0,9,1908879.0,5000000.0,-4.1819160412348495
0,0,10,1841590.0,5000000.0,-4.33777056302154
0,0,11,1920934.0,5000000.0,-4.1545756083206244
0,0,12,1877646.0,5000000.0,-4.253562879385733
0,0,13,1978539.0,5000000.0,-4.026253890476638
0,0,14,1834842.0,5000000.0,-4.353713316511584
0,0,15,1859892.0,5000000.0,-4.294822779491894
0,0,16,1905334.0,5000000.0,-4.189988869792939
0,0,17,1743660.0,5000000.0,-4.575081994958887
0,0,18,1869028.0,5000000.0,-4.273541967215494
0,0,19,1890686.0,5000000.0,-4.223505959513404
0,1,0,2132859.0,4347826.0,-3.0931000943264717
0,1,1,5345506.0,4347826.0,0.8971666605496229
0,1,2,3242249.0,4347826.0,-1.274257903196732
0,1,3,2586341.0,4347826.0,-2.255863707710769
0,1,4,4255354.0,4347826.0,-0.09336460711012173
0,1,5,4612852.0,4347826.0,0.2569736551282704
0,1,6,4273833.0,4347826.0,-0.07454607191316318
0,1,7,5837873.0,4347826.0,1.2798248759954522
0,1,8,3514299.0,4347826.0,-0.9243344636550603
0,1,9,5982166.0,4347826.0,1.3858630486714183
0,1,10,3327889.0,4347826.0,-1.1610332310194067
0,1,11,3158174.0,4347826.0,-1.3883610145510974
0,1,12,5924990.0,4347826.0,1.344154663985382
0,1,13,2787659.0,4347826.0,-1.9303250763373578
0,1,14,5274694.0,4347826.0,0.8392511474597677
0,1,15,3463554.0,4347826.0,-0.9875019221951563
0,1,16,4422600.0,4347826.0,0.07405506286869556
0,1,17,4650216.0,4347826.0,0.29200970804060444
0,1,18,2892115.0,4347826.0,-1.7705659735437016
0,1,19,3901016.0,4347826.0,-0.4709442372416195
0,1,20,4536928.0,4347826.0,0.18489731871017157
0,1,21,3004603.0,4347826.0,-1.6048505875791106
0,1,22,5619167.0,4347826.0,1.1139978409518323
0,2,0,5732694.0,4000000.0,1.5629876927486344
0,2,1,2463406.0,4000000.0,-2.1052399644838222
0,2,2,6082035.0,4000000.0,1.8198892370131678
0,2,3,6151846.0,4000000.0,1.8694546384848585
0,2,4,2223502.0,4000000.0,-2.550224669027692
0,2,5,2461861.0,4000000.0,-2.1079646289397758
0,2,6,2587454.0,4000000.0,-1.8918735372240767
0,2,7,6054693.0,4000000.0,1.8003213603780392
0,2,8,4480985.0,4000000.0,0.4931349879616504
0,2,9,4677072.0,4000000.0,0.6791406426837855
0,2,10,6073690.0,4000000.0,1.8139263051093377
0,2,11,2123518.0,4000000.0,-2.750040446885529
0,2,12,4010374.0,4000000.0,0.011248846743189055
0,2,13,6054948.0,4000000.0,1.8005042643846927
0,2,14,4568422.0,4000000.0,0.5770622295675888
0,2,15,4853092.0,4000000.0,0.8395853298003255
0,2,16,2821021.0,4000000.0,-1.5165367222322566
0,2,17,5949314.0,4000000.0,1.7240689991479485
0,2,18,5893416.0,4000000.0,1.6830710650025085
0,2,19,2359848.0,4000000.0,-2.2917596076767586
0,2,20,5785772.0,4000000.0,1.6030132407234032
0,2,21,6056199.0,4000000.0,1.8014014583478957
0,2,22,2371599.0,4000000.0,-2.270187327780644
0,2,23,2327648.0,4000000.0,-2.351426868346916
0,2,24,5844940.0,4000000.0,1.6472006603428346
0,3,0,2331564.0,4000000.0,-2.344126502570043
0,3,1,2409590.0,4000000.0,-2.2011683916203326
0,3,2,4884285.0,4000000.0,0.8674100594245475
0,3,3,3638891.0,4000000.0,-0.4109094448245446
0,3,4,5865193.0,4000000.0,1.662223162499149
0,3,5,4503677.0,4000000.0,0.5150724439014664
0,3,6,3468544.0,4000000.0,-0.6191278324172654
0,3,7,2659350.0,4000000.0,-1.772844922568011
0,3,8,3542194.0,4000000.0,-0.5278764824515263
0,3,9,2738178.0,4000000.0,-1.645983145478617
0,3,10,2793821.0,4000000.0,-1.558614138885844
0,3,11,3269808.0,4000000.0,-0.8753773927581328
0,3,12,5886217.0,4000000.0,1.6777627733698908
0,3,13,5043183.0,4000000.0,1.0064473619032543
0,3,14,4379004.0,4000000.0,0.39315350570519436
0,3,15,5926940.0,4000000.0,1.7077053945402723
0,3,16,4898485.0,4000000.0,0.8800179117489777
0,3,17,4460483.0,4000000.0,0.47321897177289163
0,3,18,2729474.0,4000000.0,-1.659810296012816
0,3,19,2331238.0,4000000.0,-2.3447337769142305
0,3,20,3402348.0,4000000.0,-0.7028125913834715
0,3,21,3695033.0,4000000.0,-0.3444166993570919
0,3,22,5838900.0,4000000.0,1.642710460366858
0,3,23,3045364.0,4000000.0,-1.184207817996215
0,3,24,3197789.0,4000000.0,-0.9721018706434834
0,4,0,3187117.0,4347826.0,-1.3487414845231058
0,4,1,5880032.0,4347826.0,1.311075342805743
0,4,2,3057348.0,4347826.0,-1.5292728056192348
0,4,3,3256373.0,4347826.0,-1.2553801013471346
0,4,4,3185483.0,4347826.0,-1.3509686357611617
0,4,5,5813038.0,4347826.0,1.2613100666492345
0,4,6,3401940.0,4347826.0,-1.0654550560218419
0,4,7,3040587.0,4347826.0,-1.5531472094714633
0,4,8,3257814.0,4347826.0,-1.2534587000774735
0,4,9,2679724.0,4347826.0,-2.10182089420563
0,4,10,3062031.0,4347826.0,-1.522625721149452
0,4,11,2658559.0,4347826.0,-2.1362585247061676
0,4,12,5147321.0,4347826.0,0.733090975041992
0,4,13,2727907.0,4347826.0,-2.0244259505814948
0,4,14,6334404.0,4347826.0,1.6343360335658854
0,4,15,3211882.0,4347826.0,-1.3151257376154888
0,4,16,2453305.0,4347826.0,-2.485206113368505
0,4,17,5683585.0,4347826.0,1.163502041084813
0,4,18,3898470.0,4347826.0,-0.4737795876485561
0,4,19,4044410.0,4347826.0,-0.31416979764332587
0,4,20,3123453.0,4347826.0,-1.436371799894158
0,4,21,3457597.0,4347826.0,-0.9949778257480008
0,4,22,5522715.0,4347826.0,1.0388047671568637
0,5,0,2835717.0,5000000.0,-2.4630711755385177
0,5,1,3633712.0,5000000.0,-1.3861950122292275
0,5,2,2903426.0,5000000.0,-2.3605924274615138
0,5,3,5505811.0,5000000.0,0.41851294790692023
0,5,4,4242425.0,5000000.0,-0.7135583098308911
0,5,5,2411554.0,5000000.0,-3.1667301316024425
0,5,6,4674095.0,5000000.0,-0.29272469245900146
0,5,7,6050566.0,5000000.0,0.8282599827995802
0,5,8,2368818.0,5000000.0,-3.244383098572695
0,5,9,3935166.0,5000000.0,-1.040069470911512
0,5,10,4730618.0,5000000.0,-0.24052124389373764
0,5,11,4445631.0,5000000.0,-0.5103659215263191
0,5,12,3806419.0,5000000.0,-1.1845341182689624
0,5,13,4713880.0,5000000.0,-0.2559148172708722
0,5,14,2915917.0,5000000.0,-2.3419484647163675
0,5,15,3495740.0,5000000.0,-1.5543088036345476
0,5,16,5419673.0,5000000.0,0.3500307951237457
0,5,17,2583954.0,5000000.0,-2.866852263303053
0,5,18,3226495.0,5000000.0,-1.9023900790514592
0,5,19,4291364.0,5000000.0,-0.6637465072462516
0,6,0,3322082.0,5882352.0,-2.4814066105896297
0,6,1,6127622.0,5882352.0,0.17740957611109523
0,6,2,5024020.0,5882352.0,-0.6849964952959797
0,6,3,6096358.0,5882352.0,0.15519453274915712
0,6,4,5406043.0,5882352.0,-0.36671513353019264
0,6,5,6081284.0,5882352.0,0.14444276592291477
0,6,6,6045280.0,5882352.0,0.11865411800607668
0,6,7,5947015.0,5882352.0,0.047480247756397746
0,6,8,2654502.0,5882352.0,-3.4556795224377663
0,6,9,2630033.0,5882352.0,-3.495898113566365
0,6,10,2608318.0,5882352.0,-3.5319047068432767
0,6,11,2598017.0,5882352.0,-3.549090206031228
0,6,12,4008578.0,5882352.0,-1.6656067049893566
0,6,13,5905358.0,5882352.0,0.01695221809287357
0,6,14,2374311.0,5882352.0,-3.940134045675567
0,6,15,3405045.0,5882352.0,-2.3742815334907514
0,6,16,2392001.0,5882352.0,-3.907896522570298
0,7,0,2865323.0,6666666.0,-3.6673511162652757
0,7,1,3551664.0,6666666.0,-2.7347682426194115
0,7,2,5816986.0,6666666.0,-0.5921067895116847
0,7,3,3029022.0,6666666.0,-3.426062698591654
0,7,4,4130381.0,6666666.0,-2.0791858325173713
0,7,5,3034910.0,6666666.0,-3.4176288087885363
0,7,6,3647702.0,6666666.0,-2.6188934621428865
0,7,7,2674655.0,6666666.0,-3.966409265815931
0,7,8,4467031.0,6666666.0,-1.7388973114506168
0,7,9,3015463.0,6666666.0,-3.4455469350723797
0,7,10,5172372.0,6666666.0,-1.102189454717339
0,7,11,3199620.0,6666666.0,-3.1881029472704627
0,7,12,3314801.0,6666666.0,-3.0345123632642763
0,7,13,2595090.0,6666666.0,-4.09756273355214
0,7,14,5893466.0,6666666.0,-0.5353791512883994
0,8,0,3328007.0,6666666.0,-3.017244664171628
0,8,1,2330690.0,6666666.0,-4.564241847160851
0,8,2,5759155.0,6666666.0,-0.635499303690858
0,8,3,3675155.0,6666666.0,-2.5863303729869456
0,8,4,5325269.0,6666666.0,-0.9756714695058416
0,8,5,5899732.0,6666666.0,-0.5307641359555217
0,8,6,2339041.0,6666666.0,-4.548708630859207
0,8,7,5397251.0,6666666.0,-0.9173608204735638
0,8,8,5936422.0,6666666.0,-0.5038393163252503
0,8,9,2629016.0,6666666.0,-4.041154683158599
0,8,10,4846630.0,6666666.0,-1.3846883130805359
0,8,11,4040094.0,6666666.0,-2.175172276502096
0,8,12,6046961.0,6666666.0,-0.42371529891134985
0,8,13,3223797.0,6666666.0,-3.1554101070796534
0,8,14,5930564.0,6666666.0,-0.5081270053503102
0,9,0,3076680.0,5882352.0,-2.8146868073283544
0,9,1,6014518.0,5882352.0,0.09649819826739209
0,9,2,5969972.0,5882352.0,0.064212850979466
0,9,3,2429050.0,5882352.0,-3.8411455464211026
0,9,4,3634463.0,5882352.0,-2.091107571761452
0,9,5,5810249.0,5882352.0,-0.05356264522450169
0,9,6,2439649.0,5882352.0,-3.822236616190069
0,9,7,3317525.0,5882352.0,-2.4873680485626486
0,9,8,3333284.0,5882352.0,-2.466786914601624
0,9,9,3222361.0,5882352.0,-2.613768164636894
0,9,10,2451735.0,5882352.0,-3.800774822185786
0,9,11,2479194.0,5882352.0,-3.7524049695615376
0,9,12,2738924.0,5882352.0,-3.319710275701466
0,9,13,2236434.0,5882352.0,-4.199949230170515
0,9,14,2084511.0,5882352.0,-4.505468178868729
0,9,15,3559108.0,5882352.0,-2.1820984240291317
0,9,16,3619719.0,5882352.0,-2.10876151719164
0,10,0,2979017.0,5000000.0,-2.248970227775289
0,10,1,5103150.0,5000000.0,0.08868329666380151
0,10,2,3187132.0,5000000.0,-1.955699535122848
0,10,3,3843964.0,5000000.0,-1.1419069263258073
0,10,4,3278042.0,5000000.0,-1.8335549065633205
0,10,5,4547192.0,5000000.0,-0.4122671215420244
0,10,6,5791541.0,5000000.0,0.6382413085130557
0,10,7,2639165.0,5000000.0,-2.7750346127420027
0,10,8,5265342.0,5000000.0,0.22456580851015506
0,10,9,3746536.0,5000000.0,-1.2534009430000848
0,10,10,3172272.0,5000000.0,-1.9759958639833208
0,10,11,3021685.0,5000000.0,-2.187208156408065
0,10,12,3277704.0,5000000.0,-1.8340027321350048
0,10,13,2660790.0,5000000.0,-2.7395940465877833
0,10,14,2738184.0,5000000.0,-2.615073759143387
0,10,15,5246419.0,5000000.0,0.20892967797332823
0,10,16,5837139.0,5000000.0,0.6723003096732582
0,10,17,2637900.0,5000000.0,-2.777116764582584
0,10,18,5817537.0,5000000.0,0.6576914977912705
0,10,19,5945744.0,5000000.0,0.7523620194884307
0,11,0,2421240.0,4347826.0,-2.542343152518644
0,11,1,5841218.0,4347826.0,1.282312595427878
0,11,2,5962165.0,4347826.0,1.3713183545375887
0,11,3,2309496.0,4347826.0,-2.747549409024914
0,11,4,5456850.0,4347826.0,0.9866986059628016
0,11,5,5971960.0,4347826.0,1.3784473487545004
0,11,6,2715212.0,4347826.0,-2.0446841093492827
0,11,7,4603583.0,4347826.0,0.24823822345661695
0,11,8,5562688.0,4347826.0,1.0701254662197714
0,11,9,6064657.0,4347826.0,1.4453408812212083
0,11,10,5996540.0,4347826.0,1.3962857969701359
0,11,11,2415395.0,4347826.0,-2.5528399234450156
0,11,12,5885562.0,4347826.0,1.3151578373432515
0,11,13,5858157.0,4347826.0,1.2948885140037245
0,11,14,2901328.0,4347826.0,-1.7567532599825362
0,11,15,4211547.0,4347826.0,-0.13830503604648015
0,11,16,3064248.0,4347826.0,-1.5194824398577897
0,11,17,3072915.0,4347826.0,-1.5072160790753617
0,11,18,5646293.0,4347826.0,1.134912557055854
0,11,19,2646023.0,4347826.0,-2.1567854041492525
0,11,20,2807138.0,4347826.0,-1.9000839205099076
0,11,21,4779012.0,4347826.0,0.4106596573008104
0,11,22,3620287.0,4347826.0,-0.7952915449384123
0,12,0,3445548.0,4000000.0,-0.6480168686975929
0,12,1,3528842.0,4000000.0,-0.544277775880774
0,12,2,5869514.0,4000000.0,1.665421515114376
0,12,3,4840800.0,4000000.0,0.8285714859640905
0,12,4,2346625.0,4000000.0,-2.3161629816860825
0,12,5,4649905.0,4000000.0,0.6538408878839179
0,12,6,5999754.0,4000000.0,1.7607345261688874
0,12,7,2446162.0,4000000.0,-2.135747760045062
0,12,8,3503202.0,4000000.0,-0.5759481120237815
0,12,9,6020407.0,4000000.0,1.775658607071518
0,12,10,4163593.0,4000000.0,0.1740827838347567
0,12,11,2748795.0,4000000.0,-1.6291763914857795
0,12,12,4522207.0,4000000.0,0.5329044657969788
0,12,13,3349004.0,4000000.0,-0.771443250729895
0,12,14,2992270.0,4000000.0,-1.2605921289100475
0,12,15,5755970.0,4000000.0,1.5805853040838937
0,12,16,5397373.0,4000000.0,1.3012244086439237
0,12,17,3255848.0,4000000.0,-0.8939586977361687
0,12,18,3226376.0,4000000.0,-0.9334501289693864
0,12,19,4642556.0,4000000.0,0.6469715971483143
0,12,20,2253882.0,4000000.0,-2.4912881612645066
0,12,21,2131275.0,4000000.0,-2.7342050065784407
0,12,22,2251413.0,4000000.0,-2.496048218855247
0,12,23,3212175.0,4000000.0,-0.9526079361795504
0,12,24,4420775.0,4000000.0,0.4343842026529636
0,13,0,3069580.0,4000000.0,-1.1498103479561703
0,13,1,4006300.0,4000000.0,0.006834757130497323
0,13,2,5871224.0,4000000.0,1.6666865864741252
0,13,3,2324440.0,4000000.0,-2.3574165096382327
0,13,4,3366973.0,4000000.0,-0.7482035756477037
0,13,5,2344520.0,4000000.0,-2.320060494748514
0,13,6,2810236.0,4000000.0,-1.5331719840011637
0,13,7,5935405.0,4000000.0,1.7139036688500102
0,13,8,6006251.0,4000000.0,1.765434859917459
0,13,9,4003425.0,4000000.0,0.0037170553639726813
0,13,10,2898587.0,4000000.0,-1.3987365123980595
0,13,11,6151203.0,4000000.0,1.8690006837747406
0,13,12,3038777.0,4000000.0,-1.1936116068630522
0,13,13,2444355.0,4000000.0,-2.1389571146573143
0,13,14,5621916.0,4000000.0,1.4782436096995941
0,13,15,4524358.0,4000000.0,0.5349697081252622
0,13,16,5271647.0,4000000.0,1.1988633000669484
0,13,17,3595527.0,4000000.0,-0.4629743696565156
0,13,18,2811676.0,4000000.0,-1.5309471748343988
0,13,19,2968627.0,4000000.0,-1.2950435823789395
0,13,20,5901974.0,4000000.0,1.6893730064021397
0,13,21,3219788.0,4000000.0,-0.94232713874736
0,13,22,2300735.0,4000000.0,-2.4019339207062
0,13,23,3252695.0,4000000.0,-0.8981664923487573
0,13,24,5872073.0,4000000.0,1.667314546434226
0,14,0,5936917.0,4347826.0,1.3528882209611242
0,14,1,2411993.0,4347826.0,-2.5589611222052007
0,14,2,6123026.0,4347826.0,1.486939482732276
0,14,3,5904751.0,4347826.0,1.3292943308721619
0,14,4,5432539.0,4347826.0,0.9673069749153436
0,14,5,2782139.0,4347826.0,-1.9389333106933724
0,14,6,4869723.0,4347826.0,0.49232103044838155
0,14,7,5875730.0,4347826.0,1.3078967569436801
0,14,8,2793020.0,4347826.0,-1.9219810972850935
0,14,9,3228008.0,4347826.0,-1.2933755292939975
0,14,10,5989757.0,4347826.0,1.39137048445084
0,14,11,5561765.0,4347826.0,1.0694047947265903
0,14,12,5914514.0,4347826.0,1.3364690883400179
0,14,13,2774336.0,4347826.0,-1.9511309794310345
0,14,14,2940361.0,4347826.0,-1.698715015226944
0,14,15,5899312.0,4347826.0,1.325292102394999
0,14,16,3459200.0,4347826.0,-0.9929648302330106
0,14,17,5398529.0,4347826.0,0.9400328337607384
0,14,18,4490310.0,4347826.0,0.14004169368715735
0,14,19,4715362.0,4347826.0,0.352428839968901
0,14,20,3682585.0,4347826.0,-0.7211937544921361
0,14,21,4883422.0,4347826.0,0.5045210008578659
0,14,22,2890823.0,4347826.0,-1.7725065389793149
0,15,0,2969130.0,5000000.0,-2.2634079123083026
0,15,1,5314851.0,5000000.0,0.26521089399147296
0,15,2,3319948.0,5000000.0,-1.7783872288798197
0,15,3,4866074.0,5000000.0,-0.11791295230883203
0,15,4,3414220.0,5000000.0,-1.6567850228850722
0,15,5,5148465.0,5000000.0,0.127077603559399
0,15,6,5954238.0,5000000.0,0.7585618573634233
0,15,7,2498905.0,5000000.0,-3.012202583176184
0,15,8,4410343.0,5000000.0,-0.5449763772201535
0,15,9,5860032.0,5000000.0,0.6892998324955915
0,15,10,4644407.0,5000000.0,-0.3203973338381054
0,15,11,2648939.0,5000000.0,-2.758980468951197
0,15,12,6025640.0,5000000.0,0.8103317698674696
0,15,13,3864486.0,5000000.0,-1.118782660320851
0,15,14,3515610.0,5000000.0,-1.52969313202286
0,15,15,3771653.0,5000000.0,-1.2243827443758244
0,15,16,5848891.0,5000000.0,0.6810352358575428
0,15,17,5351337.0,5000000.0,0.29492297158117753
0,15,18,2268412.0,5000000.0,-3.4324806827892687
0,15,19,5955098.0,5000000.0,0.7591890850360427
0,16,0,5891152.0,5882352.0,0.006492191538650092
0,16,1,5975172.0,5882352.0,0.06799402171889476
0,16,2,5939926.0,5882352.0,0.04230025410252221
0,16,3,5996850.0,5882352.0,0.08372176773876525
0,16,4,6009473.0,5882352.0,0.09285379136493327
0,16,5,5928856.0,5882352.0,0.03419893198072583
0,16,6,6049185.0,5882352.0,0.12145857444257759
0,16,7,2245837.0,5882352.0,-4.181727766078342
0,16,8,2385662.0,5882352.0,-3.9194209617625955
0,16,9,2271748.0,5882352.0,-4.131908547537678
0,16,10,5861615.0,5882352.0,-0.01533719233227571
0,16,11,4092442.0,5882352.0,-1.5756847603130737
0,16,12,5856582.0,5882352.0,-0.019067807651042185
0,16,13,2348999.0,5882352.0,-3.9866817724187387
0,16,14,5522897.0,5882352.0,-0.2738406526793407
0,16,15,2328209.0,5882352.0,-4.025290454108078
0,16,16,3111928.0,5882352.0,-2.765214688775011
0,17,0,6165286.0,6666666.0,-0.3395546973139908
0,17,1,3354072.0,6666666.0,-2.9833631638640097
0,17,2,5062890.0,6666666.0,-1.1951020582069474
0,17,3,2591374.0,6666666.0,-4.103786004632028
0,17,4,4129754.0,6666666.0,-2.079845150169386
0,17,5,2523591.0,6666666.0,-4.218897276227781
0,17,6,2825679.0,6666666.0,-3.7278587349378873
0,17,7,2613198.0,6666666.0,-4.06736380382405
0,17,8,3152012.0,6666666.0,-3.2532083529511007
0,17,9,5034925.0,6666666.0,-1.2191569180670878
0,17,10,3408252.0,6666666.0,-2.913769992830697
0,17,11,3011563.0,6666666.0,-3.4511674474638134
0,17,12,3572050.0,6666666.0,-2.7099116819082374
0,17,13,3093256.0,6666666.0,-3.334928335134357
0,17,14,2506950.0,6666666.0,-4.2476302528008185
0,18,0,3159597.0,6666666.0,-3.2427700471845617
0,18,1,5923705.0,6666666.0,-0.5131527495506504
0,18,2,5976963.0,6666666.0,-0.47428130144557523
0,18,3,2322152.0,6666666.0,-4.580180537743637
0,18,4,2303211.0,6666666.0,-4.615749714750386
0,18,5,5969760.0,6666666.0,-0.47951825811094245
0,18,6,5190533.0,6666666.0,-1.0869674100099371
0,18,7,4194826.0,6666666.0,-2.01194746368524
0,18,8,2905732.0,6666666.0,-3.6065314133415933
0,18,9,4864498.0,6666666.0,-1.3687066834292982
0,18,10,4512741.0,6666666.0,-1.6946828876729114
0,18,11,3542455.0,6666666.0,-2.7460435542693413
0,18,12,4149582.0,6666666.0,-2.0590434640191284
0,18,13,2416167.0,6666666.0,-4.407817490757234
0,18,14,3450490.0,6666666.0,-2.8602792441684812
0,19,0,2363465.0,5555555.0,-3.71178276146024
0,19,1,3027681.0,5555555.0,-2.6361733600176973
0,19,2,2472944.0,5555555.0,-3.5151316962529693
0,19,3,2534121.0,5555555.0,-3.4090010359633554
0,19,4,3232788.0,5555555.0,-2.3515022611612615
0,19,5,2737308.0,5555555.0,-3.074037847934368
0,19,6,2461717.0,5555555.0,-3.534893266748429
0,19,7,5892211.0,5555555.0,0.25550839061618136
0,19,8,6067232.0,5555555.0,0.3826315043137978
0,19,9,2223282.0,5555555.0,-3.9773289957505242
0,19,10,4486831.0,5555555.0,-0.9278773966754994
0,19,11,4623614.0,5555555.0,-0.7974588138941446
0,19,12,2990044.0,5555555.0,-2.6904987223425065
0,19,13,2942696.0,5555555.0,-2.7598205254867905
0,19,14,2840015.0,5555555.0,-2.914068176173801
0,19,15,2386745.0,5555555.0,-3.6692143003429765
0,19,16,2440085.0,5555555.0,-3.5732249628097748
0,19,17,2325930.0,5555555.0,-3.781308111828059
0,20,0,3144205.0,4761904.0,-1.80269781787425
0,20,1,5172541.0,4761904.0,0.3592330599538991
0,20,2,3107327.0,4761904.0,-1.8539367707729135
0,20,3,5974636.0,4761904.0,0.9853081559739096
0,20,4,5942099.0,4761904.0,0.9615924743347682
0,20,5,3759774.0,4761904.0,-1.026188955062879
0,20,6,2237911.0,4761904.0,-3.2793782480086433
0,20,7,3875635.0,4761904.0,-0.8943776651016312
0,20,8,4150018.0,4761904.0,-0.59730655384041
0,20,9,3846785.0,4761904.0,-0.9268272187217286
0,20,10,3886031.0,4761904.0,-0.8827437500792745
0,20,11,2252756.0,4761904.0,-3.250664807138757
0,20,12,1938401.0,4761904.0,-3.9033701060164927
0,20,13,5036561.0,4761904.0,0.2435346247078738
0,20,14,3818309.0,4761904.0,-0.9590956463782214
0,20,15,2431184.0,4761904.0,-2.919628068571933
0,20,16,3807804.0,4761904.0,-0.971060500342631
0,20,17,5496157.0,4761904.0,0.6227849425139224
0,20,18,4111677.0,4761904.0,-0.6376164521668235
0,20,19,3902449.0,4761904.0,-0.8644339967891832
0,20,20,2833230.0,4761904.0,-2.254988040483855
0,21,0,5342938.0,4166666.0,1.0799144581320779
0,21,1,3177623.0,4166666.0,-1.176863185012996
0,21,2,3824704.0,4166666.0,-0.3719085876023773
0,21,3,3113280.0,4166666.0,-1.2657050708873014
0,21,4,2845792.0,4166666.0,-1.6558553463888106
0,21,5,5370476.0,4166666.0,1.1022409131389888
0,21,6,3147475.0,4166666.0,-1.2182639955438677
0,21,7,5228899.0,4166666.0,0.9862156439455378
0,21,8,2594504.0,4166666.0,-2.05734344209104
0,21,9,3598090.0,4166666.0,-0.6371666653033614
0,21,10,5925356.0,4166666.0,1.5292575941520856
0,21,11,3073505.0,4166666.0,-1.3215476483043922
0,21,12,4433629.0,4166666.0,0.2697066033040403
0,21,13,3037548.0,4166666.0,-1.3726553932398162
0,21,14,5927128.0,4166666.0,1.5305561739732712
0,21,15,5983450.0,4166666.0,1.5716297744837702
0,21,16,2337710.0,4166666.0,-2.509980541787789
0,21,17,2454780.0,4166666.0,-2.2977611253263177
0,21,18,2353982.0,4166666.0,-2.479855511649524
0,21,19,5864084.0,4166666.0,1.4841149392238597
0,21,20,6088035.0,4166666.0,1.6468845171932216
0,21,21,2284385.0,4166666.0,-2.6101938901516326
0,21,22,5925975.0,4166666.0,1.5297112618195274
0,21,23,6096227.0,4166666.0,1.6527244128419492
0,22,0,2705354.0,4000000.0,-1.6983589002305497
0,22,1,3131961.0,4000000.0,-1.0624364585720627
0,22,2,2365334.0,4000000.0,-2.2816751681853757
0,22,3,5972026.0,4000000.0,1.7406169848724065
0,22,4,5860420.0,4000000.0,1.6586875048297145
0,22,5,6002927.0,4000000.0,1.7630307072024076
0,22,6,4834799.0,4000000.0,0.8231843228125801
0,22,7,5977330.0,4000000.0,1.7444724195641106
0,22,8,2403025.0,4000000.0,-2.2130170229452846
0,22,9,5380345.0,4000000.0,1.2875013318459447
0,22,10,4554806.0,4000000.0,0.5640989274203511
0,22,11,5929887.0,4000000.0,1.7098642619413469
0,22,12,4649218.0,4000000.0,0.6531991922969032
0,22,13,2635080.0,4000000.0,-1.812661865683357
0,22,14,4604158.0,4000000.0,0.6109022748529633
0,22,15,5677894.0,4000000.0,1.5212728914000349
0,22,16,2509417.0,4000000.0,-2.024871555410549
0,22,17,5860188.0,4000000.0,1.6585155746366478
0,22,18,4468383.0,4000000.0,0.4809039953857479
0,22,19,6010038.0,4000000.0,1.7681722662122292
0,22,20,3050842.0,4000000.0,-1.1764027477206862
0,22,21,5897034.0,4000000.0,1.6857364042980296
0,22,22,5945420.0,4000000.0,1.7212254840715362
0,22,23,5684219.0,4000000.0,1.5261081062615343
0,22,24,2626266.0,4000000.0,-1.8272128005367974
0,23,0,5775652.0,4000000.0,1.5954102650357198
0,23,1,3425315.0,4000000.0,-0.6735947492396903
0,23,2,5509523.0,4000000.0,1.3905400907822798
0,23,3,3114916.0,4000000.0,-1.086136518025537
0,23,4,5981550.0,4000000.0,1.7475374604202827
0,23,5,4344637.0,4000000.0,0.3589350511089285
0,23,6,2215289.0,4000000.0,-2.5662960030927513
0,23,7,3648623.0,4000000.0,-0.39930999840039755
0,23,8,5756135.0,4000000.0,1.5807097966758548
0,23,9,5836550.0,4000000.0,1.6409621901995328
0,23,10,2253886.0,4000000.0,-2.4912804537785505
0,23,11,2338436.0,4000000.0,-2.3313450300483907
0,23,12,4637463.0,4000000.0,0.642204662903026
0,23,13,6047236.0,4000000.0,1.7949692642594404
0,23,14,2219592.0,4000000.0,-2.5578684049585236
0,23,15,4733707.0,4000000.0,0.7314138177899476
0,23,16,2235596.0,4000000.0,-2.5266666743700315
0,23,17,2993734.0,4000000.0,-1.258467816483316
0,23,18,3009721.0,4000000.0,-1.235337528026901
0,23,19,2950222.0,4000000.0,-1.322052940794919
0,23,20,2588557.0,4000000.0,-1.8900225874452203
0,23,21,3109500.0,4000000.0,-1.093694301784203
0,23,22,2504062.0,4000000.0,-2.0341491362482147
0,23,23,2531026.0,4000000.0,-1.9876338485065146
0,23,24,5887321.0,4000000.0,1.6785772458070227
0,24,0,3348876.0,4545454.0,-1.326781999981762
0,24,1,5142789.0,4545454.0,0.5362143925056919
0,24,2,3762866.0,4545454.0,-0.8205851419482514
0,24,3,5932290.0,4545454.0,1.1564510629882774
0,24,4,3815501.0,4545454.0,-0.7602569534825716
0,24,5,2866507.0,4545454.0,-2.002242604048683
0,24,6,4493921.0,4545454.0,-0.04951833506631351
0,24,7,2683454.0,4545454.0,-2.288831120890706
0,24,8,3412725.0,4545454.0,-1.244759731565987
0,24,9,5913647.0,4545454.0,1.1427812980542353
0,24,10,5973982.0,4545454.0,1.1868664264983957
0,24,11,2441118.0,4545454.0,-2.699884939909221
0,24,12,5012218.0,4545454.0,0.4245268475249977
0,24,13,5903145.0,4545454.0,1.1350618394232062
0,24,14,5836992.0,4545454.0,1.0861183101758274
0,24,15,5532828.0,4545454.0,0.8536990237238272
0,24,16,4547539.0,4545454.0,0.0019916522769520017
0,24,17,2083955.0,4545454.0,-3.386889302961408
0,24,18,2141758.0,4545454.0,-3.268068692883936
0,24,19,5436865.0,4545454.0,0.7777128233010705
0,24,20,5957744.0,4545454.0,1.1750457089411772
0,24,21,2194250.0,4545454.0,-3.1629116003382447
0,25,0,5622833.0,5263157.0,0.28708859794077046
0,25,1,4678169.0,5263157.0,-0.5117041846613499
0,25,2,3050082.0,5263157.0,-2.3693480991333207
0,25,3,3012200.0,5263157.0,-2.423625210308214
0,25,4,6004691.0,5263157.0,0.5724433840396657
0,25,5,6055055.0,5263157.0,0.6087176711548123
0,25,6,5854536.0,5263157.0,0.4624615563879189
0,25,7,5959001.0,5263157.0,0.5392713308810773
0,25,8,2674025.0,5263157.0,-2.940808619652983
0,25,9,4913348.0,5263157.0,-0.29868800014229
0,25,10,2706435.0,5263157.0,-2.8884872404323096
0,25,11,5923891.0,5263157.0,0.5136073365738255
0,25,12,5863349.0,5263157.0,0.46899419942150183
0,25,13,2427121.0,5263157.0,-3.3615489733082033
0,25,14,3636459.0,5263157.0,-1.6056762982391815
0,25,15,5565242.0,5263157.0,0.24237728804838937
0,25,16,5948218.0,5263157.0,0.5314055165737828
0,25,17,2382089.0,5263157.0,-3.4428834158553507
0,25,18,2422037.0,5263157.0,-3.370655519042509
0,26,0,4776181.0,6250000.0,-1.1679924071946703
0,26,1,6007964.0,6250000.0,-0.17152695652921668
0,26,2,2408933.0,6250000.0,-4.140552962726448
0,26,3,2386317.0,6250000.0,-4.18151882198277
0,26,4,3031350.0,6250000.0,-3.1424393439341665
0,26,5,6023523.0,6250000.0,-0.16029444368901663
0,26,6,4681992.0,6250000.0,-1.2544935005071092
0,26,7,5822339.0,6250000.0,-0.30782529133203207
0,26,8,6131982.0,6250000.0,-0.08279146000639802
0,26,9,2346002.0,6250000.0,-4.255516393221975
0,26,10,6014858.0,6250000.0,-0.16654638460295024
0,26,11,5897696.0,6250000.0,-0.25197634500473703
0,26,12,2652380.0,6250000.0,-3.722442728448616
0,26,13,5840559.0,6250000.0,-0.2942560191023336
0,26,14,3385133.0,6250000.0,-2.6630428079813333
0,26,15,3062582.0,6250000.0,-3.0979229167083067
0,27,0,1715800.0,6666666.0,-5.894420340246067
0,27,1,1684315.0,6666666.0,-5.9748538115373195
0,27,2,1768105.0,6666666.0,-5.764006452277725
0,27,3,1770649.0,6666666.0,-5.757762190301364
0,27,4,1771783.0,6666666.0,-5.754981671384974
0,27,5,1688944.0,6666666.0,-5.962934475259658
0,27,6,1676052.0,6666666.0,-5.9962120889917365
0,27,7,1656866.0,6666666.0,-6.046213114937257
0,27,8,1693116.0,6666666.0,-5.952219836858571
0,27,9,1794496.0,6666666.0,-5.6996620290348865
0,27,10,1680788.0,6666666.0,-5.983957587549939
0,27,11,1753997.0,6666666.0,-5.798798512924636
0,27,12,1697601.0,6666666.0,-5.940730751291663
0,27,13,1730461.0,6666666.0,-5.857468816198596
0,27,14,1783178.0,6666666.0,-5.72714000127894
0,28,0,1743610.0,6250000.0,-5.544306662136359
0,28,1,1674331.0,6250000.0,-5.720386991328349
0,28,2,1694686.0,6250000.0,-5.667907756309668
0,28,3,1704606.0,6250000.0,-5.642560045725272
0,28,4,1678772.0,6250000.0,-5.708883002802615
0,28,5,1847698.0,6250000.0,-5.2924902862639955
0,28,6,1774996.0,6250000.0,-5.466826386458553
0,28,7,1803504.0,6250000.0,-5.397629074648521
0,28,8,1708450.0,6250000.0,-5.632777442133011
0,28,9,1640993.0,6250000.0,-5.80773288861279
0,28,10,1865255.0,6250000.0,-5.25141804511685
0,28,11,1789401.0,6250000.0,-5.431723416328924
0,28,12,1736954.0,6250000.0,-5.560917002272583
0,28,13,1806736.0,6250000.0,-5.389853191934414
0,28,14,1964765.0,6250000.0,-5.025694042644417
0,28,15,1811065.0,6250000.0,-5.3794597971100035
0,29,0,1782505.0,5555555.0,-4.936966947277084
0,29,1,1717361.0,5555555.0,-5.098658552995054
0,29,2,1743198.0,5555555.0,-5.033807325020263
0,29,3,1693486.0,5555555.0,-5.15945840771731
0,29,4,1804708.0,5555555.0,-4.883205079664823
0,29,5,1691189.0,5555555.0,-5.165353062761472
0,29,6,1914751.0,5555555.0,-4.626151464561119
0,29,7,4968500.0,5555555.0,-0.4850215731112156
0,29,8,3365373.0,5555555.0,-2.176942453547183
0,29,9,5356108.0,5555555.0,-0.1587812597059547
0,29,10,5392028.0,5555555.0,-0.12975312707428222
0,29,11,2358107.0,5555555.0,-3.7216394398414367
0,29,12,2553507.0,5555555.0,-3.3759039873046968
0,29,13,5904708.0,5555555.0,0.2647097425464045
0,29,14,5839131.0,5555555.0,0.21620767222806622
0,29,15,5853598.0,5555555.0,0.22695442172635885
0,29,16,2436396.0,5555555.0,-3.5797957364859445
0,29,17,5979954.0,5555555.0,0.31970391781534424
0,30,0,5657813.0,4761904.0,0.7486795343423492
0,30,1,5950773.0,4761904.0,0.9679274807217615
0,30,2,3038856.0,4761904.0,-1.9507051479973945
0,30,3,6103317.0,4761904.0,1.0778529157161296
0,30,4,2288385.0,4761904.0,-3.1825154340730757
0,30,5,3622137.0,4761904.0,-1.1881576318059701
0,30,6,2313808.0,4761904.0,-3.1345331746403033
0,30,7,2948178.0,4761904.0,-2.082269347181126
0,30,8,2840142.0,4761904.0,-2.2444058155067523
0,30,9,5974446.0,4761904.0,0.9851700433530931
0,30,10,2852888.0,4761904.0,-2.2249591352137195
0,30,11,2868802.0,4761904.0,-2.200800607901236
0,30,12,6189294.0,4761904.0,1.138604769906183
0,30,13,3129743.0,4761904.0,-1.8227195901983326
0,30,14,2843838.0,4761904.0,-2.2387578271910074
0,30,15,1973517.0,4761904.0,-3.825397639912327
0,30,16,1786552.0,4761904.0,-4.2576497433123714
0,30,17,1776650.0,4761904.0,-4.28178755548211
0,30,18,1885617.0,4761904.0,-4.023271508124832
0,30,19,1915916.0,4761904.0,-3.954041715041701
0,30,20,2057135.0,4761904.0,-3.645178424647792
0,31,0,4781580.0,4166666.0,0.5978273749687281
0,31,1,3302879.0,4166666.0,-1.0089602506894542
0,31,2,3363526.0,4166666.0,-0.9299389968035809
0,31,3,5449505.0,4166666.0,1.1656836658880338
0,31,4,2143493.0,4166666.0,-2.886666192267622
0,31,5,6024303.0,4166666.0,1.6011811833537797
0,31,6,4373917.0,4166666.0,0.21081848751740012
0,31,7,5930437.0,4166666.0,1.5329800788439971
0,31,8,3148939.0,4166666.0,-1.2162444106405748
0,31,9,5245658.0,4166666.0,1.0001128377511788
0,31,10,5890070.0,4166666.0,1.5033176734968192
0,31,11,2504424.0,4166666.0,-2.210808318060558
0,31,12,3802783.0,4166666.0,-0.39687145033498206
0,31,13,3342409.0,4166666.0,-0.9572909675231812
0,31,14,2276747.0,4166666.0,-2.62473915809591
0,31,15,5382706.0,4166666.0,1.1121197077206344
0,31,16,3858288.0,4166666.0,-0.33394046586582504
0,31,17,2791389.0,4166666.0,-1.7396832605632462
0,31,18,2700131.0,4166666.0,-1.8840385382857947
0,31,19,2702657.0,4166666.0,-1.8799775685004885
0,31,20,2632581.0,4166666.0,-1.9940694624219066
0,31,21,3454662.0,4166666.0,-0.8138312586546896
0,31,22,5988909.0,4166666.0,1.575590253351822
0,31,23,2972554.0,4166666.0,-1.4665893595999355
0,32,0,5885525.0,4000000.0,1.6772521747145293
0,32,1,5975815.0,4000000.0,1.7433715274664965
0,32,2,2288300.0,4000000.0,-2.4254703073333657
0,32,3,2612640.0,4000000.0,-1.8498041963530143
0,32,4,2314435.0,4000000.0,-2.3761500302819623
0,32,5,5904794.0,4000000.0,1.6914475969458955
0,32,6,3199606.0,4000000.0,-0.9696348880831224
0,32,7,4409636.0,4000000.0,0.42342750131749146
0,32,8,3243353.0,4000000.0,-0.9106577234692492
0,32,9,3141724.0,4000000.0,-1.0489196165581078
0,32,10,5808774.0,4000000.0,1.620244885288412
0,32,11,3552521.0,4000000.0,-0.5152333747802185
0,32,12,3076165.0,4000000.0,-1.140503647929577
0,32,13,5868571.0,4000000.0,1.664723718672596
0,32,14,3491229.0,4000000.0,-0.5908165492439298
0,32,15,3535095.0,4000000.0,-0.5365890207159157
0,32,16,5144713.0,4000000.0,1.0930116114408326
0,32,17,2553586.0,4000000.0,-1.9490950266430287
0,32,18,5445705.0,4000000.0,1.3399412008982534
0,32,19,4774561.0,4000000.0,0.7687345494944753
0,32,20,3791180.0,4000000.0,-0.232855867087185
0,32,21,3524851.0,4000000.0,-0.5491922780067803
0,32,22,5867565.0,4000000.0,1.6639791801807706
0,32,23,6042932.0,4000000.0,1.7918771591223193
0,32,24,2417465.0,4000000.0,-2.1869979623244777
0,33,0,3623380.0,4166666.0,-0.6067480598147217
0,33,1,5950957.0,4166666.0,1.547981233808159
0,33,2,5241122.0,4166666.0,0.9963558029077478
0,33,3,2234545.0,4166666.0,-2.7059958375212982
0,33,4,5754968.0,4166666.0,1.402542243144857
0,33,5,3493342.0,4166666.0,-0.7654758342642032
0,33,6,5293274.0,4166666.0,1.0393568650647633
0,33,7,5940540.0,4166666.0,1.5403723570196235
0,33,8,5341495.0,4166666.0,1.0787413739989344
0,33,9,4879424.0,4166666.0,0.6857986918793466
0,33,10,1997155.0,4166666.0,-3.1937691685373832
0,33,11,2712198.0,4166666.0,-1.864672974231545
0,33,12,3594129.0,4166666.0,-0.6419502810879746
0,33,13,2850516.0,4166666.0,-1.6486520575117187
0,33,14,3349842.0,4166666.0,-0.9476436539020514
0,33,15,5877696.0,4166666.0,1.4941843139454627
0,33,16,3424968.0,4166666.0,-0.851321706336572
0,33,17,4810653.0,4166666.0,0.624153428840384
0,33,18,5939535.0,4166666.0,1.5396375704877976
0,33,19,2374241.0,4166666.0,-2.442638883958871
0,33,20,5897941.0,4166666.0,1.5091173497527541
0,33,21,4843839.0,4166666.0,0.6540101078667125
0,33,22,3808889.0,4166666.0,-0.3899037232040191
0,33,23,4386333.0,4166666.0,0.22312910399040056
0,34,0,3384463.0,4545454.0,-1.280874964452976
0,34,1,6010319.0,4545454.0,1.2132025589921045
0,34,2,3201472.0,4545454.0,-1.5222755921514155
0,34,3,6117433.0,4545454.0,1.2899195446123004
0,34,4,3203533.0,4545454.0,-1.5194806498895579
0,34,5,2503378.0,4545454.0,-2.59050835784419
0,34,6,3157677.0,4545454.0,-1.5820956326855307
0,34,7,5898068.0,4545454.0,1.1313250824971985
0,34,8,5944489.0,4545454.0,1.1653726068645227
0,34,9,2253412.0,4545454.0,-3.0473666434511197
0,34,10,5851771.0,4545454.0,1.0971005528106157
0,34,11,4686093.0,4545454.0,0.1323363627361519
0,34,12,2758536.0,4545454.0,-2.1689861101472303
0,34,13,2706598.0,4545454.0,-2.251535104963742
0,34,14,4236976.0,4545454.0,-0.3052126307965668
0,34,15,5443758.0,4545454.0,0.7832154351721718
0,34,16,3045328.0,4545454.0,-1.7394319146679114
0,34,17,3099804.0,4545454.0,-1.6624303271511918
0,34,18,2599584.0,4545454.0,-2.4267341176830177
0,34,19,2909676.0,4545454.0,-1.937326352058022
0,34,20,6147519.0,4545454.0,1.3112261261465485
0,34,21,3624587.0,4545454.0,-0.9831873859387994
0,35,0,5564439.0,5263157.0,0.24175060617031355
0,35,1,3148197.0,5263157.0,-2.2318442448559557
0,35,2,3169678.0,5263157.0,-2.2023117969527597
0,35,3,5923711.0,5263157.0,0.5134753723050248
0,35,4,5460663.0,5263157.0,0.15999050044596508
0,35,5,2434018.0,5263157.0,-3.3492253962553447
0,35,6,5874546.0,5263157.0,0.4772798363075989
0,35,7,6191629.0,5263157.0,0.7055860048100351
0,35,8,2458942.0,5263157.0,-3.3049804022666556
0,35,9,2404722.0,5263157.0,-3.4018144860058803
0,35,10,3487451.0,5263157.0,-1.7873821089361708
0,35,11,2556480.0,5263157.0,-3.136039257385932
0,35,12,6036858.0,5263157.0,0.5956463520789095
0,35,13,3784280.0,5263157.0,-1.4326306272093092
0,35,14,5486095.0,5263157.0,0.18016998579763024
0,35,15,3176289.0,5263157.0,-2.193263146499606
0,35,16,2397713.0,5263157.0,-3.414491272614877
0,35,17,3159687.0,5263157.0,-2.2160226187257983
0,35,18,3416656.0,5263157.0,-1.87645070393296
0,36,0,2390433.0,6250000.0,-4.174034417189037
0,36,1,4399190.0,6250000.0,-1.5250729788378115
0,36,2,3577800.0,6250000.0,-2.422639576146924
0,36,3,5909912.0,6250000.0,-0.24299003163148636
0,36,4,3007198.0,6250000.0,-3.1771799347486236
0,36,5,5999718.0,6250000.0,-0.17749179280774346
0,36,6,3236586.0,6250000.0,-2.857928661077744
0,36,7,2348284.0,6250000.0,-4.2512939828883445
0,36,8,3239908.0,6250000.0,-2.853473391311698
0,36,9,3539658.0,6250000.0,-2.4691871460867305
0,36,10,2758136.0,6250000.0,-3.5526434049578515
0,36,11,5662910.0,6250000.0,-0.4284035785668935
0,36,12,3319793.0,6250000.0,-2.7476901248354597
0,36,13,3331090.0,6250000.0,-2.7329365064649096
0,36,14,2591277.0,6250000.0,-3.823661770555023
0,36,15,4056673.0,6250000.0,-1.8771001580666238
0,37,0,2792223.0,6666666.0,-3.779585973882409
0,37,1,5903611.0,6666666.0,-0.5279096423498539
0,37,2,2885883.0,6666666.0,-3.6362997764734195
0,37,3,3814749.0,6666666.0,-2.4244272966724303
0,37,4,3099617.0,6666666.0,-3.326006633782127
0,37,5,3299698.0,6666666.0,-3.054345039810186
0,37,6,3617176.0,6666666.0,-2.655390568845106
0,37,7,3186451.0,6666666.0,-3.2060145305869927
0,37,8,6002668.0,6666666.0,-0.45564373775067346
0,37,9,3561399.0,6666666.0,-2.722880650955877
0,37,10,2260469.0,6666666.0,-4.697101420044337
0,37,11,2988997.0,6666666.0,-3.483832183685618
0,37,12,2297564.0,6666666.0,-4.626410797593453
0,37,13,3010116.0,6666666.0,-3.453254653133228
0,37,14,2392834.0,6666666.0,-4.449961265172343
0,38,0,3158169.0,6250000.0,-2.9644465107533717
0,38,1,3998660.0,6250000.0,-1.9396553904234342
0,38,2,3322266.0,6250000.0,-2.7444561568644583
0,38,3,1.6104625E7,6250000.0,4.110705992796995
0,38,4,4713916.0,6250000.0,-1.224981780317808
0,38,5,4308710.0,6250000.0,-1.6153275269132303
0,38,6,3887902.0,6250000.0,-2.061647079508529
0,38,7,3156902.0,6250000.0,-2.9661891708626706
0,38,8,3156486.0,6250000.0,-2.9667614990792583
0,38,9,3396323.0,6250000.0,-2.648710311646613
0,38,10,3392464.0,6250000.0,-2.6536476961489552
0,38,11,3317144.0,6250000.0,-2.7511569232807425
0,38,12,2977540.0,6250000.0,-3.220224128777269
0,38,13,4864109.0,6250000.0,-1.088767188491083
0,38,14,3105240.0,6250000.0,-3.0378484547314266
0,38,15,5263313.0,6250000.0,-0.7462081982710701
0,39,0,3190989.0,5555555.0,-2.4080214437418284
0,39,1,5913712.0,5555555.0,0.2713271893313887
0,39,2,3221125.0,5555555.0,-2.367198729509087
0,39,3,3713778.0,5555555.0,-1.7491151228335151
0,39,4,3185791.0,5555555.0,-2.4151017043653162
0,39,5,5835133.0,5555555.0,0.21323307887206927
0,39,6,6259173.0,5555555.0,0.5178950390567939
0,39,7,5960628.0,5555555.0,0.3056456709289522
0,39,8,5518583.0,5555555.0,-0.028998727020398088
0,39,9,6039742.0,5555555.0,0.36290935768213295
0,39,10,2673977.0,5555555.0,-3.175697840745774
0,39,11,6068204.0,5555555.0,0.3833272094162973
0,39,12,3528232.0,5555555.0,-1.9717031689887383
0,39,13,2735881.0,5555555.0,-3.0763024810019224
0,39,14,3605962.0,5555555.0,-1.8770630569685274
0,39,15,5318033.0,5555555.0,-0.18976423534982972
0,39,16,3405533.0,5555555.0,-2.1254235846556964
0,39,17,3655765.0,5555555.0,-1.8174918083965745
0,40,0,6085878.0,4761904.0,1.06542606285606
0,40,1,3119060.0,4761904.0,-1.8375690660748836
0,40,2,2423680.0,4761904.0,-2.933053566742447
0,40,3,5335650.0,4761904.0,0.4940669786304419
0,40,4,3970245.0,4761904.0,-0.789633282941776
0,40,5,3822781.0,4761904.0,-0.9540121696888528
0,40,6,5911787.0,4761904.0,0.9393814238333817
0,40,7,4503964.0,4761904.0,-0.24185725219822712
0,40,8,2308602.0,4761904.0,-3.144315682158012
0,40,9,5862385.0,4761904.0,0.9029370065117016
0,40,10,3606582.0,4761904.0,-1.2068482493076855
0,40,11,2301367.0,4761904.0,-3.1579475445690335
0,40,12,3404128.0,4761904.0,-1.4577475397611837
0,40,13,5983607.0,4761904.0,0.9918242579264163
0,40,14,5372751.0,4761904.0,0.5241607789008728
0,40,15,2256236.0,4761904.0,-3.2439611132883064
0,40,16,6157531.0,4761904.0,1.1162597118692068
0,40,17,5935776.0,4761904.0,0.9569686771177316
0,40,18,5993206.0,4761904.0,0.9987856985440379
0,40,19,2742494.0,4761904.0,-2.3963494967614434
0,40,20,5907472.0,4761904.0,0.936210360786755
0,41,0,2815189.0,4166666.0,-1.7028113192235792
0,41,1,3038749.0,4166666.0,-1.370938598686956
0,41,2,2703301.0,4166666.0,-1.8789428373846762
0,41,3,4948297.0,4166666.0,0.7466706957500179
0,41,4,3594199.0,4166666.0,-0.6418656978198372
0,41,5,3536344.0,4166666.0,-0.7123418414711857
0,41,6,5377935.0,4166666.0,1.1082686005069766
0,41,7,2515051.0,4166666.0,-2.192418927317873
0,41,8,2542372.0,4166666.0,-2.1454959194318075
0,41,9,5979058.0,4166666.0,1.5684407752367489
0,41,10,2991741.0,4166666.0,-1.4386469557795223
0,41,11,2935864.0,4166666.0,-1.5205275520626755
0,41,12,2367782.0,4166666.0,-2.4544697409300156
0,41,13,2928655.0,4166666.0,-1.531204746550447
0,41,14,5945082.0,4166666.0,1.543691603808432
0,41,15,5732884.0,4166666.0,1.3858446548525176
0,41,16,6006490.0,4166666.0,1.588320695671483
0,41,17,6221288.0,4166666.0,1.740916176556362
0,41,18,2358050.0,4166666.0,-2.472356791813551
0,41,19,5443310.0,4166666.0,1.1607437956975215
0,41,20,2391238.0,4166666.0,-2.411658851895926
0,41,21,2997536.0,4166666.0,-1.4302428118135637
0,41,22,2936435.0,4166666.0,-1.5196829692171887
0,41,23,3138236.0,4166666.0,-1.2310308873333593
0,42,0,6211471.0,4000000.0,1.9113447060884994
0,42,1,3400090.0,4000000.0,-0.7056957840745459
0,42,2,3138292.0,4000000.0,-1.053666415962042
0,42,3,2371858.0,4000000.0,-2.269713064934265
0,42,4,3105434.0,4000000.0,-1.099376877384703
0,42,5,2348046.0,4000000.0,-2.3135339051112545
0,42,6,3568267.0,4000000.0,-0.49602647785238807
0,42,7,2288609.0,4000000.0,-2.4248838984923244
0,42,8,2694766.0,4000000.0,-1.7153893212837263
0,42,9,5279165.0,4000000.0,1.2050524473430688
0,42,10,3368072.0,4000000.0,-0.746786243945101
0,42,11,5931876.0,4000000.0,1.7113207262672678
0,42,12,3073023.0,4000000.0,-1.144941805881142
0,42,13,4485120.0,4000000.0,0.49714075815949116
0,42,14,3085425.0,4000000.0,-1.1274499720760673
0,42,15,3279204.0,4000000.0,-0.8629155626321426
0,42,16,2800368.0,4000000.0,-1.548448850329649
0,42,17,2773725.0,4000000.0,-1.5899659043164776
0,42,18,2993379.0,4000000.0,-1.2589828378007901
0,42,19,2787825.0,4000000.0,-1.5679448299227152
0,42,20,4471277.0,4000000.0,0.4837158434303784
0,42,21,6003326.0,4000000.0,1.7633193626194532
0,42,22,4776409.0,4000000.0,0.7704151666727779
0,42,23,5962128.0,4000000.0,1.733413042695144
0,42,24,3081199.0,4000000.0,-1.1334024308860648
0,43,0,5899655.0,4166666.0,1.5103792691255136
0,43,1,3231702.0,4166666.0,-1.1035738178610424
0,43,2,5905014.0,4166666.0,1.5143224280373038
0,43,3,5947978.0,4166666.0,1.5458066471100715
0,43,4,2792535.0,4166666.0,-1.7379006378654847
0,43,5,6045056.0,4166666.0,1.6161163961774216
0,43,6,6010652.0,4166666.0,1.591328954550263
0,43,7,5883154.0,4166666.0,1.4982152801637194
0,43,8,2445444.0,4166666.0,-2.314309667551748
0,43,9,5957756.0,4166666.0,1.5529402390395144
0,43,10,6202217.0,4166666.0,1.7275826823933162
0,43,11,6088058.0,4166666.0,1.6469009243824309
0,43,12,5476599.0,4166666.0,1.1872225397837206
0,43,13,5981999.0,4166666.0,1.570576472938077
0,43,14,2885111.0,4166666.0,-1.5962616220721884
0,43,15,3308817.0,4166666.0,-1.0011594040476837
0,43,16,4126450.0,4166666.0,-0.04212101649776117
0,43,17,2508670.0,4166666.0,-2.2034515247863307
0,43,18,3602584.0,4166666.0,-0.6317457292768767
0,43,19,2341197.0,4166666.0,-2.503507298618964
0,43,20,2427179.0,4166666.0,-2.3468688286668047
0,43,21,2353762.0,4166666.0,-2.4802614164144736
0,43,22,6043505.0,4166666.0,1.6150019694973092
0,43,23,6116545.0,4166666.0,1.6671748642616886
0,44,0,2451343.0,4545454.0,-2.681731836418278
0,44,1,2291632.0,4545454.0,-2.9743238902057794
0,44,2,3918675.0,4545454.0,-0.6443802082331445
0,44,3,6020905.0,4545454.0,1.2208450774455057
0,44,4,2699566.0,4545454.0,-2.2628331733134797
0,44,5,3171977.0,4545454.0,-1.5624723747404232
0,44,6,2772293.0,4545454.0,-2.1473813868451304
0,44,7,4908221.0,4545454.0,0.33346842192119996
0,44,8,2991515.0,4545454.0,-1.8168608224745084
0,44,9,4196501.0,4545454.0,-0.3468993612365134
0,44,10,5907033.0,4545454.0,1.1379213001470658
0,44,11,2715397.0,4545454.0,-2.2374393320945183
0,44,12,3398765.0,4545454.0,-1.2625612976138596
0,44,13,6071066.0,4545454.0,1.2568768715459124
0,44,14,3164789.0,4545454.0,-1.572325066396809
0,44,15,4914059.0,4545454.0,0.3386309941221771
0,44,16,4889643.0,4545454.0,0.3169988474217672
0,44,17,3081992.0,4545454.0,-1.6874575998711414
0,44,18,3159126.0,4545454.0,-1.5801031921572593
0,44,19,3286014.0,4545454.0,-1.4090785765610783
0,44,20,5998753.0,4545454.0,1.2048371307046004
0,44,21,2750791.0,4545454.0,-2.1811967230883083
0,45,0,2395488.0,5263157.0,-3.418523255799565
0,45,1,4272759.0,5263157.0,-0.9053792758404772
0,45,2,5981005.0,5263157.0,0.555278402566163
0,45,3,3010238.0,5263157.0,-2.426454914171132
0,45,4,2361648.0,5263157.0,-3.480311580402447
0,45,5,4299348.0,5263157.0,-0.8784372579376063
0,45,6,3254694.0,5263157.0,-2.087361619161147
0,45,7,5872186.0,5263157.0,0.47553478076179856
0,45,8,3354002.0,5263157.0,-1.9568300797604457
0,45,9,3368363.0,5263157.0,-1.938274370445048
0,45,10,5544005.0,5263157.0,0.22577288066198442
0,45,11,2607099.0,5263157.0,-3.050888021663937
0,45,12,6037403.0,5263157.0,0.596038410015703
0,45,13,2388887.0,5263157.0,-3.43050718136595
0,45,14,3335050.0,5263157.0,-1.9814397585169612
0,45,15,2351558.0,5263157.0,-3.498906303470778
0,45,16,2740052.0,5263157.0,-2.834875203898654
0,45,17,5971849.0,5263157.0,0.5486249270798043
0,45,18,6058330.0,5263157.0,0.611066006426725
0,46,0,2453781.0,6250000.0,-4.060442180140992
0,46,1,2399655.0,6250000.0,-4.157312099518171
0,46,2,4668802.0,6250000.0,-1.2667456108959838
0,46,3,5480757.0,6250000.0,-0.5703947013386833
0,46,4,5989842.0,6250000.0,-0.18464650619729145
0,46,5,3055453.0,6250000.0,-3.1080440969982845
0,46,6,4147326.0,6250000.0,-1.7811184297920946
0,46,7,4851792.0,6250000.0,-1.0997784328402784
0,46,8,3207417.0,6250000.0,-2.8972459061617077
0,46,9,4179962.0,6250000.0,-1.7470768371863983
0,46,10,5584290.0,6250000.0,-0.48912053622696383
0,46,11,6078203.0,6250000.0,-0.12104816778236852
0,46,12,2575036.0,6250000.0,-3.850967123194638
0,46,13,3739146.0,6250000.0,-2.2310759424483395
0,46,14,2561666.0,6250000.0,-3.8735751325192647
0,46,15,2982717.0,6250000.0,-3.2126796786026244
0,47,0,6046494.0,6666666.0,-0.4240507126093371
0,47,1,3205731.0,6666666.0,-3.179816205812797
0,47,2,2377180.0,6666666.0,-4.478466297761543
0,47,3,5076658.0,6666666.0,-1.183307903079543
0,47,4,3633222.0,6666666.0,-2.636167622369708
0,47,5,4353418.0,6666666.0,-1.8507832891525242
0,47,6,3036430.0,6666666.0,-3.4154542390023446
0,47,7,4987716.0,6666666.0,-1.260069806843591
0,47,8,3201645.0,6666666.0,-3.1853552205158584
0,47,9,5857595.0,6666666.0,-0.5618935668782915
0,47,10,2498737.0,6666666.0,-4.26188149855609
0,47,11,6033105.0,6666666.0,-0.4336781368300258
0,47,12,3088061.0,6666666.0,-3.342228269322126
0,47,13,6002671.0,6666666.0,-0.45564156724395855
0,47,14,5981989.0,6666666.0,-0.470630874226605
0,48,0,5970311.0,6250000.0,-0.19883062753072292
0,48,1,2265338.0,6250000.0,-4.407470072056814
0,48,2,5226055.0,6250000.0,-0.7770604133072229
0,48,3,5118098.0,6250000.0,-0.867714199563021
0,48,4,5375863.0,6250000.0,-0.6543182483962902
0,48,5,5988137.0,6250000.0,-0.1858828952352854
0,48,6,2356413.0,6250000.0,-4.236286073317699
0,48,7,5083025.0,6250000.0,-0.8975777163205677
0,48,8,4876372.0,6250000.0,-1.077831884484274
0,48,9,2749744.0,6250000.0,-3.5658775426384293
0,48,10,2449671.0,6250000.0,-4.06772256440347
0,48,11,2476175.0,6250000.0,-4.020986827921896
0,48,12,2770002.0,6250000.0,-3.5339993470971685
0,48,13,5772727.0,6250000.0,-0.34498997728174635
0,48,14,3089158.0,6250000.0,-3.0603989577836184
0,48,15,1866445.0,6250000.0,-5.248648205896211
0,49,0,1883033.0,5555555.0,-4.698695204084539
0,49,1,1784019.0,5555555.0,-4.933279761181618
0,49,2,1846018.0,5555555.0,-4.784915200739039
0,49,3,3003532.0,5555555.0,-2.6709518813230027
0,49,4,2601233.0,5555555.0,-3.295481965100562
0,49,5,2899175.0,5555555.0,-2.824530204377085
0,49,6,3137355.0,5555555.0,-2.4816378842199507
0,49,7,2796003.0,5555555.0,-2.9818981841264596
0,49,8,5873881.0,5555555.0,0.24197692359502002
0,49,9,2517093.0,5555555.0,-3.43828189577734
0,49,10,3445491.0,5555555.0,-2.0747633163982524
0,49,11,4811087.0,5555555.0,-0.6248424104601414
0,49,12,3395904.0,5555555.0,-2.1377204694467005
0,49,13,2755994.0,5555555.0,-3.04449183721397
0,49,14,3500670.0,5555555.0,-2.0057627870104104
0,49,15,2351684.0,5555555.0,-3.73348487071758
0,49,16,2814317.0,5555555.0,-2.9535443740300997
0,49,17,3124172.0,5555555.0,-2.4999251570032976
0,50,0,3578394.0,4545454.0,-1.0388911009175903
0,50,1,3196207.0,4545454.0,-1.5294236874635283
0,50,2,2379858.0,4545454.0,-2.81026222466543
0,50,3,2816187.0,4545454.0,-2.079157776819707
0,50,4,2335715.0,4545454.0,-2.891574172686569
0,50,5,6020507.0,4545454.0,1.220557986190991
0,50,6,3134500.0,4545454.0,-1.6140899288747512
0,50,7,2772899.0,4545454.0,-2.1464321592725555
0,50,8,2762263.0,4545454.0,-2.1631224089694063
0,50,9,4234206.0,4545454.0,-0.30805283835614483
0,50,10,2646956.0,4545454.0,-2.3483054492091786
0,50,11,3502555.0,4545454.0,-1.1319230340186737
0,50,12,2259317.0,4545454.0,-3.036000969246824
0,50,13,2710557.0,4545454.0,-2.2451872261972508
0,50,14,3100588.0,4545454.0,-1.6613320518304486
0,50,15,5146100.0,4545454.0,0.539009541873555
0,50,16,4702407.0,4545454.0,0.1474294815704887
0,50,17,3650019.0,4545454.0,-0.9528214190086042
0,50,18,5808872.0,4545454.0,1.0651453972774634
0,50,19,3156490.0,4545454.0,-1.5837284927479647
0,50,20,4656645.0,4545454.0,0.10495863630062656
0,50,21,5271361.0,4545454.0,0.6434549207404343
0,51,0,5897040.0,4166666.0,1.508453848338117
0,51,1,5460639.0,4166666.0,1.1745477770127715
0,51,2,4749902.0,4166666.0,0.5689596055027284
0,51,3,2442391.0,4166666.0,-2.3197349784539343
0,51,4,5920858.0,4166666.0,1.5259595671647654
0,51,5,2441416.0,4166666.0,-2.321469023740659
0,51,6,3355291.0,4166666.0,-0.9405849687041763
0,51,7,2737390.0,4166666.0,-1.824520124061909
0,51,8,3406231.0,4166666.0,-0.8751459167396131
0,51,9,2417032.0,4166666.0,-2.3650628856680096
0,51,10,5911763.0,4166666.0,1.5192832625813861
0,51,11,6069187.0,4166666.0,1.6334183010573229
0,51,12,2419293.0,4166666.0,-2.3610021995266908
0,51,13,6106954.0,4166666.0,1.6603595992860338
0,51,14,6229727.0,4166666.0,1.7468032655912613
0,51,15,2419067.0,4166666.0,-2.3614079177989216
0,51,16,5306058.0,4166666.0,1.0498330410140546
0,51,17,6038555.0,4166666.0,1.611443374678707
0,51,18,3950520.0,4166666.0,-0.23134423993310188
0,51,19,2637334.0,4166666.0,-1.986235551506108
0,51,20,4179863.0,4166666.0,0.013733586869038878
0,51,21,2268869.0,4166666.0,-2.6397926749523797
0,51,22,5811770.0,4166666.0,1.4451973002028498
0,51,23,2531792.0,4166666.0,-2.1636066556132887
0,52,0,6024754.0,4000000.0,1.7787932736729761
0,52,1,2016002.0,4000000.0,-2.9756903270698816
0,52,2,4299859.0,4000000.0,0.3139422319907804
0,52,3,2774054.0,4000000.0,-1.5894508049056555
0,52,4,5913091.0,4000000.0,1.6975457133320095
0,52,5,2295317.0,4000000.0,-2.4121731808055715
0,52,6,3448358.0,4000000.0,-0.644476444555653
0,52,7,2265410.0,4000000.0,-2.469131780812519
0,52,8,2734473.0,4000000.0,-1.651863517902439
0,52,9,5981898.0,4000000.0,1.7477901208234452
0,52,10,3552014.0,4000000.0,-0.515853224785036
0,52,11,2581949.0,4000000.0,-1.9011233172340334
0,52,12,3590288.0,4000000.0,-0.4693070380979702
0,52,13,2345498.0,4000000.0,-2.318249243663943
0,52,14,3523487.0,4000000.0,-0.5508731783288449
0,52,15,2322309.0,4000000.0,-2.3613998606038926
0,52,16,2813171.0,4000000.0,-1.5286385955406545
0,52,17,4989138.0,4000000.0,0.9596552540128218
0,52,18,6063936.0,4000000.0,1.8069461768892434
0,52,19,3466588.0,4000000.0,-0.6215776200467659
0,52,20,3382357.0,4000000.0,-0.7284054686354026
0,52,21,2429962.0,4000000.0,-2.1646050921909503
0,52,22,6159874.0,4000000.0,1.875118374493892
0,52,23,5965785.0,4000000.0,1.7360760650865443
0,52,24,2756205.0,4000000.0,-1.6174847509608459
0,53,0,4596241.0,4166666.0,0.42614103674959153
0,53,1,5392227.0,4166666.0,1.1197947788108642
0,53,2,4203593.0,4166666.0,0.03831971359196577
0,53,3,3839373.0,4166666.0,-0.35528382369555955
0,53,4,3354731.0,4166666.0,-0.9413098691901373
0,53,5,3390523.0,4166666.0,-0.8952199399203186
0,53,6,4444694.0,4166666.0,0.28053178037923976
0,53,7,3262731.0,4166666.0,-1.062074194974299
0,53,8,2986122.0,4166666.0,-1.4468114165994366
0,53,9,2796288.0,4166666.0,-1.7320678983581557
0,53,10,3007746.0,4166666.0,-1.415475309029664
0,53,11,2408301.0,4166666.0,-2.3807792279788935
0,53,12,3392449.0,4166666.0,-0.8927536133760677
0,53,13,5992205.0,4166666.0,1.5779797384171732
0,53,14,4104621.0,4166666.0,-0.06515626056521588
0,53,15,3041262.0,4166666.0,-1.367348532500656
0,53,16,3669360.0,4166666.0,-0.5519836643106886
0,53,17,3249523.0,4166666.0,-1.079690735675046
0,53,18,3053658.0,4166666.0,-1.349682929603295
0,53,19,3771153.0,4166666.0,-0.4331453621326018
0,53,20,3116416.0,4166666.0,-1.2613326340611997
0,53,21,1723127.0,4166666.0,-3.834714012739702
0,53,22,1788547.0,4166666.0,-3.672883316394852
0,53,23,1740473.0,4166666.0,-3.7912139834957284
0,54,0,1789994.0,4761904.0,-4.249290605371982
0,54,1,1768473.0,4761904.0,-4.301822021289078
0,54,2,1746061.0,4761904.0,-4.357212237286328
0,54,3,1740369.0,4761904.0,-4.371392968792872
0,54,4,1732537.0,4761904.0,-4.390981176182041
0,54,5,1847476.0,4761904.0,-4.1120183046325405
0,54,6,1714192.0,4761904.0,-4.437211718262236
0,54,7,1770323.0,4761904.0,-4.297281240386682
0,54,8,1708427.0,4761904.0,-4.45184209374937
0,54,9,1765106.0,4761904.0,-4.310098445634586
0,54,10,1701394.0,4761904.0,-4.469757388555587
0,54,11,1757444.0,4761904.0,-4.328991404247705
0,54,12,1707171.0,4761904.0,-4.455036110690808
0,54,13,1750196.0,4761904.0,-4.34693948834382
0,54,14,2237475.0,4761904.0,-3.2802244427042915
0,54,15,4525861.0,4761904.0,-0.22079424176152262
0,54,16,2792092.0,4761904.0,-2.318509115004479
0,54,17,5928737.0,4761904.0,0.9518154960022691
0,54,18,3352014.0,4761904.0,-1.5247481194540606
0,54,19,2347703.0,4761904.0,-3.0713748086076595
0,54,20,4277638.0,4761904.0,-0.4657660665483131
0,55,0,2395121.0,5555555.0,-3.6539999287954217
0,55,1,4552682.0,5555555.0,-0.8646013510774673
0,55,2,3374896.0,5555555.0,-2.164670572104318
0,55,3,2392523.0,5555555.0,-3.6587133000265863
0,55,4,4864421.0,5555555.0,-0.5769629678467167
0,55,5,2938252.0,5555555.0,-2.76638411028617
0,55,6,5362187.0,5555555.0,-0.15385496044180993
0,55,7,5960623.0,5555555.0,0.3056420279012036
0,55,8,2441873.0,5555555.0,-3.5700437860427363
0,55,9,3914246.0,5555555.0,-1.5207933502893924
0,55,10,3600564.0,5555555.0,-1.883569165603266
0,55,11,2197877.0,5555555.0,-4.027240671631979
0,55,12,5333025.0,5555555.0,-0.17753831906512238
0,55,13,2977250.0,5555555.0,-2.7091214753537307
0,55,14,2984186.0,5555555.0,-2.6990156287567086
0,55,15,2606034.0,5555555.0,-3.2874737396786076
0,55,16,5956012.0,5555555.0,0.3022811261768553
0,55,17,5840851.0,5555555.0,0.21748676069630707
0,56,0,3566762.0,6250000.0,-2.4360588628863318
0,56,1,3248667.0,6250000.0,-2.8417482045715876
0,56,2,5865073.0,6250000.0,-0.2760659538530155
0,56,3,3047946.0,6250000.0,-3.118727489382474
0,56,4,5845798.0,6250000.0,-0.29036212994061467
0,56,5,3745798.0,6250000.0,-2.223356639126372
0,56,6,5093948.0,6250000.0,-0.8882551005537288
0,56,7,2812273.0,6250000.0,-3.4682254002947497
0,56,8,5996178.0,6250000.0,-0.18005500694458731
0,56,9,2981053.0,6250000.0,-3.2151031994179498
0,56,10,5878119.0,6250000.0,-0.26641643412821275
0,56,11,5996681.0,6250000.0,-0.1796907066146567
0,56,12,2390932.0,6250000.0,-4.173127927317394
0,56,13,2402236.0,6250000.0,-4.1526434630758295
0,56,14,5928368.0,6250000.0,-0.229448629583535
0,56,15,2990261.0,6250000.0,-3.201709206876016
0,57,0,2939087.0,6666666.0,-3.556962556883589
0,57,1,5642349.0,6666666.0,-0.724487521566083
0,57,2,4592952.0,6666666.0,-1.6181679079584765
0,57,3,3025141.0,6666666.0,-3.43163075850397
0,57,4,2926995.0,6666666.0,-3.5748671695817387
0,57,5,3174748.0,6666666.0,-3.221994392421142
0,57,6,2718068.0,6666666.0,-3.89648379903031
0,57,7,2986167.0,6666666.0,-3.4879460572987533
0,57,8,3276408.0,6666666.0,-3.085107198368693
0,57,9,3137831.0,6666666.0,-3.272791482397033
0,57,10,3334315.0,6666666.0,-3.009020713391481
0,57,11,3165096.0,6666666.0,-3.23521810448074
0,57,12,2491139.0,6666666.0,-4.275107366388263
0,57,13,5791804.0,6666666.0,-0.6109484100373639
0,57,14,2870904.0,6666666.0,-3.6589002712471124
0,58,0,5885815.0,6250000.0,-0.26073409893397237
0,58,1,5967455.0,6250000.0,-0.20090864625546545
0,58,2,2397993.0,6250000.0,-4.160321063317919
0,58,3,5909249.0,6250000.0,-0.24347726967114736
0,58,4,3527048.0,6250000.0,-2.484686472730466
0,58,5,6013040.0,6250000.0,-0.16785924471219416
0,58,6,3111141.0,6250000.0,-3.0296032313209316
0,58,7,5993133.0,6250000.0,-0.1822610164906394
0,58,8,3004985.0,6250000.0,-3.180377088700382
0,58,9,5901194.0,6250000.0,-0.24940125168289803
0,58,10,2601170.0,6250000.0,-3.8071128081552983
0,58,11,3868936.0,6250000.0,-2.082884716695431
0,58,12,2668945.0,6250000.0,-3.6954039314166276
0,58,13,2664860.0,6250000.0,-3.7020561930026563
0,58,14,2839972.0,6250000.0,-3.425659590947272
0,58,15,5791609.0,6250000.0,-0.3308078302140858
0,59,0,3896963.0,5263157.0,-1.3052004284553487
0,59,1,6084794.0,5263157.0,0.6299955460819826
0,59,2,2967603.0,5263157.0,-2.488405237723312
0,59,3,4196165.0,5263157.0,-0.9839376819781573
0,59,4,5940974.0,5263157.0,0.5261132652311931
0,59,5,6106933.0,5263157.0,0.6457683010054027
0,59,6,2774361.0,5263157.0,-2.7808335438200205
0,59,7,2428026.0,5263157.0,-3.359929922388943
0,59,8,5634767.0,5263157.0,0.2962963727568945
0,59,9,3892077.0,5263157.0,-1.3106490154876569
0,59,10,5846736.0,5263157.0,0.4566715919112565
0,59,11,2881054.0,5263157.0,-2.6169492681789768
0,59,12,5986846.0,5263157.0,0.5595176168916289
0,59,13,5849193.0,5263157.0,0.45849626365427665
0,59,14,3844700.0,5263157.0,-1.3638386753676757
0,59,15,3041576.0,5263157.0,-2.38147652546303
0,59,16,2280795.0,5263157.0,-3.6316007298286412
0,59,17,5290929.0,5263157.0,0.02285608472371446
0,59,18,5974390.0,5263157.0,0.5504724412558699
0,60,0,3181377.0,4545454.0,-1.5496213007763762
0,60,1,3573300.0,4545454.0,-1.0450778769875526
0,60,2,6055007.0,4545454.0,1.2453738249087356
0,60,3,5727060.0,4545454.0,1.003544659954226
0,60,4,5358039.0,4545454.0,0.7142860335627553
0,60,5,2506415.0,4545454.0,-2.5852428608341977
0,60,6,6015031.0,4545454.0,1.2166060286681823
0,60,7,4228677.0,4545454.0,-0.31372753463182557
0,60,8,5389189.0,4545454.0,0.7394614760014382
0,60,9,6146412.0,4545454.0,1.3104440101695416
0,60,10,6075173.0,4545454.0,1.2598138259482625
0,60,11,2746958.0,4545454.0,-2.1872524779758202
0,60,12,4190157.0,4545454.0,-0.3534697131423542
0,60,13,3440006.0,4545454.0,-1.2101806700120792
0,60,14,5853981.0,4545454.0,1.0987404146775166
0,60,15,6044239.0,4545454.0,1.2376436172316514
0,60,16,2236873.0,4545454.0,-3.0793593963319674
0,60,17,2351530.0,4545454.0,-2.8622674336740617
0,60,18,2269774.0,4545454.0,-3.0159465015089086
0,60,19,5903404.0,4545454.0,1.1352523815889666
0,60,20,4134595.0,4545454.0,-0.4114429195971942
0,60,21,2295861.0,4545454.0,-2.9663167635061423
0,61,0,5807885.0,4166666.0,1.4422931965525003
0,61,1,3566525.0,4166666.0,-0.6754341619278337
0,61,2,3573899.0,4166666.0,-0.6664641381644469
0,61,3,3336783.0,4166666.0,-0.9646072456988559
0,61,4,3413133.0,4166666.0,-0.8663547698302358
0,61,5,2843731.0,4166666.0,-1.659001764696123
0,61,6,5947329.0,4166666.0,1.5453327507759376
0,61,7,2824396.0,4166666.0,-1.6886310103983737
0,61,8,5356835.0,4166666.0,1.0911958073882564
0,61,9,5924046.0,4166666.0,1.5282973334172214
0,61,10,2357232.0,4166666.0,-2.47386360684502
0,61,11,5711950.0,4166666.0,1.369957083528523
0,61,12,4176559.0,4166666.0,0.010299320282260313
0,61,13,2506865.0,4166666.0,-2.2065774189279437
0,61,14,5108003.0,4166666.0,0.8846245485726828
0,61,15,3393319.0,4166666.0,-0.8916399997030804
0,61,16,2878340.0,4166666.0,-1.6064659572520614
0,61,17,4366384.0,4166666.0,0.20333238116423874
0,61,18,5993766.0,4166666.0,1.579110950381701
0,61,19,2928367.0,4166666.0,-1.5316318469126753
0,61,20,5955389.0,4166666.0,1.5512144562135823
0,61,21,3218349.0,4166666.0,-1.121555512894179
0,61,22,5964500.0,4166666.0,1.5578535411835837
0,61,23,6041950.0,4166666.0,1.6138843815817756
0,62,0,5418749.0,4000000.0,1.3183904334569854
0,62,1,6126011.0,4000000.0,1.8511778097200904
0,62,2,2444312.0,4000000.0,-2.1390335144723243
0,62,3,2872801.0,4000000.0,-1.4375444803534034
0,62,4,5043591.0,4000000.0,1.0067986975209915
0,62,5,3815590.0,4000000.0,-0.2049828942166419
0,62,6,2951664.0,4000000.0,-1.319930728826182
0,62,7,3767291.0,4000000.0,-0.26030823258200947
0,62,8,3191491.0,4000000.0,-0.9806636727022178
0,62,9,3311860.0,4000000.0,-0.819880214616636
0,62,10,5932907.0,4000000.0,1.7120754937366254
0,62,11,3854748.0,4000000.0,-0.16063999547133184
0,62,12,3854939.0,4000000.0,-0.16042481100000242
0,62,13,5904229.0,4000000.0,1.6910320225457736
0,62,14,5958352.0,4000000.0,1.7306616501027046
0,62,15,6012241.0,4000000.0,1.7697638958098152
0,62,16,3374289.0,4000000.0,-0.7387771517021768
0,62,17,5973568.0,4000000.0,1.741738205122843
0,62,18,3876761.0,4000000.0,-0.13590963490884314
0,62,19,6198519.0,4000000.0,1.9022794543486272
0,62,20,2904475.0,4000000.0,-1.3899234864922294
0,62,21,6033313.0,4000000.0,1.784958651747068
0,62,22,5105378.0,4000000.0,1.059679112627862
0,62,23,2527891.0,4000000.0,-1.9930164763497942
0,62,24,5059441.0,4000000.0,1.0204254447896524
0,63,0,5855675.0,4166666.0,1.4778827582975738
0,63,1,4834964.0,4166666.0,0.64604555975649
0,63,2,6027570.0,4166666.0,1.6035357387114932
0,63,3,5813559.0,4166666.0,1.446533955422256
0,63,4,5342967.0,4166666.0,1.079938030379772
0,63,5,5915764.0,4166666.0,1.522221513812391
0,63,6,6028303.0,4166666.0,1.6040638429070624
0,63,7,2627511.0,4166666.0,-2.002441459357009
0,63,8,5892826.0,4166666.0,1.5053492888381625
0,63,9,2347241.0,4166666.0,-2.4923100627690835
0,63,10,2433886.0,4166666.0,-2.3348845620977245
0,63,11,3417760.0,4166666.0,-0.8604712612608657
0,63,12,6017133.0,4166666.0,1.5960092224626368
0,63,13,3367076.0,4166666.0,-0.9253576961896832
0,63,14,5268883.0,4166666.0,1.0192986600257687
0,63,15,3062909.0,4166666.0,-1.3365459483013287
0,63,16,6022198.0,4166666.0,1.5996634150097424
0,63,17,6018253.0,4166666.0,1.5968175219573697
0,63,18,5995699.0,4166666.0,1.580511331867935
0,63,19,6000815.0,4166666.0,1.5842154924334293
0,63,20,2360453.0,4166666.0,-2.467933313730625
0,63,21,2790161.0,4166666.0,-1.7415942481290019
0,63,22,2374580.0,4166666.0,-2.442018831825445
0,63,23,5915192.0,4166666.0,1.5218015706668968
0,64,0,3212533.0,4761904.0,-1.7093303822737589
0,64,1,2259177.0,4761904.0,-3.2383037780594255
0,64,2,3175328.0,4761904.0,-1.759920427706182
0,64,3,2702990.0,4761904.0,-2.4593619679604934
0,64,4,5976485.0,4761904.0,0.9866519805464264
0,64,5,2276287.0,4761904.0,-3.205536176612168
0,64,6,5717589.0,4761904.0,0.7943229778107991
0,64,7,5984993.0,4761904.0,0.992830110164119
0,64,8,2663934.0,4761904.0,-2.5225717496195452
0,64,9,5413965.0,4761904.0,0.5573480805375641
0,64,10,6162047.0,4761904.0,1.1194437072432748
0,64,11,2823495.0,4761904.0,-2.269936127778972
0,64,12,5965292.0,4761904.0,0.9785107138664885
0,64,13,6052758.0,4761904.0,1.0417267461705342
0,64,14,5944124.0,4761904.0,0.9630722485815789
0,64,15,2546485.0,4761904.0,-2.7183951345895236
0,64,16,6072221.0,4761904.0,1.055669336522551
0,64,17,3390433.0,4761904.0,-1.4752546928619004
0,64,18,5645701.0,4761904.0,0.7393723812251884
0,64,19,3366511.0,4761904.0,-1.5060059792509153
0,64,20,2463596.0,4761904.0,-2.862111454992938
0,65,0,3429994.0,5555555.0,-2.094340911239397
0,65,1,3379352.0,5555555.0,-2.158940203624727
0,65,2,2421591.0,5555555.0,-3.6062665759933505
0,65,3,2974450.0,5555555.0,-2.713207785614805
0,65,4,5962639.0,5555555.0,0.30711064896121293
0,65,5,3019663.0,5555555.0,-2.647689738766385
0,65,6,2410595.0,5555555.0,-3.6260320004448623
0,65,7,5045358.0,5555555.0,-0.41835463865902245
0,65,8,3823220.0,5555555.0,-1.6229816207050332
0,65,9,3828513.0,5555555.0,-1.6169732535564096
0,65,10,5996525.0,5555555.0,0.3317219716225481
0,65,11,2513724.0,5555555.0,-3.444098598425249
0,65,12,2414172.0,5555555.0,-3.619592428766523
0,65,13,5156854.0,5555555.0,-0.3234261556022499
0,65,14,3570366.0,5555555.0,-1.9201471332900417
0,65,15,2863227.0,5555555.0,-2.878716707040007
0,65,16,3344076.0,5555555.0,-2.2045131248329177
0,65,17,3181808.0,5555555.0,-2.4205348201975867
0,66,0,3200038.0,6250000.0,-2.907248818078175
0,66,1,3251849.0,6250000.0,-2.8374964647041976
0,66,2,5945612.0,6250000.0,-0.21683452831205247
0,66,3,3192981.0,6250000.0,-2.916836830889106
0,66,4,5981647.0,6250000.0,-0.19059237280606356
0,66,5,5907759.0,6250000.0,-0.24457246869524055
0,66,6,2551316.0,6250000.0,-3.891157647095886
0,66,7,6047004.0,6250000.0,-0.14339761458928418
0,66,8,2988370.0,6250000.0,-3.2044564943157843
0,66,9,5931390.0,6250000.0,-0.22723536696431998
0,66,10,5985312.0,6250000.0,-0.18793223278897164
0,66,11,2451993.0,6250000.0,-4.063607913287389
0,66,12,2296738.0,6250000.0,-4.347685613932908
0,66,13,4132973.0,6250000.0,-1.796174492240687
0,66,14,5459529.0,6250000.0,-0.587248401199651
0,66,15,4516023.0,6250000.0,-1.4112387223382707
0,67,0,2419491.0,6666666.0,-4.401846865517742
0,67,1,6038099.0,6666666.0,-0.4300846812536572
0,67,2,5939464.0,6666666.0,-0.5016144316423832
0,67,3,5966652.0,6666666.0,-0.48177988795458304
0,67,4,2500653.0,6666666.0,-4.258552659365445
0,67,5,6017190.0,6666666.0,-0.44514972436910805
0,67,6,4710136.0,6666666.0,-1.5087525042910899
0,67,7,2296319.0,6666666.0,-4.628764782852578
0,67,8,4460080.0,6666666.0,-1.745660488370416
0,67,9,2193772.0,6666666.0,-4.827172084089264
0,67,10,3637706.0,6666666.0,-2.6308110112088468
0,67,11,4680846.0,6666666.0,-1.5358434445630056
0,67,12,5864742.0,6666666.0,-0.556597859978277
0,67,13,3933839.0,6666666.0,-2.2909211591284224
0,67,14,3174396.0,6666666.0,-3.222475942871995
0,68,0,2809900.0,6250000.0,-3.471891530336482
0,68,1,5937093.0,6250000.0,-0.22306165475371897
0,68,2,3401880.0,6250000.0,-2.6416102736705227
0,68,3,3267595.0,6250000.0,-2.816517945035757
0,68,4,3600278.0,6250000.0,-2.3954398068663787
0,68,5,3590821.0,6250000.0,-2.406862609648246
0,68,6,5919561.0,6250000.0,-0.23590517098683247
0,68,7,3021152.0,6250000.0,-3.1570744132580755
0,68,8,3004422.0,6250000.0,-3.181190838855853
0,68,9,3157910.0,6250000.0,-2.964802688283375
0,68,10,4579018.0,6250000.0,-1.351076666127724
0,68,11,6051342.0,6250000.0,-0.14028318962039266
0,68,12,2262532.0,6250000.0,-4.412852870026833
0,68,13,5289650.0,6250000.0,-0.7245308029893576
0,68,14,4782357.0,6250000.0,-1.1623802453902468
0,68,15,4174891.0,6250000.0,-1.7523487613918118
0,69,0,2572862.0,5263157.0,-3.1082983253406695
0,69,1,5979374.0,5263157.0,0.5540939345750153
0,69,2,3351975.0,5263157.0,-1.9594555434076613
0,69,3,2240800.0,5263157.0,-3.708432294015911
0,69,4,2294309.0,5263157.0,-3.6059441646545265
0,69,5,5980677.0,5263157.0,0.5550402277173413
0,69,6,6028820.0,5263157.0,0.5898599229002778
0,69,7,4559660.0,5263157.0,-0.6231386536604371
0,69,8,5440750.0,5263157.0,0.14412445512383423
0,69,9,4510711.0,5263157.0,-0.6700132235479804
0,69,10,3055633.0,5263157.0,-2.3614513357460596
0,69,11,4051524.0,5263157.0,-1.1362790933749187
0,69,12,5959977.0,5263157.0,0.5399825855126155
0,69,13,2433100.0,5263157.0,-3.3508636648944643
0,69,14,6024069.0,5263157.0,0.5864361243563971
0,69,15,6015572.0,5263157.0,0.5803060398706372
0,69,16,3195660.0,5263157.0,-2.166857585734801
0,69,17,3448983.0,5263157.0,-1.8355527147725277
0,69,18,2432722.0,5263157.0,-3.3515384257652476
0,70,0,3904955.0,4545454.0,-0.6596123355189721
0,70,1,5977172.0,4545454.0,1.1891848627434194
0,70,2,3087626.0,4545454.0,-1.6795257772163794
0,70,3,5949895.0,4545454.0,1.1693203457820334
0,70,4,3144504.0,4545454.0,-1.6002511554858665
0,70,5,2389453.0,4545454.0,-2.7927877459584574
0,70,6,3191562.0,4545454.0,-1.535739815125653
0,70,7,4140172.0,4545454.0,-0.4055888316396466
0,70,8,2619891.0,4545454.0,-2.3929404409509645
0,70,9,2751602.0,4545454.0,-2.179916506181323
0,70,10,4749859.0,4545454.0,0.1910345068223893
0,70,11,3218931.0,4545454.0,-1.4986559967799598
0,70,12,3440235.0,4545454.0,-1.209891571312215
0,70,13,3235362.0,4545454.0,-1.4765438675422107
0,70,14,5926944.0,4545454.0,1.1525355681805671
0,70,15,5845063.0,4545454.0,1.0921192942854705
0,70,16,5946985.0,4545454.0,1.16719576023096
0,70,17,6166383.0,4545454.0,1.3245322861523334
0,70,18,2724518.0,4545454.0,-2.222875855711411
0,70,19,5461243.0,4545454.0,0.7971423399445859
0,70,20,5956065.0,4545454.0,1.1738216160588042
0,70,21,5988087.0,4545454.0,1.197108344524911
0,71,0,5979064.0,4166666.0,1.5684451333907992
0,71,1,2494620.0,4166666.0,-2.227842889308242
0,71,2,3595865.0,4166666.0,-0.6398531020493421
0,71,3,2715815.0,4166666.0,-1.8588850611460526
0,71,4,6006900.0,4166666.0,1.588617132793144
0,71,5,3423263.0,4166666.0,-0.8534842271596709
0,71,6,2285877.0,4166666.0,-2.607358309215491
0,71,7,3340769.0,4166666.0,-0.9594224174549882
0,71,8,2299051.0,4166666.0,-2.582400834419929
0,71,9,3081286.0,4166666.0,-1.3105667809963661
0,71,10,4485536.0,4166666.0,0.32025657783653455
0,71,11,5959495.0,4166666.0,1.5542077093804352
0,71,12,3818570.0,4166666.0,-0.3788793253357494
0,71,13,4445760.0,4166666.0,0.28157325232190467
0,71,14,2879175.0,4166666.0,-1.6052062613765608
0,71,15,5245706.0,4166666.0,1.0001525773601208
0,71,16,4522200.0,4166666.0,0.35561076854162077
0,71,17,5855315.0,4166666.0,1.4776157509591088
0,71,18,6005215.0,4166666.0,1.587398719205184
0,71,19,2600998.0,4166666.0,-2.0464867054976525
0,71,20,2463972.0,4166666.0,-2.281529205014915
0,71,21,5948790.0,4166666.0,1.5463994923598958
0,71,22,2967441.0,4166666.0,-1.4740659592751812
0,71,23,2342851.0,4166666.0,-2.500440194682695
0,72,0,3007447.0,4000000.0,-1.238620087858584
0,72,1,4915757.0,4000000.0,0.8953041499233833
0,72,2,5964787.0,4000000.0,1.7353494848455457
0,72,3,3491053.0,4000000.0,-0.5910354915004333
0,72,4,2368085.0,4000000.0,-2.276627044390565
0,72,5,5394088.0,4000000.0,1.2985803599518722
0,72,6,2972068.0,4000000.0,-1.2900124960183215
0,72,7,3837351.0,4000000.0,-0.18028465678965233
0,72,8,3202140.0,4000000.0,-0.9661967564402278
0,72,9,3733094.0,4000000.0,-0.29991065648290416
0,72,10,2983025.0,4000000.0,-1.274030982352423
0,72,11,2896211.0,4000000.0,-1.402297926434678
0,72,12,6023123.0,4000000.0,1.777617407909554
0,72,13,5365536.0,4000000.0,1.275531217801267
0,72,14,4462860.0,4000000.0,0.475532719003949
0,72,15,2629199.0,4000000.0,-1.8223653290089064
0,72,16,2797878.0,4000000.0,-1.5523121794196901
0,72,17,6112485.0,4000000.0,1.841578150490768
0,72,18,2242308.0,4000000.0,-2.513647249453303
0,72,19,3591971.0,4000000.0,-0.4672716962189843
0,72,20,2234869.0,4000000.0,-2.5280791989782188
0,72,21,2765176.0,4000000.0,-1.6033721250596475
0,72,22,6009387.0,4000000.0,1.7677018182365645
0,72,23,5961766.0,4000000.0,1.7331493459489344
0,72,24,2768419.0,4000000.0,-1.5982817013258597
0,73,0,5690618.0,4166666.0,1.3537074445065769
0,73,1,5966567.0,4166666.0,1.559358329821641
0,73,2,6094071.0,4166666.0,1.6511882093582506
0,73,3,2784683.0,4166666.0,-1.7501292526513716
0,73,4,2358276.0,4166666.0,-2.471940575661465
0,73,5,2772214.0,4166666.0,-1.7696193637093978
0,73,6,2413401.0,4166666.0,-2.371592004530852
0,73,7,3005396.0,4166666.0,-1.4188698474737325
0,73,8,5686311.0,4166666.0,1.3504191996332617
0,73,9,3350385.0,4166666.0,-0.9469397317686974
0,73,10,2353739.0,4166666.0,-2.4803038541031066
0,73,11,3451050.0,4166666.0,-0.8183743725629583
0,73,12,6125427.0,4166666.0,1.6734767970959006
0,73,13,4523164.0,4166666.0,0.356536457949233
0,73,14,6231076.0,4166666.0,1.7477435954534317
0,73,15,2658429.0,4166666.0,-1.9516362291728537
0,73,16,3560792.0,4166666.0,-0.6824208325129355
0,73,17,6019376.0,4166666.0,1.5976278355242557
0,73,18,5946764.0,4166666.0,1.5449201486843622
0,73,19,6077770.0,4166666.0,1.6395557232257523
0,73,20,5905528.0,4166666.0,1.5147004417877976
0,73,21,4495357.0,4166666.0,0.3297549825206531
0,73,22,6012388.0,4166666.0,1.592583105290547
0,73,23,2346671.0,4166666.0,-2.493364824153198
0,74,0,5459357.0,4761904.0,0.5936085897774769
0,74,1,5951826.0,4761904.0,0.9686959046443644
0,74,2,2628344.0,4761904.0,-2.5809843032320794
0,74,3,4916203.0,4761904.0,0.13849171706331448
0,74,4,2822844.0,4761904.0,-2.2709375756515557
0,74,5,4297593.0,4761904.0,-0.44555352176749907
0,74,6,2997127.0,4761904.0,-2.010754896866299
0,74,7,2870419.0,4761904.0,-2.1983533970486855
0,74,8,2876626.0,4761904.0,-2.1889723433165025
0,74,9,4468928.0,4761904.0,-0.2757727808762747
0,74,10,5196951.0,4761904.0,0.3796798627193007
0,74,11,5887003.0,4761904.0,0.9211362134850122
0,74,12,2553367.0,4761904.0,-2.706673945666047
0,74,13,3451495.0,4761904.0,-1.3977338719384316
0,74,14,5934938.0,4761904.0,0.9563555062900296
0,74,15,3161630.0,4761904.0,-1.778695919286598
0,74,16,3435363.0,4761904.0,-1.418080019328509
0,74,17,5936015.0,4761904.0,0.9571435393288144
0,74,18,5176258.0,4761904.0,0.3623527894194163
0,74,19,2694293.0,4761904.0,-2.4733581300226426
0,74,20,3234274.0,4761904.0,-1.6800382625454326
0,75,0,2739051.0,5555555.0,-3.0712733275385427
0,75,1,4656158.0,5555555.0,-0.7669974241907723
0,75,2,5877953.0,5555555.0,0.24498657672845367
0,75,3,5964229.0,5555555.0,0.3082685862005899
0,75,4,2361147.0,5555555.0,-3.7160442529428233
0,75,5,3936214.0,5555555.0,-1.496487497941502
0,75,6,5925963.0,5555555.0,0.2803148407604705
0,75,7,2380694.0,5555555.0,-3.6802387405975927
0,75,8,3238419.0,5555555.0,-2.3439441260410883
0,75,9,2741254.0,5555555.0,-3.0677817306468835
0,75,10,3146100.0,5555555.0,-2.4695492874323928
0,75,11,2423674.0,5555555.0,-3.602532474921334
0,75,12,6030633.0,5555555.0,0.3563544839741556
0,75,13,3550696.0,5555555.0,-1.944139605720356
0,75,14,2251339.0,5555555.0,-3.922865567579751
0,75,15,4202302.0,5555555.0,-1.2124019154090784
0,75,16,3562341.0,5555555.0,-1.9299196213169778
0,75,17,3126539.0,5555555.0,-2.4966360108955956
0,76,0,3353088.0,6250000.0,-2.704350659394428
0,76,1,2595595.0,6250000.0,-3.8164308845564103
0,76,2,4221181.0,6250000.0,-1.7044604267938528
0,76,3,5072122.0,6250000.0,-0.9069032623822731
0,76,4,5926966.0,6250000.0,-0.23047581425242186
0,76,5,6082237.0,6250000.0,-0.11816678519380695
0,76,6,5402146.0,6250000.0,-0.6331369996255759
0,76,7,4509695.0,6250000.0,-1.4173284670694515
0,76,8,3160522.0,6250000.0,-2.961211995999748
0,76,9,4445549.0,6250000.0,-1.4795461582912985
0,76,10,2617931.0,6250000.0,-3.7792182154421767
0,76,11,2716027.0,6250000.0,-3.6194593439660987
0,76,12,3102853.0,6250000.0,-3.041188163010247
0,76,13,4685684.0,6250000.0,-1.2510702068103439
0,76,14,3118338.0,6250000.0,-3.0195683029524534
0,76,15,3562425.0,6250000.0,-2.4413428746547674
0,77,0,4513731.0,6666666.0,-1.693730241857784
0,77,1,3364518.0,6666666.0,-2.9698584141663753
0,77,2,2841883.0,6666666.0,-3.703025034098143
0,77,3,3384627.0,6666666.0,-2.9439788291837585
0,77,4,2371015.0,6666666.0,-4.4897439600541835
0,77,5,2360745.0,6666666.0,-4.508596189807549
0,77,6,5194997.0,6666666.0,-1.0832339641740307
0,77,7,4496481.0,6666666.0,-1.710359348843913
0,77,8,6031775.0,6666666.0,-0.4346356460025513
0,77,9,5407695.0,6666666.0,-0.9089650858135372
0,77,10,4855045.0,6666666.0,-1.3771543790295286
0,77,11,6008791.0,6666666.0,-0.4512159903087834
0,77,12,2760536.0,6666666.0,-3.8291528239103774
0,77,13,3247162.0,6666666.0,-3.124047415186711
0,77,14,2745434.0,6666666.0,-3.852976897464118
0,78,0,3176631.0,5882352.0,-2.675842393723338
0,78,1,2396663.0,5882352.0,-3.8994403790016703
0,78,2,5942422.0,5882352.0,0.04412480770552046
0,78,3,3533479.0,5882352.0,-2.213484945539686
0,78,4,3590688.0,5882352.0,-2.143733388358965
0,78,5,5145072.0,5882352.0,-0.5815955248825936
0,78,6,2631644.0,5882352.0,-3.493238701245127
0,78,7,5029273.0,5882352.0,-0.6804579841413614
0,78,8,3322448.0,5882352.0,-2.4809281665746665
0,78,9,5143606.0,5882352.0,-0.5828331488315188
0,78,10,3022054.0,5882352.0,-2.892487888097919
0,78,11,5412111.0,5882352.0,-0.3618431393016755
0,78,12,3089599.0,5882352.0,-2.79648893265879
0,78,13,4876453.0,5882352.0,-0.8144696635927767
0,78,14,2998075.0,5882352.0,-2.9270851615312092
0,78,15,2983137.0,5882352.0,-2.9487781042296826
0,78,16,2910517.0,5882352.0,-3.0558086884143782
0,79,0,4583864.0,5263157.0,-0.6001460127647009
0,79,1,3601087.0,5263157.0,-1.6481271143717893
0,79,2,4550182.0,5263157.0,-0.6321755712814061
0,79,3,2823737.0,5263157.0,-2.704220807012592
0,79,4,2346975.0,5263157.0,-3.507378617028195
0,79,5,2892509.0,5263157.0,-2.59971606290202
0,79,6,2425232.0,5263157.0,-3.3649303526833574
0,79,7,3577745.0,5263157.0,-1.6763694176367245
0,79,8,2558659.0,5263157.0,-3.1323391517453625
0,79,9,2723359.0,5263157.0,-2.8614143031774963
0,79,10,3368383.0,5263157.0,-1.9382485838423227
0,79,11,2734204.0,5263157.0,-2.8441541090002778
0,79,12,2598401.0,5263157.0,-3.0654015051685963
0,79,13,3392544.0,5263157.0,-1.9072083621523666
0,79,14,2603522.0,5263157.0,-3.0568507336163
0,79,15,2660528.0,5263157.0,-2.962784913186978
0,79,16,4670193.0,5263157.0,-0.5191149666318803
0,79,17,3122662.0,5263157.0,-2.2672134690397967
0,79,18,4136058.0,5263157.0,-1.0465970497083563
0,80,0,3160944.0,4545454.0,-1.5776046521414766
0,80,1,2619789.0,4545454.0,-2.393109527754585
0,80,2,4895530.0,4545454.0,0.32222449222831434
0,80,3,2539364.0,4545454.0,-2.528523086618249
0,80,4,2877115.0,4545454.0,-1.986200458161092
0,80,5,3243403.0,4545454.0,-1.4657635298633374
0,80,6,2888943.0,4545454.0,-1.9683829393742436
0,80,7,2490583.0,4545454.0,-2.612762476588337
0,80,8,2512810.0,4545454.0,-2.5741761534655976
0,80,9,4954346.0,4545454.0,0.37409066362881327
0,80,10,3145678.0,4545454.0,-1.5986300204291235
0,80,11,4496583.0,4545454.0,-0.04694652831418672
0,80,12,6094555.0,4545454.0,1.2736473360567244
0,80,13,5415889.0,4545454.0,0.7609248773178944
0,80,14,2247250.0,4545454.0,-3.059258779628599
0,80,15,2736463.0,4545454.0,-2.203876866849574
0,80,16,5943953.0,4545454.0,1.1649809965215396
0,80,17,5987792.0,4545454.0,1.196894386330799
0,80,18,2258505.0,4545454.0,-3.0375621069946273
0,80,19,2302468.0,4545454.0,-2.9538366403286904
0,80,20,2253318.0,4545454.0,-3.047547811088431
0,80,21,3211803.0,4545454.0,-1.5082836764034386
0,81,0,3157949.0,4000000.0,-1.0265487933441602
0,81,1,2958149.0,4000000.0,-1.3103994599160549
0,81,2,5902713.0,4000000.0,1.6899167626619134
0,81,3,5979554.0,4000000.0,1.7460880092760984
0,81,4,2422218.0,4000000.0,-2.178467641904208
0,81,5,2459008.0,4000000.0,-2.1130004967740974
0,81,6,5993877.0,4000000.0,1.7564783524139558
0,81,7,2964809.0,4000000.0,-1.3006327100303061
0,81,8,4890672.0,4000000.0,0.8730854588164181
0,81,9,5979054.0,4000000.0,1.7457248445313747
0,81,10,5163826.0,4000000.0,1.1091160854972946
0,81,11,2743967.0,4000000.0,-1.636811072539195
0,81,12,6079871.0,4000000.0,1.8183437337528119
0,81,13,3364463.0,4000000.0,-0.7514423472860222
0,81,14,2306723.0,4000000.0,-2.390645453956038
0,81,15,4558743.0,4000000.0,0.5678511813043525
0,81,16,5185307.0,4000000.0,1.1271448288966481
0,81,17,2819396.0,4000000.0,-1.519039120734418
0,81,18,4020969.0,4000000.0,0.022707335578792228
0,81,19,5898193.0,4000000.0,1.6865898805493065
0,81,20,5248116.0,4000000.0,1.1794343443048332
0,81,21,5351402.0,4000000.0,1.2640758529085465
0,81,22,2413373.0,4000000.0,-2.194355416434856
0,81,23,4881607.0,4000000.0,0.8650282172913573
0,81,24,5863566.0,4000000.0,1.6610182658402803
0,82,0,3247565.0,4000000.0,-0.9050213909365328
0,82,1,3929819.0,4000000.0,-0.0768744327097033
0,82,2,3561893.0,4000000.0,-0.5037912230055054
0,82,3,5888824.0,4000000.0,1.6796858337360008
0,82,4,5485000.0,4000000.0,1.3711664058276756
0,82,5,2222547.0,4000000.0,-2.5520903760255056
0,82,6,4770453.0,4000000.0,0.7649963007254048
0,82,7,5777897.0,4000000.0,1.5970980427465236
0,82,8,4052298.0,4000000.0,0.05641383908360885
0,82,9,3061175.0,4000000.0,-1.1617183345167337
0,82,10,4940312.0,4000000.0,0.916943858547109
0,82,11,2973822.0,4000000.0,-1.287450213354651
0,82,12,4538166.0,4000000.0,0.5482038641871805
0,82,13,5936895.0,4000000.0,1.7149937672832256
0,82,14,3646938.0,4000000.0,-0.40131611202214396
0,82,15,4783343.0,4000000.0,0.7767153268979045
0,82,16,3344686.0,4000000.0,-0.7770463899041977
0,82,17,2634002.0,4000000.0,-1.8144389094189588
0,82,18,6078438.0,4000000.0,1.8173199992919606
0,82,19,6019167.0,4000000.0,1.7747640153534658
0,82,20,2668877.0,4000000.0,-1.75731432322093
0,82,21,2389273.0,4000000.0,-2.2379421595238727
0,82,22,4497852.0,4000000.0,0.5094516972256448
0,82,23,4581700.0,4000000.0,0.5896665777465677
0,82,24,3646317.0,4000000.0,-0.4020556909177503
0,83,0,3082924.0,4166666.0,-1.308258701362151
0,83,1,2592480.0,4166666.0,-2.0607327414449057
0,83,2,2796815.0,4166666.0,-1.7312494861363872
0,83,3,2883284.0,4166666.0,-1.5990126682296346
0,83,4,2729372.0,4166666.0,-1.8372595689208657
0,83,5,3439111.0,4166666.0,-0.8334249555863309
0,83,6,6177865.0,4166666.0,1.7104972497386481
0,83,7,3068673.0,4166666.0,-1.3283807663594795
0,83,8,2398069.0,4166666.0,-2.3992701383821853
0,83,9,4906522.0,4166666.0,0.7098506168545121
0,83,10,3814108.0,4166666.0,-0.3839570246674935
0,83,11,5888994.0,4166666.0,1.5025242303780317
0,83,12,2982033.0,4166666.0,-1.4527624363513287
0,83,13,2406838.0,4166666.0,-2.3834182913437347
0,83,14,2998368.0,4166666.0,-1.4290375456476523
0,83,15,2772583.0,4166666.0,-1.7690413275286003
0,83,16,3803194.0,4166666.0,-0.39640209568866647
0,83,17,2728802.0,4166666.0,-1.8381666409767754
0,83,18,5966371.0,4166666.0,1.5592156629973255
0,83,19,3428898.0,4166666.0,-0.8463412252447765
0,83,20,3082725.0,4166666.0,-1.3085390436324578
0,83,21,2616059.0,4166666.0,-2.021411543915921
0,83,22,2945039.0,4166666.0,-1.5069763844805053
0,83,23,2363352.0,4166666.0,-2.4626027809880653
0,84,0,3860616.0,5000000.0,-1.1231339809521286
0,84,1,4795112.0,5000000.0,-0.18171248843119037
0,84,2,6030021.0,5000000.0,0.8134882026984379
0,84,3,3374731.0,5000000.0,-1.7073084342722114
0,84,4,4973759.0,5000000.0,-0.022852663264746845
0,84,5,5928067.0,5000000.0,0.73943099131517
0,84,6,6035015.0,5000000.0,0.8170834953548225
0,84,7,2703797.0,5000000.0,-2.66995922498861
0,84,8,2741806.0,5000000.0,-2.609332818585053
0,84,9,2480044.0,5000000.0,-3.045106183534756
0,84,10,6018297.0,5000000.0,0.8050361181619656
0,84,11,6108239.0,5000000.0,0.869460172295211
0,84,12,2257670.0,5000000.0,-3.453095422354395
0,84,13,3560203.0,5000000.0,-1.474952425242895
0,84,14,5997229.0,5000000.0,0.7898062804979317
0,84,15,5933231.0,5000000.0,0.7432125282873364
0,84,16,3546081.0,5000000.0,-1.492213527520948
0,84,17,2689710.0,5000000.0,-2.6926454670874773
0,84,18,2581347.0,5000000.0,-2.8712361542339386
0,84,19,4409690.0,5000000.0,-0.5456194457828243
0,85,0,4252584.0,5882352.0,-1.408981082782905
0,85,1,3325643.0,5882352.0,-2.4767538224614216
0,85,2,2611677.0,5882352.0,-3.5263154472134746
0,85,3,5895815.0,5882352.0,0.009928385556604923
0,85,4,4571389.0,5882352.0,-1.0950283020683433
0,85,5,6027043.0,5882352.0,0.10553280822789597
0,85,6,3748157.0,5882352.0,-1.957332351350811
0,85,7,5990519.0,5882352.0,0.07913440812620755
0,85,8,6023454.0,5882352.0,0.1029458892956105
0,85,9,2296274.0,5882352.0,-4.0852730067513345
0,85,10,5315679.0,5882352.0,-0.4399226198389871
0,85,11,5314464.0,5882352.0,-0.4409153963196234
0,85,12,3450289.0,5882352.0,-2.316955355544745
0,85,13,4414380.0,5882352.0,-1.2468129363027294
0,85,14,6145668.0,5882352.0,0.19018086053164293
0,85,15,3378323.0,5882352.0,-2.4084983920703698
0,85,16,3006653.0,5882352.0,-2.914677003826375
0,86,0,5472189.0,6666666.0,-0.8574760875902503
0,86,1,3115940.0,6666666.0,-3.303196111330173
0,86,2,5980039.0,6666666.0,-0.47204681180376706
0,86,3,5980740.0,6666666.0,-0.47153774724841857
0,86,4,5916699.0,6666666.0,-0.5182922152231154
0,86,5,2564252.0,6666666.0,-4.149479945964869
0,86,6,5482793.0,6666666.0,-0.8490684788431047
0,86,7,3044848.0,6666666.0,-3.403430801548128
0,86,8,5327882.0,6666666.0,-0.9735409984293107
0,86,9,5993122.0,6666666.0,-0.46255578939441294
0,86,10,2408597.0,6666666.0,-4.421445564278517
0,86,11,2413819.0,6666666.0,-4.412039960651915
0,86,12,4870565.0,6666666.0,-1.3632935392866723
0,86,13,6121942.0,6666666.0,-0.3701948679116642
0,86,14,2383610.0,6666666.0,-4.4667349875519315
0,87,0,5281571.0,6666666.0,-1.0114557514211138
0,87,1,5873115.0,6666666.0,-0.5504019277672205
0,87,2,5316476.0,6666666.0,-0.9828483981926941
0,87,3,2282619.0,6666666.0,-4.654752696015541
0,87,4,5542159.0,6666666.0,-0.802297163371364
0,87,5,6007375.0,6666666.0,-0.45223954639018454
0,87,6,4942600.0,6666666.0,-1.299532326786073
0,87,7,2739597.0,6666666.0,-3.862220155516028
0,87,8,5945533.0,6666666.0,-0.4971790355884064
0,87,9,2277846.0,6666666.0,-4.663843384438722
0,87,10,5941397.0,6666666.0,-0.5002012491450434
0,87,11,5975036.0,6666666.0,-0.47568171232894135
0,87,12,2637557.0,6666666.0,-4.027068436098852
0,87,13,5995790.0,6666666.0,-0.4606228405215789
0,87,14,5413778.0,6666666.0,-0.9040825460489914
0,88,0,3643286.0,5882352.0,-2.080577441934042
0,88,1,3768388.0,5882352.0,-1.9339539697134671
0,88,2,4488051.0,5882352.0,-1.174932257499718
0,88,3,5871427.0,5882352.0,-0.008073435073394343
0,88,4,4941247.0,5882352.0,-0.7571444545852524
0,88,5,4522488.0,5882352.0,-1.1417358596111509
0,88,6,2516099.0,5882352.0,-3.6882328400372493
0,88,7,4868291.0,5882352.0,-0.8217447903487254
0,88,8,3615024.0,5882352.0,-2.114398242307574
0,88,9,2877221.0,5882352.0,-3.1057778770506337
0,88,10,3540154.0,5882352.0,-2.2052885448297053
0,88,11,2522892.0,5882352.0,-3.676523495040524
0,88,12,3355967.0,5882352.0,-2.437333274750701
0,88,13,2460337.0,5882352.0,-3.785564112928337
0,88,14,2988590.0,5882352.0,-2.940846701913278
0,88,15,5007355.0,5882352.0,-0.6994262702752778
0,88,16,6066174.0,5882352.0,0.13363854168770037
0,89,0,3051531.0,5000000.0,-2.144522180950032
0,89,1,5915792.0,5000000.0,0.7304289140799058
0,89,2,6018161.0,5000000.0,0.8049379762508792
0,89,3,2273374.0,5000000.0,-3.4229911556446706
0,89,4,2190037.0,5000000.0,-3.58518552162526
0,89,5,2195975.0,5000000.0,-3.573426127400455
0,89,6,2216440.0,5000000.0,-3.533140250830735
0,89,7,4190167.0,5000000.0,-0.7673867212553122
0,89,8,1862067.0,5000000.0,-4.289747008342014
0,89,9,1823263.0,5000000.0,-4.381206855381764
0,89,10,1819913.0,5000000.0,-4.389193770778805
0,89,11,1843554.0,5000000.0,-4.333141411795891
0,89,12,4643278.0,5000000.0,-0.321453180311115
0,89,13,3822667.0,5000000.0,-1.166035369111207
0,89,14,5288407.0,5000000.0,0.24354867075802533
0,89,15,5846897.0,5000000.0,0.6795543895814206
0,89,16,2426061.0,5000000.0,-3.1406828792486237
0,89,17,3822727.0,5000000.0,-1.1659672034446247
0,89,18,2420827.0,5000000.0,-3.150062498508844
0,89,19,2308841.0,5000000.0,-3.3557597839166804
0,90,0,4702962.0,4347826.0,0.3409931435813425
0,90,1,3013677.0,4347826.0,-1.5917545165589362
0,90,2,4160857.0,4347826.0,-0.19089365045049173
0,90,3,3260149.0,4347826.0,-1.2503470602641604
0,90,4,3582622.0,4347826.0,-0.8407116682737426
0,90,5,3176332.0,4347826.0,-1.363462653725799
0,90,6,3514148.0,4347826.0,-0.92452107235191
0,90,7,2853869.0,4347826.0,-1.82838121305159
0,90,8,4916086.0,4347826.0,0.533473163545864
0,90,9,3053679.0,4347826.0,-1.5344877282355573
0,90,10,5238244.0,4347826.0,0.8091356891593549
0,90,11,5967474.0,4347826.0,1.3751838018602376
0,90,12,5909879.0,4347826.0,1.3330643384696095
0,90,13,2369379.0,4347826.0,-2.6363762034681004
0,90,14,5083513.0,4347826.0,0.678917832134489
0,90,15,5897434.0,4347826.0,1.3239093396502484
0,90,16,2558857.0,4347826.0,-2.302261389858083
0,90,17,4460370.0,4347826.0,0.11098730835652201
0,90,18,5954267.0,4347826.0,1.3655614999349286
0,90,19,2665906.0,4347826.0,-2.124273231973016
0,90,20,3218061.0,4347826.0,-1.30677883180396
0,90,21,2760074.0,4347826.0,-1.973514292599824
0,90,22,5927164.0,4347826.0,1.3457478869796937
0,91,0,3656845.0,4000000.0,-0.38953438720654743
0,91,1,4513543.0,4000000.0,0.5245759296060234
0,91,2,3210837.0,4000000.0,-0.9544173241277333
0,91,3,2660388.0,4000000.0,-1.7711501109891823
0,91,4,5834461.0,4000000.0,1.6394074985239198
0,91,5,6097997.0,4000000.0,1.8312721504384522
0,91,6,4234631.0,4000000.0,0.24755581155574097
0,91,7,5901216.0,4000000.0,1.688815199203009
0,91,8,3239957.0,4000000.0,-0.9152074494438862
0,91,9,3375792.0,4000000.0,-0.7368431167858903
0,91,10,3339251.0,4000000.0,-0.7841092662579883
0,91,11,3917739.0,4000000.0,-0.09024491429176767
0,91,12,2648468.0,4000000.0,-1.7906526136892966
0,91,13,3009512.0,4000000.0,-1.235639119763769
0,91,14,2518592.0,4000000.0,-2.009021717853821
0,91,15,3565039.0,4000000.0,-0.4999570611843721
0,91,16,6072364.0,4000000.0,1.8129780556032982
0,91,17,2311999.0,4000000.0,-2.380723494231456
0,91,18,6053296.0,4000000.0,1.799319196610115
0,91,19,6025689.0,4000000.0,1.7794672162681067
0,91,20,2684110.0,4000000.0,-1.7325968124155429
0,91,21,3264016.0,4000000.0,-0.8830771235683761
0,91,22,2609011.0,4000000.0,-1.855840811701601
0,91,23,6099520.0,4000000.0,1.8323566834616498
0,91,24,6017785.0,4000000.0,1.77376676127016
0,92,0,2202334.0,4000000.0,-2.5917680777437093
0,92,1,5434856.0,4000000.0,1.331280503355866
0,92,2,4193281.0,4000000.0,0.204939749774332
0,92,3,5960804.0,4000000.0,1.73244850495157
0,92,4,3415884.0,4000000.0,-0.6855687726628972
0,92,5,6037287.0,4000000.0,1.7878183046780591
0,92,6,3574448.0,4000000.0,-0.4885100786604769
0,92,7,3566133.0,4000000.0,-0.49862455043598597
0,92,8,5311349.0,4000000.0,1.2314484780429997
0,92,9,2091510.0,4000000.0,-2.816000459425413
0,92,10,5011861.0,4000000.0,0.9793902634728417
0,92,11,2410718.0,4000000.0,-2.199135807044704
0,92,12,4494975.0,4000000.0,0.5066728930363434
0,92,13,5230083.0,4000000.0,1.1644858972974639
0,92,14,2617822.0,4000000.0,-1.8411987816054922
0,92,15,4958842.0,4000000.0,0.9332027957228234
0,92,16,3930638.0,4000000.0,-0.07596942888622117
0,92,17,5953241.0,4000000.0,1.7269347275437699
0,92,18,2742049.0,4000000.0,-1.6398478002856294
0,92,19,5891941.0,4000000.0,1.681983979793037
0,92,20,3780286.0,4000000.0,-0.2453533341582203
0,92,21,5329809.0,4000000.0,1.2465165452181142
0,92,22,3012057.0,4000000.0,-1.2319680515679017
0,92,23,3042172.0,4000000.0,-1.1887622653564724
0,92,24,2534551.0,4000000.0,-1.9815895684736002
0,93,0,2935660.0,4347826.0,-1.7056639992248108
0,93,1,5924420.0,4347826.0,1.3437368408956654
0,93,2,3171342.0,4347826.0,-1.3702907608753125
0,93,3,5939669.0,4347826.0,1.3549008842560952
0,93,4,3884116.0,4347826.0,-0.4897996356425359
0,93,5,2745839.0,4347826.0,-1.9959708614721536
0,93,6,3842049.0,4347826.0,-0.5370925591245851
0,93,7,5581502.0,4347826.0,1.0847892939994155
0,93,8,2344952.0,4347826.0,-2.681381979462618
0,93,9,3576314.0,4347826.0,-0.8483651248791315
0,93,10,2496221.0,4347826.0,-2.40989122831132
0,93,11,3371400.0,4347826.0,-1.1046187281797393
0,93,12,5910700.0,4347826.0,1.333667618173955
0,93,13,3425559.0,4347826.0,-1.0354070332032426
0,93,14,5970506.0,4347826.0,1.3773898382205658
0,93,15,3569188.0,4347826.0,-0.8570273112559988
0,93,16,3140511.0,4347826.0,-1.4127183638752423
0,93,17,3654796.0,4347826.0,-0.7540901437113305
0,93,18,2483634.0,4347826.0,-2.4318455875644447
0,93,19,3579848.0,4347826.0,-0.8440756836288803
0,93,20,2419616.0,4347826.0,-2.545257076275393
0,93,21,2722866.0,4347826.0,-2.0324588630048743
0,93,22,3049798.0,4347826.0,-1.5400108001220594
0,94,0,2740374.0,5000000.0,-2.6116016594922464
0,94,1,2986813.0,5000000.0,-2.2376197142401595
0,94,2,2730964.0,5000000.0,-2.6265402909719975
0,94,3,3173042.0,5000000.0,-1.9749418365460438
0,94,4,2790617.0,5000000.0,-2.532697687790998
0,94,5,3744860.0,5000000.0,-1.255344179117395
0,94,6,5942710.0,5000000.0,0.7501453317900969
0,94,7,2453093.0,5000000.0,-3.0925599113933555
0,94,8,3682229.0,5000000.0,-1.3285921029736625
0,94,9,2707936.0,5000000.0,-2.6633160842014036
0,94,10,4766238.0,5000000.0,-0.20794279480012934
0,94,11,3268703.0,5000000.0,-1.8459454270972406
0,94,12,2372175.0,5000000.0,-3.2382327970666354
0,94,13,3325786.0,5000000.0,-1.7707570353224653
0,94,14,5971985.0,5000000.0,0.7714870388886954
0,94,15,2332791.0,5000000.0,-3.3109417322020485
0,94,16,4420951.0,5000000.0,-0.5345430294463123
0,94,17,3705501.0,5000000.0,-1.3012306953058241
0,94,18,3017481.0,5000000.0,-2.1932546015524332
0,94,19,5968025.0,5000000.0,0.7686062938786082
0,95,0,3621866.0,5882352.0,-2.1061863067094952
0,95,1,6169444.0,5882352.0,0.2069501736017192
0,95,2,2901848.0,5882352.0,-3.068763489619377
0,95,3,2405881.0,5882352.0,-3.88276866729885
0,95,4,5216762.0,5882352.0,-0.5214998541672502
0,95,5,3811691.0,5882352.0,-1.8843332242387434
0,95,6,5909923.0,5882352.0,0.020308133891301802
0,95,7,2896761.0,5882352.0,-3.076383443288279
0,95,8,5405614.0,5882352.0,-0.3670597843692535
0,95,9,3284266.0,5882352.0,-2.531126847877317
0,95,10,5918417.0,5882352.0,0.02654552301501388
0,95,11,3615168.0,5882352.0,-2.114225249929495
0,95,12,3561993.0,5882352.0,-2.1785794747856353
0,95,13,6121563.0,5882352.0,0.17311314254353466
0,95,14,6000076.0,5882352.0,0.08605742277637876
0,95,15,5974880.0,5882352.0,0.06778178165710934
0,95,16,6044213.0,5882352.0,0.11788751478558768
0,96,0,2285196.0,6666666.0,-4.649852423134075
0,96,1,6117740.0,6666666.0,-0.3731768170908223
0,96,2,3655521.0,6666666.0,-2.609594143605185
0,96,3,2849619.0,6666666.0,-3.691218997023933
0,96,4,3036598.0,6666666.0,-3.4152139586249834
0,96,5,2887154.0,6666666.0,-3.6343874786813997
0,96,6,2680265.0,6666666.0,-3.957309623114182
0,96,7,3588631.0,6666666.0,-2.6897989309709547
0,96,8,4828585.0,6666666.0,-1.4008881660301489
0,96,9,3799687.0,6666666.0,-2.441608745221332
0,96,10,5865623.0,6666666.0,-0.5559455129468316
0,96,11,2847734.0,6666666.0,-3.694092770610574
0,96,12,5842925.0,6666666.0,-0.5727838578875116
0,96,13,3741669.0,6666666.0,-2.508433317297335
0,96,14,5852349.0,6666666.0,-0.5657848049653107
0,97,0,2493574.0,6666666.0,-4.27086436524637
0,97,1,6025870.0,6666666.0,-0.43888939392871695
0,97,2,2956652.0,6666666.0,-3.531084867437965
0,97,3,5875370.0,6666666.0,-0.5487347612028194
0,97,4,6020351.0,6666666.0,-0.44286885174096796
0,97,5,2400161.0,6666666.0,-4.436683228589246
0,97,6,5072492.0,6666666.0,-1.186873267495725
0,97,7,5991409.0,6666666.0,-0.46379730056004254
0,97,8,5928773.0,6666666.0,-0.5094387505566431
0,97,9,2316629.0,6666666.0,-4.590522088926782
0,97,10,2373280.0,6666666.0,-4.485597181338922
0,97,11,5748916.0,6666666.0,-0.6432273449474096
0,97,12,2973550.0,6666666.0,-3.5063345199198896
0,97,13,6018416.0,6666666.0,-0.4442649412735915
0,97,14,5862713.0,6666666.0,-0.5581006302086027
0,98,0,4945162.0,5882352.0,-0.7537048578913943
0,98,1,6006469.0,5882352.0,0.0906823084286524
0,98,2,2786214.0,5882352.0,-3.2453653902445323
0,98,3,2585800.0,5882352.0,-3.56956078016124
0,98,4,3896758.0,5882352.0,-1.7884757345431699
0,98,5,2288957.0,5882352.0,-4.099133749738789
0,98,6,6080164.0,5882352.0,0.14364284502351732
0,98,7,5862691.0,5882352.0,-0.014540043462500494
0,98,8,2573156.0,5882352.0,-3.5908489261511045
0,98,9,6011029.0,5882352.0,0.09397814077665659
0,98,10,6073008.0,5882352.0,0.1385284408635739
0,98,11,5920075.0,5882352.0,0.027761995950423786
0,98,12,6096896.0,5882352.0,0.15557777815914536
0,98,13,2700145.0,5882352.0,-3.381639223796891
0,98,14,6300429.0,5882352.0,0.29819112698269307
0,98,15,3884497.0,5882352.0,-1.8021621875629104
0,98,16,5263021.0,5882352.0,-0.4831590623381368
0,99,0,2849672.0,5000000.0,-2.4417512916531035
0,99,1,5806201.0,5000000.0,0.6492206189609497
0,99,2,2506116.0,5000000.0,-2.9996883512642643
0,99,3,4872872.0,5000000.0,-0.11185000798719469
0,99,4,3784956.0,5000000.0,-1.209091691309111
0,99,5,5916193.0,5000000.0,0.7307232891780991
0,99,6,3402534.0,5000000.0,-1.6716753072850563
0,99,7,3042857.0,5000000.0,-2.156884613009507
0,99,8,2733560.0,5000000.0,-2.6224139350082005
0,99,9,2986445.0,5000000.0,-2.2381548338333284
0,99,10,2403945.0,5000000.0,-3.1804547714081997
0,99,11,5857766.0,5000000.0,0.687620146076249
0,99,12,3542234.0,5000000.0,-1.4969275703814002
0,99,13,3587249.0,5000000.0,-1.4420848113850342
0,99,14,2806922.0,5000000.0,-2.5073965990259515
0,99,15,2936650.0,5000000.0,-2.311178154320232
0,99,16,3358169.0,5000000.0,-1.7286745609545755
0,99,17,2336929.0,5000000.0,-3.303244863711003
0,99,18,4936663.0,5000000.0,-0.05536523103080125
0,99,19,2956320.0,5000000.0,-2.2821856287017726
